1890
1894
961
500
1926
742
858
997
1378
1758
1662
605
1038
1185
500
642
1296
500
1646
1224
500
500
697
1561
1899
1444
1728
1156
1481
500
500
1873
1836
1810
1466
1085
1084
1817
500
956
1129
500
2095
500
500
2001
1523
1476
500
500
987
1924
1507
1356
571
1196
500
1995
1708
2252
500
1532
908
1667
1599
1024
730
2083
868
2223
2078
566
1403
1010
1359
526
576
761
1433
708
2266
1399
2118
539
805
1627
1459
823
934
500
2143
2107
1712
721
1405
1377
1507
500
513
500
747
1611
2104
1707
1948
553
1521
1530
545
500
1101
1914
1557
1394
1857
1663
1979
1249
500
935
912
641
1838
1973
590
1787
1334
857
1784
713
2091
1104
1945
694
1598
2215
723
2057
1991
842
560
1875
500
500
675
1332
500
608
1822
1499
1490
1981
1413
1083
2079
1365
591
2096
1483
1885
933
1828
2248
1352
632
1237
1536
1643
1279
2065
615
1554
1710
1339
1910
1098
679
500
683
992
500
648
1098
500
913
1759
1697
1070
500
690
2229
1786
2076
2243
757
1534
586
1275
1151
500
500
500
1623
1268
2252
1846
1236
1454
536
1262
866
1512
503
1972
500
1854
1404
500
1070
1478
1475
1459
1751
741
576
684
2153
1982
1656
531
1694
1900
1112
2064
2241
1963
777
2089
758
1268
1972
1411
876
704
2288
1493
516
2029
500
1157
1713
1080
1174
2212
2082
1327
1018
500
1780
727
1570
500
2164
1404
500
547
1761
500
2082
1800
586
921
2185
934
2045
1121
1784
1706
1917
1030
546
1115
2302
977
532
728
1075
1356
500
831
655
1361
2096
1668
1475
1773
1119
505
1049
2244
500
500
1378
1026
727
967
1723
1346
1612
1860
1914
1203
500
774
1531
1368
1420
2060
2112
1127
1359
500
727
1569
1820
1966
725
808
1512
677
1487
501
1533
1907
2067
1472
2013
1304
1510
951
1611
1316
500
704
2111
500
1218
1309
1658
2007
1207
510
508
504
1027
1506
561
531
1252
1938
2000
1884
1318
1267
951
2295
1214
2067
1194
959
1268
1472
663
2118
500
1806
832
2217
977
1427
1062
707
1790
513
1783
754
508
1000
1812
759
1834
1955
1608
500
1052
500
1534
1777
530
2210
500
2092
1404
1529
974
1876
1931
1535
1817
1976
1527
1170
862
2066
1224
1425
1304
1333
1318
990
1330
620
1669
1310
1298
1048
1558
500
500
541
1639
1335
574
1964
1338
1972
1108
643
671
1983
969
505
1372
1027
653
2139
1055
682
722
1166
1975
1383
2381
1666
870
824
1276
1200
1423
1559
1260
1599
1004
991
2283
1580
500
960
1172
651
1284
1379
1452
653
2140
1691
936
1489
2208
516
1938
913
1092
1878
2180
1285
1739
1677
539
2012
1625
1729
1721
1147
786
1099
500
1747
500
500
1105
1448
1657
1889
1842
592
500
1607
500
1249
1343
500
1919
1379
1415
620
500
2293
1949
2016
836
1221
1182
2322
1668
1205
1704
2034
2114
1705
1060
2056
1507
644
500
1066
1921
641
1161
621
2159
2073
1368
995
1290
500
1335
2260
772
2180
1712
1355
1957
1983
1403
522
2083
712
500
1779
658
1689
857
754
929
1845
843
2420
702
1476
500
2180
1564
545
2189
1538
2048
1225
964
2048
684
500
1648
1012
2097
611
656
1845
2112
1944
1880
2240
2019
1926
2431
1476
1316
840
2097
1842
1172
646
1161
818
716
1762
1765
1096
1905
1888
579
2129
500
2253
1927
1694
2082
1486
2270
1973
871
651
1228
1110
1586
1567
2084
1452
928
1078
1747
1772
1634
1152
500
1526
707
2201
869
1131
1595
1679
2273
1244
500
1533
500
749
1317
725
500
1947
2126
878
626
1606
1062
500
1862
1245
737
727
500
2051
1104
1721
2049
1900
959
2152
1806
500
1096
564
500
1743
1846
1780
1721
1012
1023
1640
772
619
877
500
1374
1651
1478
2085
978
1245
698
1455
1260
1603
1377
570
1479
675
1291
722
1720
766
500
500
1769
2025
500
500
1267
650
1381
1772
2193
682
986
2128
778
1584
500
1267
779
1328
2000
1025
1384
602
2147
2138
2245
1907
904
1812
1407
1296
2039
2300
500
1371
787
1352
1030
1186
2071
1634
500
2179
2311
1127
1766
500
734
500
536
500
1400
857
1058
1438
686
2371
1752
2032
1419
1375
1900
664
500
1596
1728
500
599
1959
706
1833
1870
1334
2012
1313
1786
921
1756
1563
500
502
500
2311
829
1445
1647
1826
911
747
1141
1669
628
1361
2092
1078
714
2060
563
1381
1762
1005
1367
1248
1097
1411
1139
837
1441
1866
500
1674
1695
2129
697
1254
581
2041
975
2106
2158
2197
562
856
1274
2108
1617
1183
500
588
2309
2165
1388
550
1723
2262
926
1890
1824
613
535
2112
2144
1377
575
944
1783
645
500
1366
1191
689
500
1100
958
719
1754
1695
2258
502
877
1773
969
750
1038
2127
1258
651
1087
522
705
1068
642
767
1825
985
1666
500
1143
1115
549
1534
500
663
1421
1943
2028
617
848
1678
1754
1512
1088
1441
1437
847
1233
1879
500
1388
2131
1191
731
2095
1812
867
1551
500
1147
1814
764
500
1102
1895
1830
2180
500
1774
500
1786
500
500
1774
1893
1857
1598
1391
500
2288
2165
500
1562
1639
1612
631
1097
797
638
2212
764
1209
2073
751
1988
1171
1446
920
1402
2228
1975
990
1068
1494
1912
2065
1587
2079
1667
2235
2285
676
1928
2134
500
702
1824
1420
2118
1978
500
2009
2151
897
500
2011
500
1043
750
719
1627
736
867
1519
1991
1674
2024
500
2086
1681
1534
1599
500
1530
540
1317
2217
