(0, 4, 6)
(1, 4, 6)
(0, 5, 6)
(0, 5, 5)
(1, 4, 4)
(0, 4, 4)
(1, 3, 3)
(1, 3, 2)
(1, 3, 1)
(0, 4, 1)
(0, 4, 0)
(1, 3, -1)
(0, 3, 0)
(1, 2, 0)
(1, 2, 1)
(1, 2, 2)
(1, 2, 3)
(1, 2, 4)
(0, 3, 5)
(0, 3, 6)
(1, 2, 6)
(1, 2, 7)
(0, 2, 8)
(1, 1, 7)
(0, 1, 8)
(0, 1, 9)
(0, 1, 10)
(1, 1, 10)
(0, 2, 10)
(1, 2, 10)
(0, 3, 10)
(0, 3, 9)
(1, 3, 8)
(0, 4, 9)
(1, 4, 8)
(0, 5, 9)
(1, 5, 9)
(0, 6, 9)
(1, 6, 8)
(1, 6, 7)
(1, 6, 6)
(1, 6, 5)
(0, 6, 5)
(0, 6, 4)
(0, 6, 3)
(1, 6, 2)
(0, 7, 2)
(1, 7, 1)
(0, 8, 2)
(0, 8, 3)
(1, 8, 3)
(1, 8, 4)
(0, 8, 5)
(1, 7, 5)
(1, 7, 6)
(0, 8, 7)
(1, 8, 6)
(0, 9, 7)
(0, 9, 8)
(1, 9, 8)
(0, 10, 8)
(1, 10, 8)
(0, 11, 8)
(1, 11, 7)
(0, 12, 8)
(0, 12, 9)
(0, 12, 10)
(1, 11, 10)
(0, 11, 10)
(1, 10, 10)
(0, 10, 10)
(1, 9, 10)
(0, 9, 10)
(1, 8, 9)
(0, 8, 10)
(1, 7, 9)
(0, 7, 10)
(1, 6, 10)
(0, 6, 11)
(1, 5, 11)
(0, 5, 12)
(0, 5, 13)
(0, 5, 14)
(0, 5, 15)
(1, 5, 15)
(1, 5, 16)
(0, 6, 17)
(0, 6, 18)
(1, 5, 18)
(0, 5, 18)
(1, 4, 17)
(0, 4, 18)
(0, 4, 19)
(0, 4, 20)
(1, 4, 20)
(0, 5, 20)
(1, 5, 20)
(0, 6, 21)
(0, 6, 22)
(0, 6, 23)
(1, 6, 23)
(1, 6, 24)
(0, 7, 25)
(0, 7, 26)
(0, 7, 27)
(1, 6, 27)
(0, 6, 28)
(1, 5, 27)
(0, 5, 28)
(1, 4, 28)
(0, 4, 28)
(1, 3, 27)
(0, 3, 28)
(1, 2, 27)
(0, 2, 28)
(0, 2, 29)
(1, 1, 29)
(1, 1, 30)
(0, 1, 31)
(0, 1, 32)
(1, 1, 32)
(0, 2, 32)
(1, 2, 31)
(0, 3, 32)
(1, 3, 32)
(0, 4, 32)
(1, 4, 31)
(0, 5, 32)
(1, 5, 32)
(0, 6, 32)
(0, 6, 31)
(1, 6, 30)
(0, 7, 30)
(1, 7, 29)
(1, 7, 28)
(0, 8, 28)
(1, 8, 27)
(0, 9, 27)
(1, 9, 26)
(1, 9, 25)
(0, 9, 25)
(1, 8, 24)
(1, 8, 23)
(0, 9, 23)
(1, 9, 23)
(0, 10, 24)
(1, 10, 24)
(1, 10, 25)
(1, 10, 26)
(0, 11, 27)
(1, 11, 27)
(1, 11, 28)
(0, 12, 29)
(0, 12, 30)
(1, 12, 30)
(0, 13, 31)
(0, 13, 32)
(1, 12, 32)
(0, 12, 32)
(1, 11, 31)
(0, 11, 31)
(1, 10, 31)
(0, 10, 32)
(0, 10, 33)
(1, 9, 33)
(1, 9, 34)
(1, 9, 35)
(0, 9, 36)
(1, 8, 35)
(0, 8, 35)
(1, 7, 35)
(0, 7, 36)
(1, 6, 36)
(0, 6, 36)
(1, 5, 36)
(1, 5, 37)
(0, 6, 38)
(1, 6, 38)
(0, 7, 39)
(1, 7, 39)
(0, 8, 40)
(1, 8, 40)
(0, 9, 41)
(1, 9, 40)
(0, 10, 41)
(1, 10, 40)
(1, 10, 39)
(1, 10, 38)
(1, 10, 37)
(1, 10, 36)
(0, 11, 36)
(1, 11, 36)
(0, 12, 37)
(1, 12, 37)
(0, 13, 37)
(1, 13, 36)
(0, 14, 37)
(1, 14, 37)
(0, 15, 37)
(1, 15, 37)
(0, 16, 38)
(0, 16, 39)
(1, 15, 39)
(1, 15, 40)
(1, 15, 41)
(0, 15, 42)
(1, 14, 42)
(1, 14, 43)
(0, 15, 44)
(0, 15, 45)
(0, 15, 46)
(1, 14, 46)
(1, 14, 47)
(0, 15, 48)
(1, 15, 47)
(0, 16, 47)
(0, 16, 46)
(1, 16, 45)
(0, 17, 45)
(0, 17, 44)
(0, 17, 43)
(0, 17, 42)
(1, 17, 41)
(0, 18, 42)
(1, 18, 42)
(0, 19, 42)
(1, 19, 41)
(0, 20, 41)
(1, 20, 40)
(0, 21, 40)
(0, 21, 39)
(1, 21, 38)
(0, 22, 38)
(1, 22, 37)
(0, 23, 38)
(1, 23, 37)
(0, 24, 37)
(0, 24, 36)
(0, 24, 35)
(1, 24, 34)
(1, 24, 33)
(1, 24, 32)
(0, 24, 32)
(0, 24, 31)
(1, 23, 30)
(1, 23, 29)
(0, 23, 29)
(0, 23, 28)
(0, 23, 27)
(0, 23, 26)
(0, 23, 25)
(1, 23, 24)
(0, 24, 24)
(0, 24, 23)
(0, 24, 22)
(0, 24, 21)
(1, 23, 20)
(0, 23, 21)
(0, 23, 22)
(0, 23, 23)
(1, 22, 23)
(0, 22, 24)
(1, 21, 24)
(0, 21, 25)
(0, 21, 26)
(1, 20, 26)
(0, 20, 27)
(1, 19, 27)
(0, 19, 28)
(1, 18, 28)
(0, 18, 28)
(1, 17, 28)
(0, 17, 28)
(0, 17, 27)
(1, 17, 26)
(1, 17, 25)
(0, 17, 25)
(1, 16, 24)
(1, 16, 23)
(0, 16, 23)
(1, 15, 22)
(0, 15, 23)
(1, 14, 22)
(1, 14, 21)
(0, 14, 21)
(1, 13, 21)
(0, 13, 21)
(0, 13, 20)
(1, 12, 19)
(0, 12, 20)
(1, 11, 19)
(0, 11, 20)
(1, 10, 20)
(0, 10, 21)
(1, 9, 20)
(0, 9, 20)
(1, 8, 19)
(1, 8, 18)
(1, 8, 17)
(1, 8, 16)
(0, 8, 16)
(1, 7, 15)
(0, 7, 16)
(1, 6, 15)
(1, 6, 14)
(0, 6, 14)
(0, 6, 13)
(1, 6, 12)
(0, 7, 13)
(1, 7, 13)
(0, 8, 14)
(1, 8, 13)
(1, 8, 12)
(0, 9, 12)
(1, 9, 12)
(0, 10, 13)
(1, 10, 12)
(0, 11, 13)
(1, 11, 13)
(1, 11, 14)
(0, 11, 15)
(0, 11, 16)
(1, 11, 16)
(0, 12, 16)
(1, 12, 15)
(0, 13, 15)
(1, 13, 14)
(0, 14, 15)
(1, 14, 14)
(1, 14, 13)
(0, 15, 13)
(1, 15, 13)
(1, 15, 14)
(0, 16, 15)
(1, 16, 15)
(0, 17, 16)
(0, 17, 17)
(1, 17, 17)
(0, 18, 17)
(1, 18, 16)
(0, 19, 17)
(0, 19, 18)
(1, 19, 18)
(1, 19, 19)
(0, 19, 20)
(0, 19, 21)
(0, 19, 22)
(0, 19, 23)
(1, 19, 23)
(0, 20, 23)
(1, 20, 23)
(0, 21, 23)
(0, 21, 22)
(0, 21, 21)
(1, 20, 20)
(1, 20, 19)
(1, 20, 18)
(1, 20, 17)
(0, 21, 17)
(0, 21, 16)
(0, 21, 15)
(1, 20, 14)
(0, 20, 14)
(1, 19, 13)
(0, 19, 14)
(1, 18, 13)
(0, 18, 14)
(1, 17, 13)
(1, 17, 12)
(1, 17, 11)
(1, 17, 10)
(1, 17, 9)
(1, 17, 8)
(0, 18, 8)
(0, 18, 7)
(1, 17, 6)
(1, 17, 5)
(0, 18, 5)
(1, 18, 5)
(0, 19, 5)
(1, 19, 4)
(0, 20, 4)
(1, 20, 3)
(0, 21, 3)
(0, 21, 2)
(1, 20, 1)
(0, 20, 1)
(1, 19, 1)
(0, 19, 2)
(1, 18, 1)
(0, 18, 1)
(0, 18, 0)
(0, 18, -1)
(0, 18, -2)
(1, 18, -3)
(0, 19, -2)
(1, 19, -2)
(0, 20, -2)
(1, 20, -2)
(1, 20, -1)
(0, 21, 0)
(1, 21, 0)
(0, 22, 0)
(0, 22, -1)
(1, 21, -2)
(1, 21, -3)
(0, 21, -3)
(1, 20, -4)
(0, 20, -4)
(1, 19, -5)
(0, 19, -5)
(1, 18, -5)
(0, 18, -4)
