(1, 16, 7)
(0, 17, 8)
(1, 17, 8)
(0, 18, 9)
(1, 18, 8)
(0, 19, 8)
(1, 19, 8)
(0, 20, 8)
(1, 20, 7)
(0, 21, 7)
(0, 21, 6)
(0, 21, 5)
(1, 20, 4)
(1, 20, 3)
(1, 20, 2)
(1, 20, 1)
(1, 20, 0)
(0, 21, 0)
(1, 21, -1)
(1, 21, -2)
(0, 22, -2)
(1, 22, -2)
(0, 23, -1)
(1, 23, -2)
(0, 24, -2)
(1, 24, -3)
(1, 24, -4)
(0, 24, -4)
(1, 23, -4)
(0, 23, -3)
(1, 22, -4)
(1, 22, -5)
(0, 23, -5)
(1, 23, -6)
(0, 24, -6)
(0, 24, -7)
(0, 24, -8)
(1, 24, -9)
(1, 24, -10)
(1, 24, -11)
(1, 24, -12)
(1, 24, -13)
(0, 24, -13)
(0, 24, -14)
(1, 23, -15)
(1, 23, -16)
(0, 24, -16)
(1, 24, -17)
(1, 24, -18)
(0, 25, -18)
(0, 25, -19)
(1, 25, -20)
(1, 25, -21)
(1, 25, -22)
(1, 25, -23)
(0, 25, -23)
(1, 24, -23)
(0, 24, -22)
(1, 23, -22)
(0, 23, -22)
(0, 23, -23)
(1, 22, -24)
(0, 22, -23)
(1, 21, -24)
(0, 21, -24)
(1, 20, -25)
(0, 20, -25)
(1, 19, -25)
(1, 19, -24)
(0, 19, -23)
(1, 18, -23)
(0, 18, -22)
(0, 18, -21)
(0, 18, -20)
(1, 17, -20)
(0, 17, -20)
(1, 16, -21)
(0, 16, -21)
(0, 16, -22)
(1, 15, -23)
(0, 15, -22)
(1, 14, -23)
(0, 14, -23)
(0, 14, -24)
(0, 14, -25)
(0, 14, -26)
(1, 14, -27)
(1, 14, -28)
(0, 15, -28)
(1, 15, -29)
(0, 16, -28)
(1, 16, -28)
(0, 17, -27)
(0, 17, -26)
(1, 17, -26)
(0, 18, -26)
(1, 18, -27)
(0, 19, -26)
(1, 19, -27)
(0, 20, -27)
(1, 20, -27)
(0, 21, -26)
(1, 21, -27)
(0, 22, -26)
(1, 22, -27)
(0, 23, -27)
(1, 23, -28)
(0, 24, -28)
(1, 24, -28)
(0, 25, -28)
(0, 25, -29)
(1, 25, -30)
(1, 25, -31)
(0, 25, -31)
(1, 24, -32)
(0, 24, -31)
(1, 23, -32)
(1, 23, -33)
(0, 23, -33)
(1, 22, -34)
(0, 22, -34)
(1, 21, -34)
(1, 21, -33)
(1, 21, -32)
(0, 22, -31)
(1, 22, -31)
(1, 22, -30)
(0, 22, -29)
(1, 21, -29)
(0, 21, -28)
(1, 20, -29)
(0, 20, -29)
(1, 19, -29)
(0, 19, -28)
(1, 18, -29)
(0, 18, -29)
(0, 18, -30)
(1, 18, -31)
(0, 19, -31)
(0, 19, -32)
(0, 19, -33)
(0, 19, -34)
(1, 18, -35)
(0, 18, -35)
(1, 17, -36)
(0, 17, -35)
(1, 16, -35)
(0, 16, -35)
(1, 15, -36)
(0, 15, -35)
(1, 14, -36)
(1, 14, -37)
(0, 15, -37)
(0, 15, -38)
(1, 14, -39)
(0, 14, -38)
(1, 13, -38)
(0, 13, -37)
(1, 12, -37)
(0, 12, -37)
(1, 11, -37)
(0, 11, -37)
(0, 11, -38)
(0, 11, -39)
(0, 11, -40)
(1, 10, -41)
(0, 10, -41)
(0, 10, -42)
(0, 10, -43)
(0, 10, -44)
(1, 9, -45)
(0, 9, -45)
(0, 9, -46)
(0, 9, -47)
(1, 8, -48)
(1, 8, -49)
(1, 8, -50)
(0, 8, -50)
(1, 7, -50)
(1, 7, -49)
(1, 7, -48)
(1, 7, -47)
(1, 7, -46)
(1, 7, -45)
(0, 8, -44)
(1, 8, -44)
(1, 8, -43)
(0, 9, -42)
(0, 9, -41)
(1, 8, -41)
(0, 8, -41)
(1, 7, -41)
(1, 7, -40)
(1, 7, -39)
(0, 7, -38)
(1, 6, -39)
(1, 6, -40)
(1, 6, -41)
(0, 6, -41)
(1, 5, -42)
(0, 5, -42)
(1, 4, -43)
(1, 4, -44)
(0, 4, -44)
(1, 3, -45)
(1, 3, -46)
(0, 3, -46)
(1, 2, -47)
(0, 2, -46)
(0, 2, -45)
(1, 1, -45)
(0, 1, -45)
(1, 0, -45)
(1, 0, -44)
(1, 0, -43)
(1, 0, -42)
(0, 0, -41)
(1, -1, -42)
(0, -1, -41)
(0, -1, -40)
(1, -1, -40)
(1, -1, -39)
(0, -1, -38)
(1, -2, -39)
(0, -2, -39)
(1, -3, -39)
(1, -3, -38)
(0, -2, -37)
(0, -2, -36)
(0, -2, -35)
(0, -2, -34)
(1, -3, -34)
(1, -3, -33)
(0, -2, -32)
(1, -2, -32)
(1, -2, -31)
(0, -1, -30)
(1, -1, -30)
(0, 0, -30)
(1, 0, -31)
(1, 0, -32)
(0, 0, -32)
(1, -1, -33)
(0, -1, -33)
(0, -1, -34)
(0, -1, -35)
(1, -1, -36)
(0, 0, -36)
(1, 0, -37)
(0, 1, -37)
(0, 1, -38)
(0, 1, -39)
(1, 1, -40)
(0, 2, -39)
(0, 2, -38)
(1, 2, -38)
(1, 2, -37)
(0, 2, -36)
(0, 2, -35)
(1, 2, -35)
(0, 3, -34)
(0, 3, -33)
(1, 2, -33)
(0, 2, -32)
(0, 2, -31)
(1, 2, -31)
(0, 3, -30)
(1, 3, -31)
(1, 3, -32)
(0, 4, -32)
(1, 4, -32)
(0, 5, -31)
(1, 5, -32)
(1, 5, -33)
(1, 5, -34)
(0, 6, -34)
(0, 6, -35)
(1, 6, -36)
(0, 7, -36)
(1, 7, -37)
(0, 8, -36)
(1, 8, -36)
(0, 9, -36)
(0, 9, -37)
(0, 9, -38)
(1, 9, -39)
(0, 10, -38)
(0, 10, -37)
(0, 10, -36)
(1, 10, -36)
(1, 10, -35)
(0, 10, -34)
(0, 10, -33)
(1, 9, -33)
(0, 9, -32)
(1, 8, -33)
(0, 8, -33)
(0, 8, -34)
(1, 7, -35)
(0, 7, -34)
(0, 7, -33)
(0, 7, -32)
(0, 7, -31)
(1, 6, -31)
(0, 6, -30)
(0, 6, -29)
(0, 6, -28)
(1, 6, -28)
(0, 7, -27)
(0, 7, -26)
(1, 7, -26)
(0, 8, -26)
(1, 8, -26)
(0, 9, -26)
(0, 9, -27)
(1, 8, -28)
(1, 8, -29)
(0, 9, -29)
(1, 9, -30)
(0, 10, -29)
(1, 10, -30)
(0, 11, -30)
(1, 11, -30)
(0, 12, -30)
(1, 12, -31)
(1, 12, -32)
(0, 13, -32)
(1, 13, -32)
(1, 13, -31)
(1, 13, -30)
(1, 13, -29)
(1, 13, -28)
(0, 13, -27)
(1, 12, -28)
(0, 12, -28)
(1, 11, -28)
(0, 11, -28)
(1, 10, -28)
(1, 10, -27)
(0, 10, -26)
(0, 10, -25)
(1, 9, -25)
(0, 9, -24)
(1, 8, -24)
(1, 8, -23)
(0, 8, -22)
(1, 7, -22)
(0, 7, -22)
(0, 7, -23)
(0, 7, -24)
(1, 6, -25)
(0, 6, -24)
(1, 5, -24)
(0, 5, -23)
(0, 5, -22)
(0, 5, -21)
(0, 5, -20)
(1, 5, -20)
(0, 6, -20)
(1, 6, -20)
(0, 7, -20)
(1, 7, -20)
(0, 8, -19)
(0, 8, -18)
(1, 8, -18)
(0, 9, -17)
(1, 9, -18)
(0, 10, -18)
(1, 10, -18)
(0, 11, -18)
(0, 11, -19)
(1, 10, -20)
(0, 10, -20)
(0, 10, -21)
(1, 10, -22)
(0, 11, -21)
(1, 11, -22)
(0, 12, -22)
(1, 12, -22)
(0, 13, -21)
(1, 13, -21)
(0, 14, -20)
(0, 14, -19)
(1, 13, -19)
(0, 13, -18)
(1, 12, -19)
(0, 12, -18)
(0, 12, -17)
(1, 12, -17)
(0, 13, -16)
(1, 13, -16)
(1, 13, -15)
(0, 14, -14)
(0, 14, -13)
(1, 14, -13)
(1, 14, -12)
(1, 14, -11)
(0, 14, -10)
(1, 13, -10)
(0, 13, -9)
(0, 13, -8)
(1, 13, -8)
(0, 14, -8)
(1, 14, -8)
(1, 14, -7)
(0, 15, -6)
(1, 15, -6)
(0, 16, -6)
(1, 16, -7)
(0, 17, -6)
(1, 17, -7)
(0, 18, -6)
(0, 18, -5)
(1, 18, -5)
(1, 18, -4)
(1, 18, -3)
(0, 18, -2)
(1, 17, -2)
(0, 17, -2)
(0, 17, -3)
(1, 16, -4)
(0, 16, -4)
(1, 15, -4)
(0, 15, -4)
(1, 14, -5)
(0, 14, -4)
(0, 14, -3)
(1, 14, -3)
(0, 15, -2)
(0, 15, -1)
(1, 14, -1)
(1, 14, 0)
(1, 14, 1)
(0, 15, 2)
(1, 15, 2)
(1, 15, 3)
(0, 15, 4)
(0, 15, 5)
(0, 15, 6)
(1, 14, 6)
(1, 14, 7)
(0, 14, 8)
(0, 14, 9)
(1, 14, 9)
(0, 15, 9)
(1, 15, 9)
(1, 15, 10)
(0, 16, 11)
(1, 16, 10)
(0, 17, 11)
(1, 17, 10)
(0, 18, 11)
(0, 18, 12)
(0, 18, 13)
(0, 18, 14)
(1, 17, 14)
(1, 17, 15)
(0, 18, 16)
(1, 18, 15)
(0, 19, 16)
(1, 19, 15)
(0, 20, 16)
(1, 20, 16)
(0, 21, 16)
(1, 21, 16)
(0, 22, 16)
(0, 22, 15)
(0, 22, 14)
(0, 22, 13)
(0, 22, 12)
(0, 22, 11)
(0, 22, 10)
(1, 22, 9)
(0, 23, 10)
(0, 23, 11)
(0, 23, 12)
(0, 23, 13)
(0, 23, 14)
(0, 23, 15)
(1, 23, 15)
(1, 23, 16)
(1, 23, 17)
(0, 23, 18)
(1, 22, 18)
(0, 22, 19)
(1, 21, 19)
(0, 21, 20)
(1, 20, 19)
(0, 20, 20)
(1, 19, 19)
(1, 19, 18)
(0, 19, 18)
(1, 18, 18)
(0, 18, 19)
(1, 17, 19)
(0, 17, 20)
(1, 16, 20)
(0, 16, 20)
(0, 16, 19)
(0, 16, 18)
(0, 16, 17)
(0, 16, 16)
(1, 16, 15)
(1, 16, 14)
(0, 16, 14)
(1, 15, 14)
(0, 15, 14)
(1, 14, 13)
(0, 14, 13)
(1, 13, 13)
(0, 13, 14)
(0, 13, 15)
(1, 12, 15)
(0, 12, 16)
(1, 11, 15)
(0, 11, 15)
(0, 11, 14)
(1, 11, 13)
(1, 11, 12)
(1, 11, 11)
(0, 12, 11)
(0, 12, 10)
(1, 12, 9)
(1, 12, 8)
(1, 12, 7)
(0, 13, 7)
(0, 13, 6)
(1, 13, 5)
(0, 14, 5)
(0, 14, 4)
(1, 13, 3)
(0, 13, 3)
(1, 12, 3)
(0, 12, 3)
(0, 12, 2)
(1, 12, 1)
(0, 13, 1)
(0, 13, 0)
(0, 13, -1)
(1, 12, -2)
(0, 12, -2)
(0, 12, -3)
(0, 12, -4)
(1, 12, -5)
(1, 12, -6)
(0, 12, -6)
(0, 12, -7)
(0, 12, -8)
(0, 12, -9)
(1, 11, -10)
(1, 11, -11)
(1, 11, -12)
(1, 11, -13)
(0, 12, -13)
(1, 12, -14)
(1, 12, -15)
(0, 12, -15)
(1, 11, -15)
(0, 11, -14)
(1, 10, -14)
(0, 10, -14)
(1, 9, -15)
(0, 9, -15)
(1, 8, -15)
(0, 8, -15)
(0, 8, -16)
(1, 7, -17)
(0, 7, -17)
(1, 6, -17)
(0, 6, -16)
(1, 5, -16)
(1, 5, -15)
(0, 6, -14)
(0, 6, -13)
(1, 5, -13)
(0, 5, -13)
(1, 4, -14)
(0, 4, -14)
(1, 3, -15)
(1, 3, -16)
(0, 4, -16)
(0, 4, -17)
(1, 4, -18)
(1, 4, -19)
(0, 4, -19)
(1, 3, -20)
(0, 3, -20)
(1, 2, -21)
(0, 2, -20)
(1, 1, -20)
(0, 1, -20)
(1, 0, -21)
(1, 0, -22)
(0, 0, -22)
(1, -1, -23)
(1, -1, -24)
(0, 0, -24)
(0, 0, -25)
(0, 0, -26)
(0, 0, -27)
(1, -1, -28)
(0, -1, -28)
(1, -2, -29)
(0, -2, -28)
(0, -2, -27)
(1, -2, -27)
(1, -2, -26)
(0, -2, -25)
(1, -3, -26)
(0, -3, -26)
(0, -3, -27)
(1, -4, -28)
(1, -4, -29)
(1, -4, -30)
(0, -4, -30)
(1, -5, -30)
(0, -5, -30)
(1, -6, -30)
(0, -6, -30)
(0, -6, -31)
(0, -6, -32)
(0, -6, -33)
(1, -7, -34)
(1, -7, -35)
(1, -7, -36)
(1, -7, -37)
(1, -7, -38)
(0, -7, -38)
(0, -7, -39)
(1, -8, -40)
(1, -8, -41)
(0, -7, -41)
(1, -7, -42)
(0, -6, -42)
(1, -6, -43)
(0, -5, -42)
(0, -5, -41)
(1, -6, -41)
(1, -6, -40)
(0, -5, -39)
(1, -5, -40)
(0, -4, -40)
(0, -4, -41)
(0, -4, -42)
(1, -4, -43)
(1, -4, -44)
(0, -3, -44)
(0, -3, -45)
(0, -3, -46)
(1, -3, -47)
(0, -2, -46)
(1, -2, -46)
(0, -1, -46)
(1, -1, -47)
(0, 0, -47)
(1, 0, -47)
(0, 1, -47)
(0, 1, -48)
(0, 1, -49)
(1, 0, -50)
(0, 0, -49)
(1, -1, -50)
(0, -1, -50)
(1, -2, -50)
(0, -2, -49)
(1, -3, -49)
(0, -3, -49)
(1, -4, -50)
(0, -4, -49)
(0, -4, -48)
(1, -5, -48)
(0, -5, -47)
(1, -6, -48)
(0, -6, -47)
(1, -7, -48)
(0, -7, -48)
(1, -8, -48)
(0, -8, -48)
(1, -9, -48)
(0, -9, -48)
(1, -10, -48)
(0, -10, -48)
(1, -11, -48)
(0, -11, -47)
(0, -11, -46)
(1, -11, -46)
(0, -10, -45)
(1, -10, -45)
(0, -9, -44)
(0, -9, -43)
(0, -9, -42)
(1, -10, -42)
(1, -10, -41)
(0, -9, -40)
(1, -9, -40)
(1, -9, -39)
(0, -9, -38)
(1, -10, -39)
(0, -10, -39)
(1, -11, -39)
(0, -11, -38)
(0, -11, -37)
(1, -11, -37)
(0, -10, -37)
(1, -10, -37)
(0, -9, -36)
(1, -9, -36)
(1, -9, -35)
(1, -9, -34)
(0, -9, -33)
(1, -10, -34)
(0, -10, -33)
(1, -11, -34)
(0, -11, -34)
(1, -12, -34)
(0, -12, -34)
(1, -13, -34)
(0, -13, -34)
(0, -13, -35)
(1, -14, -36)
(0, -14, -36)
(0, -14, -37)
(1, -15, -38)
(0, -15, -37)
(1, -16, -38)
(0, -16, -38)
(1, -17, -39)
(1, -17, -40)
(0, -16, -40)
(0, -16, -41)
(1, -16, -42)
(1, -16, -43)
(1, -16, -44)
(0, -15, -44)
(1, -15, -44)
(0, -14, -43)
(1, -14, -44)
(1, -14, -45)
(0, -14, -45)
(0, -14, -46)
(1, -14, -47)
(1, -14, -48)
(1, -14, -49)
(1, -14, -50)
(0, -14, -50)
(1, -15, -50)
(0, -15, -49)
(1, -16, -49)
(1, -16, -48)
(1, -16, -47)
(0, -16, -46)
(1, -17, -46)
(0, -17, -45)
(0, -17, -44)
(1, -18, -44)
(1, -18, -43)
(0, -18, -42)
(1, -19, -42)
(0, -19, -41)
(1, -20, -41)
(0, -20, -41)
(1, -21, -42)
(1, -21, -43)
(0, -21, -43)
(1, -22, -43)
(1, -22, -42)
(0, -22, -41)
(0, -22, -40)
(1, -22, -40)
(0, -21, -39)
(1, -21, -39)
(0, -20, -38)
(0, -20, -37)
(1, -21, -37)
(0, -21, -36)
(1, -22, -37)
(0, -22, -37)
(1, -23, -37)
(0, -23, -37)
(1, -24, -38)
(0, -24, -37)
(1, -25, -37)
(0, -25, -36)
(0, -25, -35)
(0, -25, -34)
(0, -25, -33)
(0, -25, -32)
(0, -25, -31)
(0, -25, -30)
(1, -25, -30)
(0, -24, -29)
(1, -24, -30)
(1, -24, -31)
(0, -23, -31)
(1, -23, -31)
(1, -23, -30)
(1, -23, -29)
(0, -22, -28)
(1, -22, -29)
(0, -21, -28)
(0, -21, -27)
(1, -22, -27)
(0, -22, -26)
(1, -23, -26)
(0, -23, -25)
(1, -24, -26)
(0, -24, -26)
(1, -25, -27)
(0, -25, -26)
(0, -25, -25)
(1, -25, -25)
(0, -24, -24)
(0, -24, -23)
(1, -25, -23)
(0, -25, -22)
(0, -25, -21)
(1, -25, -21)
(1, -25, -20)
(1, -25, -19)
(0, -25, -18)
(0, -25, -17)
(0, -25, -16)
(0, -25, -15)
(1, -25, -15)
(0, -24, -15)
(1, -24, -16)
(1, -24, -17)
(1, -24, -18)
(1, -24, -19)
(0, -23, -19)
(1, -23, -19)
(1, -23, -18)
(1, -23, -17)
(0, -22, -16)
(0, -22, -15)
(1, -23, -15)
(0, -23, -14)
(0, -23, -13)
(0, -23, -12)
(1, -23, -12)
(0, -22, -11)
(1, -22, -11)
(0, -21, -11)
(1, -21, -12)
(1, -21, -13)
(0, -20, -13)
(0, -20, -14)
(1, -20, -15)
(0, -19, -14)
(0, -19, -13)
(0, -19, -12)
(1, -19, -12)
(0, -18, -11)
(1, -18, -11)
(0, -17, -11)
(0, -17, -12)
(1, -17, -13)
(0, -16, -12)
(1, -16, -12)
(0, -15, -11)
(1, -15, -12)
(1, -15, -13)
(1, -15, -14)
(0, -15, -14)
(0, -15, -15)
(0, -15, -16)
(1, -15, -17)
(0, -14, -17)
(1, -14, -18)
(0, -13, -17)
(1, -13, -18)
(0, -12, -18)
(1, -12, -18)
(0, -11, -18)
(1, -11, -18)
(1, -11, -17)
(1, -11, -16)
(1, -11, -15)
(0, -10, -14)
(0, -10, -13)
(1, -10, -13)
(0, -9, -12)
(1, -9, -13)
(0, -8, -13)
(0, -8, -14)
(1, -8, -15)
(0, -7, -14)
(1, -7, -15)
(0, -6, -14)
(0, -6, -13)
(0, -6, -12)
(1, -6, -12)
(0, -5, -12)
(1, -5, -12)
(1, -5, -11)
(0, -5, -10)
(0, -5, -9)
(1, -5, -9)
(0, -4, -9)
(1, -4, -10)
(1, -4, -11)
(1, -4, -12)
(1, -4, -13)
(0, -4, -13)
(0, -4, -14)
(1, -4, -15)
(0, -3, -14)
(1, -3, -14)
(0, -2, -13)
(1, -2, -14)
(0, -1, -14)
(1, -1, -14)
(1, -1, -13)
(0, -1, -12)
(1, -2, -12)
(1, -2, -11)
(1, -2, -10)
(1, -2, -9)
(0, -1, -8)
(1, -1, -8)
(0, 0, -8)
(1, 0, -9)
(0, 1, -9)
(0, 1, -10)
(0, 1, -11)
(1, 0, -12)
(1, 0, -13)
(1, 0, -14)
(0, 1, -14)
(1, 1, -14)
(0, 2, -14)
(1, 2, -14)
(0, 3, -13)
(0, 3, -12)
(0, 3, -11)
(1, 2, -11)
(0, 2, -10)
(0, 2, -9)
(0, 2, -8)
(1, 2, -8)
(0, 3, -7)
(0, 3, -6)
(1, 2, -6)
(0, 2, -6)
(1, 1, -6)
(1, 1, -5)
(0, 2, -4)
(1, 2, -4)
(0, 3, -3)
(0, 3, -2)
(1, 3, -2)
(0, 4, -1)
(0, 4, 0)
(1, 4, 0)
(0, 5, 0)
(1, 5, -1)
(0, 6, 0)
(0, 6, 1)
(1, 6, 1)
(0, 7, 1)
(0, 7, 0)
(1, 7, -1)
(0, 8, -1)
(1, 8, -2)
(0, 9, -1)
(1, 9, -1)
(1, 9, 0)
(0, 9, 1)
(0, 9, 2)
(0, 9, 3)
(1, 9, 3)
(0, 10, 4)
(1, 10, 3)
(0, 11, 4)
(0, 11, 5)
(0, 11, 6)
(1, 11, 6)
(1, 11, 7)
(0, 11, 8)
(0, 11, 9)
(1, 10, 9)
(0, 10, 10)
(1, 9, 10)
(0, 9, 10)
(1, 8, 10)
(1, 8, 11)
(0, 8, 12)
(1, 7, 11)
(0, 7, 12)
(0, 7, 13)
(0, 7, 14)
(1, 7, 14)
(0, 8, 15)
(1, 8, 15)
(0, 9, 16)
(1, 9, 15)
(0, 10, 16)
(0, 10, 17)
(1, 9, 17)
(0, 9, 18)
(1, 8, 17)
(0, 8, 17)
(1, 7, 17)
(0, 7, 18)
(1, 6, 17)
(1, 6, 16)
(0, 6, 16)
(1, 5, 16)
(0, 5, 16)
(0, 5, 15)
(0, 5, 14)
(1, 4, 13)
(0, 4, 13)
(1, 3, 12)
(0, 3, 13)
(1, 2, 12)
(0, 2, 12)
(1, 1, 12)
(0, 1, 13)
(1, 0, 13)
(0, 0, 13)
(1, -1, 13)
(1, -1, 14)
(0, 0, 15)
(0, 0, 16)
(0, 0, 17)
(1, -1, 17)
(0, -1, 17)
(1, -2, 16)
(1, -2, 15)
(1, -2, 14)
(1, -2, 13)
(0, -2, 13)
(1, -3, 12)
(0, -3, 12)
(1, -4, 12)
(0, -4, 13)
(1, -5, 12)
(0, -5, 13)
(0, -5, 14)
(1, -6, 14)
(1, -6, 15)
(0, -6, 16)
(1, -7, 16)
(0, -7, 17)
(1, -8, 17)
(0, -8, 17)
(0, -8, 16)
(1, -9, 15)
(0, -9, 15)
