(1, -18, 27)
(0, -18, 28)
(1, -19, 27)
(0, -19, 27)
(1, -20, 27)
(0, -20, 27)
(1, -21, 26)
(1, -21, 25)
(0, -20, 25)
(0, -20, 24)
(1, -21, 23)
(0, -21, 23)
(0, -21, 22)
(0, -21, 21)
(1, -22, 20)
(0, -22, 20)
(0, -22, 19)
(1, -22, 18)
(0, -21, 19)
(1, -21, 19)
(0, -20, 19)
(1, -20, 19)
(1, -20, 20)
(0, -20, 21)
(0, -20, 22)
(1, -20, 22)
(0, -19, 23)
(1, -19, 22)
(1, -19, 21)
(0, -18, 21)
(1, -18, 21)
(0, -17, 22)
(1, -17, 22)
(1, -17, 23)
(0, -16, 24)
(1, -16, 23)
(1, -16, 22)
(1, -16, 21)
(0, -16, 21)
(1, -17, 20)
(0, -17, 20)
(0, -17, 19)
(1, -18, 18)
(0, -18, 18)
(1, -19, 17)
(1, -19, 16)
(0, -18, 16)
(1, -18, 15)
(0, -17, 16)
(1, -17, 15)
(1, -17, 14)
(1, -17, 13)
(0, -16, 13)
(0, -16, 12)
(1, -17, 11)
(1, -17, 10)
(0, -17, 10)
(0, -17, 9)
(1, -17, 8)
(1, -17, 7)
(0, -17, 7)
(1, -18, 7)
(0, -18, 7)
(1, -19, 7)
(0, -19, 8)
(0, -19, 9)
(1, -20, 9)
(0, -20, 10)
(1, -21, 10)
(0, -21, 10)
(1, -22, 9)
(1, -22, 8)
(0, -21, 8)
(0, -21, 7)
(0, -21, 6)
(1, -22, 5)
(0, -22, 6)
(0, -22, 7)
(1, -23, 7)
(0, -23, 7)
(0, -23, 6)
(1, -24, 5)
(1, -24, 4)
(0, -23, 4)
(1, -23, 3)
(1, -23, 2)
(0, -23, 2)
(1, -24, 2)
(0, -24, 3)
(1, -25, 2)
(0, -25, 3)
(0, -25, 4)
(0, -25, 5)
(1, -25, 5)
(1, -25, 6)
(0, -25, 7)
(0, -25, 8)
(0, -25, 9)
(0, -25, 10)
(1, -25, 10)
(1, -25, 11)
(0, -24, 12)
(1, -24, 11)
(0, -23, 12)
(1, -23, 12)
(0, -22, 13)
(1, -22, 13)
(0, -21, 14)
(1, -21, 13)
(1, -21, 12)
(0, -20, 12)
(1, -20, 11)
(0, -19, 11)
(1, -19, 10)
(0, -18, 11)
(0, -18, 12)
(0, -18, 13)
(1, -19, 13)
(0, -19, 14)
(1, -20, 14)
(0, -20, 15)
(1, -21, 15)
(0, -21, 16)
(1, -22, 15)
(0, -22, 15)
(1, -23, 14)
(0, -23, 15)
(1, -24, 15)
(0, -24, 16)
(1, -25, 16)
(1, -25, 17)
(0, -25, 18)
(0, -25, 19)
(1, -25, 19)
(1, -25, 20)
(0, -24, 21)
(1, -24, 20)
(0, -23, 21)
(0, -23, 22)
(1, -23, 22)
(0, -22, 23)
(0, -22, 24)
(1, -23, 24)
(0, -23, 24)
(1, -24, 23)
(0, -24, 23)
(1, -25, 22)
(0, -25, 23)
(0, -25, 24)
(0, -25, 25)
(1, -25, 25)
(1, -25, 26)
(1, -25, 27)
(1, -25, 28)
(0, -24, 29)
(0, -24, 30)
(1, -24, 30)
(0, -23, 31)
(1, -23, 30)
(0, -22, 31)
(1, -22, 30)
(0, -21, 31)
(1, -21, 30)
(0, -20, 30)
(1, -20, 30)
(0, -19, 31)
(1, -19, 31)
(0, -18, 32)
(1, -18, 31)
(0, -17, 32)
(1, -17, 31)
(0, -16, 32)
(1, -16, 31)
(1, -16, 30)
(1, -16, 29)
(0, -15, 29)
(0, -15, 28)
(1, -16, 27)
(0, -16, 28)
(1, -17, 27)
(1, -17, 26)
(0, -16, 26)
(1, -16, 25)
(0, -15, 26)
(1, -15, 25)
(0, -14, 26)
(0, -14, 27)
(0, -14, 28)
(0, -14, 29)
(1, -14, 29)
(0, -13, 29)
(1, -13, 28)
(0, -12, 28)
(1, -12, 27)
(1, -12, 26)
(0, -12, 26)
(0, -12, 25)
(1, -12, 24)
(1, -12, 23)
(0, -12, 23)
(0, -12, 22)
(0, -12, 21)
(0, -12, 20)
(1, -12, 19)
(1, -12, 18)
(1, -12, 17)
(0, -12, 17)
(1, -13, 17)
(0, -13, 17)
(0, -13, 16)
(1, -13, 15)
(1, -13, 14)
(0, -12, 14)
(0, -12, 13)
(1, -12, 12)
(0, -11, 12)
(0, -11, 11)
(1, -12, 10)
(1, -12, 9)
(1, -12, 8)
(0, -12, 8)
(1, -13, 7)
(1, -13, 6)
(0, -12, 6)
(1, -12, 6)
(0, -11, 6)
(1, -11, 6)
(0, -10, 7)
(0, -10, 8)
(0, -10, 9)
(1, -10, 9)
(0, -9, 10)
(0, -9, 11)
(1, -9, 11)
(0, -8, 11)
(1, -8, 10)
(1, -8, 9)
(0, -8, 9)
(1, -9, 8)
(1, -9, 7)
(0, -9, 7)
(0, -9, 6)
(1, -9, 5)
(0, -8, 6)
(1, -8, 5)
(0, -7, 5)
(1, -7, 5)
(1, -7, 6)
(0, -7, 7)
(0, -7, 8)
(1, -7, 8)
(1, -7, 9)
(0, -6, 10)
(1, -6, 9)
(1, -6, 8)
(1, -6, 7)
(0, -5, 7)
(1, -5, 7)
(0, -4, 7)
(1, -4, 6)
(0, -3, 6)
(1, -3, 5)
(0, -2, 5)
(0, -2, 4)
(1, -2, 3)
(0, -1, 4)
(1, -1, 3)
(0, 0, 3)
(1, 0, 2)
(0, 1, 2)
(1, 1, 2)
(0, 2, 3)
(1, 2, 2)
(1, 2, 1)
(0, 2, 1)
(1, 1, 0)
(1, 1, -1)
(1, 1, -2)
(0, 2, -2)
(1, 2, -3)
(0, 3, -3)
(0, 3, -4)
(1, 3, -5)
(0, 4, -5)
(1, 4, -6)
(0, 5, -5)
(1, 5, -5)
(0, 6, -5)
(1, 6, -6)
(0, 7, -6)
(1, 7, -7)
(0, 8, -7)
(1, 8, -7)
(1, 8, -6)
(0, 9, -5)
(1, 9, -6)
(0, 10, -5)
(1, 10, -5)
(1, 10, -4)
(1, 10, -3)
(1, 10, -2)
(1, 10, -1)
(0, 10, 0)
(1, 9, 0)
(0, 9, 0)
(0, 9, -1)
(1, 8, -2)
(0, 8, -1)
(1, 7, -1)
(0, 7, -1)
(1, 6, -2)
(1, 6, -3)
(0, 6, -3)
(1, 5, -3)
(0, 5, -2)
(0, 5, -1)
(1, 5, -1)
(0, 6, 0)
(0, 6, 1)
(1, 5, 1)
(0, 5, 1)
(1, 4, 1)
(1, 4, 2)
(1, 4, 3)
(1, 4, 4)
(0, 4, 5)
(1, 3, 5)
(1, 3, 6)
(1, 3, 7)
(0, 4, 8)
(1, 4, 8)
(1, 4, 9)
(0, 4, 10)
(1, 3, 10)
(1, 3, 11)
(0, 3, 12)
(0, 3, 13)
(1, 3, 13)
(0, 4, 14)
(1, 4, 14)
(1, 4, 15)
(1, 4, 16)
(1, 4, 17)
(0, 4, 18)
(0, 4, 19)
(0, 4, 20)
(1, 3, 20)
(1, 3, 21)
(1, 3, 22)
(0, 4, 23)
(1, 4, 23)
(0, 5, 23)
(1, 5, 22)
(1, 5, 21)
(1, 5, 20)
(1, 5, 19)
(1, 5, 18)
(1, 5, 17)
(0, 6, 17)
(0, 6, 16)
(0, 6, 15)
(1, 6, 14)
(1, 6, 13)
(0, 6, 13)
(1, 5, 12)
(1, 5, 11)
(1, 5, 10)
