(1, -23, 11)
(0, -22, 11)
(1, -22, 11)
(0, -21, 12)
(1, -21, 11)
(0, -20, 11)
(1, -20, 11)
(1, -20, 12)
(0, -19, 13)
(1, -19, 12)
(1, -19, 11)
(0, -18, 11)
(1, -18, 11)
(1, -18, 12)
(0, -17, 13)
(1, -17, 12)
(1, -17, 11)
(1, -17, 10)
(0, -17, 10)
(1, -18, 9)
(0, -18, 9)
(1, -19, 8)
(0, -19, 9)
(1, -20, 8)
(1, -20, 7)
(1, -20, 6)
(0, -19, 6)
(0, -19, 5)
(1, -19, 4)
(0, -18, 5)
(1, -18, 5)
(0, -17, 6)
(1, -17, 5)
(0, -16, 6)
(1, -16, 6)
(0, -15, 6)
(1, -15, 6)
(0, -14, 6)
(1, -14, 6)
(0, -13, 6)
(1, -13, 6)
(0, -12, 6)
(1, -12, 6)
(1, -12, 7)
(0, -11, 8)
(0, -11, 9)
(1, -12, 9)
(1, -12, 10)
(1, -12, 11)
(0, -11, 12)
(1, -11, 12)
(1, -11, 13)
(0, -11, 14)
(0, -11, 15)
(1, -12, 15)
(0, -12, 15)
(1, -13, 14)
(0, -13, 14)
(0, -13, 13)
(1, -13, 12)
(1, -13, 11)
(1, -13, 10)
(1, -13, 9)
(0, -13, 9)
(1, -14, 9)
(0, -14, 9)
(1, -15, 9)
(1, -15, 10)
(1, -15, 11)
(0, -15, 12)
(1, -16, 12)
(1, -16, 13)
(1, -16, 14)
(0, -16, 15)
(1, -17, 14)
(0, -17, 15)
(0, -17, 16)
(1, -17, 16)
(0, -16, 17)
(1, -16, 16)
(0, -15, 16)
(1, -15, 16)
(0, -14, 17)
(0, -14, 18)
(1, -14, 18)
(0, -13, 18)
(1, -13, 17)
(0, -12, 18)
(1, -12, 17)
(0, -11, 17)
(1, -11, 17)
(0, -10, 18)
(1, -10, 17)
(1, -10, 16)
(1, -10, 15)
(1, -10, 14)
(1, -10, 13)
(1, -10, 12)
(1, -10, 11)
(0, -9, 11)
(0, -9, 10)
(1, -10, 9)
(0, -10, 9)
(0, -10, 8)
(0, -10, 7)
(1, -11, 6)
(1, -11, 5)
(1, -11, 4)
(0, -11, 4)
(0, -11, 3)
(1, -11, 2)
(0, -10, 2)
(1, -10, 2)
(1, -10, 3)
(1, -10, 4)
(0, -9, 5)
(0, -9, 6)
(1, -9, 6)
(1, -9, 7)
(1, -9, 8)
(0, -8, 9)
(1, -8, 8)
(1, -8, 7)
(0, -7, 7)
(0, -7, 6)
(0, -7, 5)
(1, -7, 4)
(0, -6, 5)
(1, -6, 5)
(0, -5, 5)
(1, -5, 5)
(0, -4, 6)
(0, -4, 7)
(0, -4, 8)
(1, -4, 8)
(0, -3, 9)
(0, -3, 10)
(0, -3, 11)
(0, -3, 12)
(1, -4, 12)
(0, -4, 12)
(1, -5, 11)
(1, -5, 10)
(1, -5, 9)
(0, -5, 9)
(1, -6, 9)
(0, -6, 10)
(0, -6, 11)
(0, -6, 12)
(0, -6, 13)
(1, -6, 13)
(0, -5, 14)
(1, -5, 14)
(0, -4, 15)
(1, -4, 15)
(0, -3, 15)
(1, -3, 15)
(0, -2, 16)
(1, -2, 16)
(0, -1, 16)
(0, -1, 15)
(1, -1, 14)
(0, 0, 14)
(1, 0, 13)
(0, 1, 14)
(1, 1, 13)
(0, 2, 13)
(1, 2, 13)
(1, 2, 14)
(0, 3, 15)
(1, 3, 14)
(1, 3, 13)
(0, 4, 13)
(1, 4, 12)
(0, 5, 13)
(0, 5, 14)
(1, 5, 14)
(0, 6, 15)
(1, 6, 14)
(0, 7, 14)
(1, 7, 14)
(1, 7, 15)
(0, 7, 16)
(0, 7, 17)
(1, 6, 17)
(1, 6, 18)
(1, 6, 19)
(0, 6, 20)
(1, 5, 20)
(0, 5, 21)
(1, 4, 21)
(1, 4, 22)
(0, 5, 23)
(0, 5, 24)
(0, 5, 25)
(0, 5, 26)
(1, 4, 26)
(0, 4, 27)
(1, 3, 26)
(0, 3, 26)
(1, 2, 26)
(0, 2, 27)
(1, 1, 26)
(1, 1, 25)
(0, 1, 25)
(1, 0, 25)
(1, 0, 26)
(0, 0, 27)
(1, -1, 26)
(0, -1, 27)
(1, -2, 26)
(0, -2, 27)
(0, -2, 28)
(1, -2, 28)
(0, -1, 29)
(1, -1, 28)
(0, 0, 29)
(0, 0, 30)
(1, 0, 30)
(0, 1, 31)
(0, 1, 32)
(1, 0, 32)
(0, 0, 33)
(1, -1, 32)
(0, -1, 33)
(0, -1, 34)
(0, -1, 35)
(0, -1, 36)
(1, -1, 36)
(0, 0, 36)
(1, 0, 35)
(0, 1, 35)
(0, 1, 34)
(1, 1, 33)
(0, 2, 33)
(1, 2, 33)
(0, 3, 33)
(0, 3, 32)
(1, 3, 31)
(0, 4, 32)
(1, 4, 32)
(0, 5, 32)
(1, 5, 31)
(0, 6, 31)
(1, 6, 30)
(0, 7, 30)
(1, 7, 30)
(0, 8, 30)
(0, 8, 29)
(1, 7, 28)
(1, 7, 27)
(0, 8, 27)
(1, 8, 26)
(0, 9, 26)
(0, 9, 25)
(0, 9, 24)
(1, 8, 23)
(0, 8, 23)
(1, 7, 22)
(0, 7, 23)
(1, 6, 22)
(1, 6, 21)
(0, 7, 21)
(1, 7, 20)
(0, 8, 20)
(1, 8, 19)
(1, 8, 18)
(1, 8, 17)
(1, 8, 16)
(0, 9, 16)
(1, 9, 16)
(0, 10, 16)
(1, 10, 15)
(1, 10, 14)
(0, 11, 14)
(1, 11, 13)
(0, 12, 14)
(1, 12, 14)
(0, 13, 15)
(1, 13, 15)
(0, 14, 16)
(0, 14, 17)
(0, 14, 18)
(1, 13, 18)
(0, 13, 19)
(0, 13, 20)
(1, 12, 20)
(0, 12, 21)
(1, 11, 20)
(1, 11, 19)
(0, 11, 19)
(1, 10, 18)
(0, 10, 19)
(1, 9, 19)
(1, 9, 20)
(0, 9, 21)
(0, 9, 22)
(1, 9, 22)
(0, 10, 23)
(1, 10, 22)
(0, 11, 22)
(1, 11, 22)
(1, 11, 23)
(0, 11, 24)
(1, 10, 24)
(1, 10, 25)
(0, 10, 26)
(0, 10, 27)
(1, 10, 27)
(0, 11, 28)
(1, 11, 28)
(0, 12, 28)
(1, 12, 27)
(0, 13, 28)
(0, 13, 29)
(1, 12, 29)
(0, 12, 30)
(0, 12, 31)
(0, 12, 32)
(1, 12, 32)
(0, 13, 33)
(1, 13, 33)
(0, 14, 34)
(1, 14, 34)
(1, 14, 35)
(1, 14, 36)
(1, 14, 37)
(0, 15, 38)
(1, 15, 37)
(0, 16, 38)
(0, 16, 39)
(1, 16, 39)
(0, 17, 40)
(0, 17, 41)
(1, 17, 41)
(0, 18, 42)
(1, 18, 41)
(0, 19, 41)
(0, 19, 40)
(1, 19, 39)
(0, 20, 40)
(1, 20, 40)
(1, 20, 41)
(1, 20, 42)
(1, 20, 43)
(0, 21, 44)
(1, 21, 43)
(1, 21, 42)
(1, 21, 41)
(1, 21, 40)
(1, 21, 39)
(0, 21, 39)
(1, 20, 38)
(1, 20, 37)
(1, 20, 36)
(0, 21, 36)
(1, 21, 35)
(0, 22, 35)
(1, 22, 35)
(0, 23, 35)
(1, 23, 34)
(0, 24, 34)
(0, 24, 33)
(1, 23, 32)
(0, 23, 32)
(1, 22, 31)
(0, 22, 32)
(0, 22, 33)
(1, 21, 33)
(0, 21, 33)
(0, 21, 32)
(1, 20, 31)
(1, 20, 30)
(0, 20, 30)
(1, 19, 29)
(0, 19, 30)
(1, 18, 30)
(1, 18, 31)
(1, 18, 32)
(0, 18, 33)
(1, 17, 33)
(0, 17, 34)
(1, 16, 33)
(1, 16, 32)
(0, 17, 32)
(1, 17, 31)
(1, 17, 30)
(1, 17, 29)
(0, 18, 29)
(1, 18, 28)
(1, 18, 27)
(0, 18, 27)
(1, 17, 26)
(0, 17, 26)
(1, 16, 25)
(0, 16, 26)
(1, 15, 26)
(1, 15, 27)
(1, 15, 28)
(0, 15, 29)
(1, 14, 29)
(0, 14, 29)
(0, 14, 28)
(1, 14, 27)
(1, 14, 26)
(1, 14, 25)
(0, 15, 25)
(1, 15, 24)
(0, 16, 24)
(0, 16, 23)
(1, 16, 22)
(1, 16, 21)
(0, 16, 21)
(1, 15, 21)
(0, 15, 21)
(1, 14, 20)
(1, 14, 19)
(0, 15, 19)
(1, 15, 19)
(0, 16, 19)
(0, 16, 18)
(1, 16, 17)
(0, 17, 18)
(0, 17, 19)
(0, 17, 20)
(1, 17, 20)
(1, 17, 21)
(1, 17, 22)
(0, 18, 23)
(0, 18, 24)
(0, 18, 25)
(1, 18, 25)
(0, 19, 25)
(0, 19, 24)
(0, 19, 23)
(1, 19, 22)
(0, 20, 22)
(1, 20, 22)
(0, 21, 23)
(1, 21, 23)
(0, 22, 23)
(0, 22, 22)
(0, 22, 21)
(1, 21, 20)
(1, 21, 19)
(1, 21, 18)
(1, 21, 17)
(0, 21, 17)
(0, 21, 16)
(1, 21, 15)
(0, 22, 16)
(1, 22, 15)
(0, 23, 15)
(1, 23, 14)
(1, 23, 13)
(0, 24, 13)
(0, 24, 12)
(0, 24, 11)
(1, 23, 10)
(0, 23, 11)
(1, 22, 10)
(0, 22, 11)
(0, 22, 12)
(1, 22, 12)
(1, 22, 13)
(0, 22, 14)
(1, 21, 13)
(0, 21, 13)
(1, 20, 13)
(1, 20, 14)
(0, 20, 15)
(0, 20, 16)
(1, 19, 16)
(0, 19, 16)
(1, 18, 15)
(1, 18, 14)
(0, 19, 14)
(1, 19, 13)
(1, 19, 12)
(1, 19, 11)
(0, 20, 11)
(1, 20, 10)
(0, 21, 10)
(1, 21, 9)
(1, 21, 8)
(0, 21, 8)
(0, 21, 7)
(0, 21, 6)
(1, 21, 5)
(1, 21, 4)
(0, 22, 4)
(1, 22, 4)
(0, 23, 5)
(0, 23, 6)
(0, 23, 7)
(1, 23, 7)
(1, 23, 8)
(0, 24, 9)
(1, 24, 9)
(0, 25, 9)
(1, 25, 8)
(1, 25, 7)
(1, 25, 6)
(0, 25, 6)
(0, 25, 5)
(0, 25, 4)
(1, 25, 3)
(1, 25, 2)
(1, 25, 1)
(1, 25, 0)
(1, 25, -1)
(0, 25, -1)
(1, 24, -2)
(0, 24, -1)
(0, 24, 0)
(1, 24, 0)
(1, 24, 1)
(0, 24, 2)
(1, 23, 2)
(0, 23, 2)
(1, 22, 1)
(1, 22, 0)
(0, 23, 0)
(0, 23, -1)
(0, 23, -2)
(1, 22, -3)
(0, 22, -3)
(1, 21, -3)
(0, 21, -3)
(1, 20, -4)
(1, 20, -5)
(0, 20, -5)
(1, 19, -6)
(1, 19, -7)
(0, 20, -7)
(1, 20, -8)
(1, 20, -9)
(1, 20, -10)
(0, 21, -10)
(1, 21, -10)
(0, 22, -10)
(1, 22, -11)
(0, 23, -11)
(0, 23, -12)
(1, 22, -13)
(0, 22, -12)
(1, 21, -13)
(0, 21, -12)
(1, 20, -13)
(0, 20, -12)
(1, 19, -12)
(0, 19, -11)
(0, 19, -10)
(0, 19, -9)
(0, 19, -8)
(1, 18, -8)
(0, 18, -7)
(1, 17, -8)
(0, 17, -8)
(0, 17, -9)
(1, 17, -10)
(1, 17, -11)
(1, 17, -12)
(0, 18, -12)
(0, 18, -13)
(0, 18, -14)
(1, 18, -15)
(0, 19, -14)
(1, 19, -14)
(0, 20, -14)
(1, 20, -15)
(1, 20, -16)
(0, 21, -16)
(1, 21, -16)
(0, 22, -16)
(1, 22, -16)
(0, 23, -16)
(0, 23, -17)
(0, 23, -18)
(0, 23, -19)
(1, 22, -20)
(1, 22, -21)
(1, 22, -22)
(1, 22, -23)
(0, 23, -23)
(1, 23, -23)
(0, 24, -22)
(1, 24, -23)
(0, 25, -22)
(1, 25, -23)
(1, 25, -24)
(1, 25, -25)
(0, 25, -25)
(0, 25, -26)
(1, 25, -27)
(1, 25, -28)
(1, 25, -29)
(1, 25, -30)
(1, 25, -31)
(0, 25, -31)
(1, 24, -31)
(1, 24, -30)
