(0, -11, 16)
(0, -11, 15)
(0, -11, 14)
(0, -11, 13)
(0, -11, 12)
(0, -11, 11)
(1, -12, 10)
(1, -12, 9)
(1, -12, 8)
(1, -12, 7)
(0, -11, 7)
(0, -11, 6)
(1, -12, 5)
(0, -12, 5)
(1, -13, 4)
(0, -13, 4)
(1, -14, 3)
(1, -14, 2)
(0, -13, 2)
(1, -13, 1)
(0, -12, 1)
(1, -12, 0)
(0, -11, 0)
(1, -11, -1)
(0, -10, -1)
(1, -10, -2)
(0, -9, -2)
(1, -9, -2)
(0, -8, -1)
(1, -8, -2)
(0, -7, -2)
(1, -7, -2)
(1, -7, -1)
(0, -7, 0)
(1, -8, 0)
(0, -8, 1)
(1, -9, 1)
(1, -9, 2)
(0, -8, 3)
(1, -8, 2)
(0, -7, 3)
(0, -7, 4)
(1, -7, 4)
(0, -6, 4)
(0, -6, 3)
(0, -6, 2)
(1, -6, 1)
(0, -5, 1)
(0, -5, 0)
(1, -5, -1)
(1, -5, -2)
(0, -4, -2)
(0, -4, -3)
(1, -4, -4)
(0, -3, -3)
(1, -3, -3)
(0, -2, -3)
(0, -2, -4)
(1, -2, -5)
(0, -1, -4)
(1, -1, -5)
(1, -1, -6)
(0, -1, -6)
(1, -2, -7)
(0, -2, -7)
(0, -2, -8)
(1, -3, -9)
(1, -3, -10)
(0, -3, -10)
(0, -3, -11)
(0, -3, -12)
(1, -3, -13)
(0, -2, -13)
(1, -2, -14)
(1, -2, -15)
(0, -1, -15)
(1, -1, -15)
(0, 0, -14)
(1, 0, -14)
(0, 1, -13)
(1, 1, -13)
(0, 2, -12)
(0, 2, -11)
(1, 1, -11)
(0, 1, -11)
(1, 0, -11)
(0, 0, -10)
(0, 0, -9)
(1, -1, -9)
(1, -1, -8)
(0, 0, -7)
(1, 0, -8)
(0, 1, -8)
(1, 1, -8)
(0, 2, -7)
(1, 2, -8)
(0, 3, -7)
(1, 3, -8)
(0, 4, -7)
(1, 4, -8)
(1, 4, -9)
(0, 4, -9)
(1, 3, -10)
(0, 3, -10)
(0, 3, -11)
(1, 3, -12)
(1, 3, -13)
(0, 3, -13)
(1, 2, -14)
(0, 2, -14)
(0, 2, -15)
(0, 2, -16)
(1, 2, -17)
(0, 3, -17)
(0, 3, -18)
(1, 2, -19)
(1, 2, -20)
(0, 2, -20)
(1, 1, -20)
(1, 1, -19)
(1, 1, -18)
(0, 1, -17)
(1, 0, -18)
(0, 0, -18)
(1, -1, -18)
(0, -1, -17)
(1, -2, -18)
(0, -2, -18)
(0, -2, -19)
(0, -2, -20)
(1, -2, -21)
(1, -2, -22)
(0, -1, -22)
(0, -1, -23)
(1, -2, -24)
(0, -2, -24)
(0, -2, -25)
(1, -2, -26)
(1, -2, -27)
(0, -1, -27)
(0, -1, -28)
(1, -2, -29)
(1, -2, -30)
(1, -2, -31)
(1, -2, -32)
(1, -2, -33)
(0, -1, -33)
(0, -1, -34)
(1, -1, -35)
(1, -1, -36)
(0, 0, -36)
(0, 0, -37)
(1, 0, -38)
(0, 1, -38)
(1, 1, -38)
(0, 2, -38)
(1, 2, -38)
(0, 3, -38)
(0, 3, -39)
(1, 3, -40)
(0, 4, -40)
(1, 4, -40)
(0, 5, -39)
(1, 5, -40)
(1, 5, -41)
(0, 5, -41)
(1, 4, -42)
(0, 4, -42)
(1, 3, -42)
(0, 3, -42)
(1, 2, -43)
(1, 2, -44)
(1, 2, -45)
(0, 2, -45)
(1, 1, -46)
(0, 1, -45)
(1, 0, -45)
(0, 0, -45)
(1, -1, -45)
(1, -1, -44)
(0, 0, -43)
(1, 0, -43)
(0, 1, -42)
(0, 1, -41)
(1, 0, -41)
(1, 0, -40)
(0, 0, -39)
(1, -1, -40)
(1, -1, -41)
(0, -1, -41)
(1, -2, -41)
(0, -2, -41)
(1, -3, -42)
(0, -3, -41)
(1, -4, -42)
(0, -4, -41)
(1, -5, -41)
(0, -5, -40)
(0, -5, -39)
(1, -6, -39)
(0, -6, -39)
(1, -7, -40)
(1, -7, -41)
(1, -7, -42)
(1, -7, -43)
(0, -7, -43)
(1, -8, -43)
(1, -8, -42)
(0, -8, -41)
(1, -9, -41)
(0, -9, -40)
(1, -10, -41)
(0, -10, -40)
(1, -11, -41)
(1, -11, -42)
(0, -11, -42)
(1, -12, -43)
(0, -12, -43)
(0, -12, -44)
(0, -12, -45)
(1, -13, -46)
(0, -13, -46)
(0, -13, -47)
(1, -14, -48)
(0, -14, -48)
(1, -15, -48)
(1, -15, -47)
(0, -14, -46)
(0, -14, -45)
(1, -15, -45)
(0, -15, -45)
(1, -16, -45)
(1, -16, -44)
(0, -15, -43)
(0, -15, -42)
(0, -15, -41)
(1, -15, -41)
(1, -15, -40)
(1, -15, -39)
(1, -15, -38)
(0, -15, -37)
(1, -16, -37)
(0, -16, -37)
(1, -17, -38)
(0, -17, -38)
(1, -18, -38)
(1, -18, -37)
(0, -17, -36)
(1, -17, -36)
(0, -16, -35)
(0, -16, -34)
(0, -16, -33)
(1, -16, -33)
(0, -15, -32)
(1, -15, -32)
(0, -14, -32)
(0, -14, -33)
(1, -15, -34)
(0, -15, -34)
(0, -15, -35)
(1, -15, -36)
(0, -14, -36)
(1, -14, -36)
(1, -14, -35)
(0, -13, -34)
(0, -13, -33)
(1, -13, -33)
(0, -12, -33)
(1, -12, -33)
(0, -11, -32)
(1, -11, -33)
(0, -10, -32)
(1, -10, -33)
(0, -9, -32)
(1, -9, -32)
(1, -9, -31)
(1, -9, -30)
(1, -9, -29)
(0, -9, -28)
(0, -9, -27)
(0, -9, -26)
(0, -9, -25)
(1, -9, -25)
(0, -8, -24)
(1, -8, -24)
(0, -7, -23)
(1, -7, -23)
(1, -7, -22)
(0, -7, -21)
(0, -7, -20)
(0, -7, -19)
(1, -8, -19)
(0, -8, -19)
(1, -9, -20)
(0, -9, -19)
(0, -9, -18)
(1, -10, -18)
(1, -10, -17)
(0, -9, -16)
(0, -9, -15)
(1, -10, -15)
(0, -10, -14)
(1, -11, -15)
(0, -11, -15)
(1, -12, -16)
(1, -12, -17)
(0, -12, -17)
(1, -13, -17)
(0, -13, -17)
(1, -14, -17)
(0, -14, -17)
(1, -15, -18)
(1, -15, -19)
(0, -14, -19)
(0, -14, -20)
(1, -15, -21)
(0, -15, -21)
(1, -16, -22)
(0, -16, -21)
(1, -17, -22)
(0, -17, -21)
(1, -18, -21)
(0, -18, -20)
(1, -19, -20)
(1, -19, -19)
(0, -19, -18)
(1, -20, -19)
(0, -20, -19)
(1, -21, -19)
(0, -21, -19)
(1, -22, -20)
(0, -22, -20)
(1, -23, -20)
(1, -23, -19)
(1, -23, -18)
(0, -23, -17)
(0, -23, -16)
(1, -23, -16)
(0, -22, -16)
(1, -22, -17)
(0, -21, -16)
(0, -21, -15)
(1, -22, -15)
(1, -22, -14)
(0, -22, -13)
(1, -23, -14)
(0, -23, -13)
(1, -24, -13)
(0, -24, -12)
(1, -25, -13)
(1, -25, -14)
(0, -24, -14)
(0, -24, -15)
(0, -24, -16)
(0, -24, -17)
(1, -25, -18)
(1, -25, -19)
(1, -25, -20)
(0, -24, -20)
(0, -24, -21)
(1, -24, -22)
(0, -23, -22)
(1, -23, -22)
(0, -22, -22)
(1, -22, -22)
(0, -21, -21)
(1, -21, -22)
(0, -20, -21)
(1, -20, -22)
(0, -19, -22)
(0, -19, -23)
(0, -19, -24)
(1, -20, -25)
(0, -20, -24)
(1, -21, -25)
(0, -21, -24)
(1, -22, -25)
(1, -22, -26)
(0, -22, -26)
(1, -23, -26)
(1, -23, -25)
(0, -23, -24)
(1, -24, -25)
(1, -24, -26)
(1, -24, -27)
(0, -24, -27)
(1, -25, -28)
(1, -25, -29)
(1, -25, -30)
(0, -24, -30)
(0, -24, -31)
(1, -25, -32)
(0, -25, -32)
(0, -25, -33)
(1, -25, -34)
(1, -25, -35)
(1, -25, -36)
(1, -25, -37)
(1, -25, -38)
(0, -25, -38)
(0, -25, -39)
(1, -25, -40)
(1, -25, -41)
(1, -25, -42)
(1, -25, -43)
(0, -25, -43)
(0, -25, -44)
(1, -25, -45)
(0, -24, -45)
(1, -24, -46)
(0, -23, -45)
(1, -23, -45)
(0, -22, -44)
(0, -22, -43)
(1, -22, -43)
(0, -21, -43)
(1, -21, -43)
(0, -20, -42)
(0, -20, -41)
(0, -20, -40)
(1, -21, -40)
(0, -21, -39)
(1, -22, -40)
(0, -22, -40)
(1, -23, -41)
(1, -23, -42)
(0, -23, -42)
(1, -24, -42)
(1, -24, -41)
(1, -24, -40)
(0, -23, -39)
(1, -23, -39)
(1, -23, -38)
(0, -22, -37)
(0, -22, -36)
(1, -23, -36)
(1, -23, -35)
(1, -23, -34)
(0, -22, -33)
(1, -22, -34)
(0, -21, -33)
(1, -21, -34)
(0, -20, -33)
(1, -20, -33)
(0, -19, -33)
(1, -19, -34)
(1, -19, -35)
(0, -19, -35)
(1, -20, -35)
(0, -20, -35)
(0, -20, -36)
(1, -20, -37)
(1, -20, -38)
(0, -19, -38)
(1, -19, -39)
(1, -19, -40)
(1, -19, -41)
(0, -19, -41)
(0, -19, -42)
(1, -19, -43)
(1, -19, -44)
(0, -19, -44)
(1, -20, -44)
(0, -20, -44)
(1, -21, -45)
(0, -21, -45)
(1, -22, -46)
(0, -22, -46)
(1, -23, -47)
(0, -23, -47)
(0, -23, -48)
(0, -23, -49)
(1, -23, -50)
(0, -22, -50)
(1, -22, -50)
(0, -21, -50)
(1, -21, -50)
(0, -20, -49)
(1, -20, -49)
(0, -19, -49)
(1, -19, -49)
(0, -18, -49)
(1, -18, -49)
(1, -18, -48)
(0, -17, -47)
(0, -17, -46)
(1, -17, -46)
(0, -16, -46)
(1, -16, -47)
(1, -16, -48)
(1, -16, -49)
(0, -15, -49)
(1, -15, -50)
(0, -14, -50)
(1, -14, -50)
(0, -13, -49)
(1, -13, -50)
(0, -12, -50)
(1, -12, -50)
(0, -11, -49)
(0, -11, -48)
(1, -11, -48)
(1, -11, -47)
(1, -11, -46)
(0, -10, -45)
(1, -10, -45)
(1, -10, -44)
(0, -9, -43)
(1, -9, -44)
(1, -9, -45)
(1, -9, -46)
(1, -9, -47)
(0, -9, -47)
(0, -9, -48)
(1, -9, -49)
(0, -8, -49)
(1, -8, -49)
(1, -8, -48)
(0, -7, -47)
(1, -7, -48)
(0, -6, -48)
(1, -6, -48)
(1, -6, -47)
(0, -5, -46)
(1, -5, -47)
(1, -5, -48)
(0, -4, -48)
(0, -4, -49)
(1, -4, -50)
(0, -3, -49)
(0, -3, -48)
(1, -3, -48)
(0, -2, -47)
(0, -2, -46)
(1, -2, -46)
(0, -1, -46)
(1, -1, -47)
(0, 0, -47)
(0, 0, -48)
(0, 0, -49)
(1, 0, -50)
(0, 1, -50)
(1, 1, -50)
(0, 2, -49)
(1, 2, -50)
(0, 3, -49)
(0, 3, -48)
(1, 3, -48)
(0, 4, -47)
(1, 4, -48)
(1, 4, -49)
(1, 4, -50)
(0, 5, -50)
(1, 5, -50)
(0, 6, -50)
(1, 6, -50)
(0, 7, -49)
(0, 7, -48)
(0, 7, -47)
(1, 7, -47)
(0, 8, -47)
(1, 8, -47)
(0, 9, -46)
(0, 9, -45)
(0, 9, -44)
(1, 9, -44)
(0, 10, -44)
(1, 10, -44)
(0, 11, -44)
(1, 11, -45)
(1, 11, -46)
(1, 11, -47)
(0, 12, -47)
(1, 12, -48)
(1, 12, -49)
(1, 12, -50)
(0, 12, -50)
(1, 11, -50)
(1, 11, -49)
(0, 11, -48)
(1, 10, -48)
