(0, -14, 12)
(1, -14, 12)
(0, -13, 12)
(1, -13, 11)
(1, -13, 10)
(0, -13, 10)
(1, -14, 9)
(0, -14, 10)
(1, -15, 9)
(0, -15, 10)
(1, -16, 10)
(0, -16, 10)
(0, -16, 9)
(1, -16, 8)
(1, -16, 7)
(0, -16, 7)
(1, -17, 7)
(0, -17, 8)
(1, -18, 8)
(0, -18, 8)
(1, -19, 8)
(0, -19, 8)
(0, -19, 7)
(1, -19, 6)
(1, -19, 5)
(0, -19, 5)
(0, -19, 4)
(1, -19, 3)
(0, -18, 4)
(1, -18, 4)
(0, -17, 5)
(1, -17, 4)
(1, -17, 3)
(1, -17, 2)
(0, -16, 2)
(0, -16, 1)
(1, -16, 0)
(0, -15, 0)
(1, -15, 0)
(0, -14, 0)
(1, -14, -1)
(0, -13, -1)
(0, -13, -2)
(0, -13, -3)
(1, -14, -4)
(1, -14, -5)
(0, -13, -5)
(1, -13, -5)
(0, -12, -5)
(0, -12, -6)
(1, -13, -7)
(0, -13, -7)
(1, -14, -8)
(1, -14, -9)
(0, -14, -9)
(1, -15, -10)
(0, -15, -10)
(1, -16, -11)
(0, -16, -11)
(1, -17, -11)
(1, -17, -10)
(0, -16, -9)
(0, -16, -8)
(0, -16, -7)
(1, -17, -7)
(0, -17, -6)
(1, -18, -7)
(0, -18, -7)
(1, -19, -8)
(1, -19, -9)
(0, -18, -9)
(0, -18, -10)
(1, -18, -11)
(1, -18, -12)
(0, -17, -12)
(0, -17, -13)
(0, -17, -14)
(1, -17, -15)
(0, -16, -14)
(0, -16, -13)
(1, -16, -13)
(0, -15, -12)
(1, -15, -13)
(0, -14, -12)
(1, -14, -12)
(1, -14, -11)
(0, -13, -10)
(1, -13, -10)
(1, -13, -9)
(0, -12, -8)
(1, -12, -8)
(0, -11, -7)
(1, -11, -8)
(0, -10, -8)
(0, -10, -9)
(1, -10, -10)
(0, -9, -10)
(1, -9, -10)
(0, -8, -10)
(0, -8, -11)
(1, -8, -12)
(1, -8, -13)
(0, -8, -13)
(1, -9, -14)
(0, -9, -13)
(1, -10, -13)
(0, -10, -12)
(1, -11, -13)
(0, -11, -13)
(0, -11, -14)
(1, -12, -15)
(0, -12, -15)
(1, -13, -15)
(1, -13, -14)
(0, -13, -13)
(1, -14, -14)
(0, -14, -14)
(1, -15, -15)
(1, -15, -16)
(0, -15, -16)
(0, -15, -17)
(0, -15, -18)
(1, -15, -19)
(0, -14, -19)
(1, -14, -20)
(1, -14, -21)
(0, -13, -21)
(0, -13, -22)
(1, -14, -23)
(0, -14, -23)
(0, -14, -24)
(0, -14, -25)
(1, -15, -26)
(0, -15, -25)
(1, -16, -26)
(0, -16, -26)
(1, -17, -27)
(1, -17, -28)
(0, -16, -28)
(0, -16, -29)
(1, -17, -30)
(1, -17, -31)
(1, -17, -32)
(0, -17, -32)
(1, -18, -33)
(0, -18, -33)
(1, -19, -33)
(0, -19, -32)
(1, -20, -32)
(0, -20, -32)
(0, -20, -33)
(1, -20, -34)
(1, -20, -35)
(0, -20, -35)
(1, -21, -36)
(0, -21, -35)
(1, -22, -36)
(0, -22, -36)
(1, -23, -37)
(0, -23, -36)
(0, -23, -35)
(1, -24, -35)
(0, -24, -34)
(1, -25, -35)
(0, -25, -34)
(0, -25, -33)
(0, -25, -32)
(0, -25, -31)
(0, -25, -30)
(1, -25, -30)
(1, -25, -29)
(0, -25, -28)
(0, -25, -27)
(1, -25, -27)
(0, -24, -27)
(1, -24, -27)
(0, -23, -27)
(1, -23, -28)
(0, -22, -27)
(1, -22, -27)
(1, -22, -26)
(0, -21, -25)
(1, -21, -26)
(0, -20, -25)
(0, -20, -24)
(1, -21, -24)
(1, -21, -23)
(1, -21, -22)
(0, -20, -21)
(1, -20, -22)
(0, -19, -21)
(1, -19, -22)
(0, -18, -21)
(1, -18, -22)
(1, -18, -23)
(0, -18, -23)
(0, -18, -24)
(1, -18, -25)
(0, -17, -24)
(1, -17, -25)
(0, -16, -24)
(1, -16, -24)
(0, -15, -23)
(0, -15, -22)
(1, -15, -22)
(1, -15, -21)
(0, -15, -20)
(1, -16, -20)
(0, -16, -20)
(1, -17, -21)
(0, -17, -20)
(1, -18, -20)
(0, -18, -19)
(1, -19, -20)
(0, -19, -19)
(1, -20, -20)
(0, -20, -19)
(1, -21, -19)
(0, -21, -19)
(0, -21, -20)
(1, -22, -21)
(0, -22, -20)
(1, -23, -20)
(1, -23, -19)
(0, -22, -18)
(1, -22, -18)
(1, -22, -17)
(1, -22, -16)
(0, -21, -15)
(1, -21, -16)
(0, -20, -16)
(1, -20, -17)
(0, -19, -17)
(1, -19, -17)
(1, -19, -16)
(1, -19, -15)
(1, -19, -14)
(0, -19, -13)
(1, -20, -13)
(1, -20, -12)
(0, -19, -11)
(0, -19, -10)
(1, -20, -10)
(0, -20, -9)
(1, -21, -9)
(1, -21, -8)
(1, -21, -7)
(0, -21, -6)
(0, -21, -5)
(1, -21, -5)
(1, -21, -4)
(0, -20, -3)
(0, -20, -2)
(1, -21, -2)
(0, -21, -2)
(1, -22, -3)
(0, -22, -2)
(0, -22, -1)
(1, -23, -1)
(0, -23, -1)
(1, -24, -2)
(1, -24, -3)
(0, -23, -3)
(0, -23, -4)
(0, -23, -5)
(0, -23, -6)
(1, -24, -7)
(1, -24, -8)
(1, -24, -9)
(0, -24, -9)
(0, -24, -10)
(1, -25, -11)
(0, -25, -10)
(0, -25, -9)
(0, -25, -8)
(1, -25, -8)
(1, -25, -7)
(0, -25, -6)
(0, -25, -5)
(1, -25, -5)
(1, -25, -4)
(0, -25, -3)
(0, -25, -2)
(1, -25, -2)
(1, -25, -1)
(0, -25, 0)
(0, -25, 1)
(0, -25, 2)
(1, -25, 2)
(1, -25, 3)
(1, -25, 4)
(0, -25, 5)
(0, -25, 6)
(0, -25, 7)
(1, -25, 7)
(1, -25, 8)
(1, -25, 9)
(0, -25, 10)
(0, -25, 11)
(0, -25, 12)
(0, -25, 13)
(1, -25, 13)
(1, -25, 14)
(1, -25, 15)
(0, -24, 16)
(0, -24, 17)
(1, -25, 17)
(0, -25, 18)
(0, -25, 19)
(0, -25, 20)
(0, -25, 21)
(1, -25, 21)
(0, -24, 21)
(1, -24, 20)
(1, -24, 19)
(0, -23, 19)
(1, -23, 19)
(0, -22, 20)
(0, -22, 21)
(0, -22, 22)
(1, -22, 22)
(0, -21, 23)
(1, -21, 22)
(0, -20, 23)
(1, -20, 22)
(1, -20, 21)
(0, -20, 21)
(1, -21, 20)
(1, -21, 19)
(1, -21, 18)
(0, -20, 18)
(1, -20, 18)
(0, -19, 19)
(0, -19, 20)
(1, -19, 20)
(0, -18, 20)
(1, -18, 20)
(1, -18, 21)
(0, -17, 22)
(1, -17, 22)
(1, -17, 23)
(0, -17, 24)
(1, -18, 24)
(0, -18, 25)
(1, -19, 25)
(1, -19, 26)
(0, -19, 27)
(1, -20, 26)
(0, -20, 27)
(1, -21, 27)
(0, -21, 27)
(0, -21, 26)
(0, -21, 25)
(1, -22, 24)
(0, -22, 24)
(1, -23, 24)
(1, -23, 25)
(0, -23, 26)
(1, -24, 26)
(0, -24, 26)
(1, -25, 26)
(0, -25, 27)
(0, -25, 28)
(0, -25, 29)
(1, -25, 29)
(0, -24, 29)
(1, -24, 28)
(0, -23, 29)
(1, -23, 29)
(1, -23, 30)
(1, -23, 31)
(1, -23, 32)
(0, -23, 33)
(0, -23, 34)
(1, -23, 34)
(1, -23, 35)
(0, -22, 36)
(0, -22, 37)
(1, -23, 37)
(0, -23, 37)
(1, -24, 36)
(0, -24, 36)
(1, -25, 35)
(0, -25, 36)
(0, -25, 37)
(1, -25, 37)
(0, -24, 38)
(1, -24, 38)
(0, -23, 39)
(1, -23, 39)
(0, -22, 39)
(1, -22, 38)
(0, -21, 39)
(1, -21, 38)
(1, -21, 37)
(0, -21, 37)
(0, -21, 36)
(0, -21, 35)
(0, -21, 34)
(0, -21, 33)
(1, -22, 32)
(1, -22, 31)
(0, -21, 31)
(1, -21, 30)
(1, -21, 29)
(0, -20, 29)
(1, -20, 29)
(0, -19, 30)
(0, -19, 31)
(1, -20, 31)
(1, -20, 32)
(0, -19, 33)
(0, -19, 34)
(1, -19, 34)
(0, -18, 34)
(0, -18, 33)
(1, -18, 32)
(1, -18, 31)
(0, -17, 31)
(1, -17, 30)
(0, -16, 31)
(1, -16, 30)
(0, -15, 31)
(0, -15, 32)
(1, -15, 32)
(0, -14, 32)
(1, -14, 31)
(1, -14, 30)
(0, -14, 30)
(0, -14, 29)
(1, -15, 28)
(1, -15, 27)
(1, -15, 26)
(0, -14, 26)
(1, -14, 25)
(0, -13, 25)
(1, -13, 25)
(0, -12, 25)
(1, -12, 25)
(1, -12, 26)
(0, -11, 27)
(0, -11, 28)
(0, -11, 29)
(1, -11, 29)
(1, -11, 30)
(0, -10, 31)
(0, -10, 32)
(0, -10, 33)
(1, -11, 33)
(0, -11, 34)
(0, -11, 35)
(1, -11, 35)
(0, -10, 35)
(1, -10, 35)
(0, -9, 35)
(1, -9, 34)
(1, -9, 33)
(0, -9, 33)
(0, -9, 32)
(0, -9, 31)
(1, -9, 30)
(0, -8, 31)
(1, -8, 30)
(1, -8, 29)
(1, -8, 28)
(1, -8, 27)
(1, -8, 26)
(0, -8, 26)
(0, -8, 25)
(1, -9, 24)
(0, -9, 24)
(0, -9, 23)
(1, -10, 22)
(1, -10, 21)
(0, -9, 21)
(1, -9, 21)
(0, -8, 22)
(1, -8, 22)
(0, -7, 22)
(1, -7, 21)
(1, -7, 20)
(0, -6, 20)
(1, -6, 20)
(1, -6, 21)
(1, -6, 22)
(0, -5, 23)
(1, -5, 22)
(1, -5, 21)
(1, -5, 20)
(0, -4, 20)
(1, -4, 20)
(0, -3, 20)
(1, -3, 19)
(0, -2, 20)
(1, -2, 20)
(1, -2, 21)
(0, -1, 22)
(1, -1, 21)
(0, 0, 21)
(1, 0, 21)
(0, 1, 22)
(1, 1, 21)
(1, 1, 20)
(0, 1, 20)
(0, 1, 19)
(1, 0, 18)
(0, 0, 18)
(1, -1, 17)
(0, -1, 18)
(1, -2, 18)
(0, -2, 18)
(1, -3, 17)
(1, -3, 16)
(0, -2, 16)
(0, -2, 15)
(1, -3, 14)
(1, -3, 13)
(0, -2, 13)
(0, -2, 12)
(1, -2, 11)
(0, -1, 12)
(0, -1, 13)
(0, -1, 14)
(1, -1, 14)
(0, 0, 15)
(1, 0, 14)
(0, 1, 14)
(1, 1, 13)
(1, 1, 12)
(1, 1, 11)
(0, 1, 11)
(1, 0, 10)
(0, 0, 11)
(1, -1, 10)
(0, -1, 10)
(1, -2, 9)
(0, -2, 10)
(1, -3, 9)
(1, -3, 8)
(0, -2, 8)
(1, -2, 7)
(1, -2, 6)
(1, -2, 5)
(0, -1, 5)
(1, -1, 5)
(0, 0, 6)
(1, 0, 5)
(0, 1, 5)
(1, 1, 5)
(1, 1, 6)
(0, 1, 7)
(0, 1, 8)
(1, 1, 8)
(1, 1, 9)
(0, 2, 10)
(1, 2, 9)
(0, 3, 10)
(1, 3, 9)
(0, 4, 10)
(1, 4, 10)
(0, 5, 11)
(0, 5, 12)
(0, 5, 13)
(1, 5, 13)
(0, 6, 14)
(1, 6, 14)
(0, 7, 15)
(0, 7, 16)
(1, 6, 16)
(0, 6, 16)
(1, 5, 15)
(0, 5, 16)
(0, 5, 17)
(1, 5, 17)
(1, 5, 18)
(1, 5, 19)
(0, 5, 20)
(0, 5, 21)
(1, 5, 21)
(0, 6, 22)
(1, 6, 21)
(1, 6, 20)
(1, 6, 19)
(1, 6, 18)
(0, 7, 18)
(1, 7, 18)
(1, 7, 19)
(1, 7, 20)
(0, 8, 21)
(0, 8, 22)
(1, 8, 22)
(1, 8, 23)
(0, 9, 24)
(0, 9, 25)
(0, 9, 26)
(1, 9, 26)
(1, 9, 27)
(0, 10, 28)
(1, 10, 27)
(1, 10, 26)
(0, 11, 26)
(0, 11, 25)
(0, 11, 24)
(0, 11, 23)
(1, 11, 22)
(0, 12, 23)
(1, 12, 22)
(0, 13, 22)
(1, 13, 21)
(0, 14, 22)
(1, 14, 22)
(1, 14, 23)
(0, 14, 24)
(1, 13, 23)
(0, 13, 24)
(0, 13, 25)
(0, 13, 26)
(0, 13, 27)
(1, 13, 27)
(0, 14, 27)
(1, 14, 27)
(0, 15, 28)
(1, 15, 28)
(0, 16, 29)
(1, 16, 28)
(1, 16, 27)
(0, 17, 27)
(1, 17, 26)
(1, 17, 25)
(0, 17, 25)
(1, 16, 25)
(0, 16, 26)
(1, 15, 26)
(0, 15, 26)
(0, 15, 25)
(1, 15, 24)
(0, 16, 24)
(1, 16, 23)
(0, 17, 23)
(1, 17, 23)
(0, 18, 24)
(1, 18, 24)
(0, 19, 24)
(1, 19, 23)
(1, 19, 22)
(0, 19, 22)
(1, 18, 21)
(1, 18, 20)
(0, 19, 20)
(0, 19, 19)
(1, 18, 18)
(1, 18, 17)
(0, 18, 17)
(1, 17, 17)
(0, 17, 18)
(1, 16, 17)
(0, 16, 17)
(1, 15, 17)
(1, 15, 18)
(0, 16, 19)
(1, 16, 19)
(0, 17, 20)
(0, 17, 21)
(1, 16, 21)
(0, 16, 21)
(1, 15, 21)
(0, 15, 21)
(1, 14, 20)
(0, 14, 20)
(1, 13, 19)
(0, 13, 20)
(1, 12, 20)
(0, 12, 21)
(1, 11, 20)
(1, 11, 19)
(0, 11, 19)
(1, 10, 18)
(1, 10, 17)
(0, 10, 17)
(1, 9, 17)
(0, 9, 17)
(1, 8, 17)
(0, 8, 17)
(0, 8, 16)
(1, 8, 15)
(1, 8, 14)
(0, 9, 14)
(1, 9, 13)
(1, 9, 12)
(0, 9, 12)
(1, 8, 12)
(0, 8, 12)
(1, 7, 11)
(0, 7, 12)
(1, 6, 12)
(0, 6, 12)
(0, 6, 11)
(0, 6, 10)
(0, 6, 9)
(1, 5, 8)
(0, 5, 9)
(1, 4, 8)
(0, 4, 8)
(0, 4, 7)
(1, 4, 6)
(0, 5, 6)
(1, 5, 6)
(0, 6, 7)
(1, 6, 7)
(0, 7, 8)
(1, 7, 7)
(1, 7, 6)
(0, 8, 6)
(1, 8, 6)
(1, 8, 7)
(0, 9, 8)
(1, 9, 8)
(1, 9, 9)
(0, 10, 10)
(1, 10, 9)
(0, 11, 10)
(0, 11, 11)
(0, 11, 12)
(1, 11, 12)
(1, 11, 13)
(0, 11, 14)
(0, 11, 15)
(0, 11, 16)
(1, 11, 16)
(1, 11, 17)
(0, 12, 18)
(1, 12, 17)
(0, 13, 17)
(0, 13, 16)
(1, 13, 15)
(0, 14, 15)
(1, 14, 15)
(0, 15, 16)
(1, 15, 15)
(0, 16, 15)
(0, 16, 14)
(1, 16, 13)
(1, 16, 12)
(1, 16, 11)
(0, 16, 11)
(1, 15, 11)
(0, 15, 11)
(1, 14, 10)
(0, 14, 11)
(0, 14, 12)
(1, 13, 12)
(0, 13, 13)
(1, 12, 12)
(1, 12, 11)
(0, 12, 11)
(0, 12, 10)
(0, 12, 9)
(1, 11, 8)
(1, 11, 7)
(1, 11, 6)
(0, 11, 6)
(1, 10, 5)
(1, 10, 4)
(0, 10, 4)
(1, 9, 4)
(0, 9, 4)
(1, 8, 4)
(0, 8, 4)
(1, 7, 4)
(0, 7, 4)
(1, 6, 3)
(1, 6, 2)
(0, 6, 2)
(0, 6, 1)
(0, 6, 0)
(1, 5, -1)
(1, 5, -2)
(0, 5, -2)
(1, 4, -2)
(0, 4, -2)
(1, 3, -3)
(1, 3, -4)
(0, 4, -4)
(1, 4, -4)
(0, 5, -4)
(1, 5, -5)
(0, 6, -4)
(1, 6, -4)
(0, 7, -4)
(1, 7, -4)
(0, 8, -4)
(1, 8, -5)
(1, 8, -6)
(0, 9, -6)
(0, 9, -7)
(1, 8, -8)
(0, 8, -7)
(1, 7, -8)
(1, 7, -9)
(0, 8, -9)
(1, 8, -10)
(0, 9, -10)
(1, 9, -10)
(1, 9, -9)
(0, 10, -8)
(0, 10, -7)
(0, 10, -6)
(1, 10, -6)
(0, 11, -5)
(0, 11, -4)
(0, 11, -3)
(0, 11, -2)
(1, 10, -2)
(0, 10, -2)
(1, 9, -3)
(0, 9, -2)
(0, 9, -1)
(1, 9, -1)
(0, 10, 0)
(1, 10, 0)
(1, 10, 1)
(1, 10, 2)
(0, 11, 3)
(1, 11, 2)
(1, 11, 1)
(0, 12, 1)
(1, 12, 1)
(0, 13, 1)
(1, 13, 0)
(0, 14, 1)
(0, 14, 2)
(1, 13, 2)
(0, 13, 3)
(1, 12, 3)
(1, 12, 4)
(0, 13, 5)
(0, 13, 6)
(1, 13, 6)
(0, 14, 6)
(1, 14, 6)
(0, 15, 7)
(1, 15, 7)
(0, 16, 7)
(0, 16, 6)
(1, 15, 5)
(1, 15, 4)
(1, 15, 3)
(0, 16, 3)
(0, 16, 2)
(0, 16, 1)
(1, 15, 0)
(0, 15, 0)
(0, 15, -1)
(1, 14, -2)
(0, 14, -2)
(1, 13, -2)
(0, 13, -1)
(1, 12, -2)
(0, 12, -2)
(0, 12, -3)
(0, 12, -4)
(1, 12, -5)
(0, 13, -4)
(1, 13, -5)
(1, 13, -6)
(1, 13, -7)
(0, 13, -7)
(1, 12, -7)
(0, 12, -7)
(1, 11, -7)
(0, 11, -7)
(0, 11, -8)
(0, 11, -9)
(0, 11, -10)
(0, 11, -11)
(1, 10, -12)
(1, 10, -13)
(1, 10, -14)
(1, 10, -15)
(0, 10, -15)
(0, 10, -16)
(0, 10, -17)
(1, 10, -18)
(0, 11, -18)
(0, 11, -19)
(1, 11, -20)
(0, 12, -19)
(1, 12, -19)
(1, 12, -18)
(0, 13, -17)
(0, 13, -16)
(1, 13, -16)
(1, 13, -15)
(0, 14, -14)
(0, 14, -13)
(1, 14, -13)
(0, 15, -13)
(0, 15, -14)
(1, 15, -15)
(1, 15, -16)
(1, 15, -17)
(0, 15, -17)
(0, 15, -18)
(1, 14, -19)
(0, 14, -18)
(1, 13, -19)
(1, 13, -20)
(0, 14, -20)
(0, 14, -21)
(1, 13, -22)
(0, 13, -22)
(1, 12, -22)
(0, 12, -22)
(1, 11, -23)
(0, 11, -23)
(1, 10, -24)
(0, 10, -24)
(1, 9, -24)
(0, 9, -24)
(0, 9, -25)
(1, 9, -26)
(1, 9, -27)
(0, 10, -27)
(0, 10, -28)
(1, 10, -29)
(0, 11, -29)
(0, 11, -30)
(0, 11, -31)
(1, 10, -32)
(0, 10, -31)
(1, 9, -32)
(1, 9, -33)
(0, 10, -33)
(1, 10, -34)
(1, 10, -35)
(0, 11, -35)
(1, 11, -35)
(0, 12, -35)
(0, 12, -36)
(1, 12, -37)
(0, 13, -37)
(0, 13, -38)
(1, 12, -39)
(1, 12, -40)
(0, 12, -40)
(1, 11, -40)
(0, 11, -40)
(1, 10, -41)
(0, 10, -40)
(1, 9, -40)
(1, 9, -39)
(0, 9, -38)
(0, 9, -37)
(0, 9, -36)
(1, 8, -36)
(0, 8, -36)
(1, 7, -37)
(1, 7, -38)
(1, 7, -39)
(0, 8, -39)
(1, 8, -40)
(1, 8, -41)
(0, 8, -41)
