(1, -83, -2)
(0, -83, -1)
(1, -84, -2)
(1, -84, -3)
(1, -84, -4)
(1, -84, -5)
(0, -83, -5)
(0, -83, -6)
(1, -84, -7)
(0, -84, -7)
(1, -85, -7)
(0, -85, -6)
(0, -85, -5)
(0, -85, -4)
(1, -85, -4)
(1, -85, -3)
(1, -85, -2)
(1, -85, -1)
(1, -85, 0)
(0, -84, 1)
(1, -84, 1)
(0, -83, 1)
(1, -83, 1)
(1, -83, 2)
(0, -83, 3)
(1, -84, 3)
(0, -84, 4)
(0, -84, 5)
(1, -85, 5)
(0, -85, 5)
(1, -86, 5)
(0, -86, 5)
(0, -86, 4)
(0, -86, 3)
(1, -87, 2)
(1, -87, 1)
(0, -87, 1)
(0, -87, 0)
(1, -88, -1)
(0, -88, 0)
(1, -89, -1)
(0, -89, 0)
(0, -89, 1)
(0, -89, 2)
(0, -89, 3)
(1, -90, 3)
(1, -90, 4)
(1, -90, 5)
(0, -90, 6)
(1, -91, 5)
(0, -91, 5)
(1, -92, 4)
(0, -92, 5)
(1, -93, 4)
(1, -93, 3)
(0, -93, 3)
(1, -94, 2)
(0, -94, 2)
(1, -95, 1)
(0, -95, 1)
(0, -95, 0)
(1, -96, -1)
(0, -96, -1)
(0, -96, -2)
(1, -97, -3)
(1, -97, -4)
(1, -97, -5)
(0, -97, -5)
(1, -98, -6)
(0, -98, -5)
(1, -99, -6)
(1, -99, -7)
(0, -98, -7)
(0, -98, -8)
(1, -98, -9)
(1, -98, -10)
(0, -97, -10)
(1, -97, -10)
(1, -97, -9)
(1, -97, -8)
(1, -97, -7)
(0, -96, -6)
(1, -96, -6)
(0, -95, -6)
(0, -95, -7)
(1, -96, -8)
(1, -96, -9)
(1, -96, -10)
(1, -96, -11)
(0, -96, -11)
(0, -96, -12)
(1, -96, -13)
(0, -95, -12)
(1, -95, -12)
(0, -94, -12)
(0, -94, -13)
(1, -94, -14)
(0, -93, -13)
(1, -93, -14)
(0, -92, -14)
(1, -92, -14)
(0, -91, -14)
(0, -91, -15)
(0, -91, -16)
(1, -92, -17)
(0, -92, -17)
(0, -92, -18)
(1, -93, -19)
(1, -93, -20)
(0, -93, -20)
(1, -94, -21)
(1, -94, -22)
(0, -93, -22)
(0, -93, -23)
(1, -93, -24)
(1, -93, -25)
(0, -92, -25)
(1, -92, -25)
(0, -91, -25)
(0, -91, -26)
(1, -92, -27)
(0, -92, -27)
(0, -92, -28)
(1, -92, -29)
(0, -91, -29)
(1, -91, -29)
(0, -90, -28)
(0, -90, -27)
(0, -90, -26)
(0, -90, -25)
(1, -90, -25)
(0, -89, -24)
(0, -89, -23)
(1, -89, -23)
(0, -88, -23)
(1, -88, -24)
(0, -87, -23)
(1, -87, -23)
(0, -86, -22)
(1, -86, -23)
(0, -85, -22)
(0, -85, -21)
(0, -85, -20)
(1, -86, -20)
(0, -86, -19)
(1, -87, -19)
(0, -87, -18)
(0, -87, -17)
(1, -87, -17)
(1, -87, -16)
(0, -87, -15)
(1, -88, -16)
(0, -88, -15)
(1, -89, -15)
(1, -89, -14)
(1, -89, -13)
(0, -88, -12)
(0, -88, -11)
(0, -88, -10)
(1, -89, -10)
(0, -89, -10)
(1, -90, -10)
(1, -90, -9)
(0, -89, -8)
(1, -89, -8)
(0, -88, -8)
(1, -88, -9)
(0, -87, -9)
(0, -87, -10)
(1, -87, -11)
(0, -86, -10)
(1, -86, -11)
(0, -85, -10)
(1, -85, -10)
(0, -84, -9)
(1, -84, -10)
(0, -83, -10)
(0, -83, -11)
(1, -83, -12)
(0, -82, -11)
(0, -82, -10)
(0, -82, -9)
(0, -82, -8)
(1, -82, -8)
(0, -81, -7)
(1, -81, -8)
(0, -80, -7)
(1, -80, -8)
(0, -79, -7)
(0, -79, -6)
(0, -79, -5)
(0, -79, -4)
(1, -80, -4)
(0, -80, -3)
(1, -81, -3)
(0, -81, -3)
(1, -82, -3)
(1, -82, -2)
(0, -81, -1)
(0, -81, 0)
(0, -81, 1)
(1, -81, 1)
(0, -80, 1)
(1, -80, 0)
(1, -80, -1)
(0, -79, -1)
(1, -79, -2)
(0, -78, -1)
(1, -78, -1)
(0, -77, 0)
(0, -77, 1)
(1, -78, 1)
(1, -78, 2)
(0, -78, 3)
(1, -79, 3)
(0, -79, 3)
(1, -80, 3)
(0, -80, 4)
(1, -81, 4)
(0, -81, 4)
(1, -82, 4)
(1, -82, 5)
(0, -81, 6)
(1, -81, 6)
(1, -81, 7)
(0, -81, 8)
(1, -82, 8)
(0, -82, 9)
(1, -83, 8)
(1, -83, 7)
(0, -83, 7)
(1, -84, 7)
(1, -84, 8)
(0, -84, 9)
(1, -85, 9)
(1, -85, 10)
(0, -85, 11)
(1, -86, 10)
(1, -86, 9)
(0, -86, 9)
(1, -87, 9)
(1, -87, 10)
(1, -87, 11)
(1, -87, 12)
(1, -87, 13)
(0, -86, 14)
(1, -86, 14)
(0, -85, 15)
(1, -85, 14)
(0, -84, 14)
(1, -84, 14)
(0, -83, 15)
(1, -83, 14)
(0, -82, 15)
(1, -82, 15)
(1, -82, 16)
(1, -82, 17)
(0, -81, 18)
(0, -81, 19)
(1, -82, 19)
(0, -82, 20)
(1, -83, 19)
(0, -83, 19)
(0, -83, 18)
(1, -84, 17)
(0, -84, 18)
(0, -84, 19)
(0, -84, 20)
(1, -84, 20)
(0, -83, 21)
(0, -83, 22)
(1, -83, 22)
(0, -82, 22)
(1, -82, 21)
(0, -81, 21)
(1, -81, 21)
(0, -80, 22)
(1, -80, 21)
(1, -80, 20)
(0, -80, 20)
(0, -80, 19)
(1, -80, 18)
(1, -80, 17)
(0, -79, 17)
(1, -79, 17)
(1, -79, 18)
(1, -79, 19)
(1, -79, 20)
(1, -79, 21)
(1, -79, 22)
(0, -79, 23)
(0, -79, 24)
(1, -79, 24)
(1, -79, 25)
(1, -79, 26)
(0, -78, 27)
(1, -78, 26)
(1, -78, 25)
(1, -78, 24)
(1, -78, 23)
(1, -78, 22)
(0, -77, 22)
(1, -77, 21)
(0, -76, 22)
(1, -76, 21)
(0, -75, 22)
(1, -75, 21)
(1, -75, 20)
(1, -75, 19)
(1, -75, 18)
(0, -75, 18)
(1, -76, 18)
(0, -76, 19)
(1, -77, 18)
(0, -77, 18)
(1, -78, 17)
(1, -78, 16)
(1, -78, 15)
(1, -78, 14)
(1, -78, 13)
(1, -78, 12)
(0, -77, 12)
(0, -77, 11)
(1, -77, 10)
(0, -76, 11)
(1, -76, 10)
(0, -75, 10)
(0, -75, 9)
(1, -76, 8)
(0, -76, 9)
(1, -77, 8)
(0, -77, 9)
(1, -78, 9)
(0, -78, 9)
(0, -78, 8)
(1, -78, 7)
(0, -77, 7)
(1, -77, 6)
(0, -76, 6)
(1, -76, 5)
(0, -75, 5)
(1, -75, 4)
(0, -74, 4)
(1, -74, 3)
(0, -73, 3)
(1, -73, 3)
(0, -72, 3)
(1, -72, 2)
(1, -72, 1)
(0, -72, 1)
(0, -72, 0)
(1, -73, -1)
(0, -73, -1)
(1, -74, -2)
(0, -74, -1)
(1, -75, -1)
(0, -75, -1)
(1, -76, -2)
(1, -76, -3)
(0, -76, -3)
(1, -77, -3)
(0, -77, -3)
(0, -77, -4)
(1, -78, -5)
(0, -78, -5)
(0, -78, -6)
(0, -78, -7)
(0, -78, -8)
(1, -78, -9)
(1, -78, -10)
(1, -78, -11)
(0, -77, -11)
(0, -77, -12)
(1, -77, -13)
(0, -76, -13)
(1, -76, -14)
(0, -75, -14)
(0, -75, -15)
(1, -76, -16)
(0, -76, -16)
(1, -77, -17)
(1, -77, -18)
(0, -76, -18)
(1, -76, -19)
(0, -75, -18)
(1, -75, -19)
(1, -75, -20)
(0, -75, -20)
(1, -76, -21)
(1, -76, -22)
(0, -76, -22)
(0, -76, -23)
(1, -77, -24)
(1, -77, -25)
(0, -76, -25)
(0, -76, -26)
(1, -76, -27)
(0, -75, -26)
(1, -75, -26)
(0, -74, -25)
(1, -74, -25)
(0, -73, -24)
(0, -73, -23)
(0, -73, -22)
(1, -73, -22)
(1, -73, -21)
(0, -73, -20)
(1, -74, -20)
(1, -74, -19)
(1, -74, -18)
(0, -73, -17)
(1, -73, -17)
(0, -72, -17)
(1, -72, -18)
(1, -72, -19)
(0, -71, -19)
(0, -71, -20)
(1, -71, -21)
(1, -71, -22)
(0, -70, -22)
(1, -70, -23)
(0, -69, -22)
(0, -69, -21)
(1, -70, -21)
(1, -70, -20)
(0, -69, -19)
(0, -69, -18)
(1, -70, -18)
(1, -70, -17)
(1, -70, -16)
(0, -70, -15)
(1, -71, -15)
(0, -71, -14)
(0, -71, -13)
(1, -72, -13)
(1, -72, -12)
(0, -72, -11)
(1, -73, -11)
(0, -73, -11)
(1, -74, -11)
(1, -74, -10)
(1, -74, -9)
(0, -73, -8)
(0, -73, -7)
(0, -73, -6)
(1, -74, -6)
(1, -74, -5)
(1, -74, -4)
(0, -73, -3)
(1, -73, -4)
(0, -72, -4)
(1, -72, -4)
(0, -71, -4)
(1, -71, -5)
(0, -70, -5)
(1, -70, -5)
(1, -70, -4)
(1, -70, -3)
(0, -69, -2)
(0, -69, -1)
(0, -69, 0)
(1, -70, 0)
(1, -70, 1)
(0, -69, 2)
(1, -69, 1)
(0, -68, 2)
(0, -68, 3)
(1, -69, 3)
(1, -69, 4)
(0, -68, 5)
(0, -68, 6)
(0, -68, 7)
(1, -68, 7)
(0, -67, 7)
(1, -67, 6)
(0, -66, 7)
(1, -66, 6)
(1, -66, 5)
(0, -65, 5)
(1, -65, 5)
(0, -64, 5)
(1, -64, 5)
(0, -63, 5)
(1, -63, 4)
(0, -62, 4)
(1, -62, 3)
(0, -61, 3)
(1, -61, 3)
(0, -60, 4)
(0, -60, 5)
(1, -60, 5)
(1, -60, 6)
(1, -60, 7)
(0, -60, 8)
(0, -60, 9)
(1, -60, 9)
(1, -60, 10)
(0, -60, 11)
(0, -60, 12)
(1, -60, 12)
(0, -59, 13)
(1, -59, 12)
(1, -59, 11)
(1, -59, 10)
(0, -58, 10)
(1, -58, 9)
(0, -57, 9)
(1, -57, 9)
(0, -56, 9)
(1, -56, 9)
(0, -55, 10)
(0, -55, 11)
(1, -56, 11)
(0, -56, 11)
(1, -57, 11)
(0, -57, 12)
(0, -57, 13)
(1, -58, 13)
(1, -58, 14)
(0, -57, 15)
(0, -57, 16)
(1, -57, 16)
(0, -56, 17)
(1, -56, 16)
(0, -55, 17)
(0, -55, 18)
(1, -55, 18)
(1, -55, 19)
(0, -55, 20)
(1, -56, 19)
(0, -56, 19)
(1, -57, 18)
(0, -57, 18)
(1, -58, 17)
(0, -58, 17)
(0, -58, 16)
(1, -59, 15)
(0, -59, 16)
(1, -60, 15)
(1, -60, 14)
(0, -60, 14)
(1, -61, 14)
(0, -61, 15)
(0, -61, 16)
(1, -61, 16)
(0, -60, 17)
(0, -60, 18)
(1, -61, 18)
(0, -61, 19)
(0, -61, 20)
(0, -61, 21)
(1, -62, 21)
(0, -62, 21)
(0, -62, 20)
(1, -63, 19)
(1, -63, 18)
(0, -63, 18)
(0, -63, 17)
(1, -63, 16)
(0, -62, 16)
(0, -62, 15)
(1, -63, 14)
(0, -63, 14)
(1, -64, 14)
(0, -64, 14)
(1, -65, 13)
(0, -65, 13)
(1, -66, 12)
(1, -66, 11)
(1, -66, 10)
(0, -66, 10)
(1, -67, 10)
(1, -67, 11)
(1, -67, 12)
(0, -67, 13)
(0, -67, 14)
(1, -68, 14)
(0, -68, 14)
(1, -69, 14)
(1, -69, 15)
(0, -69, 16)
(0, -69, 17)
(1, -70, 17)
(1, -70, 18)
(1, -70, 19)
(1, -70, 20)
(0, -70, 21)
(0, -70, 22)
(1, -70, 22)
(1, -70, 23)
(0, -70, 24)
(0, -70, 25)
(0, -70, 26)
(0, -70, 27)
(1, -70, 27)
(1, -70, 28)
(1, -70, 29)
(0, -69, 30)
(1, -69, 29)
(0, -68, 29)
(1, -68, 29)
(1, -68, 30)
(0, -68, 31)
(1, -69, 31)
(1, -69, 32)
(1, -69, 33)
(0, -68, 34)
(1, -68, 34)
(1, -68, 35)
(0, -67, 36)
(1, -67, 35)
(0, -66, 35)
(1, -66, 35)
(0, -65, 35)
(1, -65, 35)
(0, -64, 35)
(1, -64, 34)
(0, -63, 34)
(1, -63, 34)
(0, -62, 35)
(1, -62, 35)
(1, -62, 36)
(0, -62, 37)
(1, -63, 36)
(0, -63, 36)
(1, -64, 36)
(0, -64, 37)
(0, -64, 38)
(1, -65, 38)
(1, -65, 39)
(0, -65, 40)
(0, -65, 41)
(1, -65, 41)
(0, -64, 42)
(1, -64, 42)
(1, -64, 43)
(0, -63, 44)
(1, -63, 43)
(0, -62, 44)
(0, -62, 45)
(1, -62, 45)
(0, -61, 45)
(0, -61, 44)
(0, -61, 43)
(1, -62, 42)
(1, -62, 41)
(0, -61, 41)
(0, -61, 40)
(1, -61, 39)
(0, -60, 39)
(0, -60, 38)
(1, -60, 37)
(1, -60, 36)
(1, -60, 35)
(0, -59, 35)
(1, -59, 34)
(1, -59, 33)
(0, -59, 33)
(1, -60, 33)
(0, -60, 33)
(1, -61, 33)
(0, -61, 34)
(1, -62, 33)
(0, -62, 33)
(1, -63, 32)
(0, -63, 32)
(1, -64, 31)
(0, -64, 31)
(0, -64, 30)
(1, -64, 29)
(0, -63, 29)
(0, -63, 28)
(0, -63, 27)
(1, -63, 26)
(0, -62, 27)
(1, -62, 27)
(0, -61, 27)
(0, -61, 26)
(1, -61, 25)
(1, -61, 24)
(1, -61, 23)
(1, -61, 22)
(0, -60, 22)
(0, -60, 21)
(0, -60, 20)
(1, -60, 19)
(0, -59, 20)
(1, -59, 20)
(0, -58, 21)
(1, -58, 21)
(1, -58, 22)
(1, -58, 23)
(1, -58, 24)
(0, -58, 25)
(0, -58, 26)
(0, -58, 27)
(1, -59, 27)
(0, -59, 28)
(1, -60, 28)
(0, -60, 29)
(0, -60, 30)
(1, -60, 30)
(0, -59, 31)
(1, -59, 30)
(1, -59, 29)
(0, -58, 29)
(1, -58, 29)
(1, -58, 30)
(1, -58, 31)
(0, -57, 32)
(0, -57, 33)
(1, -58, 33)
(1, -58, 34)
(1, -58, 35)
(0, -57, 36)
(0, -57, 37)
(1, -57, 37)
(1, -57, 38)
(0, -56, 39)
(1, -56, 38)
(1, -56, 37)
(1, -56, 36)
(0, -55, 36)
(1, -55, 35)
(0, -54, 35)
(0, -54, 34)
(1, -54, 33)
(1, -54, 32)
(1, -54, 31)
(0, -53, 31)
(0, -53, 30)
(1, -53, 29)
(0, -52, 29)
(1, -52, 28)
(0, -51, 29)
(1, -51, 28)
(1, -51, 27)
(0, -51, 27)
(0, -51, 26)
(0, -51, 25)
(1, -52, 24)
(0, -52, 25)
(0, -52, 26)
(0, -52, 27)
(1, -53, 27)
(0, -53, 27)
(1, -54, 27)
(0, -54, 27)
(1, -55, 27)
(0, -55, 27)
(0, -55, 26)
(1, -56, 25)
(1, -56, 24)
(0, -56, 24)
(1, -57, 23)
(1, -57, 22)
(0, -56, 22)
(1, -56, 22)
(0, -55, 23)
(1, -55, 22)
(0, -54, 22)
(1, -54, 22)
(0, -53, 23)
(1, -53, 22)
(1, -53, 21)
(0, -53, 21)
(0, -53, 20)
(1, -53, 19)
(0, -52, 20)
(1, -52, 19)
(0, -51, 20)
(0, -51, 21)
(0, -51, 22)
(0, -51, 23)
(1, -51, 23)
(0, -50, 24)
(1, -50, 23)
(0, -49, 24)
(0, -49, 25)
(0, -49, 26)
(0, -49, 27)
(1, -49, 27)
(0, -48, 27)
(1, -48, 27)
(1, -48, 28)
(1, -48, 29)
(0, -48, 30)
(1, -49, 29)
(0, -49, 29)
(1, -50, 29)
(1, -50, 30)
(1, -50, 31)
(0, -50, 32)
(1, -51, 31)
(0, -51, 31)
(1, -52, 30)
(0, -52, 31)
(0, -52, 32)
(1, -53, 32)
(1, -53, 33)
(1, -53, 34)
(0, -53, 35)
(0, -53, 36)
(0, -53, 37)
(1, -54, 37)
(0, -54, 38)
(0, -54, 39)
(1, -55, 39)
(1, -55, 40)
(0, -54, 41)
(1, -54, 40)
(0, -53, 41)
(1, -53, 41)
(0, -52, 41)
(1, -52, 41)
(0, -51, 41)
(0, -51, 40)
(1, -51, 39)
(0, -50, 39)
(1, -50, 38)
(0, -49, 38)
(0, -49, 37)
(1, -49, 36)
(0, -48, 37)
(1, -48, 37)
(0, -47, 37)
(1, -47, 37)
(1, -47, 38)
(1, -47, 39)
(0, -47, 40)
(1, -48, 39)
(0, -48, 39)
(1, -49, 39)
(1, -49, 40)
(1, -49, 41)
(0, -49, 42)
(1, -50, 42)
(0, -50, 43)
(0, -50, 44)
(0, -50, 45)
(1, -51, 45)
(1, -51, 46)
(1, -51, 47)
(1, -51, 48)
(0, -51, 49)
(1, -52, 49)
(0, -52, 50)
(0, -52, 51)
(1, -53, 51)
(1, -53, 52)
(0, -53, 53)
(0, -53, 54)
(1, -53, 54)
(0, -52, 54)
(1, -52, 54)
(1, -52, 55)
(1, -52, 56)
(1, -52, 57)
(0, -52, 58)
(1, -53, 57)
(1, -53, 56)
(0, -53, 56)
(1, -54, 56)
(0, -54, 57)
(0, -54, 58)
(1, -55, 58)
(0, -55, 58)
(0, -55, 57)
(1, -56, 56)
(0, -56, 56)
(1, -57, 56)
(0, -57, 57)
(0, -57, 58)
(0, -57, 59)
(0, -57, 60)
(1, -57, 60)
(0, -56, 60)
(1, -56, 60)
(0, -55, 60)
(1, -55, 60)
(0, -54, 60)
(1, -54, 59)
(0, -53, 59)
(1, -53, 59)
(0, -52, 60)
(1, -52, 59)
(0, -51, 60)
(1, -51, 59)
(0, -50, 60)
(0, -50, 61)
(0, -50, 62)
(1, -51, 62)
(0, -51, 63)
(1, -52, 63)
(0, -52, 64)
(1, -53, 64)
(0, -53, 65)
(1, -54, 64)
(1, -54, 63)
(0, -54, 63)
(1, -55, 63)
(0, -55, 64)
(1, -56, 64)
(1, -56, 65)
(1, -56, 66)
(1, -56, 67)
(0, -55, 68)
(1, -55, 67)
(0, -54, 67)
(1, -54, 66)
(0, -53, 67)
(1, -53, 67)
(0, -52, 67)
(0, -52, 66)
(1, -52, 65)
(0, -51, 66)
(0, -51, 67)
(0, -51, 68)
(1, -52, 68)
(1, -52, 69)
(0, -51, 70)
(1, -51, 69)
(0, -50, 69)
(1, -50, 69)
(1, -50, 70)
(0, -50, 71)
(0, -50, 72)
(1, -50, 72)
(1, -50, 73)
(0, -50, 74)
(0, -50, 75)
(1, -51, 75)
(0, -51, 75)
(0, -51, 74)
(0, -51, 73)
(0, -51, 72)
(1, -52, 71)
(0, -52, 72)
(0, -52, 73)
(1, -53, 73)
(0, -53, 74)
(1, -54, 74)
(1, -54, 75)
(0, -54, 76)
(1, -55, 75)
(0, -55, 76)
(1, -56, 76)
(0, -56, 76)
(1, -57, 76)
(0, -57, 77)
(1, -58, 77)
(1, -58, 78)
(0, -57, 79)
(1, -57, 78)
(0, -56, 79)
(0, -56, 80)
(1, -56, 80)
(0, -55, 81)
(1, -55, 81)
(1, -55, 82)
(0, -54, 83)
(1, -54, 83)
(0, -53, 83)
(0, -53, 82)
(1, -53, 81)
(0, -52, 81)
(0, -52, 80)
(1, -52, 79)
(0, -51, 80)
(1, -51, 79)
(0, -50, 80)
(1, -50, 79)
(1, -50, 78)
(0, -49, 78)
(1, -49, 77)
(1, -49, 76)
(1, -49, 75)
(1, -49, 74)
(1, -49, 73)
(0, -48, 73)
(1, -48, 73)
(0, -47, 73)
(0, -47, 72)
(0, -47, 71)
(0, -47, 70)
(1, -48, 69)
(0, -48, 70)
(1, -49, 69)
(1, -49, 68)
(1, -49, 67)
(1, -49, 66)
(1, -49, 65)
(1, -49, 64)
(1, -49, 63)
(1, -49, 62)
(0, -49, 62)
(0, -49, 61)
(0, -49, 60)
(0, -49, 59)
(1, -49, 58)
(0, -48, 58)
(0, -48, 57)
(1, -48, 56)
(1, -48, 55)
(0, -48, 55)
(1, -49, 55)
(0, -49, 55)
(1, -50, 54)
(1, -50, 53)
(0, -50, 53)
(0, -50, 52)
(1, -50, 51)
(0, -49, 51)
(1, -49, 50)
(0, -48, 50)
(1, -48, 49)
(0, -47, 49)
(1, -47, 48)
(0, -46, 48)
(0, -46, 47)
(1, -46, 46)
(0, -45, 46)
(1, -45, 45)
(0, -44, 46)
(0, -44, 47)
(1, -45, 47)
(0, -45, 48)
(0, -45, 49)
(1, -45, 49)
(0, -44, 49)
(1, -44, 49)
(0, -43, 49)
(1, -43, 49)
(1, -43, 50)
(0, -42, 51)
(1, -42, 50)
(0, -41, 50)
(1, -41, 50)
(0, -40, 50)
(0, -40, 49)
(1, -41, 48)
(1, -41, 47)
(0, -41, 47)
(1, -42, 47)
(0, -42, 47)
(1, -43, 47)
(0, -43, 47)
(0, -43, 46)
(1, -43, 45)
(0, -42, 45)
(1, -42, 44)
(1, -42, 43)
(0, -42, 43)
(0, -42, 42)
(1, -42, 41)
(0, -41, 42)
(1, -41, 42)
(1, -41, 43)
(0, -40, 44)
(1, -40, 43)
(0, -39, 44)
(0, -39, 45)
(0, -39, 46)
(1, -39, 46)
(0, -38, 47)
(0, -38, 48)
(1, -38, 48)
(1, -38, 49)
(0, -38, 50)
(1, -39, 50)
(0, -39, 51)
(0, -39, 52)
(1, -40, 52)
(0, -40, 53)
(0, -40, 54)
(1, -41, 54)
(0, -41, 55)
(1, -42, 54)
(1, -42, 53)
(0, -42, 53)
(1, -43, 52)
(0, -43, 52)
(1, -44, 51)
(0, -44, 52)
(0, -44, 53)
(1, -44, 53)
(1, -44, 54)
(0, -43, 55)
(0, -43, 56)
(0, -43, 57)
(1, -43, 57)
(1, -43, 58)
(0, -43, 59)
(0, -43, 60)
(0, -43, 61)
(0, -43, 62)
(1, -43, 62)
(0, -42, 63)
(1, -42, 63)
(1, -42, 64)
(1, -42, 65)
(0, -41, 66)
(0, -41, 67)
(1, -42, 67)
(0, -42, 68)
(1, -43, 67)
(1, -43, 66)
(0, -43, 66)
(1, -44, 66)
(1, -44, 67)
(0, -44, 68)
(1, -45, 67)
(0, -45, 68)
(0, -45, 69)
(1, -46, 69)
(1, -46, 70)
(0, -45, 71)
(0, -45, 72)
(0, -45, 73)
(0, -45, 74)
(1, -45, 74)
(0, -44, 75)
(1, -44, 75)
(0, -43, 76)
(1, -43, 76)
(1, -43, 77)
(0, -43, 78)
(1, -44, 77)
(0, -44, 78)
(0, -44, 79)
(0, -44, 80)
(0, -44, 81)
(1, -44, 81)
(1, -44, 82)
(1, -44, 83)
(1, -44, 84)
(0, -43, 85)
(1, -43, 84)
(0, -42, 84)
(1, -42, 83)
(0, -41, 83)
(0, -41, 82)
(1, -42, 81)
(0, -42, 81)
(0, -42, 80)
(1, -42, 79)
(0, -41, 79)
(0, -41, 78)
(0, -41, 77)
(0, -41, 76)
(0, -41, 75)
(0, -41, 74)
(1, -42, 73)
(0, -42, 74)
(1, -43, 74)
(0, -43, 74)
(0, -43, 73)
(0, -43, 72)
(1, -44, 71)
(1, -44, 70)
(1, -44, 69)
(0, -43, 69)
(1, -43, 69)
(0, -42, 70)
(1, -42, 70)
(0, -41, 71)
(0, -41, 72)
(1, -41, 72)
(0, -40, 73)
(1, -40, 72)
(0, -39, 72)
(1, -39, 72)
(0, -38, 73)
(1, -38, 72)
(0, -37, 73)
(1, -37, 73)
(0, -36, 74)
(0, -36, 75)
(1, -37, 75)
(0, -37, 76)
(0, -37, 77)
(0, -37, 78)
(0, -37, 79)
(1, -37, 79)
(0, -36, 79)
(0, -36, 78)
(0, -36, 77)
(1, -36, 76)
(0, -35, 76)
(1, -35, 75)
(0, -34, 76)
(1, -34, 75)
(0, -33, 75)
(1, -33, 74)
(1, -33, 73)
(0, -33, 73)
(1, -34, 72)
(0, -34, 73)
(1, -35, 72)
(0, -35, 73)
(1, -36, 72)
(1, -36, 71)
(0, -35, 71)
(1, -35, 70)
(1, -35, 69)
(1, -35, 68)
(1, -35, 67)
(0, -35, 67)
(1, -36, 67)
(0, -36, 67)
(1, -37, 67)
(0, -37, 67)
(1, -38, 66)
(1, -38, 65)
(1, -38, 64)
(0, -37, 64)
(0, -37, 63)
(1, -38, 62)
(0, -38, 62)
(1, -39, 62)
(0, -39, 62)
(1, -40, 62)
(1, -40, 63)
(1, -40, 64)
(0, -40, 65)
(1, -41, 64)
(1, -41, 63)
(1, -41, 62)
(0, -41, 62)
(1, -42, 61)
(1, -42, 60)
(1, -42, 59)
(0, -41, 59)
(1, -41, 58)
(0, -40, 58)
(1, -40, 58)
(0, -39, 59)
(1, -39, 59)
(0, -38, 59)
(1, -38, 59)
(0, -37, 60)
(1, -37, 59)
(0, -36, 60)
(1, -36, 59)
(0, -35, 59)
(0, -35, 58)
(0, -35, 57)
(1, -36, 56)
(1, -36, 55)
(0, -35, 55)
(1, -35, 55)
(0, -34, 56)
(1, -34, 56)
(1, -34, 57)
(0, -33, 58)
(0, -33, 59)
(0, -33, 60)
(1, -34, 60)
(0, -34, 60)
(1, -35, 60)
(1, -35, 61)
(0, -34, 62)
(1, -34, 62)
(0, -33, 62)
(1, -33, 61)
(0, -32, 61)
(1, -32, 61)
(1, -32, 62)
(0, -32, 63)
(1, -33, 63)
(0, -33, 64)
(0, -33, 65)
(1, -34, 65)
(1, -34, 66)
(1, -34, 67)
(1, -34, 68)
(1, -34, 69)
(1, -34, 70)
(0, -33, 71)
(1, -33, 71)
(0, -32, 71)
(1, -32, 71)
(0, -31, 71)
(1, -31, 70)
(0, -30, 71)
(1, -30, 71)
(0, -29, 72)
(0, -29, 73)
(1, -30, 73)
(0, -30, 73)
(1, -31, 73)
(1, -31, 74)
(0, -30, 75)
(0, -30, 76)
(1, -31, 76)
(0, -31, 77)
(1, -32, 77)
(1, -32, 78)
(0, -31, 79)
(0, -31, 80)
(1, -31, 80)
(0, -30, 81)
(1, -30, 80)
(1, -30, 79)
(0, -29, 79)
(0, -29, 78)
(1, -29, 77)
(0, -28, 78)
(0, -28, 79)
(0, -28, 80)
(0, -28, 81)
(1, -28, 81)
(0, -27, 81)
(1, -27, 80)
(1, -27, 79)
(0, -26, 79)
(1, -26, 79)
(0, -25, 79)
(1, -25, 79)
(0, -24, 79)
(1, -24, 79)
(0, -23, 80)
(1, -23, 80)
(1, -23, 81)
(1, -23, 82)
(0, -22, 83)
(1, -22, 83)
(1, -22, 84)
(0, -21, 85)
(0, -21, 86)
(0, -21, 87)
(1, -22, 87)
(0, -22, 88)
(1, -23, 88)
(0, -23, 88)
(0, -23, 87)
(1, -24, 86)
(0, -24, 86)
(0, -24, 85)
(1, -25, 84)
(0, -25, 85)
(0, -25, 86)
(1, -26, 86)
(0, -26, 86)
(1, -27, 85)
(0, -27, 86)
(0, -27, 87)
(1, -27, 87)
(1, -27, 88)
(1, -27, 89)
(0, -27, 90)
(1, -28, 90)
(1, -28, 91)
(1, -28, 92)
(0, -28, 93)
(0, -28, 94)
(0, -28, 95)
(0, -28, 96)
(1, -28, 96)
(0, -27, 97)
(1, -27, 97)
(1, -27, 98)
(0, -27, 99)
(1, -28, 99)
(1, -28, 100)
(0, -28, 101)
(1, -29, 101)
(0, -29, 101)
(1, -30, 100)
(1, -30, 99)
(0, -30, 99)
(1, -31, 98)
(0, -31, 99)
(1, -32, 99)
(0, -32, 99)
(1, -33, 99)
(1, -33, 100)
(0, -33, 101)
(1, -34, 100)
(0, -34, 101)
(1, -35, 100)
(0, -35, 100)
(1, -36, 100)
(1, -36, 101)
(0, -36, 102)
(1, -37, 102)
(1, -37, 103)
(0, -36, 104)
(1, -36, 104)
(0, -35, 105)
(1, -35, 105)
(1, -35, 106)
(1, -35, 107)
(1, -35, 108)
(1, -35, 109)
(0, -35, 110)
(1, -36, 110)
(0, -36, 110)
(0, -36, 109)
(1, -36, 108)
(1, -36, 107)
(1, -36, 106)
(0, -36, 106)
(1, -37, 106)
(0, -37, 106)
(1, -38, 106)
(0, -38, 106)
(0, -38, 105)
(1, -39, 104)
(1, -39, 103)
(1, -39, 102)
(0, -39, 102)
(0, -39, 101)
(1, -39, 100)
(0, -38, 101)
(1, -38, 101)
(0, -37, 101)
(0, -37, 100)
(1, -38, 99)
(1, -38, 98)
(0, -38, 98)
(1, -39, 97)
(1, -39, 96)
(0, -38, 96)
(1, -38, 96)
(0, -37, 96)
(1, -37, 95)
(0, -36, 96)
(1, -36, 96)
(0, -35, 96)
(0, -35, 95)
(0, -35, 94)
(1, -35, 93)
(1, -35, 92)
(0, -35, 92)
(0, -35, 91)
(1, -36, 90)
(1, -36, 89)
(0, -36, 89)
(1, -37, 88)
(0, -37, 89)
(1, -38, 88)
(0, -38, 88)
(1, -39, 88)
(0, -39, 88)
(1, -40, 87)
(0, -40, 88)
(1, -41, 88)
(1, -41, 89)
(0, -41, 90)
(1, -42, 89)
(1, -42, 88)
(1, -42, 87)
(0, -42, 87)
(1, -43, 86)
(0, -43, 87)
(1, -44, 87)
(0, -44, 88)
(1, -45, 88)
(0, -45, 89)
(1, -46, 88)
(1, -46, 87)
(1, -46, 86)
(1, -46, 85)
(0, -45, 85)
(0, -45, 84)
(0, -45, 83)
(1, -46, 82)
(1, -46, 81)
(0, -46, 81)
(1, -47, 81)
(1, -47, 82)
(0, -47, 83)
(1, -48, 83)
(1, -48, 84)
(0, -48, 85)
(0, -48, 86)
(1, -48, 86)
(0, -47, 86)
(1, -47, 86)
(1, -47, 87)
(1, -47, 88)
(0, -47, 89)
(1, -48, 89)
(0, -48, 89)
(1, -49, 89)
(0, -49, 89)
(0, -49, 88)
(1, -50, 87)
(0, -50, 87)
(1, -51, 86)
(0, -51, 87)
(0, -51, 88)
(1, -52, 88)
(1, -52, 89)
(1, -52, 90)
(0, -52, 91)
(1, -53, 91)
(0, -53, 91)
(1, -54, 90)
(0, -54, 90)
(0, -54, 89)
(1, -55, 88)
(0, -55, 88)
(1, -56, 88)
(0, -56, 89)
(0, -56, 90)
(1, -57, 90)
(1, -57, 91)
(0, -56, 92)
(1, -56, 92)
(0, -55, 92)
(1, -55, 92)
(1, -55, 93)
(1, -55, 94)
(0, -54, 95)
(1, -54, 94)
(1, -54, 93)
(0, -53, 93)
(1, -53, 93)
(0, -52, 94)
(1, -52, 93)
(0, -51, 94)
(1, -51, 94)
(1, -51, 95)
(0, -51, 96)
(1, -52, 95)
(0, -52, 96)
(1, -53, 96)
(1, -53, 97)
(0, -53, 98)
(1, -54, 98)
(1, -54, 99)
(0, -53, 100)
(1, -53, 100)
(0, -52, 100)
(1, -52, 99)
(0, -51, 99)
(0, -51, 98)
(1, -51, 97)
(0, -50, 98)
(1, -50, 98)
(0, -49, 98)
(1, -49, 98)
(0, -48, 99)
(0, -48, 100)
(1, -49, 100)
(0, -49, 100)
(1, -50, 100)
(0, -50, 101)
(1, -51, 100)
(0, -51, 101)
(0, -51, 102)
(0, -51, 103)
(1, -52, 103)
(1, -52, 104)
(0, -51, 105)
(1, -51, 105)
(1, -51, 106)
(0, -51, 107)
(0, -51, 108)
(1, -51, 108)
(0, -50, 108)
(1, -50, 108)
(0, -49, 109)
(0, -49, 110)
(1, -50, 110)
(0, -50, 110)
(1, -51, 110)
(0, -51, 110)
(1, -52, 109)
(0, -52, 109)
(1, -53, 108)
(1, -53, 107)
(0, -53, 107)
(1, -54, 106)
(1, -54, 105)
(0, -53, 105)
(0, -53, 104)
(0, -53, 103)
(1, -54, 102)
(0, -54, 103)
(0, -54, 104)
(1, -55, 104)
(1, -55, 105)
(1, -55, 106)
(0, -55, 107)
(1, -56, 107)
(0, -56, 107)
(0, -56, 106)
(1, -56, 105)
(1, -56, 104)
(0, -56, 104)
(1, -57, 104)
(0, -57, 105)
(1, -58, 104)
(1, -58, 103)
(1, -58, 102)
(0, -57, 102)
(1, -57, 101)
(0, -56, 101)
(0, -56, 100)
(1, -56, 99)
(0, -55, 99)
(1, -55, 98)
(1, -55, 97)
(0, -55, 97)
(1, -56, 97)
(0, -56, 97)
(1, -57, 96)
(1, -57, 95)
(1, -57, 94)
(1, -57, 93)
(0, -57, 93)
(1, -58, 92)
(0, -58, 93)
(1, -59, 93)
(0, -59, 94)
(0, -59, 95)
(0, -59, 96)
(0, -59, 97)
(1, -59, 97)
(1, -59, 98)
(0, -58, 99)
(0, -58, 100)
(1, -59, 100)
(0, -59, 100)
(1, -60, 99)
(0, -60, 99)
(1, -61, 98)
(1, -61, 97)
(1, -61, 96)
(1, -61, 95)
(0, -60, 95)
(0, -60, 94)
(1, -61, 93)
(0, -61, 94)
(1, -62, 93)
(0, -62, 94)
(1, -63, 93)
(0, -63, 93)
(0, -63, 92)
(1, -64, 91)
(0, -64, 92)
(1, -65, 92)
(0, -65, 93)
(1, -66, 93)
(0, -66, 93)
(1, -67, 93)
(0, -67, 93)
(0, -67, 92)
(1, -67, 91)
(1, -67, 90)
(1, -67, 89)
(0, -66, 89)
(1, -66, 89)
(0, -65, 89)
(1, -65, 88)
(0, -64, 88)
(1, -64, 88)
(0, -63, 89)
(1, -63, 88)
(0, -62, 88)
(1, -62, 88)
(1, -62, 89)
(1, -62, 90)
(0, -61, 91)
(1, -61, 91)
(0, -60, 91)
(0, -60, 90)
(1, -61, 89)
(1, -61, 88)
(1, -61, 87)
(0, -61, 87)
(0, -61, 86)
(1, -62, 85)
(0, -62, 85)
(1, -63, 85)
(0, -63, 85)
(1, -64, 85)
(0, -64, 85)
(1, -65, 85)
(0, -65, 86)
(0, -65, 87)
(1, -66, 87)
(0, -66, 87)
(1, -67, 86)
(0, -67, 86)
(1, -68, 85)
(0, -68, 85)
(1, -69, 84)
(1, -69, 83)
(0, -68, 83)
(0, -68, 82)
(0, -68, 81)
(1, -69, 80)
(1, -69, 79)
(1, -69, 78)
(0, -68, 78)
(1, -68, 78)
(1, -68, 79)
(0, -67, 80)
(1, -67, 79)
(0, -66, 79)
(0, -66, 78)
(1, -67, 77)
(0, -67, 77)
(1, -68, 76)
(0, -68, 76)
(0, -68, 75)
(1, -69, 74)
(0, -69, 75)
(0, -69, 76)
(0, -69, 77)
(1, -70, 77)
(1, -70, 78)
(0, -70, 79)
(0, -70, 80)
(0, -70, 81)
(1, -70, 81)
(1, -70, 82)
(0, -70, 83)
(1, -71, 82)
(0, -71, 83)
(1, -72, 82)
(0, -72, 83)
(0, -72, 84)
(1, -73, 84)
(0, -73, 84)
(0, -73, 83)
(1, -74, 82)
(1, -74, 81)
(0, -73, 81)
(1, -73, 81)
(0, -72, 81)
(0, -72, 80)
(1, -73, 79)
(1, -73, 78)
(1, -73, 77)
(0, -73, 77)
(0, -73, 76)
(0, -73, 75)
(1, -74, 74)
(0, -74, 74)
(1, -75, 73)
(1, -75, 72)
(0, -75, 72)
(0, -75, 71)
(1, -76, 70)
(0, -76, 70)
(1, -77, 70)
(0, -77, 71)
(0, -77, 72)
(0, -77, 73)
(1, -77, 73)
(0, -76, 74)
(0, -76, 75)
(1, -77, 75)
(1, -77, 76)
(0, -77, 77)
(0, -77, 78)
(0, -77, 79)
(0, -77, 80)
(1, -77, 80)
(1, -77, 81)
(1, -77, 82)
(0, -77, 83)
(1, -78, 82)
(1, -78, 81)
(0, -78, 81)
(0, -78, 80)
(1, -79, 79)
(1, -79, 78)
(1, -79, 77)
(1, -79, 76)
(1, -79, 75)
(1, -79, 74)
(1, -79, 73)
(1, -79, 72)
(0, -79, 72)
(1, -80, 72)
(1, -80, 73)
(1, -80, 74)
(1, -80, 75)
(0, -80, 76)
(0, -80, 77)
(1, -80, 77)
(1, -80, 78)
(0, -80, 79)
(1, -81, 79)
(1, -81, 80)
(1, -81, 81)
(1, -81, 82)
(0, -81, 83)
(0, -81, 84)
(0, -81, 85)
(1, -82, 85)
(0, -82, 85)
(1, -83, 85)
(1, -83, 86)
(0, -82, 87)
(1, -82, 87)
(1, -82, 88)
(0, -82, 89)
(1, -83, 88)
(0, -83, 88)
(1, -84, 87)
(1, -84, 86)
(0, -84, 86)
(0, -84, 85)
(1, -85, 84)
(0, -85, 85)
(0, -85, 86)
(1, -86, 86)
(0, -86, 86)
(1, -87, 86)
(1, -87, 87)
(1, -87, 88)
(0, -87, 89)
(1, -88, 89)
(0, -88, 89)
(0, -88, 88)
(1, -88, 87)
(1, -88, 86)
(1, -88, 85)
(1, -88, 84)
(1, -88, 83)
(1, -88, 82)
(0, -88, 82)
(1, -89, 81)
(0, -89, 81)
(1, -90, 80)
(1, -90, 79)
(0, -89, 79)
(1, -89, 79)
(0, -88, 80)
(1, -88, 80)
(0, -87, 81)
(1, -87, 81)
(1, -87, 82)
(0, -86, 83)
(1, -86, 82)
(1, -86, 81)
(0, -85, 81)
(1, -85, 80)
(0, -84, 80)
(0, -84, 79)
(0, -84, 78)
(1, -84, 77)
(0, -83, 78)
(1, -83, 77)
(1, -83, 76)
(0, -83, 76)
(0, -83, 75)
(1, -83, 74)
(0, -82, 74)
(1, -82, 74)
(0, -81, 75)
(1, -81, 74)
(1, -81, 73)
(0, -81, 73)
(0, -81, 72)
(0, -81, 71)
(1, -82, 70)
(1, -82, 69)
(0, -81, 69)
(1, -81, 69)
(0, -80, 69)
(1, -80, 68)
(1, -80, 67)
(0, -80, 67)
(1, -81, 66)
(1, -81, 65)
(0, -81, 65)
(0, -81, 64)
(1, -82, 63)
(1, -82, 62)
(0, -82, 62)
(0, -82, 61)
(1, -82, 60)
(1, -82, 59)
(1, -82, 58)
(1, -82, 57)
(0, -81, 57)
(1, -81, 57)
(0, -80, 57)
(1, -80, 57)
(0, -79, 57)
(0, -79, 56)
(0, -79, 55)
(0, -79, 54)
(1, -79, 53)
(0, -78, 54)
(0, -78, 55)
(1, -78, 55)
(0, -77, 55)
(1, -77, 55)
(0, -76, 56)
(1, -76, 56)
(0, -75, 57)
(1, -75, 57)
(0, -74, 58)
(1, -74, 58)
(0, -73, 59)
(0, -73, 60)
(1, -74, 60)
(0, -74, 60)
(1, -75, 59)
(0, -75, 60)
(0, -75, 61)
(1, -75, 61)
(1, -75, 62)
(0, -74, 63)
(1, -74, 63)
(0, -73, 63)
(1, -73, 62)
(0, -72, 62)
(1, -72, 62)
(0, -71, 62)
(0, -71, 61)
(0, -71, 60)
(0, -71, 59)
(1, -72, 58)
(1, -72, 57)
(0, -71, 57)
(1, -71, 56)
(0, -70, 56)
(1, -70, 55)
(1, -70, 54)
(0, -70, 54)
(1, -71, 54)
(0, -71, 54)
(1, -72, 53)
(0, -72, 54)
(1, -73, 54)
(0, -73, 55)
(1, -74, 55)
(0, -74, 55)
(1, -75, 54)
(1, -75, 53)
(0, -74, 53)
(0, -74, 52)
(0, -74, 51)
(1, -75, 50)
(0, -75, 50)
(0, -75, 49)
(1, -76, 48)
(0, -76, 49)
(1, -77, 49)
(1, -77, 50)
(0, -76, 51)
(1, -76, 51)
(1, -76, 52)
(0, -76, 53)
(1, -77, 53)
(0, -77, 53)
(0, -77, 52)
(1, -78, 51)
(1, -78, 50)
(0, -78, 50)
(1, -79, 49)
(1, -79, 48)
(0, -78, 48)
(1, -78, 47)
(0, -77, 47)
(0, -77, 46)
(1, -78, 45)
(0, -78, 46)
(1, -79, 45)
(0, -79, 45)
(1, -80, 44)
(0, -80, 44)
(0, -80, 43)
(1, -81, 42)
(0, -81, 42)
(1, -82, 41)
(0, -82, 41)
(0, -82, 40)
(0, -82, 39)
(1, -82, 38)
(0, -81, 38)
(0, -81, 37)
(1, -81, 36)
(1, -81, 35)
(0, -80, 35)
(0, -80, 34)
(1, -80, 33)
(0, -79, 33)
(1, -79, 32)
(1, -79, 31)
(0, -79, 31)
(0, -79, 30)
(1, -80, 29)
(1, -80, 28)
(0, -80, 28)
(0, -80, 27)
(0, -80, 26)
(0, -80, 25)
(1, -81, 24)
(0, -81, 25)
(1, -82, 24)
(0, -82, 24)
(1, -83, 24)
(0, -83, 25)
(1, -84, 25)
(1, -84, 26)
(1, -84, 27)
(0, -84, 28)
(1, -85, 28)
(0, -85, 28)
(1, -86, 27)
(0, -86, 28)
(0, -86, 29)
(1, -87, 29)
(0, -87, 30)
(1, -88, 30)
(1, -88, 31)
(1, -88, 32)
(1, -88, 33)
(0, -87, 34)
(1, -87, 33)
(0, -86, 33)
(1, -86, 33)
(0, -85, 34)
(1, -85, 34)
(0, -84, 34)
(1, -84, 34)
(0, -83, 35)
(1, -83, 35)
(1, -83, 36)
(0, -83, 37)
(1, -84, 36)
(0, -84, 37)
(1, -85, 36)
(0, -85, 36)
(1, -86, 35)
(0, -86, 35)
(1, -87, 35)
(1, -87, 36)
(1, -87, 37)
(0, -87, 38)
(0, -87, 39)
(1, -87, 39)
(0, -86, 40)
(1, -86, 40)
(0, -85, 41)
(0, -85, 42)
(1, -86, 42)
(1, -86, 43)
(0, -86, 44)
(0, -86, 45)
(0, -86, 46)
(1, -86, 46)
(1, -86, 47)
(0, -85, 48)
(1, -85, 48)
(0, -84, 48)
(1, -84, 47)
(1, -84, 46)
(0, -83, 46)
(1, -83, 45)
(1, -83, 44)
(1, -83, 43)
(0, -82, 43)
(1, -82, 43)
(1, -82, 44)
(0, -81, 45)
(1, -81, 45)
(1, -81, 46)
(0, -80, 47)
(0, -80, 48)
(0, -80, 49)
(1, -81, 49)
(0, -81, 50)
(0, -81, 51)
(0, -81, 52)
(1, -81, 52)
(0, -80, 53)
(0, -80, 54)
(1, -81, 54)
(0, -81, 55)
(1, -82, 55)
(0, -82, 56)
(1, -83, 56)
(1, -83, 57)
(0, -83, 58)
(1, -84, 57)
(0, -84, 57)
(1, -85, 57)
(0, -85, 57)
(1, -86, 57)
(0, -86, 57)
(0, -86, 56)
(0, -86, 55)
(1, -86, 54)
(0, -85, 55)
(1, -85, 55)
(0, -84, 55)
(1, -84, 54)
(0, -83, 54)
(1, -83, 53)
(1, -83, 52)
(0, -83, 52)
(1, -84, 52)
(0, -84, 53)
(1, -85, 53)
(0, -85, 53)
(1, -86, 52)
(0, -86, 53)
(1, -87, 53)
(0, -87, 53)
(0, -87, 52)
(1, -88, 51)
(1, -88, 50)
(0, -87, 50)
(0, -87, 49)
(1, -88, 48)
(0, -88, 49)
(1, -89, 49)
(0, -89, 49)
(0, -89, 48)
(0, -89, 47)
(1, -89, 46)
(0, -88, 47)
(1, -88, 46)
(0, -87, 46)
(0, -87, 45)
(0, -87, 44)
(1, -88, 43)
(0, -88, 43)
(1, -89, 43)
(0, -89, 43)
(1, -90, 42)
(0, -90, 42)
(0, -90, 41)
(1, -90, 40)
(0, -89, 41)
(1, -89, 40)
(1, -89, 39)
(0, -89, 39)
(1, -90, 38)
(0, -90, 38)
(1, -91, 38)
(1, -91, 39)
(0, -91, 40)
(1, -92, 39)
(0, -92, 40)
(0, -92, 41)
(1, -92, 41)
(1, -92, 42)
(0, -91, 43)
(1, -91, 43)
(0, -90, 44)
(0, -90, 45)
(0, -90, 46)
(0, -90, 47)
(0, -90, 48)
(1, -91, 48)
(0, -91, 48)
(0, -91, 47)
(0, -91, 46)
(1, -92, 45)
(0, -92, 45)
(1, -93, 45)
(0, -93, 45)
(1, -94, 44)
(1, -94, 43)
(0, -94, 43)
(0, -94, 42)
(1, -94, 41)
(1, -94, 40)
(0, -94, 40)
(0, -94, 39)
(1, -94, 38)
(0, -93, 39)
(1, -93, 38)
(1, -93, 37)
(0, -93, 37)
(1, -94, 36)
(1, -94, 35)
(0, -94, 35)
(1, -95, 34)
(0, -95, 34)
(1, -96, 33)
(0, -96, 33)
(1, -97, 33)
(1, -97, 34)
(0, -96, 35)
(0, -96, 36)
(1, -97, 36)
(0, -97, 37)
(0, -97, 38)
(1, -98, 38)
(1, -98, 39)
(0, -97, 40)
(0, -97, 41)
(1, -97, 41)
(0, -96, 42)
(1, -96, 42)
(0, -95, 43)
(0, -95, 44)
(1, -95, 44)
(1, -95, 45)
(0, -95, 46)
(0, -95, 47)
(1, -95, 47)
(1, -95, 48)
(0, -95, 49)
(0, -95, 50)
(1, -95, 50)
(0, -94, 51)
(0, -94, 52)
(1, -94, 52)
(0, -93, 52)
(0, -93, 51)
(0, -93, 50)
(1, -93, 49)
(0, -92, 50)
(1, -92, 49)
(0, -91, 50)
(1, -91, 50)
(1, -91, 51)
(0, -91, 52)
(1, -92, 52)
(1, -92, 53)
(0, -92, 54)
(0, -92, 55)
(1, -92, 55)
(0, -91, 55)
(1, -91, 55)
(0, -90, 55)
(1, -90, 54)
(1, -90, 53)
(1, -90, 52)
(1, -90, 51)
(0, -89, 51)
(1, -89, 51)
(1, -89, 52)
(1, -89, 53)
(0, -88, 54)
(1, -88, 54)
(1, -88, 55)
(0, -87, 56)
(0, -87, 57)
(1, -88, 57)
(0, -88, 58)
(1, -89, 57)
(0, -89, 58)
(0, -89, 59)
(0, -89, 60)
(1, -89, 60)
(0, -88, 61)
(0, -88, 62)
(0, -88, 63)
(1, -88, 63)
(1, -88, 64)
(0, -87, 65)
(1, -87, 65)
(0, -86, 65)
(0, -86, 64)
(1, -87, 63)
(1, -87, 62)
(0, -87, 62)
(0, -87, 61)
(1, -87, 60)
(0, -86, 61)
(1, -86, 61)
(0, -85, 61)
(1, -85, 61)
(0, -84, 62)
(1, -84, 62)
(1, -84, 63)
(0, -84, 64)
(1, -85, 63)
(0, -85, 64)
(0, -85, 65)
(0, -85, 66)
(1, -85, 66)
(1, -85, 67)
(0, -85, 68)
(1, -86, 67)
(0, -86, 67)
(1, -87, 67)
(0, -87, 67)
(1, -88, 67)
(0, -88, 67)
(1, -89, 67)
(0, -89, 68)
(0, -89, 69)
(1, -90, 69)
(1, -90, 70)
(1, -90, 71)
(0, -90, 72)
(0, -90, 73)
(1, -90, 73)
(1, -90, 74)
(0, -90, 75)
(1, -91, 75)
(0, -91, 75)
(1, -92, 75)
(1, -92, 76)
(1, -92, 77)
(0, -92, 78)
(1, -93, 77)
(1, -93, 76)
(0, -93, 76)
(1, -94, 76)
(1, -94, 77)
(1, -94, 78)
(0, -93, 79)
(1, -93, 79)
(0, -92, 80)
(1, -92, 80)
(1, -92, 81)
(1, -92, 82)
(0, -92, 83)
(0, -92, 84)
(0, -92, 85)
(0, -92, 86)
(1, -93, 86)
(0, -93, 86)
(1, -94, 85)
(0, -94, 85)
(1, -95, 85)
(1, -95, 86)
(0, -94, 87)
(1, -94, 87)
(0, -93, 88)
(1, -93, 88)
(0, -92, 88)
(1, -92, 87)
(0, -91, 88)
(0, -91, 89)
(1, -91, 89)
(0, -90, 90)
(0, -90, 91)
(1, -91, 91)
(0, -91, 91)
(1, -92, 91)
(0, -92, 92)
(0, -92, 93)
(1, -92, 93)
(0, -91, 93)
(1, -91, 93)
(0, -90, 94)
(1, -90, 94)
(0, -89, 95)
(0, -89, 96)
(1, -89, 96)
(0, -88, 97)
(1, -88, 96)
(1, -88, 95)
(0, -87, 95)
(1, -87, 95)
(0, -86, 96)
(1, -86, 95)
(0, -85, 95)
(0, -85, 94)
(1, -86, 93)
(1, -86, 92)
(1, -86, 91)
(1, -86, 90)
(0, -85, 90)
(0, -85, 89)
(1, -85, 88)
(0, -84, 89)
(1, -84, 89)
(0, -83, 90)
(0, -83, 91)
(0, -83, 92)
(1, -83, 92)
(0, -82, 93)
(1, -82, 92)
(1, -82, 91)
(0, -81, 91)
(0, -81, 90)
(1, -81, 89)
(0, -80, 89)
(1, -80, 89)
(1, -80, 90)
(0, -79, 91)
(0, -79, 92)
(1, -80, 92)
(1, -80, 93)
(1, -80, 94)
(0, -79, 95)
(1, -79, 94)
(0, -78, 94)
(0, -78, 93)
(1, -78, 92)
(1, -78, 91)
(0, -77, 91)
(0, -77, 90)
(1, -78, 89)
(1, -78, 88)
(0, -77, 88)
(0, -77, 87)
(0, -77, 86)
(1, -77, 85)
(0, -76, 85)
(1, -76, 85)
(0, -75, 86)
(1, -75, 85)
(0, -74, 85)
(1, -74, 85)
(1, -74, 86)
(1, -74, 87)
(0, -73, 88)
(1, -73, 88)
(1, -73, 89)
(0, -72, 90)
(1, -72, 90)
(0, -71, 91)
(1, -71, 91)
(0, -70, 91)
(1, -70, 90)
(1, -70, 89)
(0, -70, 89)
(1, -71, 89)
(0, -71, 89)
(0, -71, 88)
(1, -71, 87)
(0, -70, 87)
(1, -70, 86)
(0, -69, 86)
(1, -69, 86)
(0, -68, 87)
(0, -68, 88)
(0, -68, 89)
(0, -68, 90)
(1, -69, 90)
(1, -69, 91)
(0, -69, 92)
(0, -69, 93)
(1, -69, 93)
(0, -68, 94)
(1, -68, 94)
(1, -68, 95)
(0, -67, 96)
(0, -67, 97)
(0, -67, 98)
(0, -67, 99)
(1, -67, 99)
(0, -66, 99)
(1, -66, 99)
(0, -65, 100)
(1, -65, 99)
(0, -64, 100)
(1, -64, 99)
(0, -63, 100)
(1, -63, 100)
(0, -62, 101)
(1, -62, 101)
(0, -61, 102)
(1, -61, 102)
(1, -61, 103)
(0, -61, 104)
(0, -61, 105)
(1, -61, 105)
(0, -60, 105)
(1, -60, 105)
(0, -59, 106)
(1, -59, 105)
(0, -58, 106)
(0, -58, 107)
(1, -59, 107)
(1, -59, 108)
(1, -59, 109)
(1, -59, 110)
(0, -59, 111)
(1, -60, 111)
(0, -60, 112)
(1, -61, 112)
(0, -61, 113)
(1, -62, 113)
(1, -62, 114)
(1, -62, 115)
(0, -62, 116)
(1, -63, 115)
(1, -63, 114)
(1, -63, 113)
(1, -63, 112)
(0, -63, 112)
(1, -64, 111)
(0, -64, 111)
(1, -65, 110)
(1, -65, 109)
(1, -65, 108)
(1, -65, 107)
(0, -64, 107)
(1, -64, 107)
(0, -63, 108)
(1, -63, 107)
(1, -63, 106)
(1, -63, 105)
(0, -62, 105)
(0, -62, 104)
(0, -62, 103)
(1, -63, 102)
(0, -63, 103)
(1, -64, 103)
(0, -64, 103)
(1, -65, 102)
(0, -65, 103)
(1, -66, 102)
(0, -66, 102)
(1, -67, 101)
(0, -67, 101)
(1, -68, 101)
(1, -68, 102)
(0, -68, 103)
(1, -69, 103)
(0, -69, 103)
(1, -70, 103)
(1, -70, 104)
(0, -69, 105)
(1, -69, 105)
(0, -68, 105)
(1, -68, 104)
(0, -67, 104)
(1, -67, 103)
(0, -66, 104)
(1, -66, 104)
(1, -66, 105)
(0, -66, 106)
(0, -66, 107)
(1, -67, 107)
(0, -67, 108)
(0, -67, 109)
(1, -68, 109)
(0, -68, 109)
(1, -69, 108)
(0, -69, 109)
(1, -70, 109)
(1, -70, 110)
(0, -69, 111)
(0, -69, 112)
(0, -69, 113)
(1, -69, 113)
(0, -68, 114)
(1, -68, 114)
(0, -67, 115)
(1, -67, 114)
(1, -67, 113)
(1, -67, 112)
(1, -67, 111)
(1, -67, 110)
(0, -66, 110)
(1, -66, 110)
(1, -66, 111)
(0, -65, 112)
(0, -65, 113)
(1, -66, 113)
(1, -66, 114)
(0, -65, 115)
(1, -65, 114)
(0, -64, 114)
(1, -64, 114)
(1, -64, 115)
(1, -64, 116)
(0, -63, 117)
(1, -63, 117)
(1, -63, 118)
(0, -63, 119)
(1, -64, 118)
(0, -64, 118)
(1, -65, 118)
(1, -65, 119)
(0, -64, 120)
(1, -64, 120)
(0, -63, 121)
(0, -63, 122)
(1, -63, 122)
(1, -63, 123)
(0, -63, 124)
(1, -64, 123)
(0, -64, 123)
(1, -65, 122)
(0, -65, 123)
(1, -66, 123)
(0, -66, 124)
(0, -66, 125)
(1, -66, 125)
(0, -65, 126)
(0, -65, 127)
(1, -66, 127)
(0, -66, 128)
(1, -67, 127)
(0, -67, 128)
(1, -68, 127)
(1, -68, 126)
(1, -68, 125)
(1, -68, 124)
(0, -68, 124)
(1, -69, 124)
(0, -69, 125)
(1, -70, 124)
(1, -70, 123)
(1, -70, 122)
(1, -70, 121)
(0, -70, 121)
(1, -71, 120)
(0, -71, 120)
(0, -71, 119)
(1, -71, 118)
(0, -70, 119)
(1, -70, 119)
(0, -69, 120)
(1, -69, 120)
(0, -68, 121)
(0, -68, 122)
(1, -68, 122)
(0, -67, 123)
(1, -67, 122)
(1, -67, 121)
(0, -67, 121)
(0, -67, 120)
(1, -68, 119)
(0, -68, 119)
(1, -69, 118)
(1, -69, 117)
(0, -68, 117)
(0, -68, 116)
(1, -69, 115)
(0, -69, 115)
(1, -70, 115)
(0, -70, 115)
(1, -71, 115)
(0, -71, 115)
(1, -72, 114)
(0, -72, 115)
(1, -73, 115)
(1, -73, 116)
(0, -73, 117)
(0, -73, 118)
(0, -73, 119)
(1, -74, 119)
(0, -74, 120)
(1, -75, 120)
(0, -75, 121)
(1, -76, 120)
(0, -76, 121)
(1, -77, 121)
(0, -77, 122)
(1, -78, 122)
(0, -78, 122)
(0, -78, 121)
(1, -78, 120)
(1, -78, 119)
(1, -78, 118)
(0, -77, 118)
(1, -77, 117)
(0, -76, 117)
(0, -76, 116)
(0, -76, 115)
(1, -77, 114)
(0, -77, 114)
(0, -77, 113)
(0, -77, 112)
(0, -77, 111)
(0, -77, 110)
(1, -77, 109)
(1, -77, 108)
(0, -76, 108)
(1, -76, 108)
(0, -75, 108)
(0, -75, 107)
(1, -75, 106)
(0, -74, 107)
(1, -74, 106)
(1, -74, 105)
(0, -73, 105)
(1, -73, 105)
(1, -73, 106)
(1, -73, 107)
(1, -73, 108)
(0, -73, 109)
(1, -74, 109)
(0, -74, 110)
(1, -75, 110)
(0, -75, 111)
(1, -76, 111)
(1, -76, 112)
(1, -76, 113)
(0, -75, 114)
(1, -75, 113)
(0, -74, 113)
(1, -74, 112)
(1, -74, 111)
(0, -73, 111)
(1, -73, 110)
(0, -72, 110)
(1, -72, 109)
(1, -72, 108)
(1, -72, 107)
(1, -72, 106)
(1, -72, 105)
(0, -71, 105)
(1, -71, 104)
(1, -71, 103)
(1, -71, 102)
(0, -71, 102)
(0, -71, 101)
(1, -71, 100)
(0, -70, 101)
(1, -70, 101)
(0, -69, 101)
(1, -69, 100)
(0, -68, 100)
(0, -68, 99)
(0, -68, 98)
(0, -68, 97)
(1, -69, 96)
(0, -69, 96)
(0, -69, 95)
(1, -70, 94)
(0, -70, 95)
(0, -70, 96)
(1, -71, 96)
(1, -71, 97)
(0, -71, 98)
(0, -71, 99)
(1, -72, 99)
(0, -72, 99)
(1, -73, 99)
(1, -73, 100)
(0, -72, 101)
(0, -72, 102)
(1, -73, 102)
(0, -73, 102)
(1, -74, 101)
(0, -74, 101)
(0, -74, 100)
(0, -74, 99)
(1, -74, 98)
(1, -74, 97)
(0, -73, 97)
(0, -73, 96)
(0, -73, 95)
(1, -73, 94)
(0, -72, 95)
(1, -72, 94)
(1, -72, 93)
(1, -72, 92)
(0, -72, 92)
(1, -73, 91)
(0, -73, 92)
(0, -73, 93)
(1, -74, 93)
(0, -74, 93)
(1, -75, 92)
(0, -75, 92)
(1, -76, 92)
(0, -76, 92)
(1, -77, 92)
(1, -77, 93)
(0, -77, 94)
(0, -77, 95)
(1, -77, 95)
(0, -76, 96)
(0, -76, 97)
(1, -76, 97)
(1, -76, 98)
(0, -76, 99)
(0, -76, 100)
(0, -76, 101)
(1, -76, 101)
(0, -75, 102)
(1, -75, 102)
(1, -75, 103)
(0, -75, 104)
(1, -76, 104)
(1, -76, 105)
(0, -76, 106)
(1, -77, 106)
(0, -77, 107)
(1, -78, 107)
(1, -78, 108)
(0, -78, 109)
(0, -78, 110)
(0, -78, 111)
(0, -78, 112)
(0, -78, 113)
(1, -79, 113)
(0, -79, 113)
(1, -80, 112)
(1, -80, 111)
(1, -80, 110)
(0, -79, 110)
(0, -79, 109)
(0, -79, 108)
(1, -80, 107)
(1, -80, 106)
(1, -80, 105)
(0, -80, 105)
(0, -80, 104)
(1, -80, 103)
(1, -80, 102)
(0, -80, 102)
(1, -81, 102)
(0, -81, 102)
(1, -82, 102)
(1, -82, 103)
(0, -82, 104)
(1, -83, 103)
(1, -83, 102)
(0, -83, 102)
(0, -83, 101)
(1, -83, 100)
(1, -83, 99)
(0, -83, 99)
(0, -83, 98)
(1, -84, 97)
(0, -84, 98)
(1, -85, 98)
(0, -85, 99)
(0, -85, 100)
(1, -85, 100)
(1, -85, 101)
(0, -85, 102)
(0, -85, 103)
(0, -85, 104)
(1, -86, 104)
(0, -86, 105)
(1, -87, 104)
(0, -87, 105)
(1, -88, 105)
(0, -88, 106)
(1, -89, 106)
(1, -89, 107)
(1, -89, 108)
(0, -88, 109)
(0, -88, 110)
(1, -89, 110)
(1, -89, 111)
(1, -89, 112)
(0, -88, 113)
(0, -88, 114)
(1, -88, 114)
(1, -88, 115)
(0, -88, 116)
(1, -89, 116)
(0, -89, 117)
(1, -90, 117)
(1, -90, 118)
(1, -90, 119)
(0, -89, 120)
(0, -89, 121)
(0, -89, 122)
(0, -89, 123)
(1, -90, 123)
(0, -90, 123)
(0, -90, 122)
(0, -90, 121)
(1, -91, 120)
(0, -91, 121)
(1, -92, 120)
(1, -92, 119)
(0, -91, 119)
(1, -91, 118)
(1, -91, 117)
(1, -91, 116)
(0, -90, 116)
(0, -90, 115)
(1, -90, 114)
(1, -90, 113)
(1, -90, 112)
(0, -90, 112)
(1, -91, 112)
(0, -91, 112)
(1, -92, 111)
(0, -92, 112)
(1, -93, 112)
(0, -93, 112)
(1, -94, 111)
(0, -94, 111)
(0, -94, 110)
(0, -94, 109)
(0, -94, 108)
(0, -94, 107)
(1, -94, 106)
(0, -93, 107)
(1, -93, 107)
(1, -93, 108)
(0, -93, 109)
(0, -93, 110)
(1, -93, 110)
(0, -92, 110)
(1, -92, 109)
(0, -91, 110)
(1, -91, 109)
(0, -90, 109)
(0, -90, 108)
(1, -91, 107)
(0, -91, 108)
(1, -92, 107)
(1, -92, 106)
(1, -92, 105)
(0, -92, 105)
(1, -93, 105)
(0, -93, 105)
(1, -94, 104)
(0, -94, 104)
(1, -95, 104)
(0, -95, 104)
(0, -95, 103)
(0, -95, 102)
(1, -96, 101)
(0, -96, 101)
(1, -97, 101)
(0, -97, 101)
(1, -98, 101)
(1, -98, 102)
(0, -97, 103)
(0, -97, 104)
(1, -98, 104)
(0, -98, 104)
(1, -99, 104)
(0, -99, 104)
(0, -99, 103)
(1, -100, 102)
(0, -100, 102)
(0, -100, 101)
(1, -100, 100)
(0, -99, 101)
(1, -99, 100)
(0, -98, 100)
(1, -98, 99)
(0, -97, 99)
(1, -97, 98)
(1, -97, 97)
(0, -97, 97)
(1, -98, 97)
(0, -98, 98)
(1, -99, 97)
(0, -99, 97)
(1, -100, 97)
(0, -100, 97)
(0, -100, 96)
(0, -100, 95)
(1, -100, 94)
(1, -100, 93)
(0, -99, 93)
(0, -99, 92)
(0, -99, 91)
(1, -100, 90)
(1, -100, 89)
(1, -100, 88)
(1, -100, 87)
(0, -100, 87)
(0, -100, 86)
(1, -100, 85)
(1, -100, 84)
(0, -99, 84)
(1, -99, 83)
(0, -98, 83)
(0, -98, 82)
(1, -98, 81)
(1, -98, 80)
(1, -98, 79)
(0, -98, 79)
(1, -99, 79)
(0, -99, 79)
(1, -100, 79)
(0, -100, 79)
(0, -100, 78)
(1, -100, 77)
(0, -99, 77)
(1, -99, 77)
(0, -98, 77)
(0, -98, 76)
(1, -99, 75)
(0, -99, 75)
(1, -100, 75)
(0, -100, 75)
(0, -100, 74)
(0, -100, 73)
(1, -100, 72)
(1, -100, 71)
(0, -99, 71)
(1, -99, 71)
(1, -99, 72)
(0, -98, 73)
(1, -98, 73)
(0, -97, 73)
(1, -97, 72)
(0, -96, 73)
(1, -96, 73)
(0, -95, 73)
(1, -95, 73)
(0, -94, 73)
(1, -94, 72)
(0, -93, 73)
(0, -93, 74)
(1, -93, 74)
(0, -92, 74)
(1, -92, 73)
(1, -92, 72)
(1, -92, 71)
(1, -92, 70)
(0, -92, 70)
(0, -92, 69)
(1, -93, 68)
(0, -93, 68)
(1, -94, 67)
(0, -94, 67)
(1, -95, 67)
(1, -95, 68)
(1, -95, 69)
(0, -95, 70)
(0, -95, 71)
(1, -96, 71)
(0, -96, 71)
(0, -96, 70)
(0, -96, 69)
(1, -96, 68)
(1, -96, 67)
(0, -96, 67)
(0, -96, 66)
(0, -96, 65)
(1, -96, 64)
(0, -95, 65)
(1, -95, 64)
(0, -94, 65)
(1, -94, 65)
(0, -93, 65)
(1, -93, 64)
(1, -93, 63)
(1, -93, 62)
(0, -92, 62)
(0, -92, 61)
(1, -92, 60)
(0, -91, 60)
(1, -91, 59)
(0, -90, 59)
(0, -90, 58)
(1, -91, 57)
(0, -91, 58)
(1, -92, 57)
(0, -92, 57)
(1, -93, 57)
(0, -93, 57)
(1, -94, 56)
(1, -94, 55)
(1, -94, 54)
(0, -94, 54)
(1, -95, 53)
(0, -95, 53)
(1, -96, 52)
(0, -96, 53)
(0, -96, 54)
(1, -96, 54)
(1, -96, 55)
(1, -96, 56)
(0, -96, 57)
(0, -96, 58)
(1, -96, 58)
(0, -95, 59)
(1, -95, 59)
(0, -94, 59)
(1, -94, 59)
(1, -94, 60)
(0, -94, 61)
(1, -95, 61)
(0, -95, 62)
(1, -96, 61)
(0, -96, 62)
(0, -96, 63)
(1, -97, 63)
(0, -97, 64)
(1, -98, 63)
(1, -98, 62)
(0, -98, 62)
(0, -98, 61)
(0, -98, 60)
(1, -98, 59)
(1, -98, 58)
(0, -98, 58)
(0, -98, 57)
(1, -98, 56)
(0, -97, 56)
(0, -97, 55)
(0, -97, 54)
(1, -98, 53)
(0, -98, 54)
(0, -98, 55)
(1, -99, 55)
(0, -99, 55)
(0, -99, 54)
(1, -100, 53)
(1, -100, 52)
(0, -100, 52)
(0, -100, 51)
(1, -100, 50)
(0, -99, 50)
(1, -99, 49)
(0, -98, 50)
(1, -98, 50)
(0, -97, 51)
(1, -97, 51)
(0, -96, 51)
(0, -96, 50)
(0, -96, 49)
(0, -96, 48)
(0, -96, 47)
(0, -96, 46)
(0, -96, 45)
(0, -96, 44)
(1, -97, 43)
(0, -97, 43)
(1, -98, 43)
(1, -98, 44)
(1, -98, 45)
(0, -97, 46)
(0, -97, 47)
(1, -98, 47)
(0, -98, 47)
(1, -99, 47)
(0, -99, 48)
(1, -100, 47)
(1, -100, 46)
(0, -99, 46)
(0, -99, 45)
(1, -99, 44)
(1, -99, 43)
(1, -99, 42)
(0, -99, 42)
(1, -100, 41)
(1, -100, 40)
(1, -100, 39)
(0, -99, 39)
(0, -99, 38)
(0, -99, 37)
(1, -100, 36)
(1, -100, 35)
(0, -100, 35)
(0, -100, 34)
(0, -100, 33)
(0, -100, 32)
(1, -100, 31)
(1, -100, 30)
(1, -100, 29)
(0, -99, 29)
(1, -99, 29)
(0, -98, 30)
(0, -98, 31)
(0, -98, 32)
(1, -98, 32)
(0, -97, 32)
(0, -97, 31)
(1, -97, 30)
(0, -96, 30)
(1, -96, 29)
(0, -95, 29)
(1, -95, 28)
(0, -94, 29)
(1, -94, 28)
(0, -93, 28)
(1, -93, 27)
(1, -93, 26)
(0, -93, 26)
(1, -94, 26)
(0, -94, 26)
(0, -94, 25)
(1, -95, 24)
(1, -95, 23)
(0, -94, 23)
(0, -94, 22)
(0, -94, 21)
(1, -94, 20)
(0, -93, 20)
(0, -93, 19)
(1, -93, 18)
(0, -92, 19)
(1, -92, 18)
(0, -91, 18)
(1, -91, 18)
(0, -90, 18)
(1, -90, 18)
(0, -89, 19)
(1, -89, 18)
(0, -88, 18)
(1, -88, 18)
(1, -88, 19)
(1, -88, 20)
(0, -88, 21)
(1, -89, 21)
(0, -89, 21)
(1, -90, 21)
(0, -90, 21)
(1, -91, 20)
(0, -91, 21)
(1, -92, 20)
(0, -92, 21)
(1, -93, 21)
(0, -93, 22)
(0, -93, 23)
(0, -93, 24)
(1, -93, 24)
(0, -92, 24)
(1, -92, 23)
(0, -91, 23)
(1, -91, 23)
(0, -90, 23)
(1, -90, 23)
(0, -89, 24)
(1, -89, 23)
(0, -88, 23)
(1, -88, 23)
(1, -88, 24)
(0, -87, 25)
(0, -87, 26)
(1, -87, 26)
(0, -86, 26)
(1, -86, 25)
(0, -85, 26)
(1, -85, 25)
(1, -85, 24)
(0, -84, 24)
(0, -84, 23)
(0, -84, 22)
(1, -85, 21)
(0, -85, 21)
(1, -86, 20)
(1, -86, 19)
(0, -85, 19)
(0, -85, 18)
(1, -86, 17)
(1, -86, 16)
(0, -86, 16)
(1, -87, 16)
(0, -87, 17)
(1, -88, 16)
(0, -88, 16)
(0, -88, 15)
(1, -88, 14)
(1, -88, 13)
(0, -88, 13)
(1, -89, 12)
(1, -89, 11)
(1, -89, 10)
(0, -89, 10)
(1, -90, 10)
(0, -90, 10)
(1, -91, 9)
(1, -91, 8)
(0, -91, 8)
(1, -92, 8)
(0, -92, 8)
(1, -93, 8)
(0, -93, 9)
(0, -93, 10)
(1, -93, 10)
(1, -93, 11)
(0, -93, 12)
(0, -93, 13)
(1, -93, 13)
(0, -92, 14)
(1, -92, 13)
(0, -91, 13)
(1, -91, 13)
(1, -91, 14)
(0, -90, 15)
(0, -90, 16)
(1, -91, 16)
(0, -91, 16)
(1, -92, 16)
(0, -92, 17)
(1, -93, 16)
(0, -93, 17)
(1, -94, 17)
(0, -94, 17)
(1, -95, 17)
(0, -95, 18)
(1, -96, 18)
(1, -96, 19)
(0, -96, 20)
(1, -97, 19)
(0, -97, 19)
(0, -97, 18)
(1, -98, 17)
(0, -98, 18)
(1, -99, 18)
(0, -99, 19)
(1, -100, 19)
(0, -100, 19)
(0, -100, 18)
(1, -100, 17)
(1, -100, 16)
(0, -100, 16)
(0, -100, 15)
(0, -100, 14)
(1, -100, 13)
(0, -99, 14)
(0, -99, 15)
(1, -99, 15)
(0, -98, 15)
(1, -98, 15)
(0, -97, 15)
(0, -97, 14)
(1, -97, 13)
(1, -97, 12)
(0, -97, 12)
(1, -98, 11)
(0, -98, 12)
(1, -99, 11)
(0, -99, 11)
(1, -100, 10)
(1, -100, 9)
(0, -100, 9)
(0, -100, 8)
(1, -100, 7)
(1, -100, 6)
(0, -99, 6)
(0, -99, 5)
(1, -99, 4)
(0, -98, 4)
(1, -98, 3)
(0, -97, 3)
(1, -97, 3)
(0, -96, 4)
(1, -96, 3)
(1, -96, 2)
(0, -96, 2)
(1, -97, 1)
(1, -97, 0)
(0, -97, 0)
(1, -98, -1)
(1, -98, -2)
(0, -98, -2)
(0, -98, -3)
(1, -99, -4)
(0, -99, -4)
(1, -100, -4)
(0, -100, -4)
(0, -100, -5)
(0, -100, -6)
(1, -100, -7)
(1, -100, -8)
(1, -100, -9)
(0, -99, -9)
(1, -99, -10)
(1, -99, -11)
(0, -99, -11)
(1, -100, -12)
(0, -100, -12)
(0, -100, -13)
(1, -100, -14)
(0, -99, -14)
(0, -99, -15)
(1, -99, -16)
(0, -98, -15)
(1, -98, -16)
(0, -97, -16)
(1, -97, -16)
(1, -97, -15)
(0, -96, -14)
(1, -96, -15)
(0, -95, -14)
(1, -95, -15)
(1, -95, -16)
(0, -95, -16)
(0, -95, -17)
(1, -95, -18)
(1, -95, -19)
(0, -95, -19)
(0, -95, -20)
(0, -95, -21)
(1, -96, -22)
(0, -96, -21)
(1, -97, -22)
(1, -97, -23)
(0, -96, -23)
(0, -96, -24)
(1, -96, -25)
(0, -95, -25)
(1, -95, -26)
(0, -94, -26)
(1, -94, -26)
(0, -93, -26)
(0, -93, -27)
(0, -93, -28)
(1, -94, -29)
(0, -94, -29)
(1, -95, -30)
(0, -95, -29)
(0, -95, -28)
(0, -95, -27)
(1, -96, -27)
(0, -96, -26)
(1, -97, -27)
(1, -97, -28)
(1, -97, -29)
(1, -97, -30)
(1, -97, -31)
(0, -96, -31)
(1, -96, -31)
(0, -95, -31)
(0, -95, -32)
(1, -95, -33)
(0, -94, -33)
(1, -94, -33)
(0, -93, -32)
(1, -93, -33)
(0, -92, -32)
(1, -92, -33)
(0, -91, -33)
(0, -91, -34)
(1, -91, -35)
(0, -90, -34)
(0, -90, -33)
(1, -90, -33)
(0, -89, -33)
(0, -89, -34)
(0, -89, -35)
(1, -90, -36)
(1, -90, -37)
(0, -89, -37)
(1, -89, -38)
(0, -88, -38)
(1, -88, -39)
(0, -87, -39)
(1, -87, -39)
(0, -86, -38)
(1, -86, -39)
(0, -85, -38)
(1, -85, -38)
(0, -84, -38)
(1, -84, -38)
(0, -83, -38)
(1, -83, -38)
(1, -83, -37)
(0, -82, -36)
(1, -82, -37)
(0, -81, -36)
(1, -81, -37)
(0, -80, -36)
(0, -80, -35)
(1, -80, -35)
(0, -79, -35)
(0, -79, -36)
(1, -79, -37)
(0, -78, -37)
(1, -78, -37)
(1, -78, -36)
(0, -77, -35)
(1, -77, -36)
(0, -76, -36)
(0, -76, -37)
(1, -77, -38)
(1, -77, -39)
(0, -76, -39)
(0, -76, -40)
(1, -77, -41)
(1, -77, -42)
(0, -77, -42)
(0, -77, -43)
(1, -77, -44)
(0, -76, -43)
(1, -76, -44)
(1, -76, -45)
(1, -76, -46)
(1, -76, -47)
(0, -76, -47)
(1, -77, -48)
(0, -77, -48)
(1, -78, -48)
(0, -78, -47)
(1, -79, -47)
(1, -79, -46)
(0, -78, -45)
(0, -78, -44)
(1, -79, -44)
(1, -79, -43)
(0, -79, -42)
(1, -80, -43)
(0, -80, -42)
(1, -81, -43)
(1, -81, -44)
(0, -80, -44)
(1, -80, -45)
(1, -80, -46)
(1, -80, -47)
(0, -80, -47)
(0, -80, -48)
(1, -80, -49)
(1, -80, -50)
(0, -79, -50)
(0, -79, -51)
(1, -79, -52)
(1, -79, -53)
(1, -79, -54)
(1, -79, -55)
(0, -78, -55)
(1, -78, -56)
(0, -77, -56)
(1, -77, -57)
(0, -76, -57)
(0, -76, -58)
(1, -76, -59)
(0, -75, -58)
(0, -75, -57)
(0, -75, -56)
(1, -76, -56)
(0, -76, -55)
(0, -76, -54)
(0, -76, -53)
(1, -77, -53)
(0, -77, -52)
(0, -77, -51)
(1, -77, -51)
(0, -76, -51)
(1, -76, -52)
(0, -75, -51)
(1, -75, -52)
(0, -74, -51)
(0, -74, -50)
(1, -75, -50)
(0, -75, -49)
(0, -75, -48)
(1, -75, -48)
(1, -75, -47)
(1, -75, -46)
(1, -75, -45)
(1, -75, -44)
(1, -75, -43)
(1, -75, -42)
(0, -74, -41)
(1, -74, -42)
(1, -74, -43)
(0, -73, -43)
(0, -73, -44)
(1, -74, -45)
(1, -74, -46)
(0, -73, -46)
(1, -73, -47)
(0, -72, -47)
(0, -72, -48)
(0, -72, -49)
(1, -73, -50)
(1, -73, -51)
(1, -73, -52)
(0, -72, -52)
(0, -72, -53)
(1, -73, -54)
(0, -73, -54)
(0, -73, -55)
(1, -74, -56)
(0, -74, -56)
(0, -74, -57)
(1, -74, -58)
(1, -74, -59)
(0, -73, -59)
(1, -73, -60)
(0, -72, -60)
(1, -72, -61)
(0, -71, -61)
(0, -71, -62)
(0, -71, -63)
(1, -72, -64)
(0, -72, -64)
(1, -73, -65)
(1, -73, -66)
(0, -72, -66)
(1, -72, -66)
(0, -71, -66)
(1, -71, -66)
(0, -70, -65)
(0, -70, -64)
(0, -70, -63)
(1, -70, -63)
(0, -69, -62)
(1, -69, -63)
(0, -68, -62)
(1, -68, -62)
(0, -67, -62)
(1, -67, -62)
(1, -67, -61)
(0, -66, -60)
(1, -66, -60)
(0, -65, -59)
(1, -65, -59)
(0, -64, -58)
(0, -64, -57)
(0, -64, -56)
(1, -65, -56)
(0, -65, -56)
(0, -65, -57)
(1, -66, -58)
(0, -66, -57)
(1, -67, -57)
(0, -67, -56)
(0, -67, -55)
(1, -67, -55)
(1, -67, -54)
(0, -66, -53)
(1, -66, -54)
(0, -65, -54)
(1, -65, -54)
(0, -64, -54)
(1, -64, -55)
(0, -63, -55)
(1, -63, -56)
(0, -62, -56)
(1, -62, -57)
(0, -61, -57)
(0, -61, -58)
(1, -61, -59)
(1, -61, -60)
(0, -61, -60)
(1, -62, -61)
(0, -62, -60)
(0, -62, -59)
(1, -63, -59)
(0, -63, -59)
(1, -64, -60)
(1, -64, -61)
(0, -63, -61)
(0, -63, -62)
(1, -63, -63)
(1, -63, -64)
(1, -63, -65)
(0, -62, -65)
(1, -62, -65)
(0, -61, -64)
(1, -61, -65)
(0, -60, -65)
(1, -60, -66)
(0, -59, -66)
(1, -59, -67)
(0, -58, -66)
(1, -58, -67)
(0, -57, -67)
(0, -57, -68)
(1, -57, -69)
(0, -56, -68)
(0, -56, -67)
(0, -56, -66)
(0, -56, -65)
(0, -56, -64)
(1, -56, -64)
(1, -56, -63)
(0, -56, -62)
(0, -56, -61)
(1, -56, -61)
(1, -56, -60)
(0, -55, -59)
(0, -55, -58)
(1, -56, -58)
(1, -56, -57)
(0, -55, -56)
(1, -55, -56)
(0, -54, -55)
(1, -54, -56)
(0, -53, -56)
(0, -53, -57)
(1, -54, -58)
(1, -54, -59)
(0, -53, -59)
(1, -53, -60)
(1, -53, -61)
(1, -53, -62)
(0, -53, -62)
(1, -54, -63)
(0, -54, -63)
(1, -55, -64)
(1, -55, -65)
(1, -55, -66)
(0, -54, -66)
(1, -54, -67)
(0, -53, -67)
(1, -53, -68)
(1, -53, -69)
(0, -52, -69)
(0, -52, -70)
(1, -53, -71)
(0, -53, -70)
(1, -54, -71)
(0, -54, -70)
(1, -55, -71)
(0, -55, -71)
(1, -56, -71)
(0, -56, -71)
(1, -57, -71)
(0, -57, -70)
(1, -58, -71)
(0, -58, -70)
(1, -59, -70)
(0, -59, -70)
(0, -59, -71)
(0, -59, -72)
(0, -59, -73)
(1, -60, -74)
(0, -60, -74)
(1, -61, -75)
(1, -61, -76)
(0, -60, -76)
(1, -60, -76)
(0, -59, -76)
(0, -59, -77)
(0, -59, -78)
(0, -59, -79)
(1, -59, -80)
(0, -58, -79)
(1, -58, -79)
(0, -57, -78)
(0, -57, -77)
(1, -57, -77)
(0, -56, -76)
(1, -56, -77)
(0, -55, -77)
(0, -55, -78)
(1, -55, -79)
(0, -54, -78)
(1, -54, -78)
(0, -53, -78)
(0, -53, -79)
(1, -53, -80)
(0, -52, -79)
(0, -52, -78)
(1, -52, -78)
(1, -52, -77)
(0, -51, -76)
(1, -51, -76)
(1, -51, -75)
(0, -51, -74)
(1, -52, -75)
(0, -52, -74)
(0, -52, -73)
(1, -52, -73)
(0, -51, -72)
(0, -51, -71)
(0, -51, -70)
(1, -51, -70)
(0, -50, -70)
(1, -50, -71)
(1, -50, -72)
(1, -50, -73)
(0, -49, -73)
(1, -49, -73)
(0, -48, -72)
(1, -48, -72)
(0, -47, -71)
(1, -47, -71)
(1, -47, -70)
(0, -46, -69)
(0, -46, -68)
(1, -47, -68)
(0, -47, -68)
(1, -48, -69)
(0, -48, -68)
(0, -48, -67)
(0, -48, -66)
(1, -48, -66)
(0, -47, -65)
(0, -47, -64)
(0, -47, -63)
(1, -48, -63)
(1, -48, -62)
(1, -48, -61)
(1, -48, -60)
(0, -48, -59)
(1, -49, -59)
(0, -49, -58)
(1, -50, -58)
(1, -50, -57)
(0, -49, -56)
(1, -49, -56)
(1, -49, -55)
(0, -48, -54)
(1, -48, -55)
(0, -47, -55)
(1, -47, -56)
(1, -47, -57)
(1, -47, -58)
(0, -46, -58)
(1, -46, -58)
(0, -45, -58)
(0, -45, -59)
(0, -45, -60)
(0, -45, -61)
(1, -46, -62)
(1, -46, -63)
(0, -45, -63)
(0, -45, -64)
(1, -45, -65)
(0, -44, -65)
(0, -44, -66)
(1, -45, -67)
(1, -45, -68)
(0, -45, -68)
(0, -45, -69)
(0, -45, -70)
(1, -45, -71)
(1, -45, -72)
(1, -45, -73)
(0, -44, -73)
(1, -44, -73)
(0, -43, -73)
(1, -43, -73)
(0, -42, -72)
(1, -42, -72)
(1, -42, -71)
(0, -41, -70)
(1, -41, -70)
(0, -40, -70)
(1, -40, -70)
(0, -39, -69)
(1, -39, -69)
(1, -39, -68)
(1, -39, -67)
(0, -39, -66)
(1, -40, -67)
(0, -40, -66)
(1, -41, -67)
(0, -41, -67)
(1, -42, -67)
(0, -42, -67)
(0, -42, -68)
(1, -43, -69)
(0, -43, -69)
(1, -44, -69)
(1, -44, -68)
(0, -43, -67)
(0, -43, -66)
(1, -43, -66)
(0, -42, -65)
(0, -42, -64)
(0, -42, -63)
(1, -42, -63)
(1, -42, -62)
(0, -41, -61)
(0, -41, -60)
(1, -41, -60)
(1, -41, -59)
(1, -41, -58)
(1, -41, -57)
(0, -40, -56)
(1, -40, -57)
(1, -40, -58)
(0, -39, -58)
(1, -39, -59)
(0, -38, -58)
(1, -38, -59)
(0, -37, -58)
(1, -37, -58)
(0, -36, -58)
(1, -36, -59)
(1, -36, -60)
(0, -36, -60)
(1, -37, -61)
(0, -37, -61)
(1, -38, -61)
(0, -38, -60)
(1, -39, -61)
(0, -39, -60)
(1, -40, -61)
(1, -40, -62)
(0, -39, -62)
(1, -39, -63)
(0, -38, -63)
(0, -38, -64)
(1, -38, -65)
(0, -37, -64)
(0, -37, -63)
(1, -37, -63)
(0, -36, -62)
(1, -36, -62)
(0, -35, -61)
(1, -35, -61)
(0, -34, -61)
(1, -34, -62)
(0, -33, -62)
(1, -33, -63)
(0, -32, -62)
(1, -32, -63)
(0, -31, -62)
(1, -31, -63)
(0, -30, -62)
(1, -30, -63)
(0, -29, -62)
(1, -29, -63)
(0, -28, -62)
(1, -28, -62)
(1, -28, -61)
(1, -28, -60)
(0, -28, -59)
(1, -29, -60)
(0, -29, -60)
(1, -30, -60)
(1, -30, -59)
(1, -30, -58)
(0, -29, -57)
(1, -29, -57)
(0, -28, -56)
(0, -28, -55)
(1, -28, -55)
(0, -27, -55)
(1, -27, -56)
(1, -27, -57)
(0, -27, -57)
(0, -27, -58)
(1, -27, -59)
(0, -26, -58)
(1, -26, -59)
(1, -26, -60)
(0, -26, -60)
(0, -26, -61)
(1, -27, -62)
(1, -27, -63)
(0, -26, -63)
(0, -26, -64)
(1, -27, -65)
(0, -27, -65)
(1, -28, -65)
(0, -28, -65)
(1, -29, -66)
(1, -29, -67)
(0, -28, -67)
(1, -28, -68)
(0, -27, -67)
(1, -27, -67)
(0, -26, -67)
(1, -26, -68)
(1, -26, -69)
(0, -26, -69)
(0, -26, -70)
(0, -26, -71)
(0, -26, -72)
(1, -27, -73)
(1, -27, -74)
(0, -27, -74)
(1, -28, -74)
(0, -28, -73)
(1, -29, -74)
(1, -29, -75)
(1, -29, -76)
(0, -29, -76)
(1, -30, -76)
(0, -30, -76)
(1, -31, -77)
(0, -31, -77)
(1, -32, -78)
(1, -32, -79)
(1, -32, -80)
(0, -31, -80)
(0, -31, -81)
(1, -32, -82)
(0, -32, -82)
(1, -33, -83)
(0, -33, -83)
(0, -33, -84)
(0, -33, -85)
(0, -33, -86)
(1, -33, -87)
(0, -32, -87)
(0, -32, -88)
(1, -32, -89)
(0, -31, -88)
(1, -31, -89)
(0, -30, -88)
(0, -30, -87)
(1, -30, -87)
(1, -30, -86)
(0, -29, -85)
(1, -29, -86)
(1, -29, -87)
(1, -29, -88)
(0, -28, -88)
(1, -28, -88)
(0, -27, -88)
(1, -27, -88)
(0, -26, -88)
(1, -26, -89)
(1, -26, -90)
(0, -25, -90)
(1, -25, -90)
(0, -24, -90)
(1, -24, -90)
(1, -24, -89)
(0, -24, -88)
(0, -24, -87)
(0, -24, -86)
(0, -24, -85)
(1, -25, -85)
(1, -25, -84)
(0, -24, -83)
(0, -24, -82)
(1, -24, -82)
(0, -23, -82)
(0, -23, -83)
(0, -23, -84)
(0, -23, -85)
(1, -23, -86)
(0, -22, -86)
(1, -22, -87)
(1, -22, -88)
(0, -22, -88)
(0, -22, -89)
(0, -22, -90)
(1, -23, -91)
(1, -23, -92)
(1, -23, -93)
(0, -23, -93)
(0, -23, -94)
(1, -24, -95)
(0, -24, -95)
(1, -25, -96)
(0, -25, -96)
(0, -25, -97)
(1, -25, -98)
(0, -24, -97)
(1, -24, -98)
(1, -24, -99)
(0, -24, -99)
(0, -24, -100)
(1, -25, -101)
(0, -25, -101)
(1, -26, -102)
(1, -26, -103)
(0, -25, -103)
(1, -25, -104)
(0, -24, -103)
(1, -24, -103)
(0, -23, -103)
(0, -23, -104)
(0, -23, -105)
(1, -23, -106)
(0, -22, -106)
(1, -22, -107)
(0, -21, -106)
(1, -21, -107)
(0, -20, -106)
(1, -20, -106)
(1, -20, -105)
(0, -19, -104)
(1, -19, -104)
(0, -18, -103)
(1, -18, -104)
(0, -17, -104)
(1, -17, -105)
(0, -16, -105)
(0, -16, -106)
(1, -16, -107)
(0, -15, -106)
(1, -15, -106)
(0, -14, -105)
(0, -14, -104)
(1, -14, -104)
(0, -13, -104)
(1, -13, -105)
(0, -12, -104)
(1, -12, -105)
(0, -11, -104)
(0, -11, -103)
(1, -12, -103)
(0, -12, -102)
(1, -13, -102)
(1, -13, -101)
(0, -12, -100)
(0, -12, -99)
(0, -12, -98)
(0, -12, -97)
(1, -12, -97)
(1, -12, -96)
(1, -12, -95)
(0, -12, -94)
(1, -13, -94)
(0, -13, -93)
(0, -13, -92)
(1, -13, -92)
(1, -13, -91)
(0, -12, -90)
(1, -12, -90)
(0, -11, -90)
(1, -11, -90)
(0, -10, -90)
(1, -10, -90)
(0, -9, -89)
(0, -9, -88)
(1, -9, -88)
(0, -8, -87)
(1, -8, -88)
(0, -7, -87)
(1, -7, -88)
(0, -6, -87)
(1, -6, -88)
(0, -5, -88)
(0, -5, -89)
(1, -5, -90)
(0, -4, -90)
(0, -4, -91)
(1, -4, -92)
(1, -4, -93)
(0, -4, -93)
(0, -4, -94)
(1, -5, -95)
(1, -5, -96)
(0, -5, -96)
(1, -6, -96)
(1, -6, -95)
(1, -6, -94)
(1, -6, -93)
(1, -6, -92)
(0, -6, -91)
(1, -7, -91)
(0, -7, -90)
(1, -8, -91)
(0, -8, -90)
(1, -9, -91)
(1, -9, -92)
(0, -9, -92)
(0, -9, -93)
(0, -9, -94)
(1, -9, -95)
(0, -8, -94)
(0, -8, -93)
(1, -8, -93)
(0, -7, -92)
(1, -7, -93)
(1, -7, -94)
(1, -7, -95)
(0, -7, -95)
(1, -8, -96)
(1, -8, -97)
(1, -8, -98)
(1, -8, -99)
(0, -8, -99)
(1, -9, -100)
(0, -9, -99)
(1, -10, -100)
(0, -10, -100)
(1, -11, -101)
(1, -11, -102)
(0, -10, -102)
(1, -10, -103)
(1, -10, -104)
(0, -10, -104)
(0, -10, -105)
(0, -10, -106)
(0, -10, -107)
(1, -11, -108)
(1, -11, -109)
(0, -10, -109)
(1, -10, -109)
(0, -9, -109)
(1, -9, -109)
(0, -8, -109)
(1, -8, -110)
(0, -7, -109)
(0, -7, -108)
(1, -8, -108)
(0, -8, -107)
(0, -8, -106)
(1, -8, -106)
(0, -7, -105)
(1, -7, -105)
(1, -7, -104)
(1, -7, -103)
(0, -7, -102)
(0, -7, -101)
(0, -7, -100)
(1, -7, -100)
(1, -7, -99)
(0, -6, -98)
(1, -6, -99)
(0, -5, -98)
(1, -5, -98)
(0, -4, -98)
(0, -4, -99)
(0, -4, -100)
(0, -4, -101)
(1, -4, -102)
(0, -3, -101)
(1, -3, -101)
(1, -3, -100)
(0, -3, -99)
(0, -3, -98)
(1, -3, -98)
(0, -2, -98)
(1, -2, -98)
(0, -1, -98)
(1, -1, -98)
(0, 0, -98)
(0, 0, -99)
(0, 0, -100)
(1, 0, -101)
(0, 1, -100)
(0, 1, -99)
(1, 1, -99)
(1, 1, -98)
(0, 1, -97)
(0, 1, -96)
(0, 1, -95)
(1, 0, -95)
(1, 0, -94)
(1, 0, -93)
(1, 0, -92)
(1, 0, -91)
(0, 0, -90)
(0, 0, -89)
(1, -1, -89)
(0, -1, -88)
(1, -2, -89)
(1, -2, -90)
(1, -2, -91)
(0, -2, -91)
(1, -3, -91)
(0, -3, -90)
(0, -3, -89)
(1, -4, -89)
(0, -4, -88)
(0, -4, -87)
(1, -5, -87)
(1, -5, -86)
(0, -5, -85)
(0, -5, -84)
(1, -5, -84)
(1, -5, -83)
(0, -5, -82)
(1, -6, -82)
(0, -6, -82)
(0, -6, -83)
(0, -6, -84)
(1, -7, -85)
(0, -7, -84)
(1, -8, -84)
(1, -8, -83)
(1, -8, -82)
(0, -8, -81)
(1, -9, -82)
(0, -9, -81)
(1, -10, -81)
(0, -10, -80)
(1, -11, -80)
(1, -11, -79)
(0, -11, -78)
(0, -11, -77)
(0, -11, -76)
(1, -11, -76)
(0, -10, -75)
(0, -10, -74)
(1, -10, -74)
(0, -9, -74)
(1, -9, -74)
(1, -9, -73)
(0, -8, -72)
(1, -8, -72)
(0, -7, -72)
(0, -7, -73)
(1, -8, -74)
(1, -8, -75)
(0, -7, -75)
(1, -7, -76)
(0, -6, -76)
(0, -6, -77)
(0, -6, -78)
(0, -6, -79)
(1, -6, -80)
(0, -5, -79)
(1, -5, -79)
(0, -4, -79)
(1, -4, -79)
(0, -3, -78)
(0, -3, -77)
(0, -3, -76)
(0, -3, -75)
(1, -3, -75)
(0, -2, -75)
(1, -2, -76)
(1, -2, -77)
(0, -2, -77)
(0, -2, -78)
(0, -2, -79)
(0, -2, -80)
(0, -2, -81)
(1, -3, -82)
(1, -3, -83)
(0, -3, -83)
(0, -3, -84)
(0, -3, -85)
(0, -3, -86)
(0, -3, -87)
(1, -3, -88)
(0, -2, -87)
(1, -2, -87)
(0, -1, -86)
(0, -1, -85)
(0, -1, -84)
(1, -2, -84)
(1, -2, -83)
(0, -1, -82)
(1, -1, -83)
(0, 0, -82)
(1, 0, -82)
(0, 1, -81)
(1, 1, -81)
(1, 1, -80)
(1, 1, -79)
(0, 1, -78)
(0, 1, -77)
(1, 1, -77)
(0, 2, -77)
(1, 2, -77)
(1, 2, -76)
(1, 2, -75)
(0, 2, -74)
(0, 2, -73)
(1, 1, -73)
(0, 1, -73)
(1, 0, -74)
(0, 0, -74)
(1, -1, -75)
(0, -1, -74)
(0, -1, -73)
(1, -1, -73)
(1, -1, -72)
(0, -1, -71)
(1, -2, -71)
(1, -2, -70)
(0, -2, -69)
(1, -3, -70)
(1, -3, -71)
(0, -3, -71)
(0, -3, -72)
(1, -4, -73)
(0, -4, -72)
(1, -5, -72)
(0, -5, -71)
(1, -6, -71)
(1, -6, -70)
(1, -6, -69)
(1, -6, -68)
(0, -6, -67)
(1, -7, -67)
(0, -7, -67)
(1, -8, -68)
(1, -8, -69)
(1, -8, -70)
(0, -8, -70)
(1, -9, -70)
(1, -9, -69)
(1, -9, -68)
(0, -9, -67)
(0, -9, -66)
(1, -10, -66)
(0, -10, -66)
(1, -11, -66)
(0, -11, -66)
(0, -11, -67)
(1, -12, -68)
(0, -12, -67)
(0, -12, -66)
(1, -13, -66)
(0, -13, -66)
(1, -14, -66)
(1, -14, -65)
(1, -14, -64)
(0, -14, -63)
(1, -15, -64)
(1, -15, -65)
(0, -15, -65)
(1, -16, -66)
(1, -16, -67)
(1, -16, -68)
(0, -16, -68)
(0, -16, -69)
(1, -17, -70)
(1, -17, -71)
(0, -16, -71)
(1, -16, -72)
(0, -15, -71)
(1, -15, -71)
(1, -15, -70)
(0, -14, -69)
(1, -14, -70)
(0, -13, -70)
(1, -13, -71)
(0, -12, -70)
(1, -12, -71)
(0, -11, -71)
(0, -11, -72)
(0, -11, -73)
(1, -12, -74)
(0, -12, -73)
(1, -13, -73)
(0, -13, -72)
(1, -14, -72)
(0, -14, -72)
(0, -14, -73)
(1, -14, -74)
(0, -13, -74)
(0, -13, -75)
(0, -13, -76)
(1, -13, -77)
(1, -13, -78)
(1, -13, -79)
(0, -13, -79)
(1, -14, -79)
(1, -14, -78)
(0, -14, -77)
(1, -15, -77)
(0, -15, -77)
(1, -16, -78)
(1, -16, -79)
(0, -16, -79)
(1, -17, -80)
(0, -17, -79)
(0, -17, -78)
(1, -18, -78)
(1, -18, -77)
(0, -18, -76)
(0, -18, -75)
(1, -19, -75)
(0, -19, -75)
(1, -20, -76)
(1, -20, -77)
(0, -20, -77)
(0, -20, -78)
(1, -20, -79)
(1, -20, -80)
(0, -20, -80)
(0, -20, -81)
(0, -20, -82)
(1, -21, -83)
(0, -21, -82)
(1, -22, -82)
(0, -22, -81)
(1, -23, -81)
(1, -23, -80)
(0, -23, -79)
(0, -23, -78)
(1, -24, -78)
(1, -24, -77)
(1, -24, -76)
(1, -24, -75)
(0, -23, -74)
(0, -23, -73)
(1, -24, -73)
(0, -24, -72)
(1, -25, -72)
(0, -25, -71)
(0, -25, -70)
(1, -25, -70)
(1, -25, -69)
(0, -24, -68)
(1, -24, -69)
(1, -24, -70)
(1, -24, -71)
(0, -23, -71)
(1, -23, -71)
(0, -22, -71)
(0, -22, -72)
(0, -22, -73)
(1, -22, -74)
(1, -22, -75)
(0, -22, -75)
(1, -23, -76)
(1, -23, -77)
(0, -22, -77)
(1, -22, -77)
(0, -21, -76)
(1, -21, -76)
(1, -21, -75)
(0, -20, -74)
(1, -20, -74)
(0, -19, -73)
(1, -19, -73)
(0, -18, -73)
(1, -18, -74)
(0, -17, -74)
(1, -17, -74)
(1, -17, -73)
(0, -17, -72)
(1, -18, -72)
(1, -18, -71)
(1, -18, -70)
(1, -18, -69)
(0, -17, -68)
(0, -17, -67)
(1, -18, -67)
(1, -18, -66)
(0, -18, -65)
(1, -19, -66)
(1, -19, -67)
(1, -19, -68)
(0, -19, -68)
(1, -20, -69)
(1, -20, -70)
(1, -20, -71)
(0, -20, -71)
(1, -21, -71)
(0, -21, -70)
(1, -22, -70)
(1, -22, -69)
(1, -22, -68)
(1, -22, -67)
(0, -21, -66)
(0, -21, -65)
(0, -21, -64)
(1, -22, -64)
(1, -22, -63)
(1, -22, -62)
(1, -22, -61)
(0, -22, -60)
(0, -22, -59)
(1, -22, -59)
(1, -22, -58)
(0, -21, -57)
(1, -21, -58)
(1, -21, -59)
(0, -20, -59)
(1, -20, -60)
(0, -19, -59)
(0, -19, -58)
(1, -19, -58)
(0, -18, -58)
(1, -18, -59)
(0, -17, -58)
(0, -17, -57)
(1, -18, -57)
(1, -18, -56)
(0, -18, -55)
(1, -19, -56)
(0, -19, -56)
(1, -20, -56)
(1, -20, -55)
(1, -20, -54)
(0, -20, -53)
(1, -21, -53)
(0, -21, -52)
(1, -22, -53)
(0, -22, -53)
(0, -22, -54)
(1, -23, -55)
(1, -23, -56)
(0, -23, -56)
(0, -23, -57)
(0, -23, -58)
(1, -24, -59)
(0, -24, -58)
(0, -24, -57)
(1, -25, -57)
(1, -25, -56)
(1, -25, -55)
(1, -25, -54)
(0, -24, -53)
(1, -24, -53)
(1, -24, -52)
(0, -23, -51)
(0, -23, -50)
(1, -23, -50)
(1, -23, -49)
(1, -23, -48)
(0, -23, -47)
(0, -23, -46)
(0, -23, -45)
(1, -24, -45)
(0, -24, -45)
(1, -25, -45)
(0, -25, -45)
(1, -26, -46)
(0, -26, -45)
(1, -27, -45)
(1, -27, -44)
(0, -27, -43)
(1, -28, -43)
(1, -28, -42)
(0, -28, -41)
(0, -28, -40)
(1, -28, -40)
(0, -27, -40)
(1, -27, -41)
(1, -27, -42)
(0, -26, -42)
(1, -26, -43)
(0, -25, -43)
(1, -25, -43)
(1, -25, -42)
(0, -25, -41)
(1, -26, -41)
(1, -26, -40)
(0, -26, -39)
(0, -26, -38)
(0, -26, -37)
(1, -27, -37)
(1, -27, -36)
(1, -27, -35)
(0, -27, -34)
(0, -27, -33)
(0, -27, -32)
(0, -27, -31)
(1, -28, -31)
(0, -28, -30)
(1, -29, -30)
(0, -29, -29)
(0, -29, -28)
(1, -29, -28)
(0, -28, -27)
(1, -28, -27)
(0, -27, -27)
(1, -27, -28)
(0, -26, -28)
(1, -26, -28)
(0, -25, -27)
(0, -25, -26)
(1, -25, -26)
(0, -24, -26)
(0, -24, -27)
(0, -24, -28)
(0, -24, -29)
(1, -24, -30)
(1, -24, -31)
(0, -24, -31)
(1, -25, -32)
(1, -25, -33)
(0, -25, -33)
(0, -25, -34)
(1, -26, -35)
(1, -26, -36)
(0, -25, -36)
(0, -25, -37)
(1, -25, -38)
(0, -24, -38)
(1, -24, -38)
(0, -23, -37)
(1, -23, -37)
(0, -22, -36)
(1, -22, -37)
(1, -22, -38)
(0, -22, -38)
(1, -23, -39)
(1, -23, -40)
(0, -23, -40)
(0, -23, -41)
(1, -23, -42)
(0, -22, -42)
(1, -22, -42)
(0, -21, -41)
(0, -21, -40)
(1, -21, -40)
(0, -20, -39)
(1, -20, -40)
(0, -19, -39)
(0, -19, -38)
(0, -19, -37)
(1, -19, -37)
(0, -18, -37)
(0, -18, -38)
(1, -18, -39)
(0, -17, -39)
(0, -17, -40)
(1, -17, -41)
(1, -17, -42)
(0, -17, -42)
(1, -18, -42)
(0, -18, -42)
(1, -19, -43)
(0, -19, -42)
(1, -20, -43)
(0, -20, -43)
(1, -21, -44)
(1, -21, -45)
(0, -21, -45)
(0, -21, -46)
(0, -21, -47)
(0, -21, -48)
(0, -21, -49)
(0, -21, -50)
(1, -21, -51)
(0, -20, -51)
(1, -20, -51)
(0, -19, -51)
(1, -19, -51)
(1, -19, -50)
(1, -19, -49)
(0, -19, -48)
(0, -19, -47)
(0, -19, -46)
(1, -19, -46)
(1, -19, -45)
(0, -18, -44)
(1, -18, -45)
(0, -17, -44)
(1, -17, -44)
(0, -16, -43)
(1, -16, -44)
(1, -16, -45)
(0, -15, -45)
(1, -15, -46)
(1, -15, -47)
(1, -15, -48)
(1, -15, -49)
(0, -14, -49)
(0, -14, -50)
(0, -14, -51)
(1, -15, -52)
(0, -15, -51)
(1, -16, -52)
(1, -16, -53)
(1, -16, -54)
(0, -15, -54)
(0, -15, -55)
(1, -16, -56)
(1, -16, -57)
(1, -16, -58)
(0, -16, -58)
(0, -16, -59)
(1, -17, -60)
(0, -17, -60)
(1, -18, -61)
(1, -18, -62)
(0, -17, -62)
(1, -17, -62)
(0, -16, -61)
(1, -16, -62)
(0, -15, -61)
(1, -15, -62)
(0, -14, -61)
(1, -14, -62)
(0, -13, -61)
(1, -13, -62)
(0, -12, -61)
(1, -12, -62)
(0, -11, -62)
(0, -11, -63)
(1, -11, -64)
(0, -10, -63)
(1, -10, -64)
(0, -9, -64)
(1, -9, -64)
(1, -9, -63)
(1, -9, -62)
(1, -9, -61)
(0, -9, -60)
(1, -10, -61)
(0, -10, -61)
(1, -11, -61)
(1, -11, -60)
(0, -10, -59)
(0, -10, -58)
(1, -11, -58)
(0, -11, -58)
(1, -12, -59)
(0, -12, -58)
(1, -13, -58)
(0, -13, -58)
(0, -13, -59)
(1, -14, -60)
(0, -14, -59)
(1, -15, -59)
(1, -15, -58)
(0, -14, -57)
(0, -14, -56)
(1, -14, -56)
(0, -13, -56)
(1, -13, -56)
(1, -13, -55)
(0, -12, -54)
(1, -12, -54)
(1, -12, -53)
(0, -11, -52)
(1, -11, -53)
(0, -10, -53)
(1, -10, -54)
(1, -10, -55)
(0, -9, -55)
(1, -9, -56)
(0, -8, -55)
(1, -8, -56)
(1, -8, -57)
(0, -8, -57)
(0, -8, -58)
(1, -8, -59)
(0, -7, -58)
(1, -7, -58)
(1, -7, -57)
(0, -6, -56)
(0, -6, -55)
(1, -7, -55)
(0, -7, -54)
(0, -7, -53)
(1, -8, -53)
(1, -8, -52)
(0, -8, -51)
(0, -8, -50)
(1, -8, -50)
(0, -7, -49)
(1, -7, -50)
(0, -6, -50)
(1, -6, -50)
(0, -5, -50)
(1, -5, -51)
(0, -4, -50)
(1, -4, -50)
(0, -3, -50)
(1, -3, -51)
(1, -3, -52)
(1, -3, -53)
(1, -3, -54)
(0, -3, -54)
(0, -3, -55)
(0, -3, -56)
(1, -3, -57)
(0, -2, -57)
(1, -2, -58)
(0, -1, -58)
(1, -1, -59)
(0, 0, -59)
(1, 0, -60)
(0, 1, -60)
(1, 1, -61)
(0, 2, -60)
(0, 2, -59)
(1, 1, -59)
(1, 1, -58)
(1, 1, -57)
(1, 1, -56)
(0, 1, -55)
(0, 1, -54)
(1, 1, -54)
(0, 2, -53)
(0, 2, -52)
(0, 2, -51)
(0, 2, -50)
(1, 1, -50)
(0, 1, -49)
(0, 1, -48)
(1, 0, -48)
(0, 0, -47)
(0, 0, -46)
(1, 0, -46)
(0, 1, -45)
(1, 1, -46)
(0, 2, -46)
(1, 2, -47)
(1, 2, -48)
(1, 2, -49)
(0, 3, -49)
(1, 3, -50)
(0, 4, -50)
(1, 4, -51)
(0, 5, -50)
(1, 5, -50)
(0, 6, -49)
(1, 6, -49)
(0, 7, -49)
(1, 7, -50)
(0, 8, -50)
(1, 8, -51)
(0, 9, -51)
(0, 9, -52)
(1, 9, -53)
(0, 10, -52)
(1, 10, -53)
(1, 10, -54)
(1, 10, -55)
(0, 11, -55)
(0, 11, -56)
(1, 11, -57)
(1, 11, -58)
(0, 12, -58)
(1, 12, -59)
(0, 13, -58)
(1, 13, -59)
(0, 14, -58)
(0, 14, -57)
(0, 14, -56)
(1, 14, -56)
(0, 15, -56)
(1, 15, -57)
(0, 16, -56)
(0, 16, -55)
(0, 16, -54)
(1, 16, -54)
(0, 17, -54)
(1, 17, -54)
(1, 17, -53)
(0, 18, -52)
(0, 18, -51)
(1, 18, -51)
(1, 18, -50)
(1, 18, -49)
(1, 18, -48)
(1, 18, -47)
(0, 19, -46)
(1, 19, -46)
(0, 20, -46)
(1, 20, -46)
(0, 21, -46)
(0, 21, -47)
(1, 21, -48)
(0, 22, -48)
(0, 22, -49)
(0, 22, -50)
(1, 21, -51)
(1, 21, -52)
(1, 21, -53)
(0, 22, -53)
(1, 22, -54)
(0, 23, -54)
(0, 23, -55)
(0, 23, -56)
(1, 23, -57)
(0, 24, -56)
(0, 24, -55)
(1, 24, -55)
(0, 25, -55)
(1, 25, -55)
(0, 26, -55)
(1, 26, -56)
(1, 26, -57)
(0, 27, -57)
(0, 27, -58)
(1, 27, -59)
(0, 28, -58)
(0, 28, -57)
(1, 28, -57)
(0, 29, -57)
(1, 29, -57)
(0, 30, -56)
(1, 30, -57)
(1, 30, -58)
(0, 31, -58)
(1, 31, -59)
(0, 32, -59)
(1, 32, -59)
(1, 32, -58)
(0, 32, -57)
(0, 32, -56)
(0, 32, -55)
(1, 32, -55)
(0, 33, -55)
(1, 33, -56)
(1, 33, -57)
(0, 34, -57)
(1, 34, -58)
(0, 35, -57)
(0, 35, -56)
(1, 34, -56)
(1, 34, -55)
(0, 34, -54)
(0, 34, -53)
(1, 34, -53)
(1, 34, -52)
(0, 35, -51)
(0, 35, -50)
(1, 34, -50)
(0, 34, -49)
(1, 33, -49)
(1, 33, -48)
(1, 33, -47)
(0, 34, -46)
(1, 34, -47)
(0, 35, -47)
(1, 35, -48)
(0, 36, -47)
(1, 36, -48)
(0, 37, -47)
(0, 37, -46)
(1, 37, -46)
(0, 38, -46)
(0, 38, -47)
(0, 38, -48)
(1, 37, -49)
(1, 37, -50)
(0, 38, -50)
(0, 38, -51)
(1, 38, -52)
(0, 39, -51)
(0, 39, -50)
(1, 39, -50)
(1, 39, -49)
(1, 39, -48)
(0, 39, -47)
(0, 39, -46)
(1, 39, -46)
(0, 40, -46)
(1, 40, -47)
(1, 40, -48)
(0, 41, -48)
(0, 41, -49)
(1, 41, -50)
(1, 41, -51)
(0, 42, -51)
(0, 42, -52)
(1, 42, -53)
(1, 42, -54)
(1, 42, -55)
(1, 42, -56)
(0, 42, -56)
(1, 41, -56)
(0, 41, -55)
(0, 41, -54)
(1, 40, -54)
(0, 40, -53)
(1, 39, -54)
(1, 39, -55)
(0, 39, -55)
(1, 38, -55)
(0, 38, -55)
(1, 37, -56)
(0, 37, -56)
(0, 37, -57)
(1, 37, -58)
(0, 38, -58)
(1, 38, -58)
(0, 39, -57)
(1, 39, -58)
(1, 39, -59)
(1, 39, -60)
(1, 39, -61)
(1, 39, -62)
(0, 40, -62)
(1, 40, -62)
(0, 41, -61)
(1, 41, -61)
(0, 42, -61)
(1, 42, -61)
(1, 42, -60)
(1, 42, -59)
(0, 43, -58)
(0, 43, -57)
(1, 43, -57)
(0, 44, -56)
(0, 44, -55)
(1, 43, -55)
(1, 43, -54)
(1, 43, -53)
(0, 44, -52)
(1, 44, -53)
(0, 45, -52)
(1, 45, -53)
(1, 45, -54)
(1, 45, -55)
(0, 45, -55)
(0, 45, -56)
(0, 45, -57)
(0, 45, -58)
(1, 45, -59)
(0, 46, -59)
(0, 46, -60)
(0, 46, -61)
(0, 46, -62)
(1, 45, -63)
(0, 45, -63)
(0, 45, -64)
(0, 45, -65)
(1, 44, -66)
(1, 44, -67)
(0, 44, -67)
(1, 43, -67)
(1, 43, -66)
(1, 43, -65)
(0, 43, -64)
(1, 42, -65)
(0, 42, -64)
(1, 41, -65)
(0, 41, -65)
(0, 41, -66)
(1, 41, -67)
(0, 42, -66)
(1, 42, -67)
(1, 42, -68)
(0, 43, -68)
(1, 43, -69)
(1, 43, -70)
(1, 43, -71)
(0, 43, -71)
(0, 43, -72)
(1, 42, -73)
(0, 42, -73)
(1, 41, -73)
(1, 41, -72)
(1, 41, -71)
(0, 41, -70)
(1, 40, -70)
(1, 40, -69)
