(0, 70, -142)
(1, 69, -142)
(0, 69, -142)
(1, 68, -142)
(1, 68, -141)
(0, 69, -140)
(0, 69, -139)
(1, 68, -139)
(0, 68, -139)
(1, 67, -139)
(1, 67, -138)
(0, 68, -137)
(1, 68, -137)
(1, 68, -136)
(0, 68, -135)
(0, 68, -134)
(0, 68, -133)
(1, 68, -133)
(0, 69, -132)
(0, 69, -131)
(1, 68, -131)
(0, 68, -130)
(0, 68, -129)
(1, 68, -129)
(1, 68, -128)
(0, 68, -127)
(1, 67, -128)
(0, 67, -127)
(1, 66, -127)
(0, 66, -127)
(1, 65, -127)
(0, 65, -127)
(1, 64, -127)
(1, 64, -126)
(1, 64, -125)
(1, 64, -124)
(0, 64, -123)
(1, 63, -124)
(1, 63, -125)
(0, 63, -125)
(1, 62, -125)
(1, 62, -124)
(1, 62, -123)
(0, 62, -122)
(0, 62, -121)
(1, 61, -121)
(0, 61, -120)
(0, 61, -119)
(1, 61, -119)
(0, 62, -118)
(0, 62, -117)
(0, 62, -116)
(1, 62, -116)
(0, 63, -116)
(1, 63, -117)
(0, 64, -116)
(1, 64, -117)
(0, 65, -116)
(1, 65, -116)
(0, 66, -116)
(1, 66, -116)
(1, 66, -115)
(1, 66, -114)
(0, 66, -113)
(1, 65, -114)
(0, 65, -114)
(1, 64, -115)
(0, 64, -114)
(1, 63, -115)
(0, 63, -114)
(0, 63, -113)
(0, 63, -112)
(1, 63, -112)
(0, 64, -111)
(1, 64, -111)
(0, 65, -110)
(0, 65, -109)
(1, 65, -109)
(1, 65, -108)
(1, 65, -107)
(0, 65, -106)
(1, 64, -107)
(0, 64, -107)
(0, 64, -108)
(0, 64, -109)
(1, 63, -110)
(0, 63, -109)
(0, 63, -108)
(1, 62, -108)
(0, 62, -107)
(1, 61, -107)
(1, 61, -106)
(1, 61, -105)
(0, 61, -104)
(1, 60, -104)
(1, 60, -103)
(0, 60, -102)
(0, 60, -101)
(1, 59, -101)
(0, 59, -101)
(1, 58, -101)
(0, 58, -101)
(0, 58, -102)
(1, 57, -103)
(1, 57, -104)
(0, 57, -104)
(0, 57, -105)
(1, 57, -106)
(1, 57, -107)
(1, 57, -108)
(0, 57, -108)
(0, 57, -109)
(1, 57, -110)
(1, 57, -111)
(0, 57, -111)
(1, 56, -112)
(1, 56, -113)
(0, 57, -113)
(1, 57, -114)
(1, 57, -115)
(1, 57, -116)
(0, 57, -116)
(1, 56, -117)
(1, 56, -118)
(0, 56, -118)
(0, 56, -119)
(0, 56, -120)
(1, 56, -121)
(0, 57, -120)
(1, 57, -120)
(0, 58, -119)
(1, 58, -120)
(0, 59, -120)
(1, 59, -121)
(0, 60, -121)
(1, 60, -122)
(0, 61, -122)
(0, 61, -123)
(1, 60, -124)
(0, 60, -123)
(1, 59, -124)
(1, 59, -125)
(0, 60, -125)
(1, 60, -126)
(1, 60, -127)
(0, 61, -127)
(1, 61, -127)
(0, 62, -127)
(0, 62, -128)
(0, 62, -129)
(1, 62, -130)
(1, 62, -131)
(0, 62, -131)
(1, 61, -132)
(0, 61, -131)
(0, 61, -130)
(1, 60, -130)
(0, 60, -130)
(0, 60, -131)
(1, 59, -132)
(1, 59, -133)
(0, 60, -133)
(1, 60, -134)
(0, 61, -133)
(1, 61, -134)
(0, 62, -134)
(0, 62, -135)
(1, 61, -136)
(0, 61, -136)
(0, 61, -137)
(0, 61, -138)
(0, 61, -139)
(0, 61, -140)
(1, 61, -141)
(0, 62, -140)
(0, 62, -139)
(1, 62, -139)
(0, 63, -138)
(0, 63, -137)
(0, 63, -136)
(1, 63, -136)
(0, 64, -135)
(1, 64, -136)
(1, 64, -137)
(0, 64, -137)
(0, 64, -138)
(1, 64, -139)
(1, 64, -140)
(0, 65, -140)
(1, 65, -141)
(0, 66, -140)
(1, 66, -141)
(0, 67, -141)
(0, 67, -142)
(0, 67, -143)
(1, 67, -144)
(0, 68, -144)
(1, 68, -145)
(0, 69, -145)
(1, 69, -145)
(0, 70, -145)
(1, 70, -146)
(0, 71, -146)
(0, 71, -147)
(1, 71, -148)
(1, 71, -149)
(0, 72, -149)
(1, 72, -149)
(0, 73, -149)
(1, 73, -150)
(0, 74, -150)
(1, 74, -151)
(0, 75, -151)
(1, 75, -151)
(1, 75, -150)
(0, 75, -149)
(0, 75, -148)
(0, 75, -147)
(1, 74, -147)
(0, 74, -147)
(1, 73, -147)
(0, 73, -147)
(1, 72, -147)
(0, 72, -146)
(0, 72, -145)
(1, 72, -145)
(0, 73, -144)
(0, 73, -143)
(1, 72, -143)
(1, 72, -142)
(0, 73, -141)
(0, 73, -140)
(1, 72, -140)
(0, 72, -139)
(1, 71, -139)
(1, 71, -138)
(0, 72, -137)
(0, 72, -136)
(1, 71, -136)
(0, 71, -136)
(1, 70, -136)
(0, 70, -135)
(1, 69, -135)
(1, 69, -134)
(0, 70, -133)
(1, 70, -133)
(0, 71, -133)
(1, 71, -134)
(0, 72, -133)
(0, 72, -132)
(1, 71, -132)
(0, 71, -131)
(1, 70, -131)
(1, 70, -130)
(1, 70, -129)
(1, 70, -128)
(1, 70, -127)
(0, 71, -126)
(0, 71, -125)
(0, 71, -124)
(1, 70, -124)
(0, 70, -124)
(0, 70, -125)
(1, 69, -126)
(0, 69, -125)
(0, 69, -124)
(0, 69, -123)
(1, 69, -123)
(0, 70, -122)
(1, 70, -122)
(0, 71, -121)
(1, 71, -122)
(1, 71, -123)
(0, 72, -123)
(0, 72, -124)
(0, 72, -125)
(0, 72, -126)
(1, 72, -127)
(0, 73, -126)
(1, 73, -126)
(1, 73, -125)
(1, 73, -124)
(0, 74, -123)
(1, 74, -124)
(0, 75, -124)
(1, 75, -124)
(1, 75, -123)
(0, 75, -122)
(1, 74, -122)
(1, 74, -121)
(1, 74, -120)
(1, 74, -119)
(1, 74, -118)
(0, 75, -117)
(1, 75, -118)
(1, 75, -119)
(1, 75, -120)
(0, 76, -120)
(1, 76, -120)
(1, 76, -119)
(1, 76, -118)
(0, 77, -117)
(1, 77, -118)
(1, 77, -119)
(1, 77, -120)
(1, 77, -121)
(0, 78, -121)
(1, 78, -121)
(1, 78, -120)
(0, 79, -119)
(1, 79, -120)
(1, 79, -121)
(0, 80, -121)
(0, 80, -122)
(0, 80, -123)
(1, 80, -124)
(1, 80, -125)
(0, 80, -125)
(1, 79, -126)
(0, 79, -126)
(1, 78, -126)
(0, 78, -125)
(1, 77, -126)
(0, 77, -126)
(1, 76, -127)
(1, 76, -128)
(1, 76, -129)
(1, 76, -130)
(0, 76, -130)
(1, 75, -130)
(0, 75, -129)
(0, 75, -128)
(1, 75, -128)
(1, 75, -127)
(0, 75, -126)
(1, 74, -127)
(0, 74, -127)
(0, 74, -128)
(0, 74, -129)
(0, 74, -130)
(1, 73, -131)
(1, 73, -132)
(0, 73, -132)
(0, 73, -133)
(1, 73, -134)
(0, 74, -133)
(1, 74, -134)
(0, 75, -134)
(1, 75, -135)
(1, 75, -136)
(0, 76, -136)
(1, 76, -136)
(1, 76, -135)
(1, 76, -134)
(1, 76, -133)
(0, 77, -132)
(0, 77, -131)
(1, 77, -131)
(0, 78, -131)
(1, 78, -131)
(0, 79, -131)
(0, 79, -132)
(0, 79, -133)
(1, 79, -134)
(0, 80, -134)
(1, 80, -135)
(1, 80, -136)
(0, 80, -136)
(1, 79, -136)
(0, 79, -136)
(1, 78, -136)
(0, 78, -135)
(1, 77, -136)
(1, 77, -137)
(0, 77, -137)
(0, 77, -138)
(1, 76, -139)
(0, 76, -139)
(1, 75, -139)
(0, 75, -138)
(1, 74, -138)
(0, 74, -137)
(1, 73, -138)
(1, 73, -139)
(0, 74, -139)
(0, 74, -140)
(0, 74, -141)
(1, 74, -142)
(0, 75, -141)
(1, 75, -141)
(0, 76, -141)
(1, 76, -141)
(0, 77, -141)
(0, 77, -142)
(1, 77, -143)
(0, 78, -142)
(1, 78, -143)
(0, 79, -143)
(1, 79, -144)
(1, 79, -145)
(0, 79, -145)
(1, 78, -145)
(0, 78, -145)
(1, 77, -145)
(0, 77, -145)
(1, 76, -146)
(1, 76, -147)
(1, 76, -148)
(0, 77, -148)
(1, 77, -149)
(1, 77, -150)
(0, 78, -150)
(1, 78, -150)
(0, 79, -149)
(0, 79, -148)
(0, 79, -147)
(1, 79, -147)
(0, 80, -146)
(1, 80, -146)
(0, 81, -145)
(1, 81, -145)
(0, 82, -144)
(1, 82, -145)
(0, 83, -145)
(0, 83, -146)
(1, 83, -147)
(1, 83, -148)
(0, 83, -148)
(1, 82, -148)
(0, 82, -148)
(1, 81, -148)
(0, 81, -147)
(1, 80, -148)
(1, 80, -149)
(1, 80, -150)
(0, 80, -150)
(1, 79, -151)
(0, 79, -151)
(1, 78, -152)
(1, 78, -153)
(1, 78, -154)
(1, 78, -155)
(0, 79, -155)
(0, 79, -156)
(1, 78, -157)
(0, 78, -156)
(1, 77, -156)
(0, 77, -155)
(0, 77, -154)
(1, 76, -154)
(0, 76, -153)
(1, 75, -153)
(0, 75, -153)
(0, 75, -154)
(0, 75, -155)
(0, 75, -156)
(1, 74, -157)
(0, 74, -156)
(0, 74, -155)
(1, 73, -155)
(1, 73, -154)
(0, 74, -153)
(0, 74, -152)
(1, 73, -152)
(0, 73, -151)
(1, 72, -152)
(1, 72, -153)
(0, 72, -153)
(1, 71, -153)
(0, 71, -153)
(0, 71, -154)
(1, 71, -155)
(1, 71, -156)
(1, 71, -157)
(1, 71, -158)
(1, 71, -159)
(0, 71, -159)
(0, 71, -160)
(0, 71, -161)
(1, 71, -162)
(0, 72, -162)
(1, 72, -162)
(0, 73, -161)
(1, 73, -161)
(0, 74, -160)
(1, 74, -160)
(1, 74, -159)
(0, 75, -158)
(1, 75, -159)
(0, 76, -158)
(1, 76, -159)
(1, 76, -160)
(0, 76, -160)
(0, 76, -161)
(1, 75, -162)
(1, 75, -163)
(0, 75, -163)
(1, 74, -164)
(0, 74, -163)
(1, 73, -164)
(1, 73, -165)
(0, 73, -165)
(1, 72, -166)
(0, 72, -166)
(1, 71, -166)
(0, 71, -166)
(1, 70, -167)
(1, 70, -168)
(0, 70, -168)
(0, 70, -169)
(1, 69, -170)
(0, 69, -169)
(1, 68, -169)
(0, 68, -169)
(1, 67, -170)
(0, 67, -170)
(1, 66, -170)
(0, 66, -169)
(0, 66, -168)
(1, 66, -168)
(1, 66, -167)
(1, 66, -166)
(0, 66, -165)
(1, 65, -166)
(1, 65, -167)
(0, 65, -167)
(1, 64, -168)
(1, 64, -169)
(0, 65, -169)
(0, 65, -170)
(0, 65, -171)
(1, 64, -172)
(0, 64, -171)
(1, 63, -172)
(1, 63, -173)
(1, 63, -174)
(0, 64, -174)
(0, 64, -175)
(1, 64, -176)
(1, 64, -177)
(0, 64, -177)
(1, 63, -178)
(0, 63, -178)
(1, 62, -179)
(0, 62, -178)
(1, 61, -179)
(0, 61, -178)
(1, 60, -178)
(0, 60, -178)
(1, 59, -179)
(0, 59, -179)
(1, 58, -180)
(0, 58, -179)
(1, 57, -179)
(0, 57, -178)
(1, 56, -178)
(0, 56, -177)
(1, 55, -177)
(1, 55, -176)
(0, 55, -175)
(0, 55, -174)
(1, 54, -174)
(1, 54, -173)
(0, 54, -172)
(1, 53, -173)
(1, 53, -174)
(1, 53, -175)
(1, 53, -176)
(0, 54, -176)
(1, 54, -177)
(1, 54, -178)
(0, 55, -178)
(0, 55, -179)
(1, 54, -180)
(1, 54, -181)
(1, 54, -182)
(0, 54, -182)
(1, 53, -183)
(1, 53, -184)
(0, 53, -184)
(0, 53, -185)
(1, 53, -186)
(0, 54, -186)
(0, 54, -187)
(1, 53, -188)
(0, 53, -188)
(0, 53, -189)
(1, 52, -190)
(0, 52, -189)
(1, 51, -189)
(0, 51, -189)
(1, 50, -189)
(1, 50, -188)
(1, 50, -187)
(0, 51, -186)
(1, 51, -187)
(0, 52, -186)
(0, 52, -185)
(0, 52, -184)
(1, 51, -184)
(1, 51, -183)
(0, 52, -182)
(0, 52, -181)
(1, 52, -181)
(1, 52, -180)
(1, 52, -179)
(1, 52, -178)
(0, 52, -177)
(0, 52, -176)
(0, 52, -175)
(1, 51, -175)
(0, 51, -174)
(0, 51, -173)
(1, 51, -173)
(0, 52, -172)
(1, 52, -172)
(0, 53, -171)
(1, 53, -171)
(1, 53, -170)
(0, 54, -169)
(1, 54, -169)
(0, 55, -169)
(1, 55, -169)
(1, 55, -168)
(0, 55, -167)
(0, 55, -166)
(0, 55, -165)
(1, 54, -165)
(1, 54, -164)
(1, 54, -163)
(1, 54, -162)
(0, 54, -161)
(1, 53, -162)
(0, 53, -162)
(1, 52, -163)
(0, 52, -163)
(0, 52, -164)
(0, 52, -165)
(1, 51, -166)
(0, 51, -166)
(1, 50, -167)
(0, 50, -166)
(1, 49, -166)
(0, 49, -166)
(1, 48, -167)
(1, 48, -168)
(0, 49, -168)
(1, 49, -169)
(0, 50, -169)
(1, 50, -169)
(0, 51, -168)
(1, 51, -168)
(0, 52, -167)
(1, 52, -168)
(1, 52, -169)
(1, 52, -170)
(0, 52, -170)
(1, 51, -171)
(0, 51, -170)
(1, 50, -171)
(0, 50, -171)
(1, 49, -171)
(0, 49, -171)
(1, 48, -172)
(0, 48, -171)
(0, 48, -170)
(0, 48, -169)
(1, 47, -169)
(1, 47, -168)
(1, 47, -167)
(0, 47, -166)
(1, 46, -166)
(0, 46, -165)
(0, 46, -164)
(1, 45, -164)
(1, 45, -163)
(0, 45, -162)
(1, 44, -162)
(0, 44, -161)
(1, 43, -162)
(0, 43, -161)
(1, 42, -162)
(0, 42, -161)
(0, 42, -160)
(1, 41, -160)
(1, 41, -159)
(0, 41, -158)
(1, 40, -159)
(1, 40, -160)
(1, 40, -161)
(1, 40, -162)
(0, 41, -162)
(1, 41, -163)
(1, 41, -164)
(0, 41, -164)
(1, 40, -164)
(0, 40, -164)
(0, 40, -165)
(1, 39, -166)
(0, 39, -165)
(1, 38, -166)
(0, 38, -165)
(0, 38, -164)
(0, 38, -163)
(0, 38, -162)
(1, 38, -162)
(1, 38, -161)
(0, 38, -160)
(0, 38, -159)
(1, 38, -159)
(1, 38, -158)
(0, 38, -157)
(0, 38, -156)
(1, 38, -156)
(0, 39, -155)
(1, 39, -156)
(0, 40, -156)
(1, 40, -157)
(0, 41, -156)
(0, 41, -155)
(1, 41, -155)
(1, 41, -154)
(1, 41, -153)
(0, 41, -152)
(1, 40, -152)
(0, 40, -152)
(1, 39, -152)
(0, 39, -151)
(1, 38, -151)
(1, 38, -150)
(0, 39, -149)
(1, 39, -149)
(0, 40, -148)
(1, 40, -149)
(0, 41, -149)
(0, 41, -150)
(1, 41, -151)
(0, 42, -150)
(1, 42, -150)
(1, 42, -149)
(1, 42, -148)
(0, 43, -147)
(1, 43, -147)
(0, 44, -146)
(1, 44, -147)
(1, 44, -148)
(0, 45, -148)
(0, 45, -149)
(0, 45, -150)
(1, 45, -151)
(0, 46, -151)
(1, 46, -152)
(0, 47, -152)
(1, 47, -152)
(1, 47, -151)
(0, 47, -150)
(0, 47, -149)
(1, 47, -149)
(0, 48, -149)
(1, 48, -150)
(0, 49, -150)
(1, 49, -151)
(1, 49, -152)
(0, 49, -152)
(1, 48, -153)
(0, 48, -153)
(1, 47, -154)
(1, 47, -155)
(0, 48, -155)
(1, 48, -156)
(0, 49, -155)
(1, 49, -156)
(0, 50, -156)
(0, 50, -157)
(0, 50, -158)
(0, 50, -159)
(1, 50, -160)
(0, 51, -159)
(0, 51, -158)
(1, 51, -158)
(0, 52, -158)
(0, 52, -159)
(1, 52, -160)
(0, 53, -159)
(1, 53, -159)
(0, 54, -158)
(1, 54, -159)
(1, 54, -160)
(0, 55, -160)
(1, 55, -160)
(0, 56, -160)
(1, 56, -161)
(0, 57, -160)
(1, 57, -161)
(0, 58, -160)
(1, 58, -160)
(1, 58, -159)
(0, 59, -158)
(0, 59, -157)
(1, 58, -157)
(0, 58, -157)
(1, 57, -157)
(1, 57, -156)
(0, 57, -155)
(0, 57, -154)
(0, 57, -153)
(1, 57, -153)
(0, 58, -153)
(1, 58, -153)
(0, 59, -152)
(1, 59, -153)
(1, 59, -154)
(0, 60, -154)
(1, 60, -154)
(0, 61, -153)
(0, 61, -152)
(1, 61, -152)
(1, 61, -151)
(0, 61, -150)
(0, 61, -149)
(0, 61, -148)
(1, 61, -148)
(0, 62, -147)
(1, 62, -147)
(0, 63, -146)
(1, 63, -146)
(1, 63, -145)
(0, 63, -144)
(0, 63, -143)
(0, 63, -142)
(1, 62, -142)
(0, 62, -142)
(0, 62, -143)
(1, 61, -144)
(0, 61, -144)
(1, 60, -145)
(0, 60, -145)
(0, 60, -146)
(0, 60, -147)
(0, 60, -148)
(0, 60, -149)
(1, 59, -150)
(0, 59, -149)
(0, 59, -148)
(0, 59, -147)
(0, 59, -146)
(1, 58, -146)
(0, 58, -146)
(1, 57, -146)
(1, 57, -145)
(1, 57, -144)
(0, 58, -143)
(1, 58, -143)
(1, 58, -142)
(1, 58, -141)
(0, 59, -140)
(1, 59, -141)
(0, 60, -140)
(0, 60, -139)
(1, 59, -139)
(0, 59, -138)
(1, 58, -139)
(0, 58, -138)
(0, 58, -137)
(1, 57, -137)
(0, 57, -137)
(0, 57, -138)
(0, 57, -139)
(1, 57, -140)
(1, 57, -141)
(0, 57, -141)
(0, 57, -142)
(1, 56, -143)
(1, 56, -144)
(0, 56, -144)
(1, 55, -145)
(1, 55, -146)
(1, 55, -147)
(0, 56, -147)
(1, 56, -148)
(1, 56, -149)
(1, 56, -150)
(0, 57, -150)
(0, 57, -151)
(1, 56, -152)
(0, 56, -151)
(1, 55, -151)
(1, 55, -150)
(0, 55, -149)
(1, 54, -149)
(1, 54, -148)
(1, 54, -147)
(1, 54, -146)
(1, 54, -145)
(0, 54, -144)
(1, 53, -144)
(1, 53, -143)
(0, 54, -142)
(1, 54, -142)
(1, 54, -141)
(0, 54, -140)
(1, 53, -141)
(0, 53, -140)
(1, 52, -140)
(0, 52, -139)
(0, 52, -138)
(1, 52, -138)
(0, 53, -138)
(1, 53, -138)
(0, 54, -138)
(1, 54, -139)
(0, 55, -138)
(1, 55, -139)
(0, 56, -138)
(0, 56, -137)
(1, 55, -137)
(0, 55, -136)
(1, 54, -137)
(0, 54, -136)
(0, 54, -135)
(1, 53, -135)
(1, 53, -134)
(0, 54, -133)
(1, 54, -134)
(0, 55, -134)
(1, 55, -134)
(1, 55, -133)
(1, 55, -132)
(1, 55, -131)
(1, 55, -130)
(0, 56, -129)
(1, 56, -129)
(0, 57, -128)
(1, 57, -128)
(1, 57, -127)
(0, 58, -126)
(1, 58, -126)
(1, 58, -125)
(0, 58, -124)
(1, 57, -125)
(0, 57, -124)
(1, 56, -124)
(1, 56, -123)
(0, 56, -122)
(1, 55, -123)
(0, 55, -122)
(1, 54, -122)
(0, 54, -121)
(1, 53, -121)
(1, 53, -120)
(1, 53, -119)
(0, 54, -118)
(0, 54, -117)
(1, 53, -117)
(0, 53, -116)
(0, 53, -115)
(1, 52, -115)
(0, 52, -114)
(0, 52, -113)
(1, 51, -113)
(0, 51, -113)
(1, 50, -113)
(0, 50, -113)
(1, 49, -113)
(0, 49, -112)
(1, 48, -113)
(0, 48, -113)
(1, 47, -113)
(0, 47, -112)
(0, 47, -111)
(0, 47, -110)
(1, 46, -110)
(0, 46, -110)
(0, 46, -111)
(1, 45, -112)
(1, 45, -113)
(0, 45, -113)
(1, 44, -114)
(0, 44, -113)
(1, 43, -114)
(0, 43, -113)
(1, 42, -114)
(1, 42, -115)
(1, 42, -116)
(1, 42, -117)
(0, 43, -117)
(1, 43, -118)
(0, 44, -118)
(1, 44, -119)
(0, 45, -119)
(0, 45, -120)
(0, 45, -121)
(1, 45, -122)
(1, 45, -123)
(0, 46, -123)
(1, 46, -124)
(0, 47, -124)
(1, 47, -124)
(1, 47, -123)
(0, 47, -122)
(1, 46, -122)
(1, 46, -121)
(0, 47, -120)
(0, 47, -119)
(1, 46, -119)
(1, 46, -118)
(0, 46, -117)
(1, 45, -117)
(1, 45, -116)
(0, 46, -115)
(1, 46, -116)
(0, 47, -116)
(1, 47, -116)
(0, 48, -116)
(1, 48, -116)
(0, 49, -115)
(1, 49, -115)
(0, 50, -115)
(0, 50, -116)
(1, 50, -117)
(0, 51, -116)
(1, 51, -116)
(0, 52, -116)
(0, 52, -117)
(0, 52, -118)
(1, 51, -119)
(1, 51, -120)
(0, 51, -120)
(0, 51, -121)
(0, 51, -122)
(1, 50, -123)
(0, 50, -123)
(1, 49, -124)
(1, 49, -125)
(0, 50, -125)
(0, 50, -126)
(0, 50, -127)
(1, 49, -128)
(1, 49, -129)
(1, 49, -130)
(0, 50, -130)
(1, 50, -131)
(1, 50, -132)
(0, 50, -132)
(0, 50, -133)
(1, 49, -134)
(0, 49, -134)
(1, 48, -135)
(0, 48, -135)
(0, 48, -136)
(1, 47, -137)
(0, 47, -136)
(1, 46, -136)
(1, 46, -135)
(0, 46, -134)
(1, 45, -134)
(0, 45, -133)
(1, 44, -133)
(0, 44, -133)
(1, 43, -133)
(1, 43, -132)
(1, 43, -131)
(0, 44, -130)
(0, 44, -129)
(1, 44, -129)
(0, 45, -128)
(1, 45, -128)
(1, 45, -127)
(0, 46, -126)
(0, 46, -125)
(1, 45, -125)
(0, 45, -125)
(1, 44, -126)
(0, 44, -125)
(1, 43, -125)
(0, 43, -125)
(0, 43, -126)
(0, 43, -127)
(1, 42, -128)
(1, 42, -129)
(1, 42, -130)
(1, 42, -131)
(0, 42, -131)
(0, 42, -132)
(1, 42, -133)
(1, 42, -134)
(1, 42, -135)
(1, 42, -136)
(0, 42, -136)
(1, 41, -137)
(1, 41, -138)
(1, 41, -139)
(1, 41, -140)
(0, 41, -140)
(1, 40, -140)
(0, 40, -139)
(0, 40, -138)
(0, 40, -137)
(1, 39, -137)
(0, 39, -136)
(1, 38, -136)
(0, 38, -135)
(1, 37, -135)
(0, 37, -134)
(0, 37, -133)
(1, 37, -133)
(0, 38, -132)
(0, 38, -131)
(1, 38, -131)
(0, 39, -131)
(1, 39, -132)
(0, 40, -132)
(1, 40, -132)
(1, 40, -131)
(0, 40, -130)
(1, 39, -130)
(1, 39, -129)
(0, 39, -128)
(0, 39, -127)
(0, 39, -126)
(0, 39, -125)
(0, 39, -124)
(1, 38, -124)
(1, 38, -123)
(0, 39, -122)
(1, 39, -123)
(0, 40, -123)
(0, 40, -124)
(0, 40, -125)
(1, 40, -126)
(0, 41, -126)
(1, 41, -126)
(1, 41, -125)
(0, 42, -124)
(1, 42, -124)
(0, 43, -123)
(1, 43, -123)
(0, 44, -122)
(0, 44, -121)
(0, 44, -120)
(1, 43, -120)
(0, 43, -119)
(1, 42, -119)
(0, 42, -118)
(1, 41, -118)
(0, 41, -118)
(1, 40, -119)
(0, 40, -119)
(1, 39, -120)
(0, 39, -119)
(1, 38, -119)
(0, 38, -119)
(0, 38, -120)
(0, 38, -121)
(1, 37, -122)
(1, 37, -123)
(0, 37, -123)
(0, 37, -124)
(1, 37, -125)
(1, 37, -126)
(0, 38, -126)
(0, 38, -127)
(1, 37, -128)
(0, 37, -127)
(1, 36, -127)
(0, 36, -126)
(0, 36, -125)
(0, 36, -124)
(1, 35, -124)
(0, 35, -124)
(1, 34, -125)
(1, 34, -126)
(0, 35, -126)
(0, 35, -127)
(1, 34, -128)
(1, 34, -129)
(1, 34, -130)
(0, 35, -130)
(1, 35, -130)
(0, 36, -130)
(0, 36, -131)
(1, 35, -132)
(0, 35, -132)
(1, 34, -132)
(0, 34, -132)
(1, 33, -133)
(0, 33, -132)
(1, 32, -132)
(0, 32, -132)
(1, 31, -132)
(0, 31, -132)
(1, 30, -133)
(1, 30, -134)
(0, 31, -134)
(1, 31, -135)
(0, 32, -134)
(1, 32, -135)
(0, 33, -134)
(1, 33, -135)
(0, 34, -134)
(1, 34, -134)
(0, 35, -134)
(0, 35, -135)
(1, 35, -136)
(0, 36, -135)
(1, 36, -136)
(1, 36, -137)
(0, 36, -137)
(1, 35, -138)
(0, 35, -138)
(1, 34, -139)
(0, 34, -139)
(1, 33, -139)
(0, 33, -138)
(1, 32, -139)
(0, 32, -138)
(1, 31, -139)
(1, 31, -140)
(0, 32, -140)
(0, 32, -141)
(1, 32, -142)
(0, 33, -141)
(1, 33, -141)
(0, 34, -141)
(1, 34, -141)
(0, 35, -140)
(1, 35, -140)
(0, 36, -140)
(1, 36, -141)
(0, 37, -141)
(1, 37, -141)
(0, 38, -141)
(1, 38, -142)
(0, 39, -142)
(0, 39, -143)
(1, 39, -144)
(0, 40, -144)
(0, 40, -145)
(0, 40, -146)
(1, 39, -147)
(0, 39, -146)
(1, 38, -146)
(1, 38, -145)
(0, 38, -144)
(0, 38, -143)
(1, 37, -143)
(0, 37, -143)
(0, 37, -144)
(1, 36, -145)
(0, 36, -145)
(1, 35, -145)
(0, 35, -145)
(1, 34, -146)
(0, 34, -145)
(0, 34, -144)
(1, 33, -144)
(0, 33, -143)
(1, 32, -144)
(0, 32, -144)
(1, 31, -144)
(0, 31, -143)
(1, 30, -143)
(0, 30, -143)
(1, 29, -143)
(1, 29, -142)
(1, 29, -141)
(0, 30, -140)
(0, 30, -139)
(1, 29, -139)
(0, 29, -138)
(1, 28, -139)
(0, 28, -139)
(1, 27, -139)
(0, 27, -138)
(1, 26, -139)
(1, 26, -140)
(0, 26, -140)
(0, 26, -141)
(1, 25, -142)
(1, 25, -143)
(1, 25, -144)
(1, 25, -145)
(0, 26, -145)
(1, 26, -146)
(0, 27, -146)
(0, 27, -147)
(0, 27, -148)
(0, 27, -149)
(1, 27, -150)
(0, 28, -150)
(1, 28, -151)
(0, 29, -151)
(0, 29, -152)
(1, 29, -153)
(1, 29, -154)
(0, 29, -154)
(0, 29, -155)
(1, 28, -156)
(0, 28, -155)
(1, 27, -156)
(0, 27, -155)
(0, 27, -154)
(0, 27, -153)
(1, 26, -153)
(0, 26, -153)
(0, 26, -154)
(0, 26, -155)
(0, 26, -156)
(1, 26, -157)
(0, 27, -157)
(0, 27, -158)
(1, 26, -159)
(1, 26, -160)
(1, 26, -161)
(0, 27, -161)
(1, 27, -161)
(1, 27, -160)
(0, 28, -159)
(1, 28, -160)
(1, 28, -161)
(0, 29, -161)
(1, 29, -161)
(0, 30, -161)
(1, 30, -162)
(0, 31, -161)
(1, 31, -161)
(1, 31, -160)
(0, 31, -159)
(0, 31, -158)
(1, 30, -158)
(1, 30, -157)
(0, 31, -156)
(0, 31, -155)
(0, 31, -154)
(1, 31, -154)
(0, 32, -153)
(1, 32, -154)
(1, 32, -155)
(0, 32, -155)
(0, 32, -156)
(0, 32, -157)
(0, 32, -158)
(1, 32, -159)
(0, 33, -158)
(1, 33, -158)
(1, 33, -157)
(0, 34, -156)
(1, 34, -157)
(0, 35, -156)
(1, 35, -156)
(0, 36, -155)
(1, 36, -156)
(0, 37, -156)
(0, 37, -157)
(0, 37, -158)
(0, 37, -159)
(0, 37, -160)
(0, 37, -161)
(0, 37, -162)
(1, 36, -163)
(0, 36, -162)
(1, 35, -162)
(0, 35, -161)
(0, 35, -160)
(1, 34, -160)
(0, 34, -160)
(1, 33, -161)
(0, 33, -160)
(1, 32, -161)
(1, 32, -162)
(1, 32, -163)
(1, 32, -164)
(0, 32, -164)
(0, 32, -165)
(1, 31, -166)
(0, 31, -165)
(1, 30, -166)
(0, 30, -166)
(1, 29, -166)
(1, 29, -165)
(1, 29, -164)
(0, 29, -163)
(1, 28, -163)
(0, 28, -163)
(1, 27, -164)
(1, 27, -165)
(0, 28, -165)
(1, 28, -166)
(1, 28, -167)
(1, 28, -168)
(0, 29, -168)
(1, 29, -169)
(0, 30, -168)
(1, 30, -168)
(0, 31, -167)
(1, 31, -168)
(0, 32, -167)
(1, 32, -168)
(0, 33, -167)
(1, 33, -167)
(0, 34, -166)
(0, 34, -165)
(1, 33, -165)
(1, 33, -164)
(0, 34, -163)
(1, 34, -163)
(0, 35, -163)
(1, 35, -164)
(1, 35, -165)
(1, 35, -166)
(1, 35, -167)
(1, 35, -168)
(0, 35, -168)
(1, 34, -169)
(0, 34, -169)
(1, 33, -170)
(0, 33, -169)
(1, 32, -170)
(1, 32, -171)
(1, 32, -172)
(0, 32, -172)
(0, 32, -173)
(1, 32, -174)
(1, 32, -175)
(0, 32, -175)
(1, 31, -176)
(1, 31, -177)
(1, 31, -178)
(0, 31, -178)
(0, 31, -179)
(0, 31, -180)
(1, 31, -181)
(0, 32, -180)
(1, 32, -181)
(0, 33, -181)
(0, 33, -182)
(1, 32, -183)
(0, 32, -182)
(1, 31, -183)
(1, 31, -184)
(1, 31, -185)
(0, 31, -185)
(1, 30, -186)
(1, 30, -187)
(1, 30, -188)
(1, 30, -189)
(1, 30, -190)
(0, 30, -190)
(1, 29, -190)
(1, 29, -189)
(1, 29, -188)
(1, 29, -187)
(0, 29, -186)
(1, 28, -187)
(0, 28, -187)
(1, 27, -188)
(0, 27, -187)
(1, 26, -187)
(0, 26, -186)
(1, 25, -187)
(1, 25, -188)
(0, 25, -188)
(1, 24, -189)
(1, 24, -190)
(0, 25, -190)
(1, 25, -191)
(1, 25, -192)
(1, 25, -193)
(0, 25, -193)
(1, 24, -194)
(0, 24, -194)
(1, 23, -194)
(1, 23, -193)
(0, 24, -192)
(0, 24, -191)
(1, 23, -191)
(0, 23, -191)
(1, 22, -191)
(0, 22, -190)
(0, 22, -189)
(0, 22, -188)
(0, 22, -187)
(0, 22, -186)
(0, 22, -185)
(1, 21, -185)
(0, 21, -185)
(0, 21, -186)
(1, 20, -187)
(1, 20, -188)
(1, 20, -189)
(0, 20, -189)
(1, 19, -189)
(0, 19, -188)
(1, 18, -189)
(1, 18, -190)
(0, 18, -190)
(0, 18, -191)
(1, 17, -192)
(1, 17, -193)
(0, 17, -193)
(1, 16, -194)
(1, 16, -195)
(1, 16, -196)
(0, 17, -196)
(0, 17, -197)
(1, 17, -198)
(0, 18, -198)
(1, 18, -198)
(1, 18, -197)
(0, 18, -196)
(0, 18, -195)
(1, 18, -195)
(1, 18, -194)
(0, 19, -193)
(1, 19, -194)
(0, 20, -194)
(1, 20, -195)
(0, 21, -195)
(1, 21, -196)
(1, 21, -197)
(0, 21, -197)
(1, 20, -198)
(0, 20, -198)
(1, 19, -199)
(1, 19, -200)
(0, 19, -200)
(1, 18, -200)
(0, 18, -200)
(1, 17, -200)
(0, 17, -199)
(1, 16, -200)
(0, 16, -200)
(1, 15, -200)
(1, 15, -199)
(0, 15, -198)
(1, 14, -198)
(0, 14, -198)
(1, 13, -198)
(1, 13, -197)
(0, 14, -196)
(1, 14, -196)
(0, 15, -195)
(1, 15, -195)
(1, 15, -194)
(0, 15, -193)
(0, 15, -192)
(1, 14, -192)
(0, 14, -192)
(1, 13, -192)
(0, 13, -192)
(0, 13, -193)
(1, 12, -194)
(0, 12, -193)
(1, 11, -193)
(0, 11, -192)
(0, 11, -191)
(0, 11, -190)
(1, 10, -190)
(0, 10, -190)
(1, 9, -190)
(1, 9, -189)
(0, 10, -188)
(0, 10, -187)
(1, 9, -187)
(1, 9, -186)
(0, 9, -185)
(1, 8, -186)
(0, 8, -185)
(1, 7, -186)
(0, 7, -186)
(1, 6, -187)
(0, 6, -186)
(0, 6, -185)
(1, 5, -185)
(0, 5, -185)
(1, 4, -185)
(1, 4, -184)
(0, 5, -183)
(1, 5, -183)
(0, 6, -183)
(1, 6, -184)
(0, 7, -183)
(1, 7, -184)
(0, 8, -183)
(0, 8, -182)
(1, 8, -182)
(0, 9, -182)
(1, 9, -183)
(0, 10, -183)
(0, 10, -184)
(1, 10, -185)
(0, 11, -184)
(1, 11, -184)
(0, 12, -184)
(0, 12, -185)
(0, 12, -186)
(1, 12, -187)
(1, 12, -188)
(0, 13, -188)
(1, 13, -188)
(0, 14, -188)
(0, 14, -189)
(1, 14, -190)
(0, 15, -189)
(0, 15, -188)
(0, 15, -187)
(1, 14, -187)
(0, 14, -186)
(1, 13, -186)
(1, 13, -185)
(0, 14, -184)
(1, 14, -184)
(1, 14, -183)
(0, 15, -182)
(0, 15, -181)
(1, 15, -181)
(1, 15, -180)
(1, 15, -179)
(0, 16, -178)
(1, 16, -179)
(0, 17, -179)
(0, 17, -180)
(1, 16, -181)
(1, 16, -182)
(0, 17, -182)
(1, 17, -183)
(1, 17, -184)
(0, 17, -184)
(1, 16, -184)
(0, 16, -184)
(1, 15, -185)
(1, 15, -186)
(0, 16, -186)
(0, 16, -187)
(1, 16, -188)
(0, 17, -188)
(1, 17, -188)
(0, 18, -187)
(0, 18, -186)
(0, 18, -185)
(1, 18, -185)
(0, 19, -185)
(1, 19, -186)
(0, 20, -185)
(0, 20, -184)
(1, 19, -184)
(1, 19, -183)
(0, 19, -182)
(1, 18, -182)
(1, 18, -181)
(0, 18, -180)
(0, 18, -179)
(1, 18, -179)
(0, 19, -178)
(1, 19, -178)
(0, 20, -178)
(0, 20, -179)
(1, 20, -180)
(0, 21, -179)
(1, 21, -179)
(1, 21, -178)
(0, 21, -177)
(1, 20, -177)
(1, 20, -176)
(1, 20, -175)
(1, 20, -174)
(1, 20, -173)
(1, 20, -172)
(1, 20, -171)
(0, 20, -170)
(1, 19, -171)
(0, 19, -171)
(0, 19, -172)
(1, 19, -173)
(1, 19, -174)
(0, 19, -174)
(1, 18, -175)
(0, 18, -175)
(1, 17, -176)
(0, 17, -176)
(1, 16, -177)
(0, 16, -176)
(1, 15, -176)
(0, 15, -175)
(1, 14, -175)
(1, 14, -174)
(0, 14, -173)
(1, 13, -173)
(0, 13, -173)
(0, 13, -174)
(1, 13, -175)
(1, 13, -176)
(1, 13, -177)
(0, 14, -177)
(0, 14, -178)
(1, 13, -179)
(0, 13, -178)
(1, 12, -178)
(1, 12, -177)
(0, 12, -176)
(0, 12, -175)
(1, 11, -175)
(1, 11, -174)
(0, 11, -173)
(1, 10, -173)
(0, 10, -172)
(1, 9, -172)
(0, 9, -171)
(0, 9, -170)
(1, 9, -170)
(0, 10, -170)
(1, 10, -170)
(0, 11, -170)
(0, 11, -171)
(1, 11, -172)
(0, 12, -171)
(1, 12, -172)
(0, 13, -171)
(1, 13, -171)
(0, 14, -170)
(1, 14, -171)
(0, 15, -171)
(1, 15, -172)
(1, 15, -173)
(1, 15, -174)
(0, 16, -174)
(1, 16, -175)
(0, 17, -174)
(1, 17, -174)
(1, 17, -173)
(0, 18, -172)
(0, 18, -171)
(0, 18, -170)
(1, 17, -170)
(0, 17, -169)
(1, 16, -170)
(0, 16, -170)
(1, 15, -170)
(0, 15, -169)
(0, 15, -168)
(1, 15, -168)
(0, 16, -167)
(1, 16, -168)
(0, 17, -167)
(1, 17, -168)
(0, 18, -167)
(0, 18, -166)
(1, 17, -166)
(0, 17, -165)
(1, 16, -166)
(0, 16, -165)
(1, 15, -166)
(0, 15, -166)
(1, 14, -166)
(0, 14, -165)
(1, 13, -165)
(1, 13, -164)
(0, 13, -163)
(1, 12, -163)
(1, 12, -162)
(1, 12, -161)
(0, 12, -160)
(1, 11, -161)
(0, 11, -161)
(1, 10, -162)
(0, 10, -161)
(1, 9, -162)
(0, 9, -161)
(1, 8, -161)
(0, 8, -161)
(0, 8, -162)
(0, 8, -163)
(1, 8, -164)
(0, 9, -163)
(1, 9, -164)
(0, 10, -163)
(1, 10, -164)
(0, 11, -163)
(1, 11, -164)
(0, 12, -164)
(0, 12, -165)
(0, 12, -166)
(1, 12, -167)
(1, 12, -168)
(0, 12, -168)
(1, 11, -169)
(0, 11, -168)
(1, 10, -168)
(1, 10, -167)
(0, 10, -166)
(1, 9, -167)
(0, 9, -166)
(1, 8, -166)
(0, 8, -165)
(1, 7, -166)
(0, 7, -165)
(0, 7, -164)
(0, 7, -163)
(0, 7, -162)
(1, 6, -162)
(1, 6, -161)
(0, 6, -160)
(1, 5, -160)
(0, 5, -160)
(0, 5, -161)
(1, 5, -162)
(1, 5, -163)
(1, 5, -164)
(0, 5, -164)
(1, 4, -164)
(0, 4, -164)
(1, 3, -165)
(1, 3, -166)
(0, 3, -166)
(1, 2, -166)
(0, 2, -165)
(1, 1, -166)
(1, 1, -167)
(0, 1, -167)
(0, 1, -168)
(1, 1, -169)
(0, 2, -168)
(1, 2, -168)
(0, 3, -168)
(1, 3, -169)
(0, 4, -169)
(1, 4, -170)
(0, 5, -169)
(1, 5, -169)
(1, 5, -168)
(0, 6, -167)
(1, 6, -168)
(1, 6, -169)
(1, 6, -170)
(0, 7, -170)
(0, 7, -171)
(1, 7, -172)
(0, 8, -172)
(0, 8, -173)
(1, 7, -174)
(0, 7, -174)
(0, 7, -175)
(1, 6, -176)
(0, 6, -176)
(1, 5, -177)
(0, 5, -176)
(1, 4, -177)
(0, 4, -177)
(1, 3, -178)
(0, 3, -178)
(1, 2, -178)
(0, 2, -178)
(0, 2, -179)
(0, 2, -180)
(1, 2, -181)
(0, 3, -181)
(0, 3, -182)
(1, 2, -183)
(0, 2, -182)
(1, 1, -182)
(0, 1, -181)
(1, 0, -181)
(1, 0, -180)
(0, 1, -179)
(0, 1, -178)
(1, 0, -178)
(0, 0, -178)
(1, -1, -178)
(1, -1, -177)
(1, -1, -176)
(0, -1, -175)
(1, -2, -175)
(0, -2, -174)
(1, -3, -174)
(0, -3, -174)
(0, -3, -175)
(1, -3, -176)
(1, -3, -177)
(0, -3, -177)
(0, -3, -178)
(1, -3, -179)
(1, -3, -180)
(0, -3, -180)
(0, -3, -181)
(1, -3, -182)
(0, -2, -181)
(1, -2, -182)
(0, -1, -182)
(1, -1, -183)
(0, 0, -183)
(1, 0, -183)
(0, 1, -183)
(0, 1, -184)
(1, 1, -185)
(0, 2, -185)
(0, 2, -186)
(1, 2, -187)
(0, 3, -187)
(1, 3, -187)
(0, 4, -186)
(1, 4, -187)
(1, 4, -188)
(0, 4, -188)
(0, 4, -189)
(0, 4, -190)
(1, 4, -191)
(0, 5, -190)
(1, 5, -190)
(1, 5, -189)
(0, 6, -188)
(1, 6, -189)
(0, 7, -188)
(1, 7, -189)
(0, 8, -189)
(0, 8, -190)
(1, 7, -191)
(0, 7, -191)
(1, 6, -192)
(0, 6, -192)
(1, 5, -193)
(0, 5, -193)
(0, 5, -194)
(1, 5, -195)
(0, 6, -195)
(1, 6, -195)
(0, 7, -194)
(0, 7, -193)
(1, 7, -193)
(0, 8, -193)
(1, 8, -194)
(1, 8, -195)
(0, 9, -195)
(1, 9, -195)
(0, 10, -194)
(1, 10, -194)
(0, 11, -194)
(1, 11, -195)
(1, 11, -196)
(0, 12, -196)
(0, 12, -197)
(1, 12, -198)
(1, 12, -199)
(0, 12, -199)
(1, 11, -199)
(0, 11, -198)
(1, 10, -198)
(0, 10, -198)
(1, 9, -199)
(1, 9, -200)
(0, 9, -200)
(1, 8, -200)
(0, 8, -200)
(1, 7, -200)
(1, 7, -199)
(0, 8, -198)
(0, 8, -197)
(1, 7, -197)
(0, 7, -196)
(1, 6, -197)
(0, 6, -197)
(1, 5, -197)
(0, 5, -197)
(1, 4, -197)
(0, 4, -197)
(1, 3, -197)
(0, 3, -197)
(1, 2, -198)
(1, 2, -199)
(1, 2, -200)
(0, 2, -200)
(1, 1, -200)
(1, 1, -199)
(1, 1, -198)
(1, 1, -197)
(1, 1, -196)
(0, 2, -195)
(1, 2, -196)
(0, 3, -195)
(0, 3, -194)
(0, 3, -193)
(0, 3, -192)
(1, 2, -192)
(0, 2, -191)
(1, 1, -192)
(0, 1, -191)
(0, 1, -190)
(0, 1, -189)
(0, 1, -188)
(0, 1, -187)
(1, 0, -187)
(0, 0, -187)
(1, -1, -188)
(0, -1, -188)
(0, -1, -189)
(1, -2, -190)
(0, -2, -189)
(0, -2, -188)
(0, -2, -187)
(0, -2, -186)
(1, -3, -186)
(0, -3, -186)
(0, -3, -187)
(1, -4, -188)
(0, -4, -187)
(1, -5, -188)
(1, -5, -189)
(0, -5, -189)
(0, -5, -190)
(1, -5, -191)
(0, -4, -191)
(0, -4, -192)
(1, -5, -193)
(1, -5, -194)
(0, -4, -194)
(0, -4, -195)
(1, -4, -196)
(0, -3, -195)
(0, -3, -194)
(1, -3, -194)
(0, -2, -194)
(1, -2, -194)
(0, -1, -194)
(0, -1, -195)
(0, -1, -196)
(1, -1, -197)
(1, -1, -198)
(1, -1, -199)
(0, -1, -199)
(1, -2, -200)
(0, -2, -199)
(1, -3, -200)
(0, -3, -200)
(1, -4, -200)
(1, -4, -199)
(1, -4, -198)
(0, -4, -197)
(1, -5, -198)
(0, -5, -198)
(1, -6, -198)
(0, -6, -198)
(1, -7, -198)
(0, -7, -198)
(1, -8, -199)
(0, -8, -199)
(1, -9, -200)
(0, -9, -200)
(1, -10, -200)
(0, -10, -199)
(0, -10, -198)
(1, -10, -198)
(0, -9, -197)
(0, -9, -196)
(1, -10, -196)
(0, -10, -196)
(1, -11, -196)
(0, -11, -195)
(1, -12, -196)
(1, -12, -197)
(0, -11, -197)
(0, -11, -198)
(1, -12, -199)
(0, -12, -199)
(1, -13, -199)
(1, -13, -198)
(0, -13, -197)
(1, -14, -197)
(1, -14, -196)
(0, -13, -195)
(1, -13, -195)
(0, -12, -194)
(0, -12, -193)
(1, -13, -193)
(1, -13, -192)
(0, -12, -191)
(0, -12, -190)
(1, -12, -190)
(0, -11, -190)
(1, -11, -191)
(0, -10, -191)
(0, -10, -192)
(0, -10, -193)
(1, -10, -194)
(0, -9, -193)
(1, -9, -194)
(0, -8, -193)
(1, -8, -193)
(0, -7, -193)
(1, -7, -193)
(1, -7, -192)
(1, -7, -191)
(0, -7, -190)
(1, -8, -191)
(0, -8, -190)
(1, -9, -190)
(1, -9, -189)
(0, -9, -188)
(1, -10, -188)
(0, -10, -187)
(1, -11, -187)
(1, -11, -186)
(0, -10, -185)
(1, -10, -186)
(0, -9, -186)
(1, -9, -187)
(0, -8, -186)
(0, -8, -185)
(1, -8, -185)
(0, -7, -184)
(1, -7, -184)
(0, -6, -184)
(1, -6, -185)
(0, -5, -185)
(1, -5, -185)
(0, -4, -184)
(0, -4, -183)
(0, -4, -182)
(1, -5, -182)
(1, -5, -181)
(0, -5, -180)
(1, -6, -181)
(1, -6, -182)
(0, -6, -182)
(1, -7, -182)
(0, -7, -182)
(1, -8, -182)
(1, -8, -181)
(0, -8, -180)
(1, -9, -181)
(0, -9, -180)
(0, -9, -179)
(1, -10, -179)
(1, -10, -178)
(0, -9, -177)
(1, -9, -178)
(0, -8, -177)
(0, -8, -176)
(1, -9, -176)
(1, -9, -175)
(0, -8, -174)
(1, -8, -174)
(0, -7, -174)
(0, -7, -175)
(1, -7, -176)
(0, -6, -176)
(1, -6, -176)
(0, -5, -176)
(1, -5, -177)
(0, -4, -176)
(0, -4, -175)
(0, -4, -174)
(0, -4, -173)
(1, -4, -173)
(0, -3, -172)
(1, -3, -172)
(0, -2, -172)
(1, -2, -172)
(0, -1, -172)
(1, -1, -173)
(0, 0, -173)
(0, 0, -174)
(1, 0, -175)
(0, 1, -175)
(1, 1, -176)
(0, 2, -175)
(1, 2, -175)
(0, 3, -175)
(1, 3, -175)
(1, 3, -174)
(1, 3, -173)
(0, 4, -172)
(0, 4, -171)
(1, 3, -171)
(0, 3, -171)
(1, 2, -172)
(0, 2, -171)
(1, 1, -171)
(0, 1, -170)
(1, 0, -171)
(0, 0, -170)
(0, 0, -169)
(0, 0, -168)
(1, -1, -168)
(0, -1, -168)
(0, -1, -169)
(1, -2, -170)
(0, -2, -169)
(0, -2, -168)
(0, -2, -167)
(1, -3, -167)
(1, -3, -166)
(1, -3, -165)
(1, -3, -164)
(0, -2, -163)
(0, -2, -162)
(0, -2, -161)
(0, -2, -160)
(1, -2, -160)
(0, -1, -159)
(1, -1, -159)
(0, 0, -159)
(1, 0, -159)
(0, 1, -158)
(1, 1, -159)
(0, 2, -158)
(0, 2, -157)
(1, 1, -157)
(0, 1, -156)
(0, 1, -155)
(0, 1, -154)
(1, 1, -154)
(0, 2, -154)
(0, 2, -155)
(1, 2, -156)
(0, 3, -155)
(0, 3, -154)
(1, 3, -154)
(0, 4, -154)
(0, 4, -155)
(0, 4, -156)
(1, 3, -157)
(0, 3, -157)
(0, 3, -158)
(0, 3, -159)
(1, 3, -160)
(0, 4, -159)
(1, 4, -159)
(1, 4, -158)
(0, 5, -157)
(1, 5, -158)
(0, 6, -158)
(1, 6, -158)
(0, 7, -157)
(1, 7, -157)
(1, 7, -156)
(0, 8, -155)
(1, 8, -156)
(1, 8, -157)
(1, 8, -158)
(1, 8, -159)
(0, 9, -159)
(1, 9, -160)
(0, 10, -159)
(0, 10, -158)
(1, 9, -158)
(1, 9, -157)
(0, 10, -156)
(1, 10, -156)
(0, 11, -156)
(1, 11, -156)
(0, 12, -156)
(0, 12, -157)
(1, 12, -158)
(0, 13, -158)
(1, 13, -158)
(0, 14, -158)
(1, 14, -159)
(0, 15, -158)
(1, 15, -158)
(0, 16, -157)
(1, 16, -157)
(0, 17, -156)
(1, 17, -156)
(0, 18, -156)
(1, 18, -157)
(0, 19, -156)
(1, 19, -156)
(0, 20, -155)
(1, 20, -155)
(0, 21, -154)
(0, 21, -153)
(1, 20, -153)
(0, 20, -152)
(1, 19, -152)
(1, 19, -151)
(0, 20, -150)
(1, 20, -151)
(0, 21, -150)
(1, 21, -150)
(0, 22, -150)
(0, 22, -151)
(1, 22, -152)
(0, 23, -152)
(0, 23, -153)
(0, 23, -154)
(1, 22, -155)
(0, 22, -155)
(1, 21, -156)
(0, 21, -156)
(0, 21, -157)
(1, 21, -158)
(1, 21, -159)
(0, 22, -159)
(1, 22, -160)
(0, 23, -160)
(0, 23, -161)
(0, 23, -162)
(1, 23, -163)
(1, 23, -164)
(0, 24, -164)
(0, 24, -165)
(1, 23, -166)
(0, 23, -166)
(0, 23, -167)
(0, 23, -168)
(1, 22, -169)
(0, 22, -168)
(1, 21, -169)
(1, 21, -170)
(1, 21, -171)
(0, 22, -171)
(0, 22, -172)
(1, 21, -173)
(1, 21, -174)
(1, 21, -175)
(1, 21, -176)
(0, 22, -176)
(1, 22, -176)
(0, 23, -175)
(0, 23, -174)
(1, 23, -174)
(1, 23, -173)
(0, 24, -172)
(0, 24, -171)
(0, 24, -170)
(1, 24, -170)
(1, 24, -169)
(0, 25, -168)
(1, 25, -168)
(0, 26, -168)
(1, 26, -168)
(1, 26, -167)
(0, 26, -166)
(1, 25, -166)
(0, 25, -165)
(0, 25, -164)
(1, 25, -164)
(1, 25, -163)
(0, 25, -162)
(1, 24, -162)
(1, 24, -161)
(0, 25, -160)
(0, 25, -159)
(0, 25, -158)
(1, 24, -158)
(1, 24, -157)
(0, 24, -156)
(0, 24, -155)
(0, 24, -154)
(0, 24, -153)
(1, 24, -153)
(0, 25, -152)
(1, 25, -152)
(1, 25, -151)
(1, 25, -150)
(0, 25, -149)
(1, 24, -149)
(1, 24, -148)
(0, 24, -147)
(0, 24, -146)
(0, 24, -145)
(1, 23, -145)
(0, 23, -145)
(0, 23, -146)
(0, 23, -147)
(1, 22, -148)
(0, 22, -148)
(1, 21, -148)
(0, 21, -147)
(1, 20, -148)
(0, 20, -147)
(1, 19, -148)
(0, 19, -148)
(1, 18, -148)
(0, 18, -148)
(0, 18, -149)
(1, 18, -150)
(1, 18, -151)
(1, 18, -152)
(0, 18, -152)
(1, 17, -152)
(0, 17, -151)
(1, 16, -152)
(0, 16, -151)
(1, 15, -152)
(0, 15, -151)
(1, 14, -152)
(1, 14, -153)
(1, 14, -154)
(1, 14, -155)
(1, 14, -156)
(0, 14, -156)
(1, 13, -156)
(1, 13, -155)
(0, 13, -154)
(0, 13, -153)
(1, 13, -153)
(1, 13, -152)
(0, 13, -151)
(1, 12, -151)
(1, 12, -150)
(1, 12, -149)
(1, 12, -148)
(1, 12, -147)
(0, 13, -146)
(0, 13, -145)
(1, 13, -145)
(0, 14, -144)
(0, 14, -143)
(1, 14, -143)
(1, 14, -142)
(0, 14, -141)
(1, 13, -141)
(0, 13, -140)
(0, 13, -139)
(0, 13, -138)
(1, 13, -138)
(0, 14, -138)
(1, 14, -139)
(0, 15, -138)
(1, 15, -138)
(0, 16, -138)
(1, 16, -139)
(1, 16, -140)
(1, 16, -141)
(0, 16, -141)
(0, 16, -142)
(1, 16, -143)
(0, 17, -143)
(0, 17, -144)
(1, 16, -145)
(1, 16, -146)
(0, 17, -146)
(1, 17, -146)
(0, 18, -145)
(1, 18, -146)
(0, 19, -146)
(1, 19, -146)
(0, 20, -145)
(1, 20, -146)
(0, 21, -145)
(0, 21, -144)
(1, 21, -144)
(0, 22, -143)
(1, 22, -143)
(0, 23, -142)
(1, 23, -143)
(0, 24, -142)
(0, 24, -141)
(1, 23, -141)
(1, 23, -140)
(0, 24, -139)
(1, 24, -139)
(0, 25, -138)
(1, 25, -138)
(0, 26, -137)
(1, 26, -137)
(1, 26, -136)
(1, 26, -135)
(0, 27, -134)
(0, 27, -133)
(0, 27, -132)
(1, 26, -132)
(0, 26, -131)
(0, 26, -130)
(1, 26, -130)
(0, 27, -129)
(1, 27, -129)
(1, 27, -128)
(0, 28, -127)
(1, 28, -127)
(0, 29, -126)
(1, 29, -126)
(1, 29, -125)
(0, 29, -124)
(1, 28, -124)
(0, 28, -123)
(1, 27, -124)
(1, 27, -125)
(0, 27, -125)
(1, 26, -125)
(1, 26, -124)
(1, 26, -123)
(1, 26, -122)
(0, 26, -121)
(1, 25, -122)
(0, 25, -122)
(1, 24, -123)
(1, 24, -124)
(1, 24, -125)
(1, 24, -126)
(0, 25, -126)
(1, 25, -126)
(0, 26, -126)
(1, 26, -127)
(1, 26, -128)
(0, 26, -128)
(1, 25, -128)
(0, 25, -128)
(1, 24, -128)
(0, 24, -127)
(1, 23, -127)
(0, 23, -126)
(1, 22, -127)
(0, 22, -126)
(1, 21, -126)
(0, 21, -125)
(1, 20, -126)
(0, 20, -125)
(1, 19, -125)
(0, 19, -124)
(1, 18, -124)
(0, 18, -123)
(0, 18, -122)
(1, 17, -122)
(0, 17, -121)
(0, 17, -120)
(1, 17, -120)
(0, 18, -119)
(0, 18, -118)
(0, 18, -117)
(0, 18, -116)
(1, 17, -116)
(0, 17, -116)
(1, 16, -117)
(1, 16, -118)
(1, 16, -119)
(0, 16, -119)
(1, 15, -119)
(0, 15, -118)
(0, 15, -117)
(0, 15, -116)
(1, 15, -116)
(0, 16, -115)
(0, 16, -114)
(0, 16, -113)
(1, 15, -113)
(0, 15, -113)
(1, 14, -114)
(0, 14, -113)
(1, 13, -113)
(1, 13, -112)
(0, 14, -111)
(0, 14, -110)
(1, 14, -110)
(0, 15, -110)
(1, 15, -111)
(0, 16, -111)
(1, 16, -112)
(0, 17, -112)
(0, 17, -113)
(1, 17, -114)
(0, 18, -113)
(1, 18, -113)
(0, 19, -113)
(1, 19, -114)
(0, 20, -114)
(1, 20, -114)
(1, 20, -113)
(0, 20, -112)
(1, 19, -112)
(0, 19, -111)
(0, 19, -110)
(1, 19, -110)
(0, 20, -110)
(1, 20, -110)
(0, 21, -110)
(1, 21, -110)
(0, 22, -110)
(0, 22, -111)
(0, 22, -112)
(1, 22, -113)
(1, 22, -114)
(0, 22, -114)
(1, 21, -115)
(0, 21, -115)
(0, 21, -116)
(1, 20, -117)
(1, 20, -118)
(0, 21, -118)
(1, 21, -118)
(0, 22, -118)
(1, 22, -119)
(1, 22, -120)
(1, 22, -121)
(0, 22, -121)
(0, 22, -122)
(1, 22, -123)
(0, 23, -122)
(1, 23, -122)
(1, 23, -121)
(0, 24, -120)
(1, 24, -121)
(0, 25, -120)
(0, 25, -119)
(1, 25, -119)
(0, 26, -118)
(1, 26, -118)
(0, 27, -117)
(1, 27, -118)
(0, 28, -118)
(0, 28, -119)
(1, 28, -120)
(0, 29, -120)
(1, 29, -121)
(1, 29, -122)
(0, 30, -122)
(1, 30, -123)
(0, 31, -123)
(0, 31, -124)
(0, 31, -125)
(1, 31, -126)
(1, 31, -127)
(0, 31, -127)
(1, 30, -128)
(1, 30, -129)
(0, 31, -129)
(1, 31, -130)
(0, 32, -130)
(1, 32, -130)
(0, 33, -129)
(1, 33, -129)
(1, 33, -128)
(1, 33, -127)
(1, 33, -126)
(0, 33, -125)
(0, 33, -124)
(1, 32, -124)
(1, 32, -123)
(0, 32, -122)
(1, 31, -122)
(0, 31, -121)
(1, 30, -121)
(1, 30, -120)
(0, 31, -119)
(1, 31, -119)
(0, 32, -119)
(1, 32, -119)
(1, 32, -118)
(0, 32, -117)
(0, 32, -116)
(1, 32, -116)
(0, 33, -116)
(1, 33, -117)
(1, 33, -118)
(1, 33, -119)
(1, 33, -120)
(0, 34, -120)
(1, 34, -121)
(0, 35, -121)
(1, 35, -121)
(0, 36, -120)
(1, 36, -120)
(1, 36, -119)
(0, 36, -118)
(0, 36, -117)
(0, 36, -116)
(1, 36, -116)
(0, 37, -116)
(1, 37, -116)
(0, 38, -115)
(1, 38, -116)
(0, 39, -116)
(0, 39, -117)
(1, 39, -118)
(0, 40, -117)
(1, 40, -117)
(0, 41, -116)
(0, 41, -115)
(0, 41, -114)
(0, 41, -113)
(0, 41, -112)
(1, 41, -112)
(0, 42, -111)
(0, 42, -110)
(1, 42, -110)
(0, 43, -109)
(1, 43, -110)
(1, 43, -111)
(0, 44, -111)
(1, 44, -111)
(1, 44, -110)
(1, 44, -109)
(1, 44, -108)
(1, 44, -107)
(0, 45, -106)
(0, 45, -105)
(0, 45, -104)
(0, 45, -103)
(0, 45, -102)
(1, 45, -102)
(0, 46, -102)
(0, 46, -103)
(0, 46, -104)
(0, 46, -105)
(1, 46, -106)
(0, 47, -106)
(1, 47, -106)
(0, 48, -105)
(0, 48, -104)
(1, 47, -104)
(1, 47, -103)
(1, 47, -102)
(0, 47, -101)
(0, 47, -100)
(1, 46, -100)
(0, 46, -100)
(1, 45, -100)
(0, 45, -99)
(1, 44, -100)
(1, 44, -101)
(0, 44, -101)
(0, 44, -102)
(1, 43, -103)
(0, 43, -103)
(0, 43, -104)
(1, 42, -105)
(0, 42, -105)
(1, 41, -106)
(1, 41, -107)
(1, 41, -108)
(0, 41, -108)
(1, 40, -108)
(1, 40, -107)
(1, 40, -106)
(1, 40, -105)
(0, 41, -104)
(0, 41, -103)
(1, 40, -103)
(1, 40, -102)
(0, 41, -101)
(1, 41, -101)
(0, 42, -100)
(1, 42, -101)
(0, 43, -100)
(0, 43, -99)
(1, 43, -99)
(1, 43, -98)
(0, 44, -97)
(1, 44, -98)
(0, 45, -97)
(1, 45, -98)
(0, 46, -98)
(1, 46, -98)
(0, 47, -98)
(1, 47, -99)
(0, 48, -98)
(1, 48, -98)
(1, 48, -97)
(0, 49, -96)
(1, 49, -97)
(1, 49, -98)
(0, 50, -98)
(1, 50, -99)
(1, 50, -100)
(0, 50, -100)
(0, 50, -101)
(1, 49, -102)
(1, 49, -103)
(0, 49, -103)
(0, 49, -104)
(1, 49, -105)
(1, 49, -106)
(0, 50, -106)
(0, 50, -107)
(0, 50, -108)
(0, 50, -109)
(1, 50, -110)
(0, 51, -109)
(0, 51, -108)
(0, 51, -107)
(0, 51, -106)
(1, 51, -106)
(1, 51, -105)
(0, 52, -104)
(1, 52, -104)
(0, 53, -104)
(0, 53, -105)
(1, 53, -106)
(0, 54, -106)
(1, 54, -106)
(0, 55, -106)
(1, 55, -106)
(1, 55, -105)
(0, 56, -104)
(0, 56, -103)
(1, 56, -103)
(1, 56, -102)
(0, 57, -101)
(0, 57, -100)
(1, 56, -100)
(0, 56, -100)
(1, 55, -101)
(0, 55, -100)
(1, 54, -100)
(1, 54, -99)
(0, 55, -98)
(1, 55, -99)
(0, 56, -98)
(0, 56, -97)
(1, 55, -97)
(0, 55, -96)
(1, 54, -97)
(0, 54, -96)
(1, 53, -96)
(0, 53, -95)
(0, 53, -94)
(1, 52, -94)
(1, 52, -93)
(0, 53, -92)
(0, 53, -91)
(0, 53, -90)
(1, 53, -90)
(0, 54, -90)
(1, 54, -90)
(0, 55, -89)
(0, 55, -88)
(1, 55, -88)
(0, 56, -87)
(1, 56, -87)
(0, 57, -87)
(1, 57, -87)
(0, 58, -87)
(0, 58, -88)
(0, 58, -89)
(1, 58, -90)
(0, 59, -90)
(1, 59, -91)
(0, 60, -90)
(1, 60, -91)
(0, 61, -90)
(0, 61, -89)
(0, 61, -88)
(1, 61, -88)
(0, 62, -87)
(1, 62, -87)
(0, 63, -87)
(0, 63, -88)
(0, 63, -89)
(0, 63, -90)
(1, 63, -91)
(0, 64, -91)
(1, 64, -92)
(0, 65, -92)
(0, 65, -93)
(1, 65, -94)
(1, 65, -95)
(0, 66, -95)
(1, 66, -96)
(1, 66, -97)
(0, 66, -97)
(0, 66, -98)
(1, 65, -99)
(1, 65, -100)
(1, 65, -101)
(0, 66, -101)
(1, 66, -102)
(0, 67, -101)
(1, 67, -102)
(1, 67, -103)
(0, 67, -103)
(0, 67, -104)
(1, 66, -105)
(1, 66, -106)
(1, 66, -107)
(0, 67, -107)
(1, 67, -108)
(0, 68, -108)
(1, 68, -108)
(1, 68, -107)
(0, 69, -106)
(1, 69, -107)
(0, 70, -106)
(1, 70, -106)
(0, 71, -106)
(0, 71, -107)
(0, 71, -108)
(1, 70, -109)
(0, 70, -109)
(1, 69, -110)
(0, 69, -110)
(0, 69, -111)
(1, 68, -112)
(0, 68, -111)
(0, 68, -110)
(1, 67, -110)
(0, 67, -109)
(1, 66, -110)
(1, 66, -111)
(1, 66, -112)
(0, 67, -112)
(1, 67, -113)
(0, 68, -113)
(0, 68, -114)
(1, 68, -115)
(1, 68, -116)
(0, 69, -116)
(1, 69, -116)
(1, 69, -115)
(0, 70, -114)
(0, 70, -113)
(0, 70, -112)
(0, 70, -111)
(1, 70, -111)
(0, 71, -111)
(1, 71, -112)
(0, 72, -112)
(1, 72, -113)
(0, 73, -113)
(1, 73, -113)
(0, 74, -112)
(0, 74, -111)
(1, 74, -111)
(0, 75, -110)
(0, 75, -109)
(0, 75, -108)
(1, 75, -108)
(1, 75, -107)
(0, 75, -106)
(1, 74, -107)
(0, 74, -106)
(1, 73, -106)
(0, 73, -106)
(1, 72, -107)
(0, 72, -106)
(0, 72, -105)
(0, 72, -104)
(1, 71, -104)
(1, 71, -103)
(0, 71, -102)
(1, 70, -103)
(0, 70, -102)
(1, 69, -102)
(1, 69, -101)
(0, 69, -100)
(1, 68, -100)
(0, 68, -100)
(1, 67, -100)
(1, 67, -99)
(0, 68, -98)
(1, 68, -98)
(0, 69, -97)
(0, 69, -96)
(1, 69, -96)
(1, 69, -95)
(0, 70, -94)
(1, 70, -94)
(0, 71, -93)
(1, 71, -93)
(0, 72, -92)
(1, 72, -92)
(1, 72, -91)
(0, 73, -90)
(1, 73, -91)
(0, 74, -90)
(0, 74, -89)
(1, 73, -89)
(0, 73, -88)
(1, 72, -88)
(0, 72, -88)
(0, 72, -89)
(1, 71, -90)
(0, 71, -90)
(1, 70, -90)
(0, 70, -89)
(0, 70, -88)
(1, 69, -88)
(0, 69, -88)
(0, 69, -89)
(1, 68, -90)
(0, 68, -89)
(1, 67, -90)
(0, 67, -90)
(1, 66, -90)
(0, 66, -89)
(1, 65, -90)
(0, 65, -90)
(1, 64, -90)
(1, 64, -89)
(0, 65, -88)
(0, 65, -87)
(1, 65, -87)
(0, 66, -86)
(1, 66, -87)
(0, 67, -87)
(1, 67, -87)
(1, 67, -86)
(0, 67, -85)
(1, 66, -85)
(1, 66, -84)
(0, 66, -83)
(0, 66, -82)
(1, 66, -82)
(0, 67, -81)
(1, 67, -82)
(0, 68, -82)
(0, 68, -83)
(1, 68, -84)
(1, 68, -85)
(1, 68, -86)
(0, 69, -86)
(1, 69, -86)
(0, 70, -85)
(0, 70, -84)
(1, 69, -84)
(1, 69, -83)
(0, 69, -82)
(0, 69, -81)
(1, 69, -81)
(0, 70, -80)
(1, 70, -81)
(0, 71, -80)
(1, 71, -80)
(0, 72, -80)
(0, 72, -81)
(1, 72, -82)
(1, 72, -83)
(1, 72, -84)
(0, 73, -84)
(1, 73, -85)
(0, 74, -84)
(1, 74, -84)
(1, 74, -83)
(1, 74, -82)
(0, 74, -81)
(0, 74, -80)
(0, 74, -79)
(0, 74, -78)
(1, 74, -78)
(0, 75, -78)
(1, 75, -78)
(0, 76, -77)
(0, 76, -76)
(0, 76, -75)
(0, 76, -74)
(1, 76, -74)
(1, 76, -73)
(0, 77, -72)
(1, 77, -73)
(1, 77, -74)
(1, 77, -75)
(0, 77, -75)
(0, 77, -76)
(1, 77, -77)
(1, 77, -78)
(0, 77, -78)
(1, 76, -79)
(0, 76, -79)
(0, 76, -80)
(1, 75, -81)
(1, 75, -82)
(1, 75, -83)
(0, 76, -83)
(0, 76, -84)
(0, 76, -85)
(0, 76, -86)
(0, 76, -87)
(0, 76, -88)
(1, 75, -89)
(0, 75, -89)
(0, 75, -90)
(1, 75, -91)
(0, 76, -91)
(1, 76, -92)
(0, 77, -92)
(1, 77, -92)
(1, 77, -91)
(0, 77, -90)
(0, 77, -89)
(0, 77, -88)
(1, 77, -88)
(1, 77, -87)
(0, 77, -86)
(0, 77, -85)
(0, 77, -84)
(1, 77, -84)
(0, 78, -83)
(1, 78, -83)
(0, 79, -83)
(1, 79, -84)
(0, 80, -83)
(0, 80, -82)
(1, 80, -82)
(1, 80, -81)
(1, 80, -80)
(0, 80, -79)
(1, 79, -79)
(0, 79, -78)
(0, 79, -77)
(1, 78, -77)
(1, 78, -76)
(1, 78, -75)
(0, 79, -74)
(0, 79, -73)
(1, 78, -73)
(1, 78, -72)
(0, 78, -71)
(1, 77, -71)
(1, 77, -70)
(0, 78, -69)
(1, 78, -69)
(0, 79, -69)
(1, 79, -70)
(1, 79, -71)
(0, 80, -71)
(1, 80, -72)
(0, 81, -71)
(0, 81, -70)
(1, 81, -70)
(0, 82, -69)
(1, 82, -70)
(0, 83, -69)
(0, 83, -68)
(1, 83, -68)
(0, 84, -67)
(1, 84, -67)
(0, 85, -67)
(1, 85, -67)
(0, 86, -66)
(1, 86, -66)
(1, 86, -65)
(0, 86, -64)
(0, 86, -63)
(1, 85, -63)
(0, 85, -62)
(1, 84, -63)
(1, 84, -64)
(0, 84, -64)
(0, 84, -65)
(1, 83, -66)
(0, 83, -66)
(1, 82, -66)
(0, 82, -65)
(1, 81, -66)
(1, 81, -67)
(0, 81, -67)
(1, 80, -68)
(0, 80, -68)
(1, 79, -68)
(0, 79, -67)
(0, 79, -66)
(0, 79, -65)
(1, 78, -65)
(0, 78, -65)
(0, 78, -66)
(1, 77, -67)
(0, 77, -67)
(1, 76, -67)
(0, 76, -66)
(1, 75, -67)
(0, 75, -66)
(1, 74, -66)
(1, 74, -65)
(0, 75, -64)
(0, 75, -63)
(0, 75, -62)
(0, 75, -61)
(1, 75, -61)
(0, 76, -60)
(1, 76, -60)
(0, 77, -59)
(1, 77, -59)
(0, 78, -59)
(1, 78, -60)
(0, 79, -59)
(0, 79, -58)
(0, 79, -57)
(1, 78, -57)
(1, 78, -56)
(0, 78, -55)
(1, 77, -55)
(1, 77, -54)
(1, 77, -53)
(0, 78, -52)
(1, 78, -53)
(0, 79, -53)
(0, 79, -54)
(1, 79, -55)
(0, 80, -54)
(0, 80, -53)
(0, 80, -52)
(1, 79, -52)
(0, 79, -51)
(1, 78, -51)
(0, 78, -50)
(0, 78, -49)
(1, 78, -49)
(0, 79, -49)
(1, 79, -50)
(0, 80, -49)
(1, 80, -50)
(0, 81, -49)
(0, 81, -48)
(1, 80, -48)
(0, 80, -47)
(1, 79, -47)
(0, 79, -46)
(0, 79, -45)
(1, 79, -45)
(0, 80, -45)
(1, 80, -46)
(0, 81, -45)
(1, 81, -45)
(0, 82, -44)
(1, 82, -45)
(0, 83, -44)
(1, 83, -44)
(0, 84, -44)
(1, 84, -45)
(1, 84, -46)
(0, 85, -46)
(1, 85, -46)
(0, 86, -46)
(0, 86, -47)
(0, 86, -48)
(0, 86, -49)
(0, 86, -50)
(1, 85, -51)
(0, 85, -51)
(0, 85, -52)
(0, 85, -53)
(0, 85, -54)
(0, 85, -55)
(1, 84, -56)
(0, 84, -55)
(1, 83, -55)
(1, 83, -54)
(1, 83, -53)
(0, 84, -52)
(0, 84, -51)
(0, 84, -50)
(1, 84, -50)
(1, 84, -49)
(1, 84, -48)
(0, 84, -47)
(1, 83, -47)
(0, 83, -47)
(1, 82, -48)
(1, 82, -49)
(0, 83, -49)
(0, 83, -50)
(1, 82, -51)
(0, 82, -50)
(1, 81, -51)
(1, 81, -52)
(0, 82, -52)
(0, 82, -53)
(1, 82, -54)
(1, 82, -55)
(0, 82, -55)
(1, 81, -56)
(1, 81, -57)
(0, 82, -57)
(0, 82, -58)
(0, 82, -59)
(1, 82, -60)
(0, 83, -60)
(1, 83, -60)
(0, 84, -59)
(1, 84, -59)
(0, 85, -58)
(1, 85, -58)
(0, 86, -57)
(1, 86, -57)
(0, 87, -56)
(1, 87, -57)
(1, 87, -58)
(0, 88, -58)
(1, 88, -58)
(0, 89, -57)
(1, 89, -58)
(1, 89, -59)
(0, 89, -59)
(0, 89, -60)
(1, 88, -61)
(0, 88, -61)
(1, 87, -61)
(0, 87, -61)
(0, 87, -62)
(1, 87, -63)
(0, 88, -63)
(1, 88, -63)
(0, 89, -62)
(1, 89, -62)
(0, 90, -61)
(0, 90, -60)
(1, 90, -60)
(0, 91, -60)
(1, 91, -61)
(0, 92, -61)
(1, 92, -62)
(0, 93, -62)
(1, 93, -62)
(1, 93, -61)
(0, 93, -60)
(1, 92, -60)
(1, 92, -59)
(1, 92, -58)
(1, 92, -57)
(0, 92, -56)
(1, 91, -57)
(0, 91, -57)
(1, 90, -57)
(1, 90, -56)
(0, 90, -55)
(1, 89, -56)
(0, 89, -55)
(1, 88, -56)
(0, 88, -55)
(0, 88, -54)
(1, 88, -54)
(1, 88, -53)
(0, 88, -52)
(1, 87, -52)
(1, 87, -51)
(1, 87, -50)
(0, 87, -49)
(0, 87, -48)
(0, 87, -47)
(0, 87, -46)
(1, 87, -46)
(1, 87, -45)
(0, 88, -44)
(1, 88, -44)
(0, 89, -43)
(1, 89, -44)
(0, 90, -43)
(1, 90, -43)
(0, 91, -43)
(1, 91, -43)
(1, 91, -42)
(0, 92, -41)
(1, 92, -42)
(0, 93, -41)
(1, 93, -42)
(0, 94, -42)
(0, 94, -43)
(0, 94, -44)
(0, 94, -45)
(0, 94, -46)
(1, 93, -47)
(0, 93, -46)
(1, 92, -47)
(0, 92, -47)
(0, 92, -48)
(0, 92, -49)
(1, 91, -50)
(1, 91, -51)
(0, 92, -51)
(0, 92, -52)
(0, 92, -53)
(1, 92, -54)
(0, 93, -53)
(1, 93, -53)
(1, 93, -52)
(0, 94, -51)
(0, 94, -50)
(0, 94, -49)
(0, 94, -48)
(1, 94, -48)
(0, 95, -48)
(1, 95, -48)
(0, 96, -47)
(1, 96, -48)
(1, 96, -49)
(0, 97, -49)
(1, 97, -50)
(1, 97, -51)
(1, 97, -52)
(1, 97, -53)
(0, 97, -53)
(1, 96, -54)
(0, 96, -53)
(1, 95, -53)
(0, 95, -53)
(0, 95, -54)
(1, 94, -55)
(0, 94, -54)
(1, 93, -55)
(1, 93, -56)
(1, 93, -57)
(1, 93, -58)
(0, 94, -58)
(0, 94, -59)
(1, 94, -60)
(0, 95, -59)
(1, 95, -60)
(1, 95, -61)
(0, 95, -61)
(1, 94, -62)
(1, 94, -63)
(0, 94, -63)
(1, 93, -64)
(1, 93, -65)
(0, 93, -65)
(1, 92, -66)
(0, 92, -65)
(1, 91, -65)
(1, 91, -64)
(0, 91, -63)
(1, 90, -64)
(0, 90, -64)
(1, 89, -64)
(0, 89, -64)
(1, 88, -65)
(1, 88, -66)
(0, 89, -66)
(1, 89, -67)
(1, 89, -68)
(1, 89, -69)
(0, 90, -69)
(1, 90, -69)
(1, 90, -68)
(0, 91, -67)
(1, 91, -67)
(0, 92, -67)
(1, 92, -68)
(1, 92, -69)
(0, 93, -69)
(1, 93, -69)
(0, 94, -69)
(1, 94, -70)
(1, 94, -71)
(0, 94, -71)
(1, 93, -71)
(0, 93, -71)
(1, 92, -72)
(1, 92, -73)
(0, 92, -73)
(0, 92, -74)
(0, 92, -75)
(1, 91, -76)
(1, 91, -77)
(0, 91, -77)
(0, 91, -78)
(1, 90, -79)
(1, 90, -80)
(0, 91, -80)
(1, 91, -81)
(0, 92, -80)
(1, 92, -81)
(0, 93, -81)
(0, 93, -82)
(0, 93, -83)
(1, 93, -84)
(0, 94, -83)
(1, 94, -84)
(1, 94, -85)
(0, 94, -85)
(0, 94, -86)
(1, 93, -87)
(0, 93, -87)
(0, 93, -88)
(1, 92, -89)
(0, 92, -89)
(1, 91, -89)
(1, 91, -88)
(0, 91, -87)
(1, 90, -88)
(0, 90, -88)
(1, 89, -89)
(1, 89, -90)
(1, 89, -91)
(0, 90, -91)
(0, 90, -92)
(0, 90, -93)
(0, 90, -94)
(1, 90, -95)
(1, 90, -96)
(0, 91, -96)
(1, 91, -96)
(0, 92, -96)
(1, 92, -96)
(0, 93, -95)
(1, 93, -96)
(0, 94, -96)
(1, 94, -96)
(0, 95, -95)
(0, 95, -94)
(0, 95, -93)
(1, 95, -93)
(1, 95, -92)
(0, 95, -91)
(1, 94, -91)
(0, 94, -91)
(0, 94, -92)
(0, 94, -93)
(1, 93, -94)
(0, 93, -93)
(1, 92, -94)
(0, 92, -94)
(1, 91, -94)
(0, 91, -93)
(0, 91, -92)
(1, 91, -92)
(0, 92, -91)
(1, 92, -92)
(0, 93, -91)
(0, 93, -90)
(1, 93, -90)
(0, 94, -89)
(1, 94, -89)
(0, 95, -88)
(0, 95, -87)
(1, 95, -87)
(0, 96, -87)
(0, 96, -88)
(1, 96, -89)
(0, 97, -89)
(1, 97, -90)
(0, 98, -90)
(0, 98, -91)
(1, 98, -92)
(0, 99, -91)
(1, 99, -92)
(1, 99, -93)
(0, 100, -93)
(1, 100, -93)
(1, 100, -92)
(1, 100, -91)
(0, 100, -90)
(1, 99, -90)
(1, 99, -89)
(0, 100, -88)
(1, 100, -88)
(1, 100, -87)
(0, 100, -86)
(1, 99, -87)
(0, 99, -86)
(0, 99, -85)
(1, 99, -85)
(0, 100, -84)
(1, 100, -84)
(1, 100, -83)
(0, 100, -82)
(1, 99, -83)
(0, 99, -83)
(1, 98, -84)
(0, 98, -83)
(0, 98, -82)
(1, 98, -82)
(1, 98, -81)
(0, 99, -80)
(1, 99, -80)
(0, 100, -79)
(0, 100, -78)
(1, 99, -78)
(0, 99, -78)
(1, 98, -78)
(1, 98, -77)
(1, 98, -76)
(0, 98, -75)
(1, 97, -75)
(0, 97, -75)
(0, 97, -76)
(1, 97, -77)
(1, 97, -78)
(0, 97, -78)
(0, 97, -79)
(1, 97, -80)
(1, 97, -81)
(0, 97, -81)
(0, 97, -82)
(1, 96, -83)
(0, 96, -82)
(1, 95, -83)
(0, 95, -82)
(0, 95, -81)
(0, 95, -80)
(1, 94, -80)
(1, 94, -79)
(1, 94, -78)
(0, 95, -77)
(1, 95, -77)
(0, 96, -76)
(0, 96, -75)
(0, 96, -74)
(1, 95, -74)
(0, 95, -73)
(0, 95, -72)
(1, 95, -72)
(0, 96, -72)
(1, 96, -73)
(0, 97, -73)
(1, 97, -73)
(0, 98, -72)
(0, 98, -71)
(1, 97, -71)
(1, 97, -70)
(0, 97, -69)
(0, 97, -68)
(0, 97, -67)
(0, 97, -66)
(1, 96, -66)
(0, 96, -66)
(1, 95, -67)
(0, 95, -66)
(1, 94, -66)
(1, 94, -65)
(0, 95, -64)
(1, 95, -64)
(1, 95, -63)
(0, 96, -62)
(1, 96, -63)
(1, 96, -64)
(0, 97, -64)
(1, 97, -65)
(0, 98, -64)
(0, 98, -63)
(0, 98, -62)
(1, 97, -62)
(0, 97, -61)
(0, 97, -60)
(1, 97, -60)
(0, 98, -60)
(1, 98, -61)
(0, 99, -61)
(1, 99, -61)
(1, 99, -60)
(1, 99, -59)
(1, 99, -58)
(1, 99, -57)
(0, 100, -56)
(0, 100, -55)
(1, 99, -55)
(0, 99, -54)
(0, 99, -53)
(0, 99, -52)
(1, 99, -52)
(0, 100, -52)
(1, 100, -52)
(1, 100, -51)
(0, 100, -50)
(0, 100, -49)
(1, 99, -49)
(0, 99, -48)
(1, 98, -48)
(0, 98, -47)
(1, 97, -47)
(1, 97, -46)
(1, 97, -45)
(0, 98, -44)
(0, 98, -43)
(1, 98, -43)
(0, 99, -42)
(0, 99, -41)
(1, 98, -41)
(1, 98, -40)
(1, 98, -39)
(1, 98, -38)
(1, 98, -37)
(0, 99, -36)
(0, 99, -35)
(0, 99, -34)
(0, 99, -33)
(1, 99, -33)
(0, 100, -33)
(1, 100, -33)
(1, 100, -32)
(1, 100, -31)
(0, 100, -30)
(1, 99, -31)
(0, 99, -31)
(1, 98, -32)
(0, 98, -31)
(1, 97, -32)
(0, 97, -31)
(1, 96, -31)
(0, 96, -31)
(0, 96, -32)
(1, 95, -33)
(1, 95, -34)
(0, 95, -34)
(1, 94, -34)
(1, 94, -33)
(0, 94, -32)
(1, 93, -32)
(0, 93, -31)
(1, 92, -32)
(0, 92, -32)
(0, 92, -33)
(1, 91, -34)
(0, 91, -33)
(1, 90, -33)
(0, 90, -32)
(1, 89, -33)
(1, 89, -34)
(1, 89, -35)
(0, 90, -35)
(1, 90, -36)
(0, 91, -35)
(1, 91, -36)
(1, 91, -37)
(1, 91, -38)
(0, 91, -38)
(1, 90, -38)
(0, 90, -38)
(1, 89, -38)
(1, 89, -37)
(0, 89, -36)
(1, 88, -36)
(0, 88, -35)
(0, 88, -34)
(1, 87, -34)
(1, 87, -33)
(0, 87, -32)
(0, 87, -31)
(1, 86, -31)
(0, 86, -31)
(1, 85, -32)
(1, 85, -33)
(1, 85, -34)
(0, 85, -34)
(0, 85, -35)
(1, 85, -36)
(0, 86, -36)
(0, 86, -37)
(0, 86, -38)
(0, 86, -39)
(0, 86, -40)
(1, 85, -41)
(0, 85, -40)
(1, 84, -41)
(0, 84, -40)
(1, 83, -40)
(1, 83, -39)
(0, 83, -38)
(1, 82, -39)
(1, 82, -40)
(1, 82, -41)
(0, 82, -41)
(1, 81, -42)
(0, 81, -41)
(1, 80, -41)
(0, 80, -41)
(1, 79, -42)
(1, 79, -43)
(0, 79, -43)
(1, 78, -43)
(1, 78, -42)
(0, 78, -41)
(0, 78, -40)
(1, 77, -40)
(0, 77, -39)
(0, 77, -38)
(1, 77, -38)
(0, 78, -37)
(0, 78, -36)
(1, 77, -36)
(1, 77, -35)
(0, 77, -34)
(1, 76, -34)
(1, 76, -33)
(0, 76, -32)
(1, 75, -32)
(0, 75, -31)
(1, 74, -32)
(0, 74, -31)
(1, 73, -32)
(0, 73, -32)
(1, 72, -32)
(1, 72, -31)
(0, 73, -30)
(0, 73, -29)
(1, 73, -29)
(1, 73, -28)
(1, 73, -27)
(1, 73, -26)
(1, 73, -25)
(1, 73, -24)
(0, 74, -23)
(1, 74, -23)
(0, 75, -22)
(0, 75, -21)
(1, 74, -21)
(0, 74, -21)
(1, 73, -21)
(0, 73, -20)
(1, 72, -20)
(1, 72, -19)
(1, 72, -18)
(0, 73, -17)
(1, 73, -18)
(1, 73, -19)
(0, 74, -19)
(1, 74, -19)
(0, 75, -19)
(1, 75, -20)
(0, 76, -20)
(0, 76, -21)
(0, 76, -22)
(1, 76, -23)
(0, 77, -23)
(1, 77, -24)
(0, 78, -24)
(0, 78, -25)
(1, 77, -26)
(0, 77, -25)
(1, 76, -25)
(0, 76, -24)
(1, 75, -24)
(0, 75, -24)
(1, 74, -25)
(1, 74, -26)
(1, 74, -27)
(1, 74, -28)
(1, 74, -29)
(0, 75, -29)
(1, 75, -30)
(0, 76, -29)
(1, 76, -30)
(0, 77, -29)
(1, 77, -30)
(0, 78, -30)
(1, 78, -30)
(0, 79, -29)
(0, 79, -28)
(0, 79, -27)
(1, 79, -27)
(0, 80, -26)
(0, 80, -25)
(0, 80, -24)
(1, 80, -24)
(0, 81, -23)
(1, 81, -23)
(0, 82, -23)
(1, 82, -24)
(0, 83, -23)
(0, 83, -22)
(1, 83, -22)
(0, 84, -22)
(1, 84, -22)
(1, 84, -21)
(0, 84, -20)
(1, 83, -20)
(0, 83, -19)
(1, 82, -20)
(0, 82, -19)
(0, 82, -18)
(1, 81, -18)
(0, 81, -17)
(0, 81, -16)
(1, 81, -16)
(0, 82, -15)
(0, 82, -14)
(1, 82, -14)
(1, 82, -13)
(1, 82, -12)
(0, 83, -11)
(1, 83, -12)
(1, 83, -13)
(1, 83, -14)
(0, 84, -14)
(1, 84, -14)
(0, 85, -14)
(1, 85, -15)
(1, 85, -16)
(0, 85, -16)
(1, 84, -16)
(0, 84, -16)
(0, 84, -17)
(0, 84, -18)
(1, 84, -19)
(0, 85, -18)
(1, 85, -19)
(0, 86, -18)
(1, 86, -18)
(0, 87, -18)
(1, 87, -18)
(0, 88, -18)
(0, 88, -19)
(1, 87, -20)
(1, 87, -21)
(1, 87, -22)
(0, 87, -22)
(0, 87, -23)
(1, 86, -24)
(0, 86, -23)
(1, 85, -23)
(0, 85, -23)
(1, 84, -24)
(0, 84, -24)
(1, 83, -25)
(0, 83, -25)
(1, 82, -26)
(0, 82, -25)
(1, 81, -25)
(0, 81, -25)
(0, 81, -26)
(0, 81, -27)
(1, 81, -28)
(1, 81, -29)
(0, 82, -29)
(1, 82, -29)
(0, 83, -29)
(0, 83, -30)
(1, 83, -31)
(0, 84, -30)
(1, 84, -30)
(1, 84, -29)
(1, 84, -28)
(0, 85, -27)
(0, 85, -26)
(1, 85, -26)
(0, 86, -25)
(1, 86, -26)
(0, 87, -26)
(1, 87, -27)
(0, 88, -26)
(1, 88, -27)
(1, 88, -28)
(0, 89, -28)
(1, 89, -29)
(0, 90, -28)
(0, 90, -27)
(1, 89, -27)
(1, 89, -26)
(0, 89, -25)
(1, 88, -25)
(0, 88, -24)
(0, 88, -23)
(1, 88, -23)
(0, 89, -22)
(0, 89, -21)
(1, 89, -21)
(1, 89, -20)
(1, 89, -19)
(0, 90, -18)
(0, 90, -17)
(0, 90, -16)
(0, 90, -15)
(0, 90, -14)
(1, 90, -14)
(0, 91, -13)
(1, 91, -13)
(0, 92, -12)
(1, 92, -13)
(0, 93, -13)
(1, 93, -13)
(1, 93, -12)
(1, 93, -11)
(1, 93, -10)
(1, 93, -9)
(0, 93, -8)
(1, 92, -8)
(1, 92, -7)
(0, 92, -6)
(1, 91, -7)
(0, 91, -6)
(0, 91, -5)
(0, 91, -4)
(0, 91, -3)
(0, 91, -2)
(0, 91, -1)
(1, 90, -1)
(1, 90, 0)
(0, 90, 1)
(0, 90, 2)
(0, 90, 3)
(0, 90, 4)
(1, 90, 4)
(0, 91, 4)
(1, 91, 4)
(0, 92, 4)
(1, 92, 3)
(0, 93, 4)
(1, 93, 3)
(1, 93, 2)
(0, 93, 2)
(0, 93, 1)
(0, 93, 0)
(1, 93, -1)
(1, 93, -2)
(0, 94, -2)
(1, 94, -3)
(1, 94, -4)
(0, 95, -4)
(0, 95, -5)
(1, 94, -6)
(1, 94, -7)
(0, 95, -7)
(1, 95, -7)
(0, 96, -6)
(1, 96, -7)
(1, 96, -8)
(0, 96, -8)
(0, 96, -9)
(1, 95, -10)
(1, 95, -11)
(0, 96, -11)
(1, 96, -11)
(0, 97, -11)
(1, 97, -11)
(0, 98, -10)
(0, 98, -9)
(1, 98, -9)
(0, 99, -8)
(0, 99, -7)
(1, 99, -7)
(1, 99, -6)
(1, 99, -5)
(0, 100, -4)
(1, 100, -4)
(1, 100, -3)
(1, 100, -2)
(1, 100, -1)
(1, 100, 0)
(1, 100, 1)
(1, 100, 2)
(1, 100, 3)
(1, 100, 4)
(1, 100, 5)
(1, 100, 6)
(0, 100, 7)
(1, 99, 6)
(0, 99, 7)
(1, 98, 7)
(1, 98, 8)
(1, 98, 9)
(0, 99, 10)
(1, 99, 10)
(1, 99, 11)
(0, 100, 12)
(0, 100, 13)
(1, 100, 13)
(1, 100, 14)
(0, 100, 15)
(1, 99, 14)
(0, 99, 15)
(1, 98, 14)
(1, 98, 13)
(1, 98, 12)
(1, 98, 11)
(0, 98, 11)
(1, 97, 11)
(0, 97, 11)
(1, 96, 10)
(0, 96, 10)
(1, 95, 9)
(0, 95, 9)
(0, 95, 8)
(0, 95, 7)
(1, 95, 6)
(0, 96, 7)
(1, 96, 7)
(1, 96, 8)
(0, 97, 9)
(1, 97, 8)
(1, 97, 7)
(1, 97, 6)
(0, 98, 6)
(0, 98, 5)
(1, 98, 4)
(0, 99, 4)
(0, 99, 3)
(1, 99, 2)
(1, 99, 1)
(0, 99, 1)
(0, 99, 0)
(0, 99, -1)
(1, 99, -2)
(1, 99, -3)
(0, 99, -3)
(1, 98, -4)
(0, 98, -4)
(1, 97, -4)
(0, 97, -4)
(1, 96, -4)
(1, 96, -3)
(0, 97, -2)
(0, 97, -1)
(1, 96, -1)
(1, 96, 0)
(1, 96, 1)
(1, 96, 2)
(1, 96, 3)
(0, 97, 4)
(0, 97, 5)
(1, 96, 5)
(0, 96, 5)
(1, 95, 4)
(0, 95, 5)
(1, 94, 5)
(0, 94, 6)
(1, 93, 5)
(0, 93, 6)
(1, 92, 6)
(1, 92, 7)
(0, 92, 8)
(1, 91, 7)
(0, 91, 7)
(1, 90, 6)
(0, 90, 6)
(1, 89, 6)
(0, 89, 7)
(1, 88, 6)
(0, 88, 7)
(0, 88, 8)
(1, 88, 8)
(0, 89, 9)
(1, 89, 8)
(0, 90, 9)
(1, 90, 8)
(0, 91, 9)
(1, 91, 9)
(1, 91, 10)
(0, 92, 11)
(1, 92, 11)
(1, 92, 12)
(0, 93, 13)
(0, 93, 14)
(0, 93, 15)
(1, 93, 15)
(1, 93, 16)
(0, 93, 17)
(0, 93, 18)
(1, 93, 18)
(1, 93, 19)
(1, 93, 20)
(1, 93, 21)
(0, 93, 22)
(0, 93, 23)
(1, 92, 23)
(1, 92, 24)
(1, 92, 25)
(1, 92, 26)
(0, 93, 27)
(0, 93, 28)
(1, 93, 28)
(0, 94, 29)
(1, 94, 28)
(1, 94, 27)
(0, 94, 27)
(0, 94, 26)
(1, 94, 25)
(1, 94, 24)
(0, 94, 24)
(0, 94, 23)
(1, 94, 22)
(0, 95, 22)
(1, 95, 21)
(0, 96, 21)
(1, 96, 21)
(0, 97, 22)
(1, 97, 21)
(1, 97, 20)
(0, 97, 20)
(0, 97, 19)
(1, 97, 18)
(0, 98, 18)
(1, 98, 18)
(1, 98, 19)
(0, 99, 20)
(1, 99, 20)
(1, 99, 21)
(1, 99, 22)
(1, 99, 23)
(1, 99, 24)
(1, 99, 25)
(0, 99, 26)
(1, 98, 26)
(0, 98, 27)
(1, 97, 26)
(0, 97, 27)
(0, 97, 28)
(0, 97, 29)
(1, 96, 29)
(0, 96, 29)
(1, 95, 29)
(1, 95, 30)
(0, 95, 31)
(0, 95, 32)
(1, 95, 32)
(0, 96, 32)
(1, 96, 32)
(0, 97, 32)
(1, 97, 32)
(0, 98, 32)
(1, 98, 31)
(0, 99, 31)
(0, 99, 30)
(1, 99, 29)
(0, 100, 29)
(1, 100, 29)
(1, 100, 30)
(0, 100, 31)
(0, 100, 32)
(1, 99, 32)
(1, 99, 33)
(0, 99, 34)
(1, 98, 33)
(0, 98, 34)
(1, 97, 34)
(0, 97, 34)
(1, 96, 34)
(0, 96, 34)
(1, 95, 34)
(0, 95, 34)
(1, 94, 33)
(0, 94, 34)
(0, 94, 35)
(1, 94, 35)
(1, 94, 36)
(1, 94, 37)
(0, 95, 38)
(1, 95, 38)
(0, 96, 38)
(1, 96, 38)
(0, 97, 38)
(1, 97, 38)
(1, 97, 39)
(0, 98, 40)
(1, 98, 39)
(1, 98, 38)
(1, 98, 37)
(0, 99, 37)
(1, 99, 37)
(0, 100, 38)
(0, 100, 39)
(0, 100, 40)
(1, 99, 40)
(1, 99, 41)
(0, 99, 42)
(0, 99, 43)
(1, 99, 43)
(0, 100, 43)
(1, 100, 43)
(1, 100, 44)
(1, 100, 45)
(0, 100, 46)
(1, 99, 46)
(0, 99, 46)
(1, 98, 45)
(0, 98, 45)
(1, 97, 45)
(0, 97, 45)
(1, 96, 44)
(0, 96, 45)
(1, 95, 44)
(1, 95, 43)
(1, 95, 42)
(0, 95, 42)
(0, 95, 41)
(0, 95, 40)
(1, 94, 39)
(0, 94, 39)
(1, 93, 39)
(0, 93, 39)
(1, 92, 38)
(0, 92, 38)
(1, 91, 38)
(0, 91, 38)
(1, 90, 38)
(0, 90, 39)
(0, 90, 40)
(1, 89, 40)
(0, 89, 40)
(1, 88, 39)
(0, 88, 39)
(1, 87, 38)
(1, 87, 37)
(0, 88, 37)
(0, 88, 36)
(1, 88, 35)
(1, 88, 34)
(1, 88, 33)
(1, 88, 32)
(0, 89, 32)
(1, 89, 31)
(0, 90, 32)
(0, 90, 33)
(1, 90, 33)
(0, 91, 33)
(1, 91, 33)
(0, 92, 34)
(0, 92, 35)
(1, 92, 35)
(0, 93, 35)
(0, 93, 34)
(0, 93, 33)
(0, 93, 32)
(1, 93, 31)
(1, 93, 30)
(0, 93, 30)
(1, 92, 30)
(0, 92, 30)
(1, 91, 29)
(1, 91, 28)
(0, 91, 28)
(1, 90, 28)
(0, 90, 28)
(1, 89, 27)
(0, 89, 28)
(1, 88, 27)
(1, 88, 26)
(0, 88, 26)
(0, 88, 25)
(1, 88, 24)
(0, 89, 25)
(1, 89, 24)
(0, 90, 24)
(0, 90, 23)
(0, 90, 22)
(0, 90, 21)
(0, 90, 20)
(0, 90, 19)
(1, 90, 18)
(1, 90, 17)
(0, 91, 17)
(1, 91, 16)
(1, 91, 15)
(0, 91, 15)
(1, 90, 15)
(0, 90, 16)
(1, 89, 16)
(0, 89, 17)
(0, 89, 18)
(0, 89, 19)
(0, 89, 20)
(0, 89, 21)
(1, 88, 21)
(0, 88, 22)
(0, 88, 23)
(1, 87, 23)
(0, 87, 24)
(1, 86, 23)
(0, 86, 24)
(0, 86, 25)
(0, 86, 26)
(1, 85, 26)
(1, 85, 27)
(1, 85, 28)
(0, 86, 29)
(1, 86, 29)
(1, 86, 30)
(1, 86, 31)
(0, 87, 32)
(0, 87, 33)
(0, 87, 34)
(0, 87, 35)
(1, 86, 35)
(1, 86, 36)
(1, 86, 37)
(0, 86, 38)
(1, 85, 38)
(0, 85, 39)
(1, 84, 39)
(0, 84, 40)
(1, 83, 40)
(0, 83, 41)
(1, 82, 40)
(1, 82, 39)
(0, 83, 39)
(1, 83, 38)
(1, 83, 37)
(1, 83, 36)
(1, 83, 35)
(0, 84, 35)
(0, 84, 34)
(1, 83, 33)
(0, 83, 33)
(1, 82, 33)
(1, 82, 34)
(0, 82, 35)
(0, 82, 36)
(0, 82, 37)
(0, 82, 38)
(1, 81, 38)
(1, 81, 39)
(0, 81, 40)
(1, 80, 40)
(0, 80, 40)
(0, 80, 39)
(1, 80, 38)
(1, 80, 37)
(1, 80, 36)
(0, 80, 36)
(1, 79, 36)
(0, 79, 37)
(1, 78, 37)
(0, 78, 38)
(1, 77, 37)
(1, 77, 36)
(0, 77, 36)
(1, 76, 35)
(1, 76, 34)
(1, 76, 33)
(0, 77, 33)
(1, 77, 33)
(0, 78, 34)
(1, 78, 34)
(0, 79, 34)
(1, 79, 33)
(0, 80, 33)
(1, 80, 32)
(0, 81, 32)
(0, 81, 31)
(1, 81, 30)
(0, 82, 31)
(1, 82, 30)
(0, 83, 31)
(1, 83, 30)
(0, 84, 31)
(1, 84, 30)
(1, 84, 29)
(1, 84, 28)
(0, 84, 28)
(1, 83, 27)
(0, 83, 28)
(1, 82, 28)
(0, 82, 28)
(1, 81, 27)
(0, 81, 27)
(1, 80, 27)
(0, 80, 28)
(1, 79, 28)
(1, 79, 29)
(1, 79, 30)
(1, 79, 31)
(0, 79, 32)
(1, 78, 31)
(1, 78, 30)
(1, 78, 29)
(0, 78, 29)
(0, 78, 28)
(1, 77, 27)
(1, 77, 26)
(0, 78, 26)
(1, 78, 26)
(0, 79, 27)
(1, 79, 26)
(1, 79, 25)
(1, 79, 24)
(1, 79, 23)
(0, 79, 23)
(0, 79, 22)
(1, 79, 21)
(0, 80, 22)
(1, 80, 22)
(0, 81, 22)
(0, 81, 21)
(0, 81, 20)
(1, 81, 19)
(0, 82, 19)
(0, 82, 18)
(1, 82, 17)
(1, 82, 16)
(0, 83, 16)
(1, 83, 15)
(0, 84, 15)
(1, 84, 14)
(1, 84, 13)
(0, 85, 13)
(1, 85, 12)
(1, 85, 11)
(0, 85, 11)
(0, 85, 10)
(1, 84, 9)
(0, 84, 10)
(1, 83, 10)
(0, 83, 11)
(1, 82, 10)
(0, 82, 10)
(1, 81, 10)
(1, 81, 11)
(0, 81, 12)
(0, 81, 13)
(1, 81, 13)
(0, 82, 13)
(1, 82, 12)
(0, 83, 13)
(0, 83, 14)
(1, 82, 14)
(0, 82, 15)
(1, 81, 15)
(0, 81, 15)
(1, 80, 14)
(0, 80, 14)
(0, 80, 13)
(1, 79, 12)
(1, 79, 11)
(0, 79, 11)
(0, 79, 10)
(1, 78, 9)
(1, 78, 8)
(0, 78, 8)
(1, 77, 8)
(0, 77, 8)
(0, 77, 7)
(0, 77, 6)
(1, 77, 5)
(0, 78, 5)
(1, 78, 4)
(0, 79, 5)
(1, 79, 4)
(0, 80, 5)
(1, 80, 5)
(0, 81, 5)
(0, 81, 4)
(1, 80, 3)
(1, 80, 2)
(0, 81, 2)
(1, 81, 1)
(0, 82, 1)
(1, 82, 0)
(1, 82, -1)
(0, 82, -1)
(1, 81, -2)
(0, 81, -2)
(0, 81, -3)
(1, 81, -4)
(0, 82, -4)
(1, 82, -5)
(1, 82, -6)
(0, 82, -6)
(1, 81, -7)
(1, 81, -8)
(0, 81, -8)
(1, 80, -9)
(1, 80, -10)
(0, 80, -10)
(1, 79, -10)
(0, 79, -9)
(1, 78, -9)
(0, 78, -8)
(1, 77, -9)
(0, 77, -9)
(0, 77, -10)
(1, 77, -11)
(1, 77, -12)
(1, 77, -13)
(1, 77, -14)
(1, 77, -15)
(0, 77, -15)
(1, 76, -15)
(1, 76, -14)
(0, 76, -13)
(1, 75, -13)
(1, 75, -12)
(0, 76, -11)
(0, 76, -10)
(0, 76, -9)
(1, 75, -9)
(0, 75, -9)
(1, 74, -9)
(1, 74, -8)
(0, 74, -7)
(1, 73, -8)
(1, 73, -9)
(1, 73, -10)
(0, 74, -10)
(1, 74, -11)
(1, 74, -12)
(1, 74, -13)
(0, 74, -13)
(1, 73, -14)
(0, 73, -13)
(1, 72, -13)
(0, 72, -13)
(1, 71, -14)
(0, 71, -14)
(1, 70, -15)
(1, 70, -16)
(1, 70, -17)
(1, 70, -18)
(0, 70, -18)
(0, 70, -19)
(1, 69, -20)
(0, 69, -20)
(1, 68, -21)
(0, 68, -21)
(1, 67, -22)
(0, 67, -21)
(1, 66, -22)
(0, 66, -22)
(1, 65, -22)
(1, 65, -21)
(1, 65, -20)
(0, 66, -19)
(1, 66, -20)
(0, 67, -19)
(1, 67, -19)
(0, 68, -18)
(1, 68, -18)
(1, 68, -17)
(0, 69, -16)
(0, 69, -15)
(1, 69, -15)
(1, 69, -14)
(0, 69, -13)
(1, 68, -14)
(0, 68, -14)
(1, 67, -15)
(1, 67, -16)
(1, 67, -17)
(0, 67, -17)
(1, 66, -17)
(1, 66, -16)
(0, 66, -15)
(1, 65, -15)
(1, 65, -14)
(0, 65, -13)
(1, 64, -14)
(0, 64, -14)
(1, 63, -14)
(1, 63, -13)
(0, 63, -12)
(0, 63, -11)
(0, 63, -10)
(1, 62, -10)
(1, 62, -9)
(0, 62, -8)
(1, 61, -9)
(0, 61, -8)
(0, 61, -7)
(1, 61, -7)
(1, 61, -6)
(0, 61, -5)
(1, 60, -6)
(0, 60, -6)
(0, 60, -7)
(0, 60, -8)
(1, 59, -9)
(0, 59, -9)
(1, 58, -10)
(0, 58, -10)
(0, 58, -11)
(0, 58, -12)
(1, 58, -13)
(0, 59, -13)
(1, 59, -14)
(0, 60, -14)
(1, 60, -14)
(0, 61, -14)
(1, 61, -15)
(0, 62, -14)
(1, 62, -15)
(1, 62, -16)
(0, 63, -16)
(1, 63, -16)
(0, 64, -16)
(1, 64, -17)
(1, 64, -18)
(0, 64, -18)
(1, 63, -19)
(0, 63, -19)
(1, 62, -19)
(0, 62, -18)
(0, 62, -17)
(1, 61, -17)
(0, 61, -16)
(1, 60, -17)
(0, 60, -17)
(1, 59, -17)
(0, 59, -17)
(1, 58, -18)
(0, 58, -18)
(0, 58, -19)
(1, 58, -20)
(1, 58, -21)
(0, 59, -21)
(1, 59, -21)
(0, 60, -21)
(1, 60, -22)
(1, 60, -23)
(1, 60, -24)
(0, 60, -24)
(0, 60, -25)
(1, 60, -26)
(1, 60, -27)
(0, 61, -27)
(1, 61, -28)
(0, 62, -28)
(1, 62, -28)
(0, 63, -27)
(1, 63, -27)
(0, 64, -26)
(1, 64, -27)
(0, 65, -26)
(0, 65, -25)
(1, 65, -25)
(0, 66, -24)
(1, 66, -24)
(0, 67, -23)
(1, 67, -24)
(0, 68, -24)
(1, 68, -24)
(0, 69, -24)
(1, 69, -24)
(0, 70, -23)
(1, 70, -24)
(0, 71, -24)
(1, 71, -25)
(1, 71, -26)
(0, 72, -26)
(1, 72, -27)
(1, 72, -28)
(0, 72, -28)
(0, 72, -29)
(1, 71, -30)
(0, 71, -30)
(1, 70, -30)
(1, 70, -29)
(0, 71, -28)
(0, 71, -27)
(1, 70, -27)
(0, 70, -27)
(1, 69, -28)
(0, 69, -28)
(1, 68, -29)
(1, 68, -30)
(0, 68, -30)
(1, 67, -30)
(0, 67, -29)
(0, 67, -28)
(1, 67, -28)
(0, 68, -27)
(0, 68, -26)
(1, 67, -26)
(0, 67, -26)
(1, 66, -26)
(0, 66, -26)
(0, 66, -27)
(0, 66, -28)
(1, 65, -29)
(0, 65, -29)
(1, 64, -29)
(0, 64, -28)
(1, 63, -29)
(0, 63, -29)
(1, 62, -30)
(1, 62, -31)
(0, 63, -31)
(0, 63, -32)
(1, 62, -33)
(0, 62, -33)
(1, 61, -33)
(0, 61, -32)
(0, 61, -31)
(1, 60, -31)
(0, 60, -31)
(1, 59, -31)
(0, 59, -31)
(1, 58, -31)
(0, 58, -31)
(0, 58, -32)
(1, 57, -33)
(0, 57, -32)
(1, 56, -33)
(1, 56, -34)
(0, 57, -34)
(1, 57, -35)
(0, 58, -35)
(0, 58, -36)
(0, 58, -37)
(1, 58, -38)
(0, 59, -38)
(1, 59, -38)
(0, 60, -38)
(1, 60, -38)
(1, 60, -37)
(0, 61, -36)
(1, 61, -36)
(0, 62, -35)
(1, 62, -35)
(0, 63, -34)
(1, 63, -35)
(1, 63, -36)
(0, 64, -36)
(0, 64, -37)
(1, 64, -38)
(0, 65, -38)
(1, 65, -38)
(1, 65, -37)
(1, 65, -36)
(0, 65, -35)
(0, 65, -34)
(0, 65, -33)
(1, 65, -33)
(0, 66, -33)
(1, 66, -33)
(0, 67, -32)
(1, 67, -33)
(0, 68, -32)
(1, 68, -32)
(0, 69, -32)
(0, 69, -33)
(1, 68, -34)
(1, 68, -35)
(1, 68, -36)
(0, 69, -36)
(1, 69, -37)
(0, 70, -37)
(1, 70, -37)
(1, 70, -36)
(0, 71, -35)
(1, 71, -35)
(0, 72, -35)
(1, 72, -35)
(0, 73, -35)
(1, 73, -35)
(1, 73, -34)
(0, 74, -33)
(1, 74, -34)
(0, 75, -33)
(1, 75, -34)
(1, 75, -35)
(0, 75, -35)
(0, 75, -36)
(0, 75, -37)
(1, 74, -38)
(0, 74, -37)
(1, 73, -38)
(1, 73, -39)
(0, 73, -39)
(1, 72, -39)
(0, 72, -39)
(1, 71, -39)
(0, 71, -39)
(1, 70, -40)
(0, 70, -39)
(1, 69, -40)
(0, 69, -40)
(1, 68, -41)
(0, 68, -40)
(1, 67, -40)
(0, 67, -40)
(0, 67, -41)
(1, 67, -42)
(1, 67, -43)
(1, 67, -44)
(0, 67, -44)
(0, 67, -45)
(1, 67, -46)
(0, 68, -45)
(1, 68, -46)
(0, 69, -46)
(1, 69, -47)
(0, 70, -47)
(1, 70, -47)
(0, 71, -46)
(0, 71, -45)
(1, 71, -45)
(0, 72, -44)
(0, 72, -43)
(1, 72, -43)
(0, 73, -43)
(1, 73, -44)
(0, 74, -43)
(0, 74, -42)
(1, 73, -42)
(1, 73, -41)
(0, 74, -40)
(1, 74, -41)
(0, 75, -40)
(1, 75, -41)
(1, 75, -42)
(1, 75, -43)
(0, 75, -43)
(0, 75, -44)
(1, 74, -45)
(0, 74, -45)
(0, 74, -46)
(1, 74, -47)
(0, 75, -46)
(1, 75, -47)
(1, 75, -48)
(0, 76, -48)
(0, 76, -49)
(0, 76, -50)
(1, 76, -51)
(1, 76, -52)
(1, 76, -53)
(0, 76, -53)
(1, 75, -54)
(0, 75, -53)
(0, 75, -52)
(0, 75, -51)
(0, 75, -50)
(0, 75, -49)
(1, 74, -49)
(0, 74, -48)
(1, 73, -49)
(0, 73, -48)
(1, 72, -48)
(0, 72, -47)
(1, 71, -48)
(0, 71, -48)
(0, 71, -49)
(1, 70, -50)
(0, 70, -49)
(1, 69, -50)
(0, 69, -50)
(0, 69, -51)
(1, 68, -52)
(1, 68, -53)
(0, 69, -53)
(1, 69, -54)
(0, 70, -53)
(1, 70, -54)
(0, 71, -53)
(1, 71, -53)
(0, 72, -53)
(1, 72, -54)
(0, 73, -54)
(1, 73, -55)
(0, 74, -54)
(1, 74, -55)
(0, 75, -55)
(0, 75, -56)
(0, 75, -57)
(0, 75, -58)
(0, 75, -59)
(1, 74, -60)
(0, 74, -60)
(1, 73, -60)
(0, 73, -60)
(1, 72, -60)
(0, 72, -59)
(0, 72, -58)
(1, 71, -58)
(1, 71, -57)
(1, 71, -56)
(0, 71, -55)
(1, 70, -56)
(0, 70, -55)
(1, 69, -56)
(1, 69, -57)
(0, 70, -57)
(0, 70, -58)
(1, 69, -59)
(0, 69, -58)
(1, 68, -59)
(0, 68, -59)
(0, 68, -60)
(1, 68, -61)
(0, 69, -61)
(0, 69, -62)
(1, 68, -63)
(1, 68, -64)
(1, 68, -65)
(0, 68, -65)
(1, 67, -66)
(0, 67, -66)
(1, 66, -66)
(0, 66, -66)
(0, 66, -67)
(1, 65, -68)
(1, 65, -69)
(0, 65, -69)
(0, 65, -70)
(1, 65, -71)
(0, 66, -71)
(1, 66, -71)
(0, 67, -70)
(0, 67, -69)
(1, 67, -69)
(1, 67, -68)
(0, 68, -67)
(1, 68, -67)
(0, 69, -66)
(1, 69, -67)
(0, 70, -66)
(1, 70, -66)
(0, 71, -65)
(0, 71, -64)
(1, 70, -64)
(1, 70, -63)
(0, 70, -62)
(0, 70, -61)
(0, 70, -60)
(1, 70, -60)
(0, 71, -60)
(1, 71, -61)
(0, 72, -61)
(1, 72, -62)
(0, 73, -62)
(1, 73, -62)
(0, 74, -62)
(0, 74, -63)
(1, 73, -64)
(1, 73, -65)
(1, 73, -66)
(0, 73, -66)
(0, 73, -67)
(1, 73, -68)
(0, 74, -67)
(1, 74, -68)
(0, 75, -68)
(0, 75, -69)
(1, 75, -70)
(0, 76, -70)
(0, 76, -71)
(1, 75, -72)
(1, 75, -73)
(0, 75, -73)
(1, 74, -73)
(0, 74, -72)
(1, 73, -72)
(0, 73, -71)
(1, 72, -71)
(0, 72, -70)
(1, 71, -70)
(1, 71, -69)
(0, 72, -68)
(0, 72, -67)
(1, 71, -67)
(0, 71, -67)
(1, 70, -68)
(1, 70, -69)
(1, 70, -70)
(1, 70, -71)
(0, 71, -71)
(1, 71, -72)
(1, 71, -73)
(1, 71, -74)
(0, 71, -74)
(1, 70, -74)
(1, 70, -73)
(0, 70, -72)
(1, 69, -73)
(0, 69, -72)
(1, 68, -72)
(0, 68, -72)
(0, 68, -73)
(1, 67, -74)
(0, 67, -74)
(1, 66, -75)
(0, 66, -75)
(1, 65, -76)
(0, 65, -75)
(0, 65, -74)
(1, 64, -74)
(1, 64, -73)
(0, 64, -72)
(1, 63, -72)
(1, 63, -71)
(0, 63, -70)
(0, 63, -69)
(1, 62, -69)
(1, 62, -68)
(1, 62, -67)
(0, 62, -66)
(1, 61, -66)
(0, 61, -66)
(1, 60, -66)
(0, 60, -66)
(1, 59, -66)
(0, 59, -65)
(0, 59, -64)
(1, 58, -64)
(0, 58, -63)
(1, 57, -63)
(1, 57, -62)
(0, 58, -61)
(1, 58, -62)
(0, 59, -62)
(1, 59, -62)
(1, 59, -61)
(0, 60, -60)
(1, 60, -61)
(0, 61, -60)
(1, 61, -61)
(1, 61, -62)
(0, 62, -62)
(1, 62, -62)
(0, 63, -61)
(1, 63, -61)
(0, 64, -61)
(1, 64, -61)
(1, 64, -60)
(0, 65, -59)
(0, 65, -58)
(1, 64, -58)
(1, 64, -57)
(0, 64, -56)
(0, 64, -55)
(1, 63, -55)
(0, 63, -55)
(1, 62, -56)
(0, 62, -56)
(1, 61, -57)
(0, 61, -56)
(1, 60, -56)
(1, 60, -55)
(0, 61, -54)
(1, 61, -54)
(0, 62, -54)
(1, 62, -54)
(1, 62, -53)
(0, 63, -52)
(0, 63, -51)
(0, 63, -50)
(1, 63, -50)
(0, 64, -50)
(0, 64, -51)
(0, 64, -52)
(1, 64, -53)
(1, 64, -54)
(0, 65, -54)
(1, 65, -54)
(0, 66, -53)
(0, 66, -52)
(1, 66, -52)
(0, 67, -51)
(1, 67, -51)
(1, 67, -50)
(0, 68, -49)
(0, 68, -48)
(1, 67, -48)
(0, 67, -47)
(1, 66, -48)
(0, 66, -47)
(0, 66, -46)
(0, 66, -45)
(1, 65, -45)
(0, 65, -45)
(1, 64, -45)
(0, 64, -44)
(1, 63, -45)
(0, 63, -45)
(1, 62, -45)
(1, 62, -44)
(0, 62, -43)
(0, 62, -42)
(0, 62, -41)
(0, 62, -40)
(1, 62, -40)
(0, 63, -39)
(0, 63, -38)
(1, 62, -38)
(0, 62, -38)
(1, 61, -39)
(0, 61, -39)
(0, 61, -40)
(0, 61, -41)
(1, 60, -42)
(0, 60, -42)
(0, 60, -43)
(1, 59, -44)
(0, 59, -44)
(1, 58, -45)
(1, 58, -46)
(0, 59, -46)
(0, 59, -47)
(1, 59, -48)
(0, 60, -47)
(0, 60, -46)
(1, 60, -46)
(0, 61, -46)
(0, 61, -47)
(0, 61, -48)
(0, 61, -49)
(1, 61, -50)
(0, 62, -50)
(0, 62, -51)
(1, 61, -52)
(0, 61, -51)
(1, 60, -52)
(0, 60, -51)
(1, 59, -51)
(0, 59, -51)
(1, 58, -52)
(1, 58, -53)
(0, 58, -53)
(0, 58, -54)
(0, 58, -55)
(1, 58, -56)
(0, 59, -56)
(0, 59, -57)
(1, 58, -58)
(0, 58, -57)
(1, 57, -57)
(0, 57, -57)
(1, 56, -58)
(0, 56, -57)
(0, 56, -56)
(1, 55, -56)
(0, 55, -55)
(1, 54, -56)
(0, 54, -55)
(1, 53, -56)
(0, 53, -55)
(1, 52, -55)
(1, 52, -54)
(1, 52, -53)
(1, 52, -52)
(1, 52, -51)
(0, 52, -50)
(1, 51, -50)
(1, 51, -49)
(1, 51, -48)
(0, 52, -47)
(1, 52, -47)
(0, 53, -46)
(1, 53, -47)
(1, 53, -48)
(1, 53, -49)
(0, 54, -49)
(0, 54, -50)
(0, 54, -51)
(0, 54, -52)
(1, 54, -53)
(0, 55, -52)
(1, 55, -52)
(0, 56, -51)
(1, 56, -52)
(0, 57, -52)
(1, 57, -52)
(1, 57, -51)
(1, 57, -50)
(0, 57, -49)
(1, 56, -49)
(0, 56, -49)
(1, 55, -49)
(0, 55, -48)
(0, 55, -47)
(1, 55, -47)
(0, 56, -46)
(1, 56, -46)
(0, 57, -46)
(1, 57, -46)
(1, 57, -45)
(0, 57, -44)
(0, 57, -43)
(1, 57, -43)
(0, 58, -42)
(1, 58, -42)
(1, 58, -41)
(1, 58, -40)
(0, 58, -39)
(1, 57, -39)
(0, 57, -39)
(1, 56, -39)
(1, 56, -38)
(0, 56, -37)
(1, 55, -37)
(0, 55, -37)
(1, 54, -38)
(1, 54, -39)
(0, 54, -39)
(1, 53, -39)
(0, 53, -39)
(1, 52, -39)
(0, 52, -39)
(1, 51, -39)
(1, 51, -38)
(0, 52, -37)
(0, 52, -36)
(1, 52, -36)
(0, 53, -35)
(1, 53, -36)
(0, 54, -35)
(0, 54, -34)
(0, 54, -33)
(0, 54, -32)
(0, 54, -31)
(0, 54, -30)
(0, 54, -29)
(1, 54, -29)
(0, 55, -29)
(0, 55, -30)
(1, 55, -31)
(0, 56, -30)
(0, 56, -29)
(0, 56, -28)
(1, 56, -28)
(0, 57, -28)
(1, 57, -29)
(0, 58, -29)
(1, 58, -29)
(0, 59, -28)
(0, 59, -27)
(0, 59, -26)
(0, 59, -25)
(1, 58, -25)
(1, 58, -24)
(1, 58, -23)
(0, 58, -22)
(1, 57, -22)
(0, 57, -22)
(1, 56, -23)
(0, 56, -23)
(1, 55, -24)
(0, 55, -23)
(1, 54, -23)
(0, 54, -23)
(0, 54, -24)
(1, 54, -25)
(0, 55, -25)
(0, 55, -26)
(1, 54, -27)
(0, 54, -27)
(1, 53, -28)
(0, 53, -27)
(1, 52, -28)
(1, 52, -29)
(1, 52, -30)
(0, 53, -30)
(0, 53, -31)
(1, 52, -32)
(1, 52, -33)
(0, 52, -33)
(1, 51, -34)
(0, 51, -33)
(0, 51, -32)
(0, 51, -31)
(0, 51, -30)
(1, 50, -30)
(0, 50, -30)
(0, 50, -31)
(0, 50, -32)
(1, 49, -33)
(0, 49, -32)
(0, 49, -31)
(1, 48, -31)
(0, 48, -30)
(1, 47, -30)
(1, 47, -29)
(0, 47, -28)
(1, 46, -28)
(0, 46, -28)
(1, 45, -29)
(1, 45, -30)
(1, 45, -31)
(1, 45, -32)
(0, 46, -32)
(1, 46, -32)
(0, 47, -31)
(1, 47, -32)
(1, 47, -33)
(0, 47, -33)
(1, 46, -34)
(0, 46, -34)
(1, 45, -35)
(1, 45, -36)
(0, 46, -36)
(0, 46, -37)
(0, 46, -38)
(1, 45, -39)
(0, 45, -38)
(0, 45, -37)
(1, 44, -37)
(0, 44, -36)
(0, 44, -35)
(1, 44, -35)
(1, 44, -34)
(1, 44, -33)
(0, 44, -32)
(0, 44, -31)
(1, 44, -31)
(1, 44, -30)
(0, 44, -29)
(1, 43, -29)
(0, 43, -29)
(0, 43, -30)
(1, 42, -31)
(0, 42, -30)
(0, 42, -29)
(1, 41, -29)
(0, 41, -28)
(0, 41, -27)
(0, 41, -26)
(0, 41, -25)
(1, 40, -25)
(1, 40, -24)
(1, 40, -23)
(1, 40, -22)
(1, 40, -21)
(0, 40, -20)
(1, 39, -20)
(1, 39, -19)
(1, 39, -18)
(1, 39, -17)
(1, 39, -16)
(1, 39, -15)
(1, 39, -14)
(0, 39, -13)
(0, 39, -12)
(1, 39, -12)
(0, 40, -12)
(1, 40, -12)
(0, 41, -12)
(1, 41, -12)
(0, 42, -11)
(1, 42, -11)
(0, 43, -10)
(1, 43, -11)
(0, 44, -11)
(1, 44, -12)
(1, 44, -13)
(0, 45, -13)
(1, 45, -14)
(0, 46, -13)
(1, 46, -13)
(0, 47, -12)
(1, 47, -12)
(1, 47, -11)
(0, 48, -10)
(1, 48, -11)
(0, 49, -11)
(1, 49, -11)
(0, 50, -10)
(0, 50, -9)
(1, 50, -9)
(0, 51, -9)
(1, 51, -9)
(0, 52, -8)
(1, 52, -9)
(1, 52, -10)
(0, 52, -10)
(0, 52, -11)
(0, 52, -12)
(1, 52, -13)
(1, 52, -14)
(0, 52, -14)
(1, 51, -14)
(0, 51, -14)
(1, 50, -15)
(0, 50, -14)
(0, 50, -13)
(1, 49, -13)
(0, 49, -13)
(0, 49, -14)
(0, 49, -15)
(1, 48, -16)
(1, 48, -17)
(0, 48, -17)
(1, 47, -17)
(0, 47, -16)
(1, 46, -17)
(0, 46, -17)
(1, 45, -17)
(0, 45, -17)
(1, 44, -18)
(0, 44, -17)
(1, 43, -18)
(0, 43, -18)
(1, 42, -19)
(0, 42, -19)
(0, 42, -20)
(1, 42, -21)
(0, 43, -21)
(0, 43, -22)
(0, 43, -23)
(1, 43, -24)
(0, 44, -24)
(1, 44, -25)
(0, 45, -25)
(0, 45, -26)
(1, 45, -27)
(0, 46, -26)
(1, 46, -26)
(1, 46, -25)
(0, 46, -24)
(1, 45, -24)
(0, 45, -23)
(1, 44, -23)
(1, 44, -22)
(0, 45, -21)
(1, 45, -22)
(0, 46, -22)
(1, 46, -23)
(0, 47, -23)
(1, 47, -23)
(0, 48, -23)
(1, 48, -23)
(0, 49, -22)
(1, 49, -23)
(0, 50, -22)
(0, 50, -21)
(1, 49, -21)
(1, 49, -20)
(0, 50, -19)
(0, 50, -18)
(1, 50, -18)
(0, 51, -18)
(1, 51, -18)
(0, 52, -18)
(0, 52, -19)
(1, 52, -20)
(1, 52, -21)
(0, 53, -21)
(1, 53, -21)
(0, 54, -21)
(1, 54, -21)
(0, 55, -20)
(1, 55, -21)
(0, 56, -20)
(1, 56, -20)
(1, 56, -19)
(0, 57, -18)
(0, 57, -17)
(1, 57, -17)
(1, 57, -16)
(0, 57, -15)
(0, 57, -14)
(0, 57, -13)
(0, 57, -12)
(1, 56, -12)
(1, 56, -11)
(0, 56, -10)
(1, 55, -11)
(0, 55, -10)
(1, 54, -11)
(0, 54, -11)
(1, 53, -11)
(1, 53, -10)
(0, 54, -9)
(0, 54, -8)
(1, 53, -8)
(0, 53, -7)
(0, 53, -6)
(0, 53, -5)
(1, 53, -5)
(1, 53, -4)
(0, 53, -3)
(0, 53, -2)
(0, 53, -1)
(1, 52, -1)
(0, 52, 0)
(0, 52, 1)
(1, 51, 1)
(0, 51, 2)
(1, 50, 1)
(1, 50, 0)
(0, 50, 0)
(1, 49, -1)
(1, 49, -2)
(1, 49, -3)
(0, 50, -3)
(1, 50, -4)
(0, 51, -3)
(1, 51, -4)
(1, 51, -5)
(0, 52, -5)
(0, 52, -6)
(1, 51, -7)
(0, 51, -7)
(1, 50, -7)
(0, 50, -7)
(1, 49, -8)
(0, 49, -7)
(0, 49, -6)
(1, 49, -6)
(1, 49, -5)
(0, 49, -4)
(1, 48, -5)
(0, 48, -4)
(1, 47, -4)
(1, 47, -3)
(1, 47, -2)
(0, 47, -1)
(1, 46, -2)
(1, 46, -3)
(0, 46, -3)
(1, 45, -3)
(0, 45, -3)
(1, 44, -3)
(0, 44, -3)
(1, 43, -3)
(1, 43, -2)
(1, 43, -1)
(0, 43, 0)
(1, 42, -1)
(1, 42, -2)
(0, 42, -2)
(0, 42, -3)
(1, 41, -4)
(0, 41, -4)
(1, 40, -4)
(0, 40, -3)
(0, 40, -2)
(1, 40, -2)
(1, 40, -1)
(0, 40, 0)
(1, 39, 0)
(1, 39, 1)
(0, 39, 2)
(1, 38, 2)
(0, 38, 2)
(1, 37, 2)
(0, 37, 2)
(1, 36, 1)
(0, 36, 2)
(0, 36, 3)
(1, 35, 3)
(0, 35, 3)
(1, 34, 2)
(0, 34, 3)
(1, 33, 2)
(0, 33, 3)
(1, 32, 2)
(1, 32, 1)
(1, 32, 0)
(1, 32, -1)
(0, 33, -1)
(0, 33, -2)
(1, 32, -3)
(1, 32, -4)
(0, 32, -4)
(1, 31, -4)
(1, 31, -3)
(1, 31, -2)
(1, 31, -1)
(1, 31, 0)
(1, 31, 1)
(0, 31, 2)
(1, 30, 2)
(0, 30, 3)
(1, 29, 2)
(1, 29, 1)
(0, 29, 1)
(0, 29, 0)
(1, 29, -1)
(0, 30, 0)
(1, 30, -1)
(1, 30, -2)
(0, 30, -2)
(0, 30, -3)
(1, 29, -4)
(0, 29, -3)
(0, 29, -2)
(1, 28, -2)
(0, 28, -1)
(1, 27, -1)
(1, 27, 0)
(1, 27, 1)
(0, 27, 2)
(1, 26, 1)
(0, 26, 2)
(1, 25, 2)
(1, 25, 3)
(0, 25, 4)
(1, 24, 4)
(0, 24, 5)
(0, 24, 6)
(0, 24, 7)
(1, 24, 7)
(1, 24, 8)
(0, 25, 9)
(1, 25, 8)
(0, 26, 9)
(1, 26, 9)
(0, 27, 9)
(1, 27, 8)
(0, 28, 9)
(0, 28, 10)
(0, 28, 11)
(1, 28, 11)
(1, 28, 12)
(0, 29, 13)
(0, 29, 14)
(0, 29, 15)
(0, 29, 16)
(0, 29, 17)
(0, 29, 18)
(0, 29, 19)
(0, 29, 20)
(1, 29, 20)
(0, 30, 20)
(0, 30, 19)
(0, 30, 18)
(0, 30, 17)
(0, 30, 16)
(0, 30, 15)
(0, 30, 14)
(1, 30, 13)
(1, 30, 12)
(0, 31, 12)
(1, 31, 12)
(1, 31, 13)
(1, 31, 14)
(1, 31, 15)
(0, 31, 16)
(0, 31, 17)
(1, 31, 17)
(1, 31, 18)
(0, 32, 19)
(0, 32, 20)
(0, 32, 21)
(0, 32, 22)
(0, 32, 23)
(1, 31, 23)
(1, 31, 24)
(1, 31, 25)
(1, 31, 26)
(0, 31, 27)
(1, 30, 27)
(1, 30, 28)
(0, 31, 29)
(1, 31, 28)
(0, 32, 28)
(1, 32, 27)
(1, 32, 26)
(1, 32, 25)
(1, 32, 24)
(0, 33, 24)
(1, 33, 24)
(0, 34, 24)
(1, 34, 24)
(0, 35, 25)
(1, 35, 25)
(0, 36, 26)
(1, 36, 26)
(1, 36, 27)
(0, 37, 28)
(0, 37, 29)
(0, 37, 30)
(1, 37, 30)
(1, 37, 31)
(0, 37, 32)
(1, 36, 32)
(0, 36, 33)
(1, 35, 32)
(1, 35, 31)
(1, 35, 30)
(0, 36, 30)
(0, 36, 29)
(1, 35, 28)
(1, 35, 27)
(0, 35, 27)
(1, 34, 27)
(1, 34, 28)
(0, 34, 29)
(1, 33, 29)
(1, 33, 30)
(1, 33, 31)
(0, 33, 32)
(1, 32, 32)
(1, 32, 33)
(0, 32, 34)
(1, 31, 34)
(0, 31, 34)
(0, 31, 33)
(1, 30, 32)
(0, 30, 32)
(1, 29, 32)
(0, 29, 33)
(1, 28, 33)
(0, 28, 33)
(0, 28, 32)
(0, 28, 31)
(1, 27, 30)
(0, 27, 31)
(1, 26, 30)
(0, 26, 31)
(0, 26, 32)
(1, 25, 32)
(1, 25, 33)
(1, 25, 34)
(0, 25, 35)
(1, 24, 35)
(0, 24, 36)
(1, 23, 35)
(0, 23, 35)
(0, 23, 34)
(1, 23, 33)
(0, 24, 33)
(0, 24, 32)
(0, 24, 31)
(0, 24, 30)
(0, 24, 29)
(1, 24, 28)
(0, 25, 28)
(1, 25, 27)
(1, 25, 26)
(0, 26, 26)
(0, 26, 25)
(1, 26, 24)
(1, 26, 23)
(1, 26, 22)
(1, 26, 21)
(0, 27, 21)
(1, 27, 20)
(0, 28, 20)
(0, 28, 19)
(1, 27, 18)
(1, 27, 17)
(0, 28, 17)
(0, 28, 16)
(0, 28, 15)
(1, 27, 14)
(0, 27, 15)
(1, 26, 14)
(1, 26, 13)
(1, 26, 12)
(1, 26, 11)
(0, 26, 11)
(1, 25, 11)
(1, 25, 12)
(1, 25, 13)
(0, 25, 14)
(1, 24, 14)
(1, 24, 15)
(1, 24, 16)
(0, 25, 17)
(1, 25, 16)
(0, 26, 17)
(1, 26, 17)
(1, 26, 18)
(1, 26, 19)
(0, 26, 20)
(1, 25, 19)
(0, 25, 19)
(1, 24, 18)
(0, 24, 19)
(1, 23, 19)
(1, 23, 20)
(0, 24, 21)
(0, 24, 22)
(1, 23, 22)
(0, 23, 22)
(1, 22, 21)
(0, 22, 22)
(1, 21, 21)
(0, 21, 21)
(1, 20, 21)
(1, 20, 22)
(0, 20, 23)
(0, 20, 24)
(1, 19, 24)
(0, 19, 24)
(1, 18, 23)
(1, 18, 22)
(1, 18, 21)
(0, 19, 21)
(1, 19, 20)
(1, 19, 19)
(0, 20, 19)
(0, 20, 18)
(1, 20, 17)
(0, 21, 17)
(1, 21, 16)
(0, 22, 16)
(1, 22, 16)
(0, 23, 16)
(1, 23, 15)
(1, 23, 14)
(1, 23, 13)
(1, 23, 12)
(0, 23, 12)
(1, 22, 12)
(1, 22, 13)
(0, 22, 14)
(1, 21, 13)
(0, 21, 14)
(1, 20, 14)
(0, 20, 14)
(1, 19, 14)
(0, 19, 14)
(1, 18, 14)
(0, 18, 14)
(1, 17, 14)
(1, 17, 15)
(0, 18, 16)
(0, 18, 17)
(1, 18, 17)
(1, 18, 18)
(0, 18, 19)
(0, 18, 20)
(1, 17, 20)
(0, 17, 20)
(0, 17, 19)
(0, 17, 18)
(1, 16, 17)
(0, 16, 18)
(1, 15, 18)
(0, 15, 18)
(1, 14, 18)
(0, 14, 19)
(0, 14, 20)
(1, 13, 20)
(0, 13, 21)
(0, 13, 22)
(1, 13, 22)
(0, 14, 22)
(1, 14, 21)
(0, 15, 21)
(1, 15, 21)
(0, 16, 21)
(1, 16, 21)
(1, 16, 22)
(1, 16, 23)
(0, 16, 24)
(0, 16, 25)
(1, 15, 25)
(0, 15, 26)
(1, 14, 25)
(0, 14, 26)
(1, 13, 26)
(1, 13, 27)
(0, 13, 28)
(0, 13, 29)
(1, 13, 29)
(1, 13, 30)
(0, 14, 31)
(1, 14, 31)
(1, 14, 32)
(0, 15, 33)
(0, 15, 34)
(1, 15, 34)
(0, 16, 35)
(1, 16, 35)
(1, 16, 36)
(0, 17, 37)
(0, 17, 38)
(1, 17, 38)
(0, 18, 39)
(1, 18, 38)
(1, 18, 37)
(1, 18, 36)
(0, 18, 36)
(1, 17, 35)
(1, 17, 34)
(1, 17, 33)
(0, 17, 33)
(1, 16, 32)
(0, 16, 32)
(1, 15, 31)
(1, 15, 30)
(1, 15, 29)
(1, 15, 28)
(1, 15, 27)
(0, 16, 27)
(1, 16, 26)
(0, 17, 26)
(1, 17, 25)
(0, 18, 26)
(0, 18, 27)
(1, 18, 27)
(0, 19, 28)
(1, 19, 28)
(0, 20, 28)
(1, 20, 27)
(0, 21, 27)
(0, 21, 26)
(0, 21, 25)
(1, 21, 24)
(0, 22, 25)
(1, 22, 25)
(1, 22, 26)
(1, 22, 27)
(1, 22, 28)
(0, 22, 29)
(1, 21, 28)
(0, 21, 29)
(0, 21, 30)
(0, 21, 31)
(1, 20, 31)
(1, 20, 32)
(1, 20, 33)
(1, 20, 34)
(0, 20, 35)
(0, 20, 36)
(1, 19, 36)
(1, 19, 37)
(0, 20, 38)
(1, 20, 37)
(0, 21, 37)
(1, 21, 37)
(1, 21, 38)
(0, 21, 39)
(0, 21, 40)
(1, 20, 40)
(0, 20, 41)
(1, 19, 40)
(0, 19, 41)
(1, 18, 41)
(0, 18, 42)
(1, 17, 41)
(0, 17, 41)
(1, 16, 40)
(1, 16, 39)
(0, 16, 39)
(1, 15, 38)
(0, 15, 39)
(1, 14, 38)
(0, 14, 39)
(1, 13, 38)
(0, 13, 39)
(1, 12, 38)
(0, 12, 38)
(1, 11, 37)
(1, 11, 36)
(1, 11, 35)
(0, 11, 35)
(0, 11, 34)
(1, 11, 33)
(0, 12, 33)
(0, 12, 32)
(0, 12, 31)
(0, 12, 30)
(0, 12, 29)
(1, 11, 28)
(0, 11, 29)
(1, 10, 28)
(1, 10, 27)
(0, 11, 27)
(0, 11, 26)
(1, 11, 25)
(0, 12, 26)
(1, 12, 25)
(1, 12, 24)
(0, 12, 24)
(1, 11, 23)
(0, 11, 24)
(1, 10, 23)
(1, 10, 22)
(0, 10, 22)
(0, 10, 21)
(1, 10, 20)
(0, 11, 21)
(1, 11, 21)
(0, 12, 21)
(0, 12, 20)
(1, 11, 19)
(1, 11, 18)
(0, 12, 18)
(0, 12, 17)
(0, 12, 16)
(1, 11, 15)
(0, 11, 16)
(1, 10, 15)
(0, 10, 16)
(1, 9, 16)
(0, 9, 16)
(1, 8, 15)
(1, 8, 14)
(1, 8, 13)
(0, 9, 13)
(1, 9, 13)
(0, 10, 13)
(1, 10, 12)
(0, 11, 13)
(1, 11, 12)
(1, 11, 11)
(0, 12, 11)
(1, 12, 10)
(0, 13, 11)
(1, 13, 10)
(1, 13, 9)
(1, 13, 8)
(0, 14, 8)
(0, 14, 7)
(1, 14, 6)
(0, 15, 6)
(1, 15, 6)
(0, 16, 7)
(1, 16, 6)
(0, 17, 6)
(0, 17, 5)
(0, 17, 4)
(1, 16, 3)
(1, 16, 2)
(0, 16, 2)
(1, 15, 2)
(0, 15, 2)
(1, 14, 2)
(0, 14, 2)
(1, 13, 2)
(0, 13, 2)
(1, 12, 1)
(1, 12, 0)
(0, 12, 0)
(0, 12, -1)
(1, 12, -2)
(0, 13, -2)
(1, 13, -2)
(0, 14, -1)
(1, 14, -2)
(0, 15, -2)
(1, 15, -3)
(0, 16, -2)
(0, 16, -1)
(0, 16, 0)
(1, 16, 0)
(0, 17, 1)
(1, 17, 1)
(0, 18, 2)
(1, 18, 2)
(1, 18, 3)
(1, 18, 4)
(1, 18, 5)
(1, 18, 6)
(1, 18, 7)
(0, 18, 8)
(1, 17, 7)
(0, 17, 8)
(1, 16, 8)
(1, 16, 9)
(1, 16, 10)
(1, 16, 11)
(0, 17, 12)
(1, 17, 11)
(0, 18, 11)
(1, 18, 10)
(0, 19, 10)
(1, 19, 9)
(1, 19, 8)
(0, 20, 8)
(1, 20, 8)
(1, 20, 9)
(1, 20, 10)
(0, 21, 11)
(1, 21, 10)
(0, 22, 10)
(1, 22, 9)
(0, 23, 10)
(1, 23, 9)
(1, 23, 8)
(0, 23, 8)
(0, 23, 7)
(1, 22, 6)
(0, 22, 6)
(1, 21, 5)
(0, 21, 5)
(1, 20, 5)
(0, 20, 5)
(1, 19, 4)
(1, 19, 3)
(1, 19, 2)
(1, 19, 1)
(0, 19, 1)
(1, 18, 0)
(0, 18, 0)
(1, 17, -1)
(1, 17, -2)
(0, 18, -2)
(1, 18, -3)
(0, 19, -2)
(1, 19, -3)
(1, 19, -4)
(0, 19, -4)
(1, 18, -5)
(0, 18, -5)
(0, 18, -6)
(1, 17, -7)
(0, 17, -6)
(1, 16, -7)
(1, 16, -8)
(0, 17, -8)
(1, 17, -9)
(1, 17, -10)
(0, 17, -10)
(1, 16, -11)
(0, 16, -11)
(1, 15, -11)
(0, 15, -10)
(1, 14, -11)
(1, 14, -12)
(0, 14, -12)
(1, 13, -13)
(0, 13, -13)
(1, 12, -13)
(0, 12, -13)
(1, 11, -14)
(0, 11, -14)
(1, 10, -14)
(0, 10, -14)
(0, 10, -15)
(0, 10, -16)
(0, 10, -17)
(0, 10, -18)
(0, 10, -19)
(0, 10, -20)
(1, 9, -21)
(0, 9, -21)
(1, 8, -22)
(0, 8, -22)
(1, 7, -23)
(0, 7, -23)
(1, 6, -23)
(0, 6, -23)
(1, 5, -23)
(1, 5, -22)
(0, 6, -21)
(1, 6, -21)
(0, 7, -20)
(1, 7, -20)
(1, 7, -19)
(0, 7, -18)
(1, 6, -18)
(0, 6, -18)
(1, 5, -19)
(0, 5, -19)
(0, 5, -20)
(1, 4, -21)
(0, 4, -20)
(1, 3, -21)
(0, 3, -20)
(1, 2, -20)
(0, 2, -20)
(1, 1, -21)
(1, 1, -22)
(0, 1, -22)
(0, 1, -23)
(1, 1, -24)
(0, 2, -23)
(1, 2, -24)
(1, 2, -25)
(1, 2, -26)
(0, 2, -26)
(0, 2, -27)
(1, 2, -28)
(0, 3, -27)
(1, 3, -27)
(0, 4, -27)
(0, 4, -28)
