(1, 37, 29)
(0, 38, 29)
(0, 38, 28)
(1, 38, 27)
(0, 39, 28)
(1, 39, 28)
(0, 40, 29)
(1, 40, 28)
(0, 41, 29)
(1, 41, 28)
(0, 42, 28)
(0, 42, 27)
(1, 42, 26)
(0, 43, 26)
(1, 43, 26)
(1, 43, 27)
(1, 43, 28)
(0, 44, 29)
(0, 44, 30)
(1, 44, 30)
(0, 45, 30)
(0, 45, 29)
(0, 45, 28)
(1, 45, 27)
(1, 45, 26)
(0, 46, 26)
(1, 46, 26)
(0, 47, 27)
(1, 47, 26)
(1, 47, 25)
(0, 48, 25)
(1, 48, 25)
(1, 48, 26)
(0, 49, 27)
(0, 49, 28)
(0, 49, 29)
(1, 48, 29)
(1, 48, 30)
(0, 48, 31)
(1, 47, 31)
(0, 47, 32)
(0, 47, 33)
(1, 47, 33)
(0, 48, 33)
(1, 48, 32)
(0, 49, 32)
(1, 49, 32)
(0, 50, 32)
(1, 50, 31)
(1, 50, 30)
(1, 50, 29)
(1, 50, 28)
(0, 51, 28)
(1, 51, 27)
(0, 52, 27)
(1, 52, 26)
(0, 53, 27)
(1, 53, 27)
(0, 54, 27)
(1, 54, 26)
(0, 55, 26)
(1, 55, 25)
(0, 56, 25)
(1, 56, 24)
(0, 57, 24)
(0, 57, 23)
(1, 57, 22)
(1, 57, 21)
(1, 57, 20)
(0, 58, 20)
(0, 58, 19)
(0, 58, 18)
(0, 58, 17)
(1, 57, 16)
(0, 57, 16)
(1, 56, 15)
(0, 56, 16)
(0, 56, 17)
(1, 56, 17)
(0, 57, 18)
(0, 57, 19)
(1, 56, 19)
(1, 56, 20)
(0, 56, 21)
(1, 55, 21)
(1, 55, 22)
(1, 55, 23)
(0, 55, 24)
(1, 54, 23)
(0, 54, 24)
(0, 54, 25)
(1, 53, 25)
(0, 53, 25)
(1, 52, 24)
(0, 52, 25)
(1, 51, 24)
(1, 51, 23)
(0, 51, 23)
(0, 51, 22)
(1, 51, 21)
(1, 51, 20)
(0, 52, 20)
(1, 52, 20)
(0, 53, 20)
(1, 53, 19)
(0, 54, 19)
(1, 54, 19)
(0, 55, 19)
(0, 55, 18)
(1, 54, 17)
(0, 54, 17)
(1, 53, 16)
(1, 53, 15)
(0, 54, 15)
(0, 54, 14)
(1, 54, 13)
(1, 54, 12)
(0, 54, 12)
(1, 53, 12)
(0, 53, 12)
(1, 52, 11)
(1, 52, 10)
(0, 52, 10)
(1, 51, 10)
(1, 51, 11)
(1, 51, 12)
(0, 51, 13)
(1, 50, 13)
(0, 50, 13)
(1, 49, 12)
(0, 49, 13)
(1, 48, 12)
(0, 48, 13)
(0, 48, 14)
(0, 48, 15)
(0, 48, 16)
(1, 48, 16)
(1, 48, 17)
(0, 48, 18)
(1, 47, 17)
(0, 47, 18)
(1, 46, 18)
(0, 46, 18)
(1, 45, 17)
(0, 45, 18)
(1, 44, 17)
(1, 44, 16)
(1, 44, 15)
(0, 44, 15)
(1, 43, 14)
(1, 43, 13)
(0, 43, 13)
(0, 43, 12)
(1, 43, 11)
(0, 44, 11)
(1, 44, 10)
(1, 44, 9)
(0, 45, 9)
(1, 45, 8)
(0, 46, 9)
(1, 46, 8)
(1, 46, 7)
(0, 47, 7)
(1, 47, 6)
(0, 48, 6)
(1, 48, 5)
(0, 49, 5)
(1, 49, 5)
(0, 50, 5)
(1, 50, 5)
(0, 51, 6)
(0, 51, 7)
(1, 50, 7)
(0, 50, 7)
(1, 49, 7)
(1, 49, 8)
(0, 49, 9)
(1, 48, 8)
(0, 48, 9)
(0, 48, 10)
(1, 48, 10)
(0, 49, 11)
(1, 49, 10)
(0, 50, 11)
(1, 50, 10)
(1, 50, 9)
(0, 51, 9)
(1, 51, 8)
(0, 52, 8)
(0, 52, 7)
(1, 52, 6)
(0, 53, 7)
(1, 53, 7)
(0, 54, 8)
(0, 54, 9)
(1, 54, 9)
(1, 54, 10)
(0, 55, 11)
(1, 55, 10)
(0, 56, 10)
(1, 56, 9)
(0, 57, 9)
(0, 57, 8)
(0, 57, 7)
(0, 57, 6)
(0, 57, 5)
(1, 57, 4)
(0, 58, 4)
(1, 58, 4)
(0, 59, 5)
(1, 59, 5)
(1, 59, 6)
(1, 59, 7)
(1, 59, 8)
(0, 60, 9)
(0, 60, 10)
(1, 60, 10)
(1, 60, 11)
(0, 60, 12)
(1, 59, 12)
(0, 59, 13)
(0, 59, 14)
(1, 59, 14)
(0, 60, 14)
(1, 60, 14)
(0, 61, 14)
(1, 61, 14)
(1, 61, 15)
(0, 62, 16)
(0, 62, 17)
(0, 62, 18)
(1, 62, 18)
(0, 63, 18)
(1, 63, 17)
(0, 64, 17)
(0, 64, 16)
(0, 64, 15)
(0, 64, 14)
(1, 63, 13)
(0, 63, 14)
(1, 62, 13)
(1, 62, 12)
(1, 62, 11)
(1, 62, 10)
(1, 62, 9)
(0, 63, 9)
(1, 63, 9)
(0, 64, 10)
(0, 64, 11)
(1, 64, 11)
(0, 65, 12)
(1, 65, 11)
(0, 66, 12)
(1, 66, 11)
(0, 67, 12)
(1, 67, 11)
(0, 68, 12)
(0, 68, 13)
(1, 68, 13)
(0, 69, 13)
(1, 69, 13)
(0, 70, 13)
(1, 70, 12)
(1, 70, 11)
(1, 70, 10)
(0, 70, 10)
(1, 69, 10)
(0, 69, 10)
(0, 69, 9)
(1, 68, 8)
(1, 68, 7)
(0, 69, 7)
(0, 69, 6)
(1, 68, 5)
(0, 68, 6)
(1, 67, 6)
(0, 67, 7)
(0, 67, 8)
(0, 67, 9)
(1, 66, 9)
(0, 66, 9)
(0, 66, 8)
(1, 65, 7)
(1, 65, 6)
(0, 65, 6)
(1, 64, 6)
(1, 64, 7)
(0, 64, 8)
(1, 63, 7)
(1, 63, 6)
(0, 63, 6)
(0, 63, 5)
(1, 62, 4)
(0, 62, 4)
(1, 61, 4)
(0, 61, 4)
(1, 60, 4)
(0, 60, 4)
(0, 60, 3)
(0, 60, 2)
(1, 60, 1)
(0, 61, 1)
(1, 61, 1)
(0, 62, 1)
(1, 62, 0)
(0, 63, 1)
(1, 63, 0)
(0, 64, 0)
(0, 64, -1)
(1, 64, -2)
(1, 64, -3)
(1, 64, -4)
(1, 64, -5)
(0, 64, -5)
(1, 63, -5)
(0, 63, -5)
(1, 62, -6)
(1, 62, -7)
(1, 62, -8)
(1, 62, -9)
(1, 62, -10)
(0, 63, -10)
(0, 63, -11)
(1, 62, -12)
(0, 62, -12)
(1, 61, -13)
(0, 61, -12)
(0, 61, -11)
(0, 61, -10)
(0, 61, -9)
(0, 61, -8)
(1, 61, -8)
(1, 61, -7)
(1, 61, -6)
(0, 61, -5)
(0, 61, -4)
(0, 61, -3)
(0, 61, -2)
(0, 61, -1)
(1, 60, -1)
(0, 60, -1)
(1, 59, -2)
(1, 59, -3)
(0, 60, -3)
(0, 60, -4)
(1, 59, -5)
(0, 59, -4)
(1, 58, -4)
(1, 58, -3)
(1, 58, -2)
(1, 58, -1)
(0, 58, 0)
(1, 57, 0)
(0, 57, 0)
(1, 56, -1)
(0, 56, -1)
(1, 55, -1)
(1, 55, 0)
(1, 55, 1)
(0, 55, 2)
(1, 54, 2)
(1, 54, 3)
(0, 54, 4)
(1, 53, 3)
(1, 53, 2)
(1, 53, 1)
(1, 53, 0)
(1, 53, -1)
(1, 53, -2)
(1, 53, -3)
(1, 53, -4)
(0, 54, -4)
(1, 54, -4)
(0, 55, -3)
(1, 55, -3)
(0, 56, -3)
(1, 56, -4)
(1, 56, -5)
(1, 56, -6)
(0, 57, -6)
(1, 57, -7)
(1, 57, -8)
(0, 58, -8)
(1, 58, -8)
(1, 58, -7)
(0, 59, -6)
(1, 59, -7)
(0, 60, -7)
(0, 60, -8)
(0, 60, -9)
(1, 59, -10)
(0, 59, -10)
(1, 58, -10)
(0, 58, -10)
(1, 57, -11)
(0, 57, -11)
(0, 57, -12)
(1, 57, -13)
(0, 58, -12)
(1, 58, -13)
(0, 59, -13)
(1, 59, -14)
(0, 60, -13)
(1, 60, -14)
(0, 61, -14)
(1, 61, -15)
(0, 62, -15)
(0, 62, -16)
(0, 62, -17)
(1, 61, -18)
(0, 61, -17)
(1, 60, -18)
(0, 60, -17)
(0, 60, -16)
(1, 59, -16)
(0, 59, -15)
(1, 58, -15)
(0, 58, -15)
(1, 57, -15)
(0, 57, -15)
(1, 56, -16)
(0, 56, -15)
(1, 55, -15)
(0, 55, -15)
(0, 55, -16)
(1, 55, -17)
(1, 55, -18)
(0, 56, -18)
(1, 56, -18)
(0, 57, -17)
(1, 57, -17)
(0, 58, -17)
(1, 58, -17)
(0, 59, -17)
(0, 59, -18)
(1, 58, -19)
(1, 58, -20)
(0, 59, -20)
(1, 59, -20)
(0, 60, -20)
(1, 60, -21)
(1, 60, -22)
(0, 60, -22)
(1, 59, -23)
(1, 59, -24)
(0, 59, -24)
(0, 59, -25)
(1, 59, -26)
(0, 60, -26)
(0, 60, -27)
(1, 60, -28)
(0, 61, -28)
(1, 61, -29)
(0, 62, -29)
(1, 62, -29)
(1, 62, -28)
(1, 62, -27)
(1, 62, -26)
(0, 63, -25)
(1, 63, -25)
(0, 64, -24)
(1, 64, -24)
(1, 64, -23)
(0, 65, -22)
(1, 65, -22)
(0, 66, -22)
(1, 66, -22)
(1, 66, -21)
(0, 67, -20)
(1, 67, -21)
(0, 68, -20)
(0, 68, -19)
(0, 68, -18)
(0, 68, -17)
(0, 68, -16)
(1, 68, -16)
(1, 68, -15)
(0, 69, -14)
(1, 69, -15)
(0, 70, -14)
(1, 70, -14)
(0, 71, -14)
(1, 71, -14)
(0, 72, -13)
(1, 72, -13)
(1, 72, -12)
(1, 72, -11)
(0, 73, -10)
(1, 73, -11)
(1, 73, -12)
(1, 73, -13)
(0, 74, -13)
(1, 74, -14)
(1, 74, -15)
(1, 74, -16)
(0, 74, -16)
(1, 73, -16)
(1, 73, -15)
(0, 73, -14)
(1, 72, -15)
(0, 72, -15)
(1, 71, -16)
(1, 71, -17)
(0, 71, -17)
(0, 71, -18)
(1, 70, -19)
(0, 70, -18)
(1, 69, -18)
(0, 69, -18)
(0, 69, -19)
(1, 69, -20)
(1, 69, -21)
(0, 70, -21)
(1, 70, -22)
(0, 71, -21)
(1, 71, -21)
(1, 71, -20)
(0, 72, -19)
(0, 72, -18)
(1, 72, -18)
(0, 73, -17)
(1, 73, -18)
(0, 74, -18)
(1, 74, -18)
(0, 75, -18)
(1, 75, -19)
(0, 76, -19)
(1, 76, -20)
(0, 77, -20)
(1, 77, -21)
(1, 77, -22)
(1, 77, -23)
(0, 77, -23)
(0, 77, -24)
(1, 77, -25)
(0, 78, -25)
(1, 78, -25)
(0, 79, -24)
(1, 79, -24)
(0, 80, -24)
(1, 80, -24)
(0, 81, -23)
(1, 81, -23)
(0, 82, -22)
(0, 82, -21)
(1, 82, -21)
(0, 83, -21)
(1, 83, -22)
(0, 84, -21)
(0, 84, -20)
(1, 84, -20)
(0, 85, -20)
(1, 85, -20)
(1, 85, -19)
(0, 85, -18)
(1, 84, -18)
(0, 84, -17)
(0, 84, -16)
(1, 84, -16)
(0, 85, -15)
(0, 85, -14)
(0, 85, -13)
(1, 85, -13)
(0, 86, -13)
(1, 86, -14)
(1, 86, -15)
(1, 86, -16)
(0, 87, -16)
(1, 87, -17)
(1, 87, -18)
(0, 88, -18)
(0, 88, -19)
(1, 88, -20)
(0, 89, -19)
(0, 89, -18)
(0, 89, -17)
(1, 88, -17)
(1, 88, -16)
(0, 89, -15)
(0, 89, -14)
(1, 88, -14)
(1, 88, -13)
(0, 88, -12)
(1, 87, -13)
(0, 87, -12)
(1, 86, -12)
(0, 86, -11)
(0, 86, -10)
(1, 85, -10)
(0, 85, -10)
(1, 84, -11)
(0, 84, -11)
(0, 84, -12)
(0, 84, -13)
(1, 83, -14)
(0, 83, -14)
(1, 82, -14)
(0, 82, -13)
(0, 82, -12)
(1, 81, -12)
(1, 81, -11)
(0, 81, -10)
(1, 80, -10)
(0, 80, -10)
(1, 79, -11)
(0, 79, -10)
(1, 78, -11)
(1, 78, -12)
(1, 78, -13)
(0, 79, -13)
(0, 79, -14)
(1, 78, -15)
(1, 78, -16)
(1, 78, -17)
(1, 78, -18)
(0, 78, -18)
(1, 77, -18)
(1, 77, -17)
(0, 77, -16)
(0, 77, -15)
(1, 76, -15)
(1, 76, -14)
(0, 76, -13)
(0, 76, -12)
(1, 76, -12)
(0, 77, -12)
(1, 77, -12)
(1, 77, -11)
(1, 77, -10)
(0, 78, -9)
(0, 78, -8)
(0, 78, -7)
(1, 77, -7)
(1, 77, -6)
(1, 77, -5)
(0, 77, -4)
(0, 77, -3)
(1, 77, -3)
(1, 77, -2)
(0, 78, -1)
(1, 78, -2)
(0, 79, -2)
(1, 79, -2)
(0, 80, -2)
(1, 80, -3)
(0, 81, -2)
(0, 81, -1)
(1, 80, -1)
(1, 80, 0)
(0, 80, 1)
(0, 80, 2)
(0, 80, 3)
(1, 79, 3)
(1, 79, 4)
(0, 79, 5)
(0, 79, 6)
(1, 79, 6)
(0, 80, 6)
(1, 80, 5)
(1, 80, 4)
(0, 81, 4)
(0, 81, 3)
(1, 81, 2)
(0, 82, 2)
(1, 82, 1)
(0, 83, 2)
(1, 83, 2)
(1, 83, 3)
(0, 84, 4)
(1, 84, 4)
(0, 85, 4)
(1, 85, 3)
(1, 85, 2)
(1, 85, 1)
(0, 85, 1)
(1, 84, 0)
(1, 84, -1)
(1, 84, -2)
(0, 85, -2)
(1, 85, -2)
(1, 85, -1)
(0, 86, 0)
(1, 86, 0)
(0, 87, 1)
(1, 87, 1)
(1, 87, 2)
(0, 87, 3)
(1, 86, 3)
(1, 86, 4)
(1, 86, 5)
(1, 86, 6)
(1, 86, 7)
(0, 87, 8)
(1, 87, 8)
(0, 88, 9)
(0, 88, 10)
(0, 88, 11)
(0, 88, 12)
(1, 88, 12)
(1, 88, 13)
(1, 88, 14)
(0, 88, 15)
(1, 87, 15)
(0, 87, 16)
(1, 86, 15)
(1, 86, 14)
(1, 86, 13)
(0, 87, 13)
(0, 87, 12)
(1, 86, 11)
(0, 86, 11)
(1, 85, 11)
(0, 85, 12)
(0, 85, 13)
(1, 84, 13)
(0, 84, 13)
(1, 83, 12)
(0, 83, 13)
(0, 83, 14)
(1, 82, 14)
(0, 82, 15)
(1, 81, 15)
(1, 81, 16)
(1, 81, 17)
(0, 81, 18)
(0, 81, 19)
(1, 80, 19)
(1, 80, 20)
(1, 80, 21)
(1, 80, 22)
(1, 80, 23)
(0, 80, 24)
(1, 79, 23)
(1, 79, 22)
(0, 79, 22)
(1, 78, 21)
(1, 78, 20)
(0, 79, 20)
(1, 79, 19)
(1, 79, 18)
(1, 79, 17)
(1, 79, 16)
(0, 79, 16)
(0, 79, 15)
(1, 78, 14)
(0, 78, 15)
(0, 78, 16)
(1, 77, 16)
(1, 77, 17)
(0, 78, 18)
(0, 78, 19)
(1, 77, 19)
(0, 77, 20)
(0, 77, 21)
(0, 77, 22)
(1, 77, 22)
(0, 78, 23)
(1, 78, 23)
(1, 78, 24)
(0, 79, 25)
(1, 79, 25)
(1, 79, 26)
(0, 79, 27)
(1, 78, 26)
(0, 78, 26)
(1, 77, 26)
(1, 77, 27)
(1, 77, 28)
(1, 77, 29)
(1, 77, 30)
(0, 77, 31)
(0, 77, 32)
(1, 77, 32)
(1, 77, 33)
(0, 77, 34)
(1, 76, 34)
(1, 76, 35)
(1, 76, 36)
(0, 77, 37)
(1, 77, 36)
(1, 77, 35)
(0, 78, 35)
(1, 78, 34)
(0, 79, 35)
(0, 79, 36)
(0, 79, 37)
(1, 78, 37)
(0, 78, 38)
(1, 77, 38)
(0, 77, 39)
(1, 76, 38)
(0, 76, 38)
(1, 75, 38)
(1, 75, 39)
(0, 76, 40)
(1, 76, 40)
(0, 77, 41)
(1, 77, 41)
(1, 77, 42)
(0, 77, 43)
(1, 76, 43)
(0, 76, 44)
(0, 76, 45)
(1, 75, 45)
(0, 75, 45)
(0, 75, 44)
(1, 74, 43)
(0, 74, 44)
(1, 73, 44)
(0, 73, 44)
(0, 73, 43)
(1, 72, 42)
(0, 72, 43)
(1, 71, 42)
(0, 71, 42)
(0, 71, 41)
(1, 71, 40)
(1, 71, 39)
(0, 72, 39)
(1, 72, 39)
(1, 72, 40)
(0, 73, 41)
(1, 73, 41)
(0, 74, 41)
(1, 74, 40)
(1, 74, 39)
(0, 74, 39)
(0, 74, 38)
(1, 74, 37)
(0, 75, 37)
(1, 75, 36)
(1, 75, 35)
(0, 75, 35)
(1, 74, 34)
(0, 74, 35)
(1, 73, 35)
(0, 73, 35)
(1, 72, 35)
(1, 72, 36)
(0, 72, 37)
(1, 71, 37)
(0, 71, 37)
(0, 71, 36)
(0, 71, 35)
(0, 71, 34)
(1, 71, 33)
(0, 72, 34)
(1, 72, 33)
(0, 73, 33)
(0, 73, 32)
(0, 73, 31)
(1, 72, 30)
(1, 72, 29)
(0, 72, 29)
(1, 71, 28)
(0, 71, 28)
(1, 70, 27)
(0, 70, 28)
(1, 69, 28)
(0, 69, 29)
(0, 69, 30)
(1, 68, 30)
(0, 68, 31)
(1, 67, 31)
(0, 67, 32)
(0, 67, 33)
(1, 67, 33)
(1, 67, 34)
(0, 68, 35)
(0, 68, 36)
(1, 67, 36)
(0, 67, 37)
(0, 67, 38)
(1, 67, 38)
(1, 67, 39)
(1, 67, 40)
(0, 67, 41)
(1, 66, 41)
(0, 66, 42)
(1, 65, 41)
(0, 65, 41)
(1, 64, 41)
(0, 64, 41)
(0, 64, 40)
(1, 63, 39)
(0, 63, 40)
(1, 62, 39)
(1, 62, 38)
(1, 62, 37)
(1, 62, 36)
(0, 63, 36)
(0, 63, 35)
(1, 62, 34)
(1, 62, 33)
(1, 62, 32)
(1, 62, 31)
(0, 63, 31)
(0, 63, 30)
(1, 62, 29)
(0, 62, 29)
(1, 61, 29)
(1, 61, 30)
(0, 61, 31)
(1, 60, 31)
(0, 60, 31)
(0, 60, 30)
(1, 60, 29)
(1, 60, 28)
(0, 60, 28)
(1, 59, 27)
(1, 59, 26)
(0, 59, 26)
(1, 58, 25)
(0, 58, 25)
(1, 57, 25)
(0, 57, 26)
(0, 57, 27)
(1, 57, 27)
(1, 57, 28)
(0, 57, 29)
(1, 56, 29)
(0, 56, 30)
(1, 55, 29)
(0, 55, 30)
(1, 54, 29)
(0, 54, 29)
(1, 53, 29)
(1, 53, 30)
(0, 53, 31)
(1, 52, 30)
(0, 52, 31)
(0, 52, 32)
(1, 52, 32)
(1, 52, 33)
(0, 52, 34)
(1, 51, 34)
(0, 51, 35)
(1, 50, 34)
(0, 50, 34)
(1, 49, 34)
(1, 49, 35)
(0, 50, 36)
(1, 50, 36)
(0, 51, 37)
(1, 51, 36)
(0, 52, 37)
(0, 52, 38)
(1, 52, 38)
(1, 52, 39)
(1, 52, 40)
(0, 52, 41)
(1, 51, 41)
(1, 51, 42)
(0, 52, 43)
(1, 52, 43)
(1, 52, 44)
(0, 53, 45)
(0, 53, 46)
(1, 52, 46)
(0, 52, 47)
(1, 51, 47)
(0, 51, 47)
(0, 51, 46)
(1, 50, 45)
(1, 50, 44)
(1, 50, 43)
(0, 50, 43)
(1, 49, 42)
(0, 49, 42)
(1, 48, 42)
(1, 48, 43)
(1, 48, 44)
(1, 48, 45)
(0, 49, 46)
(0, 49, 47)
(1, 49, 47)
(1, 49, 48)
(0, 50, 49)
(0, 50, 50)
(1, 50, 50)
(0, 51, 50)
(1, 51, 50)
(0, 52, 51)
(0, 52, 52)
(0, 52, 53)
(0, 52, 54)
(1, 51, 54)
(0, 51, 55)
(0, 51, 56)
(1, 50, 56)
(0, 50, 56)
(0, 50, 55)
(1, 49, 54)
(1, 49, 53)
(0, 49, 53)
(1, 48, 53)
(1, 48, 54)
(0, 48, 55)
(1, 47, 55)
(1, 47, 56)
(0, 48, 57)
(1, 48, 57)
(0, 49, 57)
(1, 49, 57)
(1, 49, 58)
(1, 49, 59)
(0, 49, 60)
(1, 48, 60)
(0, 48, 60)
(1, 47, 59)
(0, 47, 59)
(1, 46, 59)
(0, 46, 59)
(1, 45, 59)
(0, 45, 60)
(1, 44, 59)
(0, 44, 60)
(0, 44, 61)
(1, 44, 61)
(1, 44, 62)
(0, 45, 63)
(1, 45, 62)
(0, 46, 62)
(1, 46, 61)
(0, 47, 61)
(1, 47, 61)
(1, 47, 62)
(0, 48, 63)
(0, 48, 64)
(1, 48, 64)
(0, 49, 64)
(1, 49, 64)
(0, 50, 65)
(0, 50, 66)
(1, 50, 66)
(1, 50, 67)
(0, 51, 68)
(0, 51, 69)
(1, 51, 69)
(0, 52, 70)
(1, 52, 70)
(0, 53, 71)
(0, 53, 72)
(1, 53, 72)
(0, 54, 72)
(1, 54, 71)
(1, 54, 70)
(0, 54, 70)
(0, 54, 69)
(1, 54, 68)
(0, 55, 68)
(0, 55, 67)
(0, 55, 66)
(0, 55, 65)
(0, 55, 64)
(1, 54, 63)
(0, 54, 63)
(0, 54, 62)
(0, 54, 61)
(0, 54, 60)
(1, 53, 59)
(0, 53, 59)
(1, 52, 59)
(0, 52, 59)
(0, 52, 58)
(1, 52, 57)
(0, 53, 57)
(0, 53, 56)
(0, 53, 55)
(0, 53, 54)
(1, 53, 53)
(0, 54, 53)
(0, 54, 52)
(1, 53, 51)
(1, 53, 50)
(1, 53, 49)
(0, 54, 49)
(1, 54, 48)
(0, 55, 48)
(1, 55, 48)
(0, 56, 49)
(1, 56, 49)
(0, 57, 49)
(1, 57, 48)
(0, 58, 48)
(1, 58, 48)
(0, 59, 49)
(1, 59, 48)
(0, 60, 48)
(0, 60, 47)
(1, 59, 46)
(0, 59, 46)
(1, 58, 46)
(0, 58, 46)
(1, 57, 46)
(0, 57, 46)
(1, 56, 46)
(0, 56, 46)
(1, 55, 45)
(0, 55, 45)
(0, 55, 44)
(1, 55, 43)
(1, 55, 42)
(0, 55, 42)
(1, 54, 41)
(1, 54, 40)
(0, 54, 40)
(0, 54, 39)
(1, 54, 38)
(1, 54, 37)
(0, 55, 37)
(1, 55, 36)
(0, 56, 37)
(1, 56, 36)
(0, 57, 37)
(1, 57, 36)
(0, 58, 36)
(1, 58, 36)
(0, 59, 37)
(1, 59, 37)
(1, 59, 38)
(1, 59, 39)
(1, 59, 40)
(0, 59, 41)
(0, 59, 42)
(1, 58, 42)
(1, 58, 43)
(0, 59, 44)
(1, 59, 44)
(0, 60, 44)
(0, 60, 43)
(0, 60, 42)
(1, 60, 41)
(0, 61, 42)
(1, 61, 42)
(1, 61, 43)
(0, 62, 44)
(1, 62, 44)
(1, 62, 45)
(0, 63, 46)
(1, 63, 45)
(1, 63, 44)
(0, 64, 44)
(1, 64, 44)
(0, 65, 44)
(1, 65, 44)
(0, 66, 44)
(1, 66, 43)
(0, 67, 44)
(0, 67, 45)
(1, 67, 45)
(0, 68, 46)
(0, 68, 47)
(1, 68, 47)
(1, 68, 48)
(1, 68, 49)
(1, 68, 50)
(0, 69, 51)
(1, 69, 50)
(0, 70, 51)
(1, 70, 50)
(1, 70, 49)
(0, 70, 49)
(1, 69, 48)
(1, 69, 47)
(0, 70, 47)
(0, 70, 46)
(1, 70, 45)
(0, 71, 45)
(1, 71, 45)
(0, 72, 45)
(1, 72, 45)
(0, 73, 46)
(0, 73, 47)
(1, 72, 47)
(0, 72, 47)
(1, 71, 47)
(1, 71, 48)
(0, 72, 49)
(1, 72, 49)
(1, 72, 50)
(1, 72, 51)
(1, 72, 52)
(0, 72, 53)
(1, 71, 53)
(1, 71, 54)
(1, 71, 55)
(1, 71, 56)
(0, 71, 57)
(0, 71, 58)
(0, 71, 59)
(0, 71, 60)
(0, 71, 61)
(1, 70, 61)
(1, 70, 62)
(0, 70, 63)
(1, 69, 63)
(0, 69, 63)
(0, 69, 62)
(0, 69, 61)
(1, 68, 60)
(0, 68, 61)
(0, 68, 62)
(1, 67, 62)
(0, 67, 62)
(1, 66, 61)
(0, 66, 61)
(1, 65, 61)
(1, 65, 62)
(0, 66, 63)
(1, 66, 63)
(0, 67, 64)
(0, 67, 65)
(1, 67, 65)
(1, 67, 66)
(0, 67, 67)
(1, 66, 66)
(0, 66, 66)
(1, 65, 65)
(1, 65, 64)
(0, 65, 64)
(1, 64, 63)
(0, 64, 64)
(0, 64, 65)
(0, 64, 66)
(0, 64, 67)
(1, 64, 67)
(0, 65, 67)
(1, 65, 67)
(1, 65, 68)
(0, 65, 69)
(0, 65, 70)
(0, 65, 71)
(0, 65, 72)
(0, 65, 73)
(1, 65, 73)
(0, 66, 73)
(1, 66, 72)
(0, 67, 73)
(1, 67, 72)
(0, 68, 72)
(1, 68, 72)
(0, 69, 73)
(0, 69, 74)
(1, 69, 74)
(0, 70, 74)
(1, 70, 74)
(0, 71, 75)
(1, 71, 75)
(0, 72, 75)
(1, 72, 75)
(1, 72, 76)
(0, 72, 77)
(1, 71, 77)
(1, 71, 78)
(0, 72, 79)
(1, 72, 78)
(0, 73, 79)
(0, 73, 80)
(1, 73, 80)
(1, 73, 81)
(0, 73, 82)
(1, 72, 82)
(1, 72, 83)
(0, 72, 84)
(0, 72, 85)
(0, 72, 86)
(0, 72, 87)
(1, 71, 87)
(0, 71, 87)
(0, 71, 86)
(0, 71, 85)
(0, 71, 84)
(1, 70, 83)
(1, 70, 82)
(0, 70, 82)
(1, 69, 81)
(0, 69, 81)
(1, 68, 80)
(0, 68, 80)
(1, 67, 79)
(1, 67, 78)
(0, 67, 78)
(0, 67, 77)
(0, 67, 76)
(1, 66, 75)
(0, 66, 76)
(1, 65, 75)
(0, 65, 76)
(1, 64, 76)
(0, 64, 76)
(1, 63, 76)
(0, 63, 77)
(0, 63, 78)
(1, 62, 78)
(1, 62, 79)
(0, 63, 80)
(1, 63, 79)
(0, 64, 80)
(1, 64, 79)
(0, 65, 80)
(1, 65, 79)
(0, 66, 79)
(1, 66, 79)
(1, 66, 80)
(0, 67, 81)
(0, 67, 82)
(1, 67, 82)
(0, 68, 83)
(1, 68, 82)
(0, 69, 83)
(0, 69, 84)
(0, 69, 85)
(1, 69, 85)
(1, 69, 86)
(1, 69, 87)
(0, 70, 88)
(0, 70, 89)
(1, 70, 89)
(0, 71, 89)
(1, 71, 89)
(0, 72, 90)
(1, 72, 89)
(1, 72, 88)
(0, 73, 88)
(1, 73, 87)
(0, 74, 88)
(1, 74, 88)
(1, 74, 89)
(0, 75, 90)
(1, 75, 90)
(1, 75, 91)
(1, 75, 92)
(0, 75, 93)
(1, 74, 93)
(0, 74, 94)
(1, 73, 93)
(0, 73, 93)
(1, 72, 93)
(0, 72, 94)
(1, 71, 93)
(0, 71, 94)
(1, 70, 94)
(0, 70, 94)
(1, 69, 93)
(1, 69, 92)
(0, 69, 92)
(1, 68, 91)
(1, 68, 90)
(1, 68, 89)
(0, 68, 89)
(1, 67, 89)
(0, 67, 89)
(1, 66, 88)
(0, 66, 88)
(0, 66, 87)
(0, 66, 86)
(0, 66, 85)
(0, 66, 84)
(1, 65, 83)
(0, 65, 84)
(0, 65, 85)
(1, 64, 85)
(0, 64, 85)
(0, 64, 84)
(1, 63, 83)
(0, 63, 84)
(0, 63, 85)
(1, 62, 85)
(0, 62, 86)
(1, 61, 85)
(0, 61, 85)
(1, 60, 84)
(1, 60, 83)
(1, 60, 82)
(0, 61, 82)
(1, 61, 81)
(1, 61, 80)
(1, 61, 79)
(0, 61, 79)
(0, 61, 78)
(1, 60, 77)
(0, 60, 77)
(1, 59, 77)
(0, 59, 77)
(0, 59, 76)
(1, 58, 75)
(0, 58, 75)
(1, 57, 75)
(1, 57, 76)
(0, 58, 77)
(0, 58, 78)
(1, 57, 78)
(1, 57, 79)
(0, 58, 80)
(1, 58, 79)
(0, 59, 80)
(1, 59, 80)
(1, 59, 81)
(1, 59, 82)
(1, 59, 83)
(0, 59, 84)
(1, 58, 84)
(1, 58, 85)
(0, 58, 86)
(1, 57, 85)
(1, 57, 84)
(1, 57, 83)
(1, 57, 82)
(0, 57, 82)
(1, 56, 81)
(1, 56, 80)
(1, 56, 79)
(0, 56, 79)
(0, 56, 78)
(1, 55, 77)
(0, 55, 78)
(1, 54, 78)
(0, 54, 78)
(0, 54, 77)
(1, 53, 76)
(0, 53, 76)
(0, 53, 75)
(1, 52, 74)
(1, 52, 73)
(0, 52, 73)
(1, 51, 73)
(0, 51, 73)
(1, 50, 72)
(0, 50, 73)
(1, 49, 72)
(1, 49, 71)
(0, 49, 71)
(1, 48, 71)
(1, 48, 72)
(0, 48, 73)
(0, 48, 74)
(1, 48, 74)
(1, 48, 75)
(0, 49, 76)
(1, 49, 75)
(0, 50, 76)
(1, 50, 75)
(0, 51, 76)
(0, 51, 77)
(1, 51, 77)
(0, 52, 77)
(1, 52, 77)
(0, 53, 78)
(0, 53, 79)
(1, 52, 79)
(0, 52, 80)
(0, 52, 81)
(1, 51, 81)
(0, 51, 81)
(0, 51, 80)
(0, 51, 79)
(1, 50, 78)
(0, 50, 78)
(1, 49, 78)
(1, 49, 79)
(0, 50, 80)
(0, 50, 81)
(1, 49, 81)
(0, 49, 82)
(0, 49, 83)
(1, 48, 83)
(0, 48, 83)
(1, 47, 83)
(0, 47, 84)
(1, 46, 84)
(0, 46, 84)
(1, 45, 84)
(0, 45, 84)
(1, 44, 83)
(0, 44, 84)
(0, 44, 85)
(1, 43, 85)
(0, 43, 86)
(1, 42, 85)
(1, 42, 84)
(0, 42, 84)
(1, 41, 83)
(0, 41, 84)
(0, 41, 85)
(0, 41, 86)
(1, 40, 86)
(0, 40, 86)
(1, 39, 86)
(0, 39, 86)
(0, 39, 85)
(1, 38, 84)
(0, 38, 85)
(1, 37, 85)
(0, 37, 86)
(1, 36, 85)
(1, 36, 84)
(1, 36, 83)
(1, 36, 82)
(1, 36, 81)
(0, 36, 81)
(0, 36, 80)
(0, 36, 79)
(1, 36, 78)
(0, 37, 78)
(0, 37, 77)
(1, 37, 76)
(1, 37, 75)
(0, 37, 75)
(1, 36, 74)
(1, 36, 73)
(1, 36, 72)
(0, 36, 72)
(0, 36, 71)
(0, 36, 70)
(1, 35, 69)
(0, 35, 69)
(1, 34, 68)
(1, 34, 67)
(0, 35, 67)
(1, 35, 66)
(1, 35, 65)
(1, 35, 64)
(1, 35, 63)
(1, 35, 62)
(1, 35, 61)
(1, 35, 60)
(0, 36, 60)
(1, 36, 60)
(0, 37, 60)
(1, 37, 60)
(0, 38, 60)
(0, 38, 59)
(1, 38, 58)
(0, 39, 59)
(0, 39, 60)
(0, 39, 61)
(1, 39, 61)
(0, 40, 61)
(0, 40, 60)
(0, 40, 59)
(0, 40, 58)
(0, 40, 57)
(1, 39, 56)
(0, 39, 56)
(1, 38, 56)
(0, 38, 57)
(1, 37, 56)
(1, 37, 55)
(0, 38, 55)
(0, 38, 54)
(1, 37, 53)
(1, 37, 52)
(0, 37, 52)
(1, 36, 52)
(0, 36, 53)
(0, 36, 54)
(1, 35, 54)
(0, 35, 54)
(1, 34, 54)
(0, 34, 55)
(0, 34, 56)
(1, 34, 56)
(0, 35, 56)
(1, 35, 56)
(0, 36, 57)
(0, 36, 58)
(1, 35, 58)
(0, 35, 58)
(1, 34, 58)
(1, 34, 59)
(0, 34, 60)
(1, 33, 59)
(1, 33, 58)
(1, 33, 57)
(0, 33, 57)
(1, 32, 57)
(0, 32, 58)
(1, 31, 57)
(0, 31, 58)
(0, 31, 59)
(1, 31, 59)
(0, 32, 60)
(0, 32, 61)
(1, 31, 61)
(0, 31, 61)
(1, 30, 61)
(0, 30, 61)
(1, 29, 61)
(1, 29, 62)
(0, 29, 63)
(1, 28, 63)
(1, 28, 64)
(1, 28, 65)
(1, 28, 66)
(0, 29, 67)
(1, 29, 66)
(0, 30, 66)
(0, 30, 65)
(1, 30, 64)
(0, 31, 65)
(1, 31, 64)
(0, 32, 64)
(1, 32, 64)
(0, 33, 64)
(0, 33, 63)
(1, 33, 62)
(0, 34, 63)
(0, 34, 64)
(0, 34, 65)
(0, 34, 66)
(1, 33, 66)
(0, 33, 67)
(0, 33, 68)
(0, 33, 69)
(1, 33, 69)
(1, 33, 70)
(0, 33, 71)
(1, 32, 70)
(0, 32, 71)
(1, 31, 70)
(0, 31, 71)
(1, 30, 70)
(0, 30, 71)
(1, 29, 70)
(1, 29, 69)
(0, 29, 69)
(1, 28, 68)
(0, 28, 68)
(1, 27, 68)
(1, 27, 69)
(0, 27, 70)
(1, 26, 69)
(0, 26, 69)
(1, 25, 68)
(0, 25, 68)
(0, 25, 67)
(1, 25, 66)
(0, 26, 67)
(1, 26, 66)
(0, 27, 66)
(0, 27, 65)
(1, 26, 64)
(1, 26, 63)
(0, 26, 63)
(0, 26, 62)
(1, 25, 61)
(0, 25, 62)
(0, 25, 63)
(1, 24, 63)
(0, 24, 64)
(1, 23, 64)
(0, 23, 65)
(1, 22, 64)
(0, 22, 64)
(1, 21, 64)
(0, 21, 65)
(1, 20, 65)
(1, 20, 66)
(0, 20, 67)
(0, 20, 68)
(1, 19, 68)
(0, 19, 68)
(1, 18, 67)
(0, 18, 68)
(1, 17, 68)
(0, 17, 68)
(0, 17, 67)
(1, 16, 66)
(0, 16, 66)
(1, 15, 66)
(0, 15, 67)
(0, 15, 68)
(1, 14, 68)
(0, 14, 69)
(1, 13, 68)
(0, 13, 68)
(1, 12, 68)
(0, 12, 69)
(1, 11, 68)
(0, 11, 69)
(0, 11, 70)
(1, 11, 70)
(0, 12, 71)
(1, 12, 70)
(0, 13, 70)
(1, 13, 70)
(1, 13, 71)
(0, 14, 72)
(0, 14, 73)
(0, 14, 74)
(1, 13, 74)
(0, 13, 74)
(1, 12, 73)
(0, 12, 74)
(0, 12, 75)
(0, 12, 76)
(1, 12, 76)
(0, 13, 77)
(1, 13, 76)
(0, 14, 76)
(1, 14, 76)
(0, 15, 76)
(0, 15, 75)
(1, 15, 74)
(0, 16, 75)
(1, 16, 75)
(0, 17, 75)
(0, 17, 74)
(1, 17, 73)
(1, 17, 72)
(1, 17, 71)
(0, 18, 71)
(1, 18, 70)
(0, 19, 70)
(1, 19, 70)
(1, 19, 71)
(0, 19, 72)
(0, 19, 73)
(1, 18, 73)
(1, 18, 74)
(1, 18, 75)
(0, 18, 76)
(1, 17, 76)
(0, 17, 77)
(0, 17, 78)
(1, 16, 78)
(1, 16, 79)
(1, 16, 80)
(0, 17, 81)
(0, 17, 82)
(1, 16, 82)
(1, 16, 83)
(0, 16, 84)
(1, 15, 84)
(0, 15, 85)
(1, 14, 85)
(0, 14, 85)
(0, 14, 84)
(1, 14, 83)
(1, 14, 82)
(0, 14, 82)
(1, 13, 81)
(0, 13, 81)
(1, 12, 81)
(0, 12, 81)
(1, 11, 80)
(0, 11, 80)
(1, 10, 80)
(1, 10, 81)
(0, 11, 82)
(0, 11, 83)
(1, 11, 83)
(0, 12, 84)
(1, 12, 83)
(0, 13, 84)
(0, 13, 85)
(1, 12, 85)
(0, 12, 86)
(1, 11, 85)
(0, 11, 86)
(0, 11, 87)
(1, 11, 87)
(1, 11, 88)
(0, 12, 89)
(1, 12, 88)
(0, 13, 89)
(1, 13, 89)
(0, 14, 89)
(1, 14, 89)
(0, 15, 89)
(0, 15, 88)
(1, 15, 87)
(1, 15, 86)
(0, 16, 86)
(1, 16, 85)
(0, 17, 86)
(0, 17, 87)
(1, 16, 87)
(1, 16, 88)
(0, 16, 89)
(0, 16, 90)
(1, 15, 90)
(0, 15, 91)
(0, 15, 92)
(1, 14, 92)
(0, 14, 93)
(0, 14, 94)
(0, 14, 95)
(1, 13, 95)
(1, 13, 96)
(1, 13, 97)
(1, 13, 98)
(1, 13, 99)
(0, 13, 100)
(1, 12, 99)
(0, 12, 99)
(1, 11, 99)
(0, 11, 100)
(1, 10, 100)
(1, 10, 101)
(1, 10, 102)
(1, 10, 103)
(0, 10, 104)
(0, 10, 105)
(1, 9, 105)
(1, 9, 106)
(0, 9, 107)
(0, 9, 108)
(1, 8, 108)
(0, 8, 109)
(0, 8, 110)
(0, 8, 111)
(0, 8, 112)
(1, 7, 112)
(0, 7, 113)
(1, 6, 113)
(0, 6, 113)
(0, 6, 112)
(1, 6, 111)
(0, 7, 111)
(0, 7, 110)
(0, 7, 109)
(0, 7, 108)
(1, 6, 107)
(0, 6, 107)
(0, 6, 106)
(1, 6, 105)
(1, 6, 104)
(0, 7, 104)
(1, 7, 103)
(0, 8, 104)
(1, 8, 104)
(0, 9, 104)
(0, 9, 103)
(1, 9, 102)
(1, 9, 101)
(1, 9, 100)
(0, 9, 100)
(1, 8, 99)
(1, 8, 98)
(0, 9, 98)
(1, 9, 98)
(0, 10, 99)
(1, 10, 98)
(1, 10, 97)
(0, 10, 97)
(0, 10, 96)
(1, 10, 95)
(0, 11, 95)
(0, 11, 94)
(0, 11, 93)
(1, 10, 92)
(1, 10, 91)
(0, 10, 91)
(1, 9, 90)
(0, 9, 90)
(1, 8, 89)
(1, 8, 88)
(1, 8, 87)
(0, 8, 87)
(1, 7, 86)
(1, 7, 85)
(1, 7, 84)
(1, 7, 83)
(0, 8, 83)
(0, 8, 82)
(1, 7, 81)
(1, 7, 80)
(1, 7, 79)
(1, 7, 78)
(0, 7, 78)
(1, 6, 77)
(0, 6, 78)
(1, 5, 78)
(0, 5, 79)
(1, 4, 79)
(1, 4, 80)
(1, 4, 81)
(1, 4, 82)
(0, 5, 83)
(1, 5, 82)
(1, 5, 81)
(1, 5, 80)
(0, 6, 80)
(1, 6, 80)
(1, 6, 81)
(1, 6, 82)
(1, 6, 83)
(0, 6, 84)
(0, 6, 85)
(0, 6, 86)
(1, 5, 86)
(0, 5, 86)
(1, 4, 85)
(0, 4, 86)
(0, 4, 87)
(1, 4, 87)
(0, 5, 88)
(1, 5, 88)
(0, 6, 89)
(0, 6, 90)
(1, 6, 90)
(0, 7, 90)
(1, 7, 90)
(1, 7, 91)
(1, 7, 92)
(0, 8, 93)
(1, 8, 93)
(1, 8, 94)
(0, 8, 95)
(1, 7, 94)
(0, 7, 94)
(1, 6, 93)
(0, 6, 93)
(0, 6, 92)
(1, 5, 91)
(0, 5, 92)
(0, 5, 93)
(0, 5, 94)
(1, 4, 94)
(0, 4, 95)
(1, 3, 95)
(1, 3, 96)
(0, 3, 97)
(1, 2, 97)
(1, 2, 98)
(0, 2, 99)
(0, 2, 100)
(0, 2, 101)
(1, 2, 101)
(0, 3, 101)
(0, 3, 100)
(1, 3, 99)
(0, 4, 99)
(0, 4, 98)
(1, 4, 97)
(0, 5, 97)
(1, 5, 97)
(1, 5, 98)
(0, 6, 99)
(0, 6, 100)
(1, 5, 100)
(0, 5, 101)
(1, 4, 101)
(0, 4, 102)
(0, 4, 103)
(1, 3, 103)
(1, 3, 104)
(1, 3, 105)
(1, 3, 106)
(1, 3, 107)
(1, 3, 108)
(0, 4, 109)
(1, 4, 108)
(0, 5, 108)
(1, 5, 108)
(0, 6, 109)
(0, 6, 110)
(1, 5, 110)
(0, 5, 110)
(1, 4, 110)
(1, 4, 111)
(0, 5, 112)
(0, 5, 113)
(1, 4, 113)
(0, 4, 113)
(1, 3, 113)
(1, 3, 114)
(0, 4, 115)
(0, 4, 116)
(1, 4, 116)
(1, 4, 117)
(0, 5, 118)
(1, 5, 118)
(0, 6, 118)
(1, 6, 117)
(0, 7, 117)
(1, 7, 116)
(0, 8, 117)
(1, 8, 116)
(0, 9, 116)
(0, 9, 115)
(0, 9, 114)
(1, 9, 113)
(0, 10, 113)
(1, 10, 113)
(1, 10, 114)
(1, 10, 115)
(0, 11, 116)
(0, 11, 117)
(1, 10, 117)
(0, 10, 117)
(1, 9, 117)
(0, 9, 118)
(1, 8, 118)
(1, 8, 119)
(1, 8, 120)
(0, 9, 121)
(1, 9, 120)
(0, 10, 120)
(1, 10, 120)
(0, 11, 120)
(1, 11, 119)
(0, 12, 119)
(1, 12, 118)
(1, 12, 117)
(1, 12, 116)
(0, 12, 116)
(0, 12, 115)
(1, 11, 114)
(1, 11, 113)
(1, 11, 112)
(0, 11, 112)
(0, 11, 111)
(1, 11, 110)
(0, 12, 111)
(1, 12, 110)
(0, 13, 110)
(1, 13, 109)
(0, 14, 109)
(0, 14, 108)
(0, 14, 107)
(1, 14, 106)
(0, 15, 106)
(1, 15, 105)
(0, 16, 105)
(1, 16, 104)
(1, 16, 103)
(1, 16, 102)
(0, 17, 102)
(0, 17, 101)
(1, 17, 100)
(0, 18, 101)
(1, 18, 100)
(1, 18, 99)
(0, 18, 99)
(1, 17, 98)
(0, 17, 98)
(1, 16, 97)
(0, 16, 97)
(0, 16, 96)
(1, 15, 95)
(1, 15, 94)
(0, 16, 94)
(1, 16, 93)
(0, 17, 93)
(0, 17, 92)
(0, 17, 91)
(1, 17, 90)
(0, 18, 90)
(1, 18, 90)
(0, 19, 91)
(0, 19, 92)
(1, 18, 92)
(1, 18, 93)
(0, 19, 94)
(0, 19, 95)
(0, 19, 96)
(1, 18, 96)
(1, 18, 97)
(0, 19, 98)
(1, 19, 98)
(0, 20, 98)
(1, 20, 97)
(0, 21, 97)
(0, 21, 96)
(1, 20, 95)
(0, 20, 95)
(0, 20, 94)
(1, 20, 93)
(1, 20, 92)
(0, 20, 92)
(0, 20, 91)
(1, 20, 90)
(0, 21, 91)
(1, 21, 91)
(0, 22, 92)
(0, 22, 93)
(1, 21, 93)
(1, 21, 94)
(0, 22, 95)
(1, 22, 94)
(0, 23, 94)
(0, 23, 93)
(1, 23, 92)
(0, 24, 93)
(1, 24, 93)
(0, 25, 93)
(1, 25, 93)
(0, 26, 94)
(1, 26, 93)
(1, 26, 92)
(1, 26, 91)
(0, 27, 91)
(0, 27, 90)
(1, 27, 89)
(0, 28, 90)
(1, 28, 90)
(1, 28, 91)
(0, 29, 92)
(1, 29, 92)
(1, 29, 93)
(0, 29, 94)
(0, 29, 95)
(0, 29, 96)
(0, 29, 97)
(1, 29, 97)
(0, 30, 97)
(1, 30, 97)
(0, 31, 98)
(1, 31, 97)
(1, 31, 96)
(0, 31, 96)
(0, 31, 95)
(1, 31, 94)
(0, 32, 95)
(1, 32, 94)
(1, 32, 93)
(0, 32, 93)
(1, 31, 92)
(1, 31, 91)
(0, 31, 91)
(1, 30, 90)
(0, 30, 90)
(0, 30, 89)
(1, 29, 88)
(0, 29, 88)
(1, 28, 88)
(0, 28, 88)
(0, 28, 87)
(0, 28, 86)
(1, 28, 85)
(0, 29, 86)
(1, 29, 85)
(0, 30, 85)
(0, 30, 84)
(1, 30, 83)
(1, 30, 82)
(0, 31, 82)
(1, 31, 81)
(0, 32, 81)
(1, 32, 80)
(1, 32, 79)
(1, 32, 78)
(0, 32, 78)
(1, 31, 77)
(1, 31, 76)
(0, 31, 76)
(1, 30, 76)
(0, 30, 77)
(1, 29, 77)
(0, 29, 78)
(1, 28, 77)
(0, 28, 78)
(1, 27, 78)
(1, 27, 79)
(1, 27, 80)
(1, 27, 81)
(0, 27, 82)
(0, 27, 83)
(0, 27, 84)
(1, 26, 84)
(0, 26, 85)
(1, 25, 84)
(0, 25, 85)
(1, 24, 85)
(0, 24, 85)
(0, 24, 84)
(1, 24, 83)
(1, 24, 82)
(0, 25, 82)
(1, 25, 81)
(1, 25, 80)
(0, 25, 80)
(1, 24, 79)
(1, 24, 78)
(0, 25, 78)
(0, 25, 77)
(1, 25, 76)
(1, 25, 75)
(0, 26, 75)
(1, 26, 74)
(0, 27, 75)
(1, 27, 75)
(0, 28, 76)
(1, 28, 75)
(1, 28, 74)
(0, 29, 74)
(1, 29, 73)
(0, 30, 74)
(1, 30, 73)
(0, 31, 73)
(1, 31, 73)
(1, 31, 74)
(0, 32, 75)
(1, 32, 74)
(0, 33, 74)
(0, 33, 73)
(1, 33, 72)
(0, 34, 73)
(1, 34, 73)
(1, 34, 74)
(1, 34, 75)
(0, 35, 76)
(1, 35, 76)
(1, 35, 77)
(0, 35, 78)
(0, 35, 79)
(1, 34, 79)
(0, 34, 80)
(0, 34, 81)
(1, 33, 81)
(1, 33, 82)
(1, 33, 83)
(1, 33, 84)
(0, 34, 85)
(0, 34, 86)
(1, 33, 86)
(1, 33, 87)
(0, 33, 88)
(1, 32, 88)
(1, 32, 89)
(0, 33, 90)
(1, 33, 89)
(0, 34, 90)
(1, 34, 89)
(0, 35, 89)
(0, 35, 88)
(1, 35, 87)
(0, 36, 87)
(1, 36, 87)
(1, 36, 88)
(0, 36, 89)
(0, 36, 90)
(1, 36, 90)
(0, 37, 90)
(1, 37, 90)
(0, 38, 90)
(1, 38, 90)
(0, 39, 90)
(1, 39, 90)
(1, 39, 91)
(1, 39, 92)
(0, 39, 93)
(0, 39, 94)
(1, 39, 94)
(1, 39, 95)
(0, 39, 96)
(1, 38, 96)
(0, 38, 96)
(0, 38, 95)
(1, 37, 94)
(1, 37, 93)
(1, 37, 92)
(0, 37, 92)
(1, 36, 92)
(1, 36, 93)
(0, 36, 94)
(0, 36, 95)
(1, 36, 95)
(0, 37, 96)
(0, 37, 97)
(1, 37, 97)
(0, 38, 98)
(1, 38, 98)
(0, 39, 99)
(1, 39, 99)
(1, 39, 100)
(1, 39, 101)
(0, 39, 102)
(1, 38, 102)
(0, 38, 103)
(1, 37, 102)
(0, 37, 103)
(1, 36, 102)
(0, 36, 102)
(0, 36, 101)
(0, 36, 100)
(1, 35, 99)
(0, 35, 99)
(1, 34, 99)
(1, 34, 100)
(0, 35, 101)
(0, 35, 102)
(0, 35, 103)
(1, 35, 103)
(0, 36, 104)
(0, 36, 105)
(1, 35, 105)
(1, 35, 106)
(0, 35, 107)
(0, 35, 108)
(1, 35, 108)
(0, 36, 108)
(1, 36, 108)
(0, 37, 108)
(1, 37, 108)
(1, 37, 109)
(0, 38, 110)
(0, 38, 111)
(1, 38, 111)
(0, 39, 111)
(1, 39, 111)
(0, 40, 111)
(1, 40, 111)
(0, 41, 111)
(0, 41, 110)
(0, 41, 109)
(1, 41, 108)
(0, 42, 109)
(1, 42, 108)
(0, 43, 109)
(1, 43, 109)
(1, 43, 110)
(0, 43, 111)
(1, 42, 110)
(0, 42, 111)
(0, 42, 112)
(1, 41, 112)
(1, 41, 113)
(0, 41, 114)
(0, 41, 115)
(0, 41, 116)
(1, 41, 116)
(0, 42, 116)
(0, 42, 115)
(1, 42, 114)
(0, 43, 114)
(0, 43, 113)
(1, 43, 112)
(0, 44, 112)
(1, 44, 111)
(0, 45, 111)
(1, 45, 111)
(0, 46, 111)
(1, 46, 111)
(0, 47, 111)
(1, 47, 111)
(0, 48, 112)
(1, 48, 112)
(1, 48, 113)
(0, 48, 114)
(0, 48, 115)
(1, 47, 115)
(1, 47, 116)
(0, 47, 117)
(1, 46, 117)
(1, 46, 118)
(0, 46, 119)
(0, 46, 120)
(0, 46, 121)
(1, 45, 121)
(0, 45, 122)
(1, 44, 122)
(0, 44, 123)
(1, 43, 122)
(0, 43, 123)
(0, 43, 124)
(1, 43, 124)
(1, 43, 125)
(1, 43, 126)
(0, 44, 127)
(1, 44, 127)
(0, 45, 127)
(0, 45, 126)
(0, 45, 125)
(1, 45, 124)
(0, 46, 124)
(1, 46, 124)
(1, 46, 125)
(1, 46, 126)
(0, 47, 127)
(1, 47, 126)
(0, 48, 127)
(0, 48, 128)
(1, 48, 128)
(0, 49, 129)
(0, 49, 130)
(1, 49, 130)
(0, 50, 131)
(1, 50, 130)
(0, 51, 130)
(1, 51, 129)
(0, 52, 130)
(0, 52, 131)
(1, 51, 131)
(1, 51, 132)
(1, 51, 133)
(0, 52, 134)
(1, 52, 134)
(1, 52, 135)
(1, 52, 136)
(0, 52, 137)
(1, 51, 136)
(0, 51, 136)
(1, 50, 136)
(0, 50, 137)
(0, 50, 138)
(0, 50, 139)
(1, 49, 139)
(0, 49, 140)
(1, 48, 139)
(0, 48, 140)
(0, 48, 141)
(0, 48, 142)
(1, 47, 142)
(0, 47, 142)
(1, 46, 142)
(0, 46, 142)
(1, 45, 141)
(0, 45, 142)
(1, 44, 141)
(1, 44, 140)
(1, 44, 139)
(0, 44, 139)
(1, 43, 139)
(0, 43, 140)
(1, 42, 140)
(1, 42, 141)
(1, 42, 142)
(0, 43, 143)
(1, 43, 142)
(0, 44, 143)
(0, 44, 144)
(0, 44, 145)
(1, 43, 145)
(0, 43, 146)
(1, 42, 145)
(0, 42, 146)
(1, 41, 145)
(0, 41, 146)
(0, 41, 147)
(0, 41, 148)
(1, 40, 148)
(0, 40, 148)
(1, 39, 148)
(0, 39, 149)
(1, 38, 148)
(1, 38, 147)
(1, 38, 146)
(1, 38, 145)
(0, 38, 145)
(1, 37, 145)
(0, 37, 146)
(1, 36, 145)
(0, 36, 146)
(1, 35, 145)
(1, 35, 144)
(1, 35, 143)
(1, 35, 142)
(0, 36, 142)
(0, 36, 141)
(0, 36, 140)
(1, 35, 139)
(0, 35, 139)
(0, 35, 138)
(1, 34, 137)
(1, 34, 136)
(1, 34, 135)
(0, 34, 135)
(1, 33, 134)
(0, 33, 134)
(1, 32, 133)
(0, 32, 134)
(1, 31, 133)
(1, 31, 132)
(0, 32, 132)
(1, 32, 131)
(0, 33, 132)
(1, 33, 132)
(0, 34, 133)
(1, 34, 132)
(0, 35, 132)
(0, 35, 131)
(1, 34, 130)
(0, 34, 130)
(1, 33, 129)
(0, 33, 129)
(1, 32, 128)
(1, 32, 127)
(0, 33, 127)
(0, 33, 126)
(0, 33, 125)
(1, 32, 124)
(0, 32, 125)
(1, 31, 124)
(0, 31, 124)
(1, 30, 123)
(1, 30, 122)
(0, 30, 122)
(0, 30, 121)
(0, 30, 120)
(1, 30, 119)
(1, 30, 118)
(1, 30, 117)
(0, 30, 117)
(1, 29, 117)
(0, 29, 117)
(0, 29, 116)
(1, 29, 115)
(0, 30, 115)
(1, 30, 115)
(0, 31, 116)
(1, 31, 115)
(0, 32, 115)
(0, 32, 114)
(1, 32, 113)
(1, 32, 112)
(1, 32, 111)
(1, 32, 110)
(0, 32, 110)
(1, 31, 109)
(1, 31, 108)
(1, 31, 107)
(1, 31, 106)
(0, 31, 106)
(1, 30, 105)
(0, 30, 106)
(1, 29, 106)
(0, 29, 106)
(1, 28, 106)
(1, 28, 107)
(0, 28, 108)
(0, 28, 109)
(1, 28, 109)
(0, 29, 110)
(1, 29, 109)
(1, 29, 108)
(0, 30, 108)
(1, 30, 108)
(1, 30, 109)
(1, 30, 110)
(0, 30, 111)
(1, 29, 111)
(1, 29, 112)
(0, 29, 113)
(1, 28, 113)
(0, 28, 113)
(0, 28, 112)
(1, 27, 111)
(1, 27, 110)
(0, 27, 110)
(1, 26, 109)
(0, 26, 109)
(1, 25, 109)
(1, 25, 110)
(0, 25, 111)
(1, 24, 110)
(1, 24, 109)
(0, 24, 109)
(0, 24, 108)
(1, 24, 107)
(1, 24, 106)
(1, 24, 105)
(0, 25, 105)
(1, 25, 105)
(0, 26, 105)
(0, 26, 104)
(0, 26, 103)
(1, 26, 102)
(0, 27, 103)
(0, 27, 104)
(1, 27, 104)
(0, 28, 105)
(1, 28, 104)
(1, 28, 103)
(0, 28, 103)
(0, 28, 102)
(1, 28, 101)
(0, 29, 101)
(0, 29, 100)
(1, 28, 99)
(0, 28, 99)
(1, 27, 98)
(0, 27, 98)
(1, 26, 97)
(0, 26, 98)
(0, 26, 99)
(0, 26, 100)
(1, 25, 100)
(1, 25, 101)
(0, 25, 102)
(0, 25, 103)
(1, 24, 103)
(0, 24, 103)
(0, 24, 102)
(0, 24, 101)
(1, 24, 100)
(1, 24, 99)
(0, 24, 99)
(0, 24, 98)
(1, 24, 97)
(0, 25, 97)
(1, 25, 96)
(1, 25, 95)
(0, 25, 95)
(1, 24, 95)
(0, 24, 95)
(1, 23, 95)
(1, 23, 96)
(0, 23, 97)
(1, 22, 97)
(1, 22, 98)
(1, 22, 99)
(1, 22, 100)
(0, 22, 101)
(1, 21, 101)
(0, 21, 102)
(1, 20, 102)
(0, 20, 103)
(0, 20, 104)
(0, 20, 105)
(1, 20, 105)
(0, 21, 105)
(0, 21, 104)
(1, 21, 103)
(0, 22, 104)
(1, 22, 103)
(0, 23, 104)
(1, 23, 104)
(1, 23, 105)
(1, 23, 106)
(0, 23, 107)
(1, 22, 106)
(0, 22, 107)
(0, 22, 108)
(1, 21, 108)
(1, 21, 109)
(1, 21, 110)
(0, 22, 111)
(0, 22, 112)
(1, 22, 112)
(0, 23, 112)
(1, 23, 111)
(0, 24, 112)
(0, 24, 113)
(1, 24, 113)
(0, 25, 113)
(1, 25, 113)
(0, 26, 113)
(1, 26, 112)
(0, 27, 113)
(0, 27, 114)
(1, 27, 114)
(0, 28, 115)
(0, 28, 116)
(0, 28, 117)
(1, 27, 117)
(0, 27, 117)
(1, 26, 116)
(0, 26, 117)
(0, 26, 118)
(1, 26, 118)
(1, 26, 119)
(1, 26, 120)
(0, 27, 121)
(1, 27, 121)
(1, 27, 122)
(0, 27, 123)
(1, 26, 122)
(0, 26, 123)
(0, 26, 124)
(1, 26, 124)
(1, 26, 125)
(0, 26, 126)
(0, 26, 127)
(1, 26, 127)
(1, 26, 128)
(0, 26, 129)
(1, 25, 128)
(0, 25, 129)
(1, 24, 129)
(0, 24, 130)
(0, 24, 131)
(1, 24, 131)
(0, 25, 131)
(1, 25, 130)
(0, 26, 131)
(1, 26, 130)
(0, 27, 130)
(1, 27, 130)
(1, 27, 131)
(1, 27, 132)
(1, 27, 133)
(0, 27, 134)
(0, 27, 135)
(1, 26, 135)
(0, 26, 136)
(1, 25, 135)
(0, 25, 135)
(0, 25, 134)
(1, 24, 133)
(0, 24, 134)
(1, 23, 134)
(0, 23, 135)
(0, 23, 136)
(1, 22, 136)
(0, 22, 136)
(1, 21, 136)
(1, 21, 137)
(0, 22, 138)
(0, 22, 139)
(0, 22, 140)
(1, 22, 140)
(0, 23, 141)
(1, 23, 140)
(1, 23, 139)
(1, 23, 138)
(0, 24, 138)
(0, 24, 137)
(1, 24, 136)
(0, 25, 137)
(0, 25, 138)
(0, 25, 139)
(0, 25, 140)
(1, 25, 140)
(0, 26, 141)
(1, 26, 140)
(1, 26, 139)
(1, 26, 138)
(1, 26, 137)
(0, 27, 137)
(1, 27, 136)
(0, 28, 136)
(1, 28, 135)
(1, 28, 134)
(1, 28, 133)
(0, 29, 133)
(1, 29, 132)
(1, 29, 131)
(1, 29, 130)
(1, 29, 129)
(1, 29, 128)
(1, 29, 127)
(0, 29, 127)
(0, 29, 126)
(1, 29, 125)
(0, 30, 126)
(1, 30, 125)
(0, 31, 126)
(1, 31, 126)
(1, 31, 127)
(1, 31, 128)
(0, 31, 129)
(0, 31, 130)
(1, 30, 130)
(1, 30, 131)
(1, 30, 132)
(1, 30, 133)
(1, 30, 134)
(0, 30, 135)
(0, 30, 136)
(1, 29, 136)
(1, 29, 137)
(0, 30, 138)
(0, 30, 139)
(0, 30, 140)
(1, 30, 140)
(0, 31, 140)
(1, 31, 140)
(1, 31, 141)
(1, 31, 142)
(0, 31, 143)
(1, 30, 142)
(0, 30, 143)
(1, 29, 143)
(0, 29, 143)
(0, 29, 142)
(0, 29, 141)
(0, 29, 140)
(1, 28, 139)
(0, 28, 140)
(1, 27, 140)
(1, 27, 141)
(1, 27, 142)
(0, 27, 143)
(1, 26, 143)
(0, 26, 144)
(0, 26, 145)
(0, 26, 146)
(1, 25, 146)
(0, 25, 146)
(1, 24, 145)
(1, 24, 144)
(0, 25, 144)
(0, 25, 143)
(1, 24, 142)
(0, 24, 143)
(1, 23, 142)
(0, 23, 143)
(1, 22, 142)
(0, 22, 142)
(1, 21, 141)
(0, 21, 141)
(0, 21, 140)
(0, 21, 139)
(1, 20, 138)
(0, 20, 139)
(1, 19, 139)
(0, 19, 139)
(1, 18, 138)
(1, 18, 137)
(0, 18, 137)
(1, 17, 136)
(0, 17, 136)
(1, 16, 135)
(0, 16, 135)
(1, 15, 134)
(0, 15, 135)
(0, 15, 136)
(1, 14, 136)
(1, 14, 137)
(0, 14, 138)
(0, 14, 139)
(0, 14, 140)
(1, 14, 140)
(0, 15, 140)
(1, 15, 139)
(0, 16, 139)
(0, 16, 138)
(1, 16, 137)
(0, 17, 138)
(1, 17, 138)
(1, 17, 139)
(0, 18, 140)
(1, 18, 140)
(0, 19, 141)
(1, 19, 141)
(1, 19, 142)
(0, 19, 143)
(1, 18, 143)
(1, 18, 144)
(0, 18, 145)
(0, 18, 146)
(0, 18, 147)
(1, 17, 147)
(0, 17, 147)
(1, 16, 146)
(0, 16, 146)
(0, 16, 145)
(1, 16, 144)
(0, 17, 144)
(0, 17, 143)
(1, 16, 142)
(1, 16, 141)
(0, 16, 141)
(1, 15, 141)
(1, 15, 142)
(1, 15, 143)
(0, 15, 144)
(1, 14, 143)
(0, 14, 144)
(1, 13, 144)
(0, 13, 144)
(1, 12, 143)
(1, 12, 142)
(0, 12, 142)
(1, 11, 141)
(0, 11, 141)
(0, 11, 140)
(0, 11, 139)
(0, 11, 138)
(1, 11, 137)
(0, 12, 138)
(1, 12, 138)
(0, 13, 138)
(0, 13, 137)
(0, 13, 136)
(1, 12, 135)
(0, 12, 136)
(1, 11, 135)
(0, 11, 135)
(1, 10, 134)
(1, 10, 133)
(0, 10, 133)
(1, 9, 133)
(0, 9, 133)
(1, 8, 133)
(0, 8, 133)
(1, 7, 132)
(0, 7, 133)
(1, 6, 132)
(0, 6, 133)
(0, 6, 134)
(0, 6, 135)
(1, 6, 135)
(1, 6, 136)
(0, 6, 137)
(1, 5, 137)
(1, 5, 138)
(1, 5, 139)
(1, 5, 140)
(0, 5, 141)
(1, 4, 140)
(0, 4, 140)
(1, 3, 140)
(0, 3, 141)
(0, 3, 142)
(1, 2, 142)
(0, 2, 143)
(1, 1, 142)
(0, 1, 143)
(1, 0, 143)
(0, 0, 144)
(0, 0, 145)
(0, 0, 146)
(0, 0, 147)
(1, -1, 147)
(1, -1, 148)
(0, 0, 149)
(1, 0, 148)
(0, 1, 149)
(1, 1, 148)
(1, 1, 147)
(1, 1, 146)
(0, 1, 146)
(0, 1, 145)
(1, 1, 144)
(0, 2, 145)
(1, 2, 144)
(0, 3, 145)
(0, 3, 146)
(1, 3, 146)
(0, 4, 146)
(1, 4, 146)
(0, 5, 147)
(1, 5, 147)
(0, 6, 148)
(0, 6, 149)
(0, 6, 150)
(0, 6, 151)
(0, 6, 152)
(1, 6, 152)
(1, 6, 153)
(0, 6, 154)
(1, 5, 153)
(0, 5, 154)
(1, 4, 153)
(0, 4, 154)
(0, 4, 155)
(0, 4, 156)
(0, 4, 157)
(1, 4, 157)
(0, 5, 157)
(0, 5, 156)
(1, 5, 155)
(0, 6, 156)
(1, 6, 155)
(0, 7, 156)
(1, 7, 156)
(0, 8, 156)
(1, 8, 155)
(0, 9, 156)
(1, 9, 155)
(0, 10, 156)
(1, 10, 155)
(0, 11, 156)
(1, 11, 155)
(1, 11, 154)
(1, 11, 153)
(1, 11, 152)
(0, 12, 152)
(1, 12, 152)
(1, 12, 153)
(0, 13, 154)
(0, 13, 155)
(1, 13, 155)
(0, 14, 156)
(1, 14, 156)
(0, 15, 156)
(1, 15, 156)
(0, 16, 157)
(1, 16, 157)
(0, 17, 157)
(0, 17, 156)
(1, 17, 155)
(0, 18, 156)
(1, 18, 155)
(0, 19, 155)
(1, 19, 154)
(1, 19, 153)
(0, 20, 153)
(1, 20, 153)
(1, 20, 154)
(0, 21, 155)
(0, 21, 156)
(1, 20, 156)
(1, 20, 157)
(1, 20, 158)
(0, 20, 159)
(0, 20, 160)
(0, 20, 161)
(1, 20, 161)
(0, 21, 162)
(0, 21, 163)
(1, 20, 163)
(0, 20, 164)
(0, 20, 165)
(1, 19, 165)
(1, 19, 166)
(1, 19, 167)
(0, 19, 168)
(1, 18, 168)
(0, 18, 168)
(1, 17, 167)
(1, 17, 166)
(0, 17, 166)
(1, 16, 165)
(0, 16, 166)
(1, 15, 166)
(1, 15, 167)
(0, 15, 168)
(0, 15, 169)
(1, 14, 169)
(1, 14, 170)
(1, 14, 171)
(1, 14, 172)
(0, 15, 173)
(0, 15, 174)
(1, 15, 174)
(0, 16, 175)
(1, 16, 174)
(0, 17, 175)
(1, 17, 175)
(0, 18, 176)
(1, 18, 176)
(0, 19, 177)
(1, 19, 177)
(0, 20, 178)
(0, 20, 179)
(1, 19, 179)
(0, 19, 180)
(0, 19, 181)
(1, 18, 181)
(0, 18, 181)
(1, 17, 181)
(0, 17, 182)
(1, 16, 181)
(1, 16, 180)
(0, 17, 180)
(0, 17, 179)
(1, 17, 178)
(1, 17, 177)
(0, 17, 177)
(1, 16, 176)
(0, 16, 177)
(1, 15, 176)
(0, 15, 177)
(1, 14, 177)
(1, 14, 178)
(0, 14, 179)
(0, 14, 180)
(1, 13, 180)
(0, 13, 181)
(1, 12, 180)
(0, 12, 180)
(0, 12, 179)
(1, 12, 178)
(0, 13, 178)
(1, 13, 177)
(1, 13, 176)
(0, 14, 176)
(0, 14, 175)
(1, 13, 174)
(0, 13, 175)
(1, 12, 175)
(0, 12, 175)
(1, 11, 175)
(0, 11, 175)
(0, 11, 174)
(1, 10, 173)
(1, 10, 172)
(0, 11, 172)
(0, 11, 171)
(1, 10, 170)
(1, 10, 169)
(0, 11, 169)
(1, 11, 169)
(0, 12, 170)
(1, 12, 170)
(0, 13, 171)
(1, 13, 170)
(1, 13, 169)
(0, 13, 169)
(0, 13, 168)
(1, 13, 167)
(0, 14, 167)
(1, 14, 166)
(1, 14, 165)
(0, 15, 165)
(0, 15, 164)
(1, 15, 163)
(1, 15, 162)
(0, 16, 162)
(0, 16, 161)
(1, 16, 160)
(1, 16, 159)
(0, 16, 159)
(1, 15, 158)
(0, 15, 158)
(1, 14, 158)
(1, 14, 159)
(0, 15, 160)
(0, 15, 161)
(1, 14, 161)
(0, 14, 162)
(1, 13, 161)
(0, 13, 162)
(1, 12, 162)
(0, 12, 163)
(1, 11, 163)
(1, 11, 164)
(1, 11, 165)
(0, 11, 166)
(1, 10, 166)
(0, 10, 166)
(1, 9, 166)
(0, 9, 167)
(0, 9, 168)
(0, 9, 169)
(0, 9, 170)
(0, 9, 171)
(0, 9, 172)
(0, 9, 173)
(0, 9, 174)
(0, 9, 175)
(1, 8, 175)
(1, 8, 176)
(0, 9, 177)
(1, 9, 177)
(1, 9, 178)
(0, 10, 179)
(0, 10, 180)
(1, 10, 180)
(1, 10, 181)
(0, 10, 182)
(1, 9, 182)
(0, 9, 183)
(1, 8, 182)
(0, 8, 182)
(0, 8, 181)
(0, 8, 180)
(1, 8, 179)
(1, 8, 178)
(0, 8, 178)
(1, 7, 178)
(0, 7, 179)
(1, 6, 179)
(0, 6, 179)
(1, 5, 178)
(0, 5, 178)
(0, 5, 177)
(1, 4, 176)
(0, 4, 176)
(0, 4, 175)
(0, 4, 174)
(1, 4, 173)
(1, 4, 172)
(0, 5, 172)
(1, 5, 172)
(1, 5, 173)
(1, 5, 174)
(1, 5, 175)
(0, 6, 176)
(1, 6, 176)
(0, 7, 176)
(1, 7, 175)
(1, 7, 174)
(0, 7, 174)
(0, 7, 173)
(1, 6, 172)
(1, 6, 171)
(1, 6, 170)
(0, 6, 170)
(1, 5, 169)
(1, 5, 168)
(1, 5, 167)
(0, 6, 167)
(1, 6, 166)
(0, 7, 166)
(0, 7, 165)
(1, 7, 164)
(1, 7, 163)
(1, 7, 162)
(1, 7, 161)
(0, 8, 161)
(0, 8, 160)
(0, 8, 159)
(1, 7, 158)
(0, 7, 159)
(1, 6, 159)
(0, 6, 160)
(1, 5, 160)
(0, 5, 161)
(1, 4, 160)
(0, 4, 161)
(1, 3, 160)
(0, 3, 160)
(1, 2, 160)
(0, 2, 161)
(1, 1, 160)
(1, 1, 159)
(0, 2, 159)
(0, 2, 158)
(1, 1, 157)
(1, 1, 156)
(0, 1, 156)
(0, 1, 155)
(1, 1, 154)
(0, 2, 154)
(0, 2, 153)
(1, 2, 152)
(0, 3, 153)
(1, 3, 152)
(0, 4, 152)
(0, 4, 151)
(1, 3, 150)
(0, 3, 150)
(1, 2, 150)
(0, 2, 151)
(1, 1, 150)
(0, 1, 151)
(0, 1, 152)
(0, 1, 153)
(1, 0, 153)
(0, 0, 154)
(0, 0, 155)
(0, 0, 156)
(0, 0, 157)
(1, 0, 157)
(1, 0, 158)
(1, 0, 159)
(1, 0, 160)
(0, 0, 161)
(1, -1, 160)
(1, -1, 159)
(0, -1, 159)
(1, -2, 159)
(0, -2, 159)
(0, -2, 158)
(0, -2, 157)
(1, -3, 156)
(1, -3, 155)
(0, -3, 155)
(1, -4, 154)
(0, -4, 154)
(0, -4, 153)
(0, -4, 152)
(1, -4, 151)
(0, -3, 151)
(1, -3, 151)
(1, -3, 152)
(0, -2, 153)
(1, -2, 152)
(0, -1, 153)
(1, -1, 152)
(0, 0, 152)
(0, 0, 151)
(1, -1, 150)
(0, -1, 150)
(1, -2, 150)
(0, -2, 150)
(0, -2, 149)
(1, -2, 148)
(1, -2, 147)
(0, -2, 147)
(0, -2, 146)
(0, -2, 145)
(1, -3, 144)
(0, -3, 144)
(0, -3, 143)
(1, -3, 142)
(0, -2, 142)
(1, -2, 142)
(0, -1, 142)
(1, -1, 141)
(1, -1, 140)
(1, -1, 139)
(0, 0, 139)
(0, 0, 138)
(1, -1, 137)
(0, -1, 138)
(1, -2, 138)
(0, -2, 138)
(1, -3, 138)
(0, -3, 138)
(0, -3, 137)
(1, -3, 136)
(0, -2, 136)
(0, -2, 135)
(1, -2, 134)
(1, -2, 133)
(1, -2, 132)
(0, -1, 132)
(1, -1, 131)
(1, -1, 130)
(0, -1, 130)
(1, -2, 129)
(1, -2, 128)
(0, -2, 128)
(1, -3, 128)
(0, -3, 129)
(1, -4, 128)
(0, -4, 128)
(1, -5, 128)
(0, -5, 129)
(0, -5, 130)
(1, -6, 130)
(0, -6, 131)
(0, -6, 132)
(1, -6, 132)
(1, -6, 133)
(1, -6, 134)
(1, -6, 135)
(0, -6, 136)
(1, -7, 136)
(0, -7, 137)
(0, -7, 138)
(1, -8, 138)
(1, -8, 139)
(1, -8, 140)
(1, -8, 141)
(1, -8, 142)
(0, -8, 143)
(1, -9, 143)
(0, -9, 143)
(1, -10, 143)
(0, -10, 144)
(1, -11, 144)
(0, -11, 145)
(1, -12, 145)
(0, -12, 145)
(1, -13, 144)
(1, -13, 143)
(0, -13, 143)
(1, -14, 143)
(0, -14, 144)
(1, -15, 143)
(0, -15, 143)
(1, -16, 142)
(0, -16, 143)
(1, -17, 143)
(0, -17, 144)
(0, -17, 145)
(1, -17, 145)
(1, -17, 146)
(0, -17, 147)
(1, -18, 147)
(0, -18, 148)
(1, -19, 147)
(0, -19, 148)
(1, -20, 147)
(0, -20, 148)
(0, -20, 149)
(0, -20, 150)
(1, -20, 150)
(0, -19, 151)
(0, -19, 152)
(1, -20, 152)
(0, -20, 153)
(1, -21, 152)
(0, -21, 153)
(0, -21, 154)
(1, -21, 154)
(1, -21, 155)
(0, -21, 156)
(1, -22, 155)
(0, -22, 156)
(1, -23, 156)
(0, -23, 156)
(1, -24, 155)
(0, -24, 155)
(1, -25, 154)
(0, -25, 154)
(1, -26, 154)
(0, -26, 154)
(0, -26, 153)
(0, -26, 152)
(1, -26, 151)
(1, -26, 150)
(0, -26, 150)
(1, -27, 150)
(0, -27, 151)
(0, -27, 152)
(0, -27, 153)
(1, -28, 153)
(0, -28, 153)
(1, -29, 152)
(1, -29, 151)
(0, -29, 151)
(0, -29, 150)
(0, -29, 149)
(1, -29, 148)
(0, -28, 149)
(1, -28, 148)
(0, -27, 149)
(1, -27, 148)
(0, -26, 148)
(1, -26, 148)
(0, -25, 148)
(1, -25, 147)
(0, -24, 148)
(0, -24, 149)
(1, -25, 149)
(1, -25, 150)
(0, -24, 151)
(1, -24, 150)
(0, -23, 150)
(1, -23, 149)
(0, -22, 149)
(1, -22, 148)
(1, -22, 147)
(1, -22, 146)
(1, -22, 145)
(0, -21, 145)
(1, -21, 144)
(0, -20, 145)
(1, -20, 145)
(0, -19, 145)
(1, -19, 144)
(0, -18, 144)
(0, -18, 143)
(0, -18, 142)
(0, -18, 141)
(0, -18, 140)
(1, -19, 139)
(0, -19, 140)
(0, -19, 141)
(0, -19, 142)
(0, -19, 143)
(1, -20, 143)
(0, -20, 143)
(1, -21, 142)
(0, -21, 142)
(1, -22, 142)
(0, -22, 143)
(0, -22, 144)
(1, -23, 144)
(0, -23, 145)
(1, -24, 144)
(0, -24, 145)
(1, -25, 144)
(0, -25, 144)
(1, -26, 144)
(0, -26, 144)
(1, -27, 144)
(0, -27, 145)
(0, -27, 146)
(1, -28, 146)
(0, -28, 147)
(1, -29, 146)
(1, -29, 145)
(0, -29, 145)
(1, -30, 145)
(0, -30, 146)
(0, -30, 147)
(0, -30, 148)
(0, -30, 149)
(0, -30, 150)
(0, -30, 151)
(1, -31, 151)
(0, -31, 151)
(1, -32, 151)
(1, -32, 152)
(0, -31, 153)
(1, -31, 153)
(1, -31, 154)
(1, -31, 155)
(0, -30, 156)
(0, -30, 157)
(1, -31, 157)
(0, -31, 158)
(0, -31, 159)
(1, -31, 159)
(0, -30, 159)
(1, -30, 159)
(0, -29, 159)
(1, -29, 158)
(0, -28, 159)
(1, -28, 158)
(0, -27, 159)
(0, -27, 160)
(1, -28, 160)
(1, -28, 161)
(1, -28, 162)
(0, -28, 163)
(1, -29, 162)
(0, -29, 163)
(1, -30, 162)
(0, -30, 162)
(1, -31, 162)
(1, -31, 163)
(1, -31, 164)
(1, -31, 165)
(0, -30, 166)
(0, -30, 167)
(0, -30, 168)
(0, -30, 169)
(1, -31, 169)
(0, -31, 169)
(1, -32, 169)
(1, -32, 170)
(0, -31, 171)
(1, -31, 171)
(1, -31, 172)
(1, -31, 173)
(0, -31, 174)
(0, -31, 175)
(1, -32, 175)
(0, -32, 175)
(0, -32, 174)
(0, -32, 173)
(0, -32, 172)
(1, -33, 171)
(0, -33, 171)
(0, -33, 170)
(1, -34, 169)
(0, -34, 169)
(0, -34, 168)
(0, -34, 167)
(0, -34, 166)
(1, -35, 165)
(0, -35, 165)
(1, -36, 165)
(1, -36, 166)
(1, -36, 167)
(0, -35, 168)
(0, -35, 169)
(1, -36, 169)
(0, -36, 170)
(1, -37, 169)
(0, -37, 169)
(0, -37, 168)
(0, -37, 167)
(1, -37, 166)
(1, -37, 165)
(0, -37, 165)
(1, -38, 164)
(1, -38, 163)
(1, -38, 162)
(1, -38, 161)
(0, -37, 161)
(1, -37, 160)
(1, -37, 159)
(0, -37, 159)
(0, -37, 158)
(1, -38, 157)
(0, -38, 157)
(1, -39, 156)
(0, -39, 157)
(0, -39, 158)
(1, -40, 158)
(0, -40, 159)
(0, -40, 160)
(1, -41, 160)
(0, -41, 161)
(0, -41, 162)
(1, -41, 162)
(0, -40, 162)
(1, -40, 162)
(1, -40, 163)
(1, -40, 164)
(1, -40, 165)
(0, -39, 166)
(1, -39, 166)
(1, -39, 167)
(1, -39, 168)
(0, -38, 169)
(0, -38, 170)
(1, -38, 170)
(0, -37, 171)
(0, -37, 172)
(0, -37, 173)
(1, -38, 173)
(0, -38, 173)
(1, -39, 173)
(1, -39, 174)
(1, -39, 175)
(0, -39, 176)
(1, -40, 176)
(1, -40, 177)
(1, -40, 178)
(1, -40, 179)
(1, -40, 180)
(0, -39, 181)
(0, -39, 182)
(0, -39, 183)
(1, -39, 183)
(0, -38, 184)
(1, -38, 184)
(0, -37, 184)
(1, -37, 183)
(0, -36, 183)
(1, -36, 182)
(0, -35, 182)
(1, -35, 182)
(1, -35, 183)
(0, -35, 184)
(0, -35, 185)
(1, -35, 185)
(0, -34, 186)
(1, -34, 186)
(0, -33, 186)
(1, -33, 186)
(0, -32, 186)
(1, -32, 185)
(0, -31, 185)
(1, -31, 184)
(0, -30, 185)
(1, -30, 184)
(1, -30, 183)
(1, -30, 182)
(0, -29, 182)
(0, -29, 181)
(0, -29, 180)
(1, -29, 179)
(0, -28, 180)
(1, -28, 180)
(0, -27, 181)
(1, -27, 181)
(1, -27, 182)
(1, -27, 183)
(0, -26, 184)
(1, -26, 184)
(0, -25, 185)
(1, -25, 184)
(0, -24, 185)
(1, -24, 185)
(0, -23, 186)
(1, -23, 185)
(0, -22, 185)
(0, -22, 184)
(0, -22, 183)
(1, -22, 182)
(0, -21, 183)
(1, -21, 183)
(1, -21, 184)
(0, -21, 185)
(0, -21, 186)
(0, -21, 187)
(1, -21, 187)
(1, -21, 188)
(1, -21, 189)
(0, -21, 190)
(0, -21, 191)
(0, -21, 192)
(1, -22, 192)
(0, -22, 193)
(0, -22, 194)
(0, -22, 195)
(1, -23, 195)
(0, -23, 195)
(1, -24, 195)
(1, -24, 196)
(0, -24, 197)
(1, -25, 196)
(0, -25, 197)
(1, -26, 197)
(0, -26, 198)
(1, -27, 198)
(0, -27, 198)
(1, -28, 197)
(0, -28, 198)
(1, -29, 197)
(1, -29, 196)
(0, -29, 196)
(0, -29, 195)
(0, -29, 194)
(1, -29, 193)
(0, -28, 193)
(1, -28, 193)
(0, -27, 193)
(1, -27, 192)
(1, -27, 191)
(0, -27, 191)
(0, -27, 190)
(0, -27, 189)
(1, -27, 188)
(1, -27, 187)
(0, -27, 187)
(1, -28, 186)
(1, -28, 185)
(0, -28, 185)
(1, -29, 185)
(1, -29, 186)
(0, -29, 187)
(1, -30, 186)
(0, -30, 187)
(1, -31, 186)
(0, -31, 187)
(1, -32, 187)
(1, -32, 188)
(0, -32, 189)
(1, -33, 188)
(0, -33, 188)
(1, -34, 188)
(0, -34, 188)
(1, -35, 187)
(0, -35, 188)
(1, -36, 187)
(1, -36, 186)
(0, -36, 186)
(1, -37, 186)
(0, -37, 186)
(1, -38, 186)
(1, -38, 187)
(0, -38, 188)
(1, -39, 188)
(0, -39, 189)
(0, -39, 190)
(0, -39, 191)
(1, -40, 191)
(1, -40, 192)
(1, -40, 193)
(0, -40, 194)
(1, -41, 193)
(0, -41, 193)
(1, -42, 192)
(0, -42, 192)
(1, -43, 192)
(0, -43, 192)
(0, -43, 191)
(0, -43, 190)
(1, -44, 189)
(0, -44, 189)
(1, -45, 189)
(0, -45, 189)
(1, -46, 188)
(1, -46, 187)
(1, -46, 186)
(1, -46, 185)
(0, -45, 185)
(1, -45, 184)
(1, -45, 183)
(0, -44, 183)
(1, -44, 183)
(0, -43, 183)
(1, -43, 182)
(1, -43, 181)
(1, -43, 180)
(0, -43, 180)
(0, -43, 179)
(1, -44, 178)
(0, -44, 179)
(0, -44, 180)
(1, -45, 180)
(0, -45, 180)
(0, -45, 179)
(0, -45, 178)
(1, -45, 177)
(1, -45, 176)
(1, -45, 175)
(1, -45, 174)
(0, -45, 174)
(1, -46, 174)
(1, -46, 175)
(1, -46, 176)
(0, -46, 177)
(1, -47, 177)
(0, -47, 177)
(0, -47, 176)
(1, -48, 175)
(0, -48, 175)
(1, -49, 174)
(0, -49, 174)
(0, -49, 173)
(1, -50, 172)
(0, -50, 173)
(0, -50, 174)
(0, -50, 175)
(1, -51, 175)
(1, -51, 176)
(0, -51, 177)
(1, -52, 176)
(1, -52, 175)
(1, -52, 174)
(1, -52, 173)
(0, -51, 173)
(0, -51, 172)
(1, -52, 171)
(1, -52, 170)
(0, -51, 170)
(1, -51, 170)
(0, -50, 170)
(1, -50, 170)
(0, -49, 170)
(1, -49, 169)
(0, -48, 169)
(1, -48, 169)
(1, -48, 170)
(1, -48, 171)
(0, -47, 172)
(1, -47, 172)
(0, -46, 172)
(0, -46, 171)
(1, -47, 170)
(1, -47, 169)
(0, -46, 169)
(1, -46, 169)
(0, -45, 170)
(1, -45, 169)
(0, -44, 170)
(0, -44, 171)
(0, -44, 172)
(1, -44, 172)
(0, -43, 172)
(1, -43, 171)
(1, -43, 170)
(0, -43, 170)
(0, -43, 169)
(1, -44, 168)
(1, -44, 167)
(0, -43, 167)
(1, -43, 166)
(1, -43, 165)
(1, -43, 164)
(0, -42, 164)
(0, -42, 163)
(1, -43, 162)
(1, -43, 161)
(1, -43, 160)
(0, -43, 160)
(0, -43, 159)
(0, -43, 158)
(1, -44, 157)
(0, -44, 157)
(0, -44, 156)
(1, -44, 155)
(0, -43, 156)
(1, -43, 155)
(1, -43, 154)
(1, -43, 153)
(0, -42, 153)
(1, -42, 152)
(0, -41, 153)
(0, -41, 154)
(0, -41, 155)
(1, -41, 155)
(0, -40, 156)
(1, -40, 155)
(1, -40, 154)
(0, -39, 154)
(0, -39, 153)
(0, -39, 152)
(0, -39, 151)
(1, -39, 150)
(0, -38, 150)
(0, -38, 149)
(0, -38, 148)
(0, -38, 147)
(1, -39, 146)
(1, -39, 145)
(0, -38, 145)
(1, -38, 144)
(0, -37, 145)
(1, -37, 145)
(1, -37, 146)
(0, -37, 147)
(0, -37, 148)
(1, -37, 148)
(0, -36, 148)
(1, -36, 148)
(0, -35, 148)
(1, -35, 148)
(1, -35, 149)
(0, -35, 150)
(1, -36, 150)
(0, -36, 151)
(0, -36, 152)
(1, -36, 152)
(0, -35, 152)
(1, -35, 151)
(0, -34, 151)
(1, -34, 150)
(1, -34, 149)
(0, -33, 149)
(0, -33, 148)
(0, -33, 147)
(0, -33, 146)
(1, -33, 145)
(0, -32, 146)
(1, -32, 145)
(0, -31, 145)
(0, -31, 144)
(1, -32, 143)
(0, -32, 144)
(1, -33, 143)
(1, -33, 142)
(0, -33, 142)
(0, -33, 141)
(1, -34, 140)
(1, -34, 139)
(0, -33, 139)
(1, -33, 139)
(0, -32, 139)
(1, -32, 139)
(0, -31, 140)
(0, -31, 141)
(0, -31, 142)
(1, -31, 142)
(0, -30, 143)
(1, -30, 143)
(0, -29, 143)
(1, -29, 142)
(0, -28, 142)
(0, -28, 141)
(1, -29, 140)
(1, -29, 139)
(0, -28, 139)
(1, -28, 138)
(1, -28, 137)
(0, -28, 137)
(1, -29, 137)
(0, -29, 138)
(1, -30, 138)
(0, -30, 138)
(1, -31, 137)
(0, -31, 137)
(1, -32, 137)
(0, -32, 137)
(1, -33, 137)
(0, -33, 137)
(1, -34, 136)
(0, -34, 136)
(1, -35, 136)
(1, -35, 137)
(0, -35, 138)
(1, -36, 137)
(0, -36, 137)
(1, -37, 136)
(1, -37, 135)
(1, -37, 134)
(1, -37, 133)
(0, -37, 133)
(1, -38, 133)
(0, -38, 134)
(1, -39, 133)
(0, -39, 134)
(0, -39, 135)
(1, -39, 135)
(1, -39, 136)
(1, -39, 137)
(0, -38, 138)
(1, -38, 137)
(0, -37, 138)
(1, -37, 138)
(1, -37, 139)
(0, -37, 140)
(1, -38, 140)
(0, -38, 141)
(1, -39, 140)
(0, -39, 140)
(0, -39, 139)
(1, -40, 138)
(0, -40, 138)
(0, -40, 137)
(1, -41, 136)
(0, -41, 137)
(1, -42, 136)
(1, -42, 135)
(1, -42, 134)
(1, -42, 133)
(0, -42, 133)
(0, -42, 132)
(1, -42, 131)
(0, -41, 132)
(1, -41, 131)
(0, -40, 131)
(1, -40, 131)
(0, -39, 131)
(1, -39, 131)
(0, -38, 131)
(0, -38, 130)
(0, -38, 129)
(1, -39, 128)
(0, -39, 128)
(0, -39, 127)
(1, -40, 126)
(0, -40, 126)
(0, -40, 125)
(0, -40, 124)
(1, -41, 123)
(1, -41, 122)
(1, -41, 121)
(0, -41, 121)
(1, -42, 120)
(1, -42, 119)
(0, -41, 119)
(1, -41, 119)
(0, -40, 119)
(1, -40, 118)
(1, -40, 117)
(0, -40, 117)
(1, -41, 116)
(0, -41, 117)
(1, -42, 117)
(0, -42, 118)
(1, -43, 118)
(0, -43, 118)
(1, -44, 118)
(0, -44, 118)
(0, -44, 117)
(1, -44, 116)
(0, -43, 116)
(0, -43, 115)
(1, -43, 114)
(0, -42, 114)
(1, -42, 114)
(0, -41, 114)
(0, -41, 113)
(1, -41, 112)
(0, -40, 113)
(1, -40, 112)
(0, -39, 112)
(1, -39, 112)
(0, -38, 113)
(1, -38, 112)
(0, -37, 112)
(0, -37, 111)
(1, -37, 110)
(1, -37, 109)
(0, -36, 109)
(0, -36, 108)
(1, -37, 107)
(0, -37, 108)
(1, -38, 108)
(0, -38, 109)
(1, -39, 109)
(0, -39, 110)
(1, -40, 110)
(0, -40, 111)
(1, -41, 110)
(1, -41, 109)
(0, -41, 109)
(0, -41, 108)
(0, -41, 107)
(0, -41, 106)
(0, -41, 105)
(1, -41, 104)
(0, -40, 105)
(0, -40, 106)
(1, -40, 106)
(0, -39, 107)
(1, -39, 107)
(0, -38, 107)
(1, -38, 106)
(1, -38, 105)
(0, -38, 105)
(0, -38, 104)
(1, -38, 103)
(0, -37, 103)
(1, -37, 103)
(1, -37, 104)
(1, -37, 105)
(0, -36, 106)
(1, -36, 106)
(0, -35, 107)
(1, -35, 107)
(1, -35, 108)
(0, -34, 109)
(1, -34, 109)
(0, -33, 109)
(1, -33, 109)
(1, -33, 110)
(0, -32, 111)
(0, -32, 112)
(1, -33, 112)
(0, -33, 113)
(0, -33, 114)
(0, -33, 115)
(1, -33, 115)
(0, -32, 116)
(1, -32, 115)
(0, -31, 116)
(1, -31, 115)
(0, -30, 115)
(1, -30, 114)
(0, -29, 115)
(0, -29, 116)
(1, -30, 116)
(0, -30, 117)
(1, -31, 117)
(0, -31, 118)
(1, -32, 117)
(0, -32, 118)
(1, -33, 118)
(0, -33, 119)
(1, -34, 119)
(0, -34, 119)
(1, -35, 118)
(0, -35, 119)
(0, -35, 120)
(0, -35, 121)
(1, -35, 121)
(1, -35, 122)
(1, -35, 123)
(0, -35, 124)
(1, -36, 123)
(1, -36, 122)
(0, -36, 122)
(0, -36, 121)
(1, -37, 120)
(0, -37, 121)
(0, -37, 122)
(0, -37, 123)
(1, -37, 123)
(1, -37, 124)
(0, -37, 125)
(1, -38, 125)
(1, -38, 126)
(0, -37, 127)
(0, -37, 128)
(0, -37, 129)
(0, -37, 130)
(0, -37, 131)
(1, -37, 131)
(0, -36, 132)
(1, -36, 131)
(0, -35, 132)
(1, -35, 132)
(0, -34, 133)
(0, -34, 134)
(1, -34, 134)
(0, -33, 135)
(1, -33, 134)
(1, -33, 133)
(0, -32, 133)
(1, -32, 132)
(0, -31, 132)
(1, -31, 132)
(0, -30, 133)
(0, -30, 134)
(1, -30, 134)
(0, -29, 135)
(1, -29, 134)
(0, -28, 135)
(1, -28, 135)
(0, -27, 135)
(1, -27, 134)
(1, -27, 133)
(0, -26, 133)
(1, -26, 133)
(0, -25, 133)
(1, -25, 133)
(0, -24, 133)
(0, -24, 132)
(1, -24, 131)
(1, -24, 130)
(1, -24, 129)
(1, -24, 128)
(0, -23, 128)
(1, -23, 128)
(0, -22, 129)
(1, -22, 129)
(0, -21, 130)
(0, -21, 131)
(1, -21, 131)
(0, -20, 132)
(1, -20, 131)
(1, -20, 130)
(0, -20, 130)
(0, -20, 129)
(0, -20, 128)
(1, -21, 127)
(0, -21, 128)
(1, -22, 127)
(1, -22, 126)
(1, -22, 125)
(0, -21, 125)
(1, -21, 125)
(0, -20, 126)
(1, -20, 126)
(0, -19, 127)
(1, -19, 126)
(1, -19, 125)
(0, -18, 125)
(1, -18, 124)
(1, -18, 123)
(0, -18, 123)
(1, -19, 122)
(1, -19, 121)
(0, -19, 121)
(1, -20, 121)
(0, -20, 121)
(0, -20, 120)
(1, -20, 119)
(0, -19, 119)
(1, -19, 118)
(0, -18, 119)
(0, -18, 120)
(1, -18, 120)
(1, -18, 121)
(0, -17, 122)
(1, -17, 121)
(0, -16, 122)
(1, -16, 121)
(0, -15, 122)
(0, -15, 123)
(1, -16, 123)
(0, -16, 124)
(0, -16, 125)
(0, -16, 126)
(1, -17, 126)
(0, -17, 126)
(1, -18, 126)
(1, -18, 127)
(0, -17, 128)
(0, -17, 129)
(1, -17, 129)
(0, -16, 130)
(1, -16, 130)
(1, -16, 131)
(1, -16, 132)
(0, -15, 133)
(1, -15, 132)
(0, -14, 132)
(1, -14, 131)
(1, -14, 130)
(0, -14, 130)
(0, -14, 129)
(1, -15, 128)
(1, -15, 127)
(1, -15, 126)
(1, -15, 125)
(1, -15, 124)
(0, -14, 124)
(1, -14, 123)
(0, -13, 123)
(1, -13, 123)
(1, -13, 124)
(1, -13, 125)
(0, -12, 126)
(1, -12, 126)
(0, -11, 126)
(0, -11, 125)
(1, -12, 124)
(1, -12, 123)
(1, -12, 122)
(1, -12, 121)
(1, -12, 120)
(0, -11, 120)
(0, -11, 119)
(1, -11, 118)
(1, -11, 117)
(0, -11, 117)
(1, -12, 116)
(0, -12, 117)
(0, -12, 118)
(1, -13, 118)
(0, -13, 119)
(1, -14, 118)
(0, -14, 118)
(1, -15, 117)
(1, -15, 116)
(0, -14, 116)
(1, -14, 115)
(1, -14, 114)
(0, -13, 114)
(0, -13, 113)
(1, -14, 112)
(0, -14, 113)
(1, -15, 112)
(0, -15, 113)
(1, -16, 113)
(0, -16, 114)
(0, -16, 115)
(1, -17, 115)
(0, -17, 116)
(1, -18, 115)
(0, -18, 116)
(1, -19, 115)
(0, -19, 115)
(0, -19, 114)
(0, -19, 113)
(0, -19, 112)
(1, -20, 111)
(1, -20, 110)
(1, -20, 109)
(0, -20, 109)
(1, -21, 108)
(0, -21, 109)
(1, -22, 109)
(0, -22, 110)
(1, -23, 110)
(0, -23, 110)
(1, -24, 109)
(1, -24, 108)
(1, -24, 107)
