(1, -77, -165)
(0, -77, -165)
(0, -77, -166)
(1, -78, -167)
(0, -78, -167)
(0, -78, -168)
(1, -78, -169)
(1, -78, -170)
(1, -78, -171)
(1, -78, -172)
(0, -77, -172)
(0, -77, -173)
(0, -77, -174)
(1, -78, -175)
(0, -78, -175)
(1, -79, -175)
(0, -79, -175)
(1, -80, -175)
(0, -80, -174)
(1, -81, -174)
(1, -81, -173)
(0, -80, -172)
(1, -80, -173)
(0, -79, -172)
(0, -79, -171)
(0, -79, -170)
(0, -79, -169)
(0, -79, -168)
(1, -80, -168)
(0, -80, -168)
(1, -81, -168)
(0, -81, -168)
(1, -82, -169)
(0, -82, -168)
(1, -83, -168)
(1, -83, -167)
(1, -83, -166)
(0, -82, -165)
(1, -82, -166)
(0, -81, -165)
(1, -81, -165)
(1, -81, -164)
(0, -80, -163)
(1, -80, -164)
(0, -79, -163)
(0, -79, -162)
(1, -79, -162)
(0, -78, -161)
(1, -78, -162)
(0, -77, -162)
(1, -77, -162)
(1, -77, -161)
(1, -77, -160)
(0, -76, -159)
(1, -76, -159)
(0, -75, -158)
(0, -75, -157)
(1, -76, -157)
(0, -76, -157)
(1, -77, -157)
(0, -77, -157)
(1, -78, -157)
(0, -78, -157)
(1, -79, -158)
(0, -79, -158)
(1, -80, -158)
(1, -80, -157)
(1, -80, -156)
(0, -80, -155)
(0, -80, -154)
(0, -80, -153)
(1, -81, -153)
(0, -81, -153)
(0, -81, -154)
(1, -82, -155)
(0, -82, -154)
(1, -83, -154)
(1, -83, -153)
(1, -83, -152)
(0, -83, -151)
(1, -84, -151)
(0, -84, -151)
(0, -84, -152)
(0, -84, -153)
(1, -85, -154)
(1, -85, -155)
(0, -85, -155)
(0, -85, -156)
(1, -85, -157)
(0, -84, -157)
(1, -84, -157)
(0, -83, -156)
(1, -83, -157)
(1, -83, -158)
(0, -82, -158)
(0, -82, -159)
(0, -82, -160)
(0, -82, -161)
(0, -82, -162)
(1, -83, -163)
(0, -83, -163)
(0, -83, -164)
(1, -84, -165)
(0, -84, -164)
(1, -85, -164)
(0, -85, -163)
(0, -85, -162)
(0, -85, -161)
(0, -85, -160)
(1, -85, -160)
(1, -85, -159)
(0, -85, -158)
(1, -86, -158)
(0, -86, -158)
(1, -87, -159)
(0, -87, -159)
(1, -88, -159)
(0, -88, -158)
(1, -89, -159)
(1, -89, -160)
(0, -89, -160)
(1, -90, -161)
(1, -90, -162)
(0, -89, -162)
(0, -89, -163)
(0, -89, -164)
(1, -90, -165)
(0, -90, -164)
(1, -91, -164)
(0, -91, -163)
(1, -92, -163)
(0, -92, -162)
(1, -93, -163)
(1, -93, -164)
(1, -93, -165)
(1, -93, -166)
(1, -93, -167)
(0, -92, -167)
(0, -92, -168)
(1, -93, -169)
(1, -93, -170)
(0, -92, -170)
(1, -92, -170)
(0, -91, -169)
(1, -91, -169)
(0, -90, -169)
(0, -90, -170)
(0, -90, -171)
(1, -90, -172)
(0, -89, -172)
(1, -89, -172)
(0, -88, -172)
(1, -88, -172)
(0, -87, -171)
(0, -87, -170)
(1, -87, -170)
(0, -86, -169)
(1, -86, -170)
(1, -86, -171)
(1, -86, -172)
(0, -85, -172)
(1, -85, -172)
(0, -84, -171)
(1, -84, -172)
(0, -83, -171)
(1, -83, -172)
(0, -82, -171)
(1, -82, -172)
(1, -82, -173)
(1, -82, -174)
(0, -82, -174)
(0, -82, -175)
(0, -82, -176)
(1, -82, -177)
(0, -81, -177)
(1, -81, -177)
(0, -80, -177)
(0, -80, -178)
(1, -81, -179)
(0, -81, -179)
(0, -81, -180)
(1, -81, -181)
(1, -81, -182)
(1, -81, -183)
(1, -81, -184)
(0, -81, -184)
(0, -81, -185)
(0, -81, -186)
(0, -81, -187)
(1, -81, -188)
(0, -80, -188)
(0, -80, -189)
(0, -80, -190)
(0, -80, -191)
(1, -80, -192)
(1, -80, -193)
(1, -80, -194)
(1, -80, -195)
(0, -80, -195)
(1, -81, -196)
(0, -81, -195)
(1, -82, -195)
(1, -82, -194)
(0, -82, -193)
(1, -83, -194)
(0, -83, -193)
(1, -84, -193)
(1, -84, -192)
(0, -84, -191)
(0, -84, -190)
(0, -84, -189)
(1, -85, -189)
(0, -85, -188)
(0, -85, -187)
(1, -86, -187)
(1, -86, -186)
(0, -85, -185)
(1, -85, -185)
(1, -85, -184)
(1, -85, -183)
(0, -85, -182)
(1, -86, -182)
(0, -86, -181)
(1, -87, -181)
(0, -87, -180)
(1, -88, -180)
(1, -88, -179)
(0, -88, -178)
(0, -88, -177)
(1, -89, -177)
(1, -89, -176)
(0, -88, -175)
(0, -88, -174)
(1, -89, -174)
(0, -89, -174)
(1, -90, -174)
(0, -90, -174)
(1, -91, -174)
(0, -91, -174)
(0, -91, -175)
(0, -91, -176)
(1, -91, -177)
(1, -91, -178)
(0, -90, -178)
(0, -90, -179)
(1, -91, -180)
(0, -91, -180)
(1, -92, -180)
(0, -92, -179)
(0, -92, -178)
(0, -92, -177)
(1, -93, -177)
(0, -93, -176)
(1, -94, -176)
(0, -94, -175)
(1, -95, -175)
(0, -95, -174)
(1, -96, -174)
(1, -96, -173)
(1, -96, -172)
(0, -96, -171)
(0, -96, -170)
(0, -96, -169)
(0, -96, -168)
(1, -96, -168)
(1, -96, -167)
(1, -96, -166)
(0, -96, -165)
(0, -96, -164)
(1, -97, -164)
(0, -97, -164)
(0, -97, -165)
(1, -98, -166)
(0, -98, -165)
(1, -99, -166)
(1, -99, -167)
(0, -98, -167)
(0, -98, -168)
(1, -98, -169)
(0, -97, -169)
(0, -97, -170)
(1, -98, -171)
(1, -98, -172)
(0, -98, -172)
(1, -99, -173)
(0, -99, -172)
(1, -100, -172)
(0, -100, -172)
(0, -100, -173)
(1, -100, -174)
(0, -99, -174)
(0, -99, -175)
(1, -99, -176)
(0, -98, -176)
(1, -98, -176)
(1, -98, -175)
(0, -97, -174)
(1, -97, -175)
(1, -97, -176)
(0, -96, -176)
(0, -96, -177)
(1, -97, -178)
(0, -97, -177)
(1, -98, -178)
(1, -98, -179)
(1, -98, -180)
(0, -98, -180)
(0, -98, -181)
(1, -98, -182)
(1, -98, -183)
(1, -98, -184)
(0, -98, -184)
(0, -98, -185)
(1, -99, -186)
(0, -99, -185)
(1, -100, -185)
(0, -100, -185)
(0, -100, -186)
(0, -100, -187)
(1, -100, -188)
(0, -99, -187)
(1, -99, -188)
(0, -98, -187)
(1, -98, -188)
(0, -97, -187)
(0, -97, -186)
(1, -97, -186)
(0, -96, -185)
(1, -96, -185)
(1, -96, -184)
(0, -96, -183)
(0, -96, -182)
(1, -97, -182)
(1, -97, -181)
(1, -97, -180)
(0, -96, -179)
(1, -96, -180)
(1, -96, -181)
(0, -95, -181)
(0, -95, -182)
(1, -95, -183)
(1, -95, -184)
(0, -94, -184)
(1, -94, -185)
(1, -94, -186)
(0, -93, -186)
(1, -93, -186)
(1, -93, -185)
(0, -92, -184)
(1, -92, -184)
(0, -91, -184)
(0, -91, -185)
(1, -92, -186)
(1, -92, -187)
(0, -92, -187)
(1, -93, -188)
(1, -93, -189)
(0, -92, -189)
(1, -92, -189)
(0, -91, -188)
(1, -91, -188)
(1, -91, -187)
(0, -90, -186)
(0, -90, -185)
(0, -90, -184)
(0, -90, -183)
(0, -90, -182)
(0, -90, -181)
(1, -90, -181)
(0, -89, -180)
(1, -89, -181)
(1, -89, -182)
(0, -88, -182)
(0, -88, -183)
(1, -88, -184)
(1, -88, -185)
(0, -87, -185)
(1, -87, -186)
(1, -87, -187)
(1, -87, -188)
(0, -87, -188)
(0, -87, -189)
(1, -88, -190)
(0, -88, -190)
(1, -89, -190)
(0, -89, -190)
(0, -89, -191)
(0, -89, -192)
(1, -89, -193)
(1, -89, -194)
(0, -89, -194)
(1, -90, -194)
(0, -90, -193)
(1, -91, -193)
(0, -91, -193)
(1, -92, -194)
(0, -92, -193)
(1, -93, -194)
(1, -93, -195)
(0, -93, -195)
(1, -94, -196)
(0, -94, -195)
(1, -95, -196)
(1, -95, -197)
(0, -95, -197)
(0, -95, -198)
(1, -95, -199)
(0, -94, -198)
(1, -94, -199)
(1, -94, -200)
(0, -93, -200)
(1, -93, -200)
(0, -92, -199)
(0, -92, -198)
(1, -92, -198)
(0, -91, -198)
(1, -91, -198)
(1, -91, -197)
(0, -90, -196)
(1, -90, -197)
(1, -90, -198)
(1, -90, -199)
(1, -90, -200)
(0, -89, -200)
(1, -89, -200)
(1, -89, -199)
(1, -89, -198)
(0, -88, -197)
(1, -88, -198)
(0, -87, -197)
(0, -87, -196)
(1, -87, -196)
(0, -86, -196)
(1, -86, -196)
(0, -85, -196)
(1, -85, -197)
(0, -84, -196)
(1, -84, -197)
(0, -83, -197)
(0, -83, -198)
(1, -84, -199)
(1, -84, -200)
(0, -83, -200)
(1, -83, -200)
(0, -82, -200)
(1, -82, -200)
(0, -81, -199)
(1, -81, -199)
(1, -81, -198)
(0, -80, -197)
(1, -80, -197)
(0, -79, -197)
(0, -79, -198)
(1, -80, -199)
(1, -80, -200)
(0, -79, -200)
(1, -79, -200)
(0, -78, -199)
(0, -78, -198)
(1, -78, -198)
(0, -77, -198)
(1, -77, -198)
(0, -76, -198)
(1, -76, -199)
(0, -75, -199)
(1, -75, -200)
(0, -74, -200)
(1, -74, -200)
(1, -74, -199)
(0, -73, -198)
(0, -73, -197)
(1, -74, -197)
(0, -74, -197)
(1, -75, -197)
(0, -75, -196)
(1, -76, -196)
(1, -76, -195)
(1, -76, -194)
(0, -75, -193)
(0, -75, -192)
(1, -76, -192)
(1, -76, -191)
(0, -76, -190)
(0, -76, -189)
(0, -76, -188)
(0, -76, -187)
(0, -76, -186)
(0, -76, -185)
(1, -76, -185)
(1, -76, -184)
(0, -75, -183)
(1, -75, -183)
(1, -75, -182)
(0, -74, -181)
(1, -74, -182)
(0, -73, -182)
(1, -73, -183)
(0, -72, -182)
(1, -72, -182)
(0, -71, -181)
(1, -71, -181)
(1, -71, -180)
(1, -71, -179)
(1, -71, -178)
(0, -70, -177)
(0, -70, -176)
(0, -70, -175)
(0, -70, -174)
(1, -70, -174)
(1, -70, -173)
(0, -69, -172)
(0, -69, -171)
(1, -70, -171)
(1, -70, -170)
(0, -70, -169)
(0, -70, -168)
(1, -70, -168)
(1, -70, -167)
(0, -70, -166)
(1, -71, -166)
(1, -71, -165)
(0, -70, -164)
(1, -70, -165)
(0, -69, -165)
(1, -69, -166)
(0, -68, -166)
(0, -68, -167)
(1, -69, -168)
(1, -69, -169)
(1, -69, -170)
(0, -68, -170)
(1, -68, -171)
(0, -67, -171)
(1, -67, -172)
(0, -66, -171)
(1, -66, -171)
(1, -66, -170)
(1, -66, -169)
(0, -66, -168)
(1, -67, -169)
(0, -67, -168)
(0, -67, -167)
(1, -67, -167)
(0, -66, -166)
(1, -66, -167)
(0, -65, -167)
(1, -65, -167)
(0, -64, -167)
(1, -64, -167)
(0, -63, -166)
(1, -63, -167)
(0, -62, -166)
(1, -62, -166)
(0, -61, -166)
(1, -61, -167)
(0, -60, -167)
(1, -60, -167)
(1, -60, -166)
(0, -59, -165)
(1, -59, -166)
(0, -58, -166)
(1, -58, -167)
(1, -58, -168)
(0, -57, -168)
(1, -57, -169)
(0, -56, -168)
(1, -56, -168)
(0, -55, -168)
(0, -55, -169)
(0, -55, -170)
(1, -55, -171)
(0, -54, -170)
(1, -54, -170)
(1, -54, -169)
(1, -54, -168)
(0, -53, -167)
(1, -53, -167)
(0, -52, -166)
(1, -52, -166)
(0, -51, -166)
(1, -51, -167)
(1, -51, -168)
(0, -51, -168)
(1, -52, -169)
(0, -52, -169)
(0, -52, -170)
(1, -52, -171)
(0, -51, -170)
(1, -51, -170)
(0, -50, -169)
(1, -50, -169)
(0, -49, -168)
(1, -49, -168)
(0, -48, -168)
(1, -48, -168)
(1, -48, -167)
(0, -47, -166)
(1, -47, -166)
(0, -46, -166)
(1, -46, -166)
(0, -45, -165)
(1, -45, -165)
(1, -45, -164)
(0, -45, -163)
(1, -46, -163)
(0, -46, -163)
(1, -47, -163)
(0, -47, -163)
(0, -47, -164)
(1, -48, -165)
(0, -48, -164)
(0, -48, -163)
(1, -49, -163)
(0, -49, -162)
(1, -50, -162)
(0, -50, -161)
(1, -51, -161)
(1, -51, -160)
(1, -51, -159)
(1, -51, -158)
(0, -51, -157)
(1, -52, -157)
(1, -52, -156)
(0, -51, -155)
(1, -51, -155)
(0, -50, -154)
(1, -50, -155)
(0, -49, -155)
(0, -49, -156)
(1, -50, -157)
(1, -50, -158)
(1, -50, -159)
(1, -50, -160)
(0, -49, -160)
(1, -49, -160)
(1, -49, -159)
(1, -49, -158)
(0, -48, -157)
(1, -48, -157)
(1, -48, -156)
(1, -48, -155)
(0, -47, -154)
(0, -47, -153)
(0, -47, -152)
(1, -48, -152)
(1, -48, -151)
(1, -48, -150)
(0, -48, -149)
(1, -49, -149)
(1, -49, -148)
(1, -49, -147)
(0, -48, -146)
(1, -48, -146)
(0, -47, -146)
(0, -47, -147)
(1, -47, -148)
(0, -46, -148)
(0, -46, -149)
(0, -46, -150)
(0, -46, -151)
(0, -46, -152)
(0, -46, -153)
(1, -46, -154)
(0, -45, -154)
(1, -45, -154)
(1, -45, -153)
(0, -45, -152)
(0, -45, -151)
(0, -45, -150)
(0, -45, -149)
(0, -45, -148)
(0, -45, -147)
(1, -45, -147)
(1, -45, -146)
(0, -44, -145)
(1, -44, -145)
(0, -43, -144)
(0, -43, -143)
(1, -44, -143)
(0, -44, -143)
(1, -45, -144)
(0, -45, -143)
(0, -45, -142)
(0, -45, -141)
(1, -45, -141)
(1, -45, -140)
(1, -45, -139)
(1, -45, -138)
(0, -45, -137)
(1, -46, -138)
(0, -46, -138)
(1, -47, -139)
(1, -47, -140)
(1, -47, -141)
(1, -47, -142)
(0, -47, -142)
(1, -48, -142)
(0, -48, -141)
(0, -48, -140)
(0, -48, -139)
(1, -48, -139)
(1, -48, -138)
(1, -48, -137)
(1, -48, -136)
(1, -48, -135)
(0, -48, -134)
(1, -49, -134)
(0, -49, -134)
(0, -49, -135)
(1, -50, -136)
(1, -50, -137)
(0, -50, -137)
(1, -51, -138)
(0, -51, -137)
(1, -52, -137)
(1, -52, -136)
(1, -52, -135)
(0, -51, -134)
(0, -51, -133)
(0, -51, -132)
(1, -51, -132)
(1, -51, -131)
(1, -51, -130)
(1, -51, -129)
(0, -51, -128)
(0, -51, -127)
(1, -52, -127)
(0, -52, -127)
(1, -53, -128)
(1, -53, -129)
(0, -53, -129)
(1, -54, -130)
(0, -54, -130)
(1, -55, -130)
(0, -55, -129)
(1, -56, -130)
(0, -56, -130)
(1, -57, -130)
(1, -57, -129)
(0, -57, -128)
(1, -58, -129)
(0, -58, -128)
(0, -58, -127)
(1, -59, -127)
(1, -59, -126)
(0, -59, -125)
(0, -59, -124)
(0, -59, -123)
(1, -59, -123)
(0, -58, -123)
(1, -58, -123)
(0, -57, -122)
(1, -57, -123)
(0, -56, -122)
(1, -56, -122)
(0, -55, -121)
(0, -55, -120)
(1, -56, -120)
(1, -56, -119)
(1, -56, -118)
(0, -56, -117)
(1, -57, -118)
(0, -57, -117)
(1, -58, -118)
(1, -58, -119)
(0, -58, -119)
(1, -59, -119)
(1, -59, -118)
(0, -59, -117)
(0, -59, -116)
(0, -59, -115)
(1, -59, -115)
(1, -59, -114)
(0, -58, -113)
(0, -58, -112)
(1, -58, -112)
(0, -57, -112)
(1, -57, -113)
(0, -56, -113)
(1, -56, -113)
(1, -56, -112)
(0, -55, -111)
(1, -55, -112)
(0, -54, -111)
(1, -54, -112)
(0, -53, -112)
(1, -53, -112)
(1, -53, -111)
(0, -53, -110)
(0, -53, -109)
(0, -53, -108)
(1, -53, -108)
(1, -53, -107)
(0, -53, -106)
(0, -53, -105)
(1, -54, -105)
(0, -54, -104)
(1, -55, -105)
(0, -55, -105)
(1, -56, -106)
(0, -56, -105)
(0, -56, -104)
(0, -56, -103)
(1, -56, -103)
(0, -55, -102)
(1, -55, -102)
(0, -54, -102)
(1, -54, -103)
(0, -53, -103)
(1, -53, -103)
(1, -53, -102)
(0, -53, -101)
(0, -53, -100)
(1, -53, -100)
(1, -53, -99)
(1, -53, -98)
(0, -52, -97)
(1, -52, -98)
(0, -51, -97)
(1, -51, -97)
(0, -50, -96)
(1, -50, -96)
(1, -50, -95)
(0, -50, -94)
(0, -50, -93)
(1, -51, -93)
(0, -51, -93)
(0, -51, -94)
(0, -51, -95)
(1, -52, -96)
(0, -52, -95)
(0, -52, -94)
(0, -52, -93)
(0, -52, -92)
(1, -52, -92)
(0, -51, -91)
(0, -51, -90)
(0, -51, -89)
(0, -51, -88)
(0, -51, -87)
(1, -52, -87)
(0, -52, -87)
(0, -52, -88)
(1, -53, -89)
(1, -53, -90)
(0, -53, -90)
(0, -53, -91)
(1, -54, -92)
(1, -54, -93)
(1, -54, -94)
(0, -54, -94)
(1, -55, -94)
(0, -55, -94)
(1, -56, -94)
(0, -56, -94)
(0, -56, -95)
(1, -57, -96)
(0, -57, -95)
(1, -58, -96)
(1, -58, -97)
(1, -58, -98)
(1, -58, -99)
(0, -58, -99)
(1, -59, -100)
(0, -59, -99)
(1, -60, -100)
(0, -60, -99)
(1, -61, -99)
(0, -61, -99)
(0, -61, -100)
(0, -61, -101)
(0, -61, -102)
(1, -62, -103)
(0, -62, -102)
(1, -63, -103)
(1, -63, -104)
(0, -63, -104)
(1, -64, -105)
(1, -64, -106)
(0, -63, -106)
(1, -63, -106)
(0, -62, -105)
(1, -62, -106)
(1, -62, -107)
(0, -61, -107)
(1, -61, -108)
(1, -61, -109)
(0, -61, -109)
(1, -62, -109)
(0, -62, -109)
(1, -63, -110)
(0, -63, -110)
(1, -64, -111)
(1, -64, -112)
(1, -64, -113)
(1, -64, -114)
(0, -63, -114)
(0, -63, -115)
(1, -64, -116)
(0, -64, -115)
(1, -65, -115)
(1, -65, -114)
(1, -65, -113)
(0, -65, -112)
(0, -65, -111)
(0, -65, -110)
(0, -65, -109)
(1, -65, -109)
(1, -65, -108)
(1, -65, -107)
(1, -65, -106)
(0, -65, -105)
(0, -65, -104)
(1, -66, -104)
(0, -66, -104)
(1, -67, -105)
(0, -67, -105)
(1, -68, -106)
(0, -68, -105)
(1, -69, -106)
(0, -69, -105)
(0, -69, -104)
(1, -69, -104)
(0, -68, -103)
(0, -68, -102)
(1, -68, -102)
(1, -68, -101)
(0, -67, -100)
(1, -67, -100)
(0, -66, -100)
(1, -66, -100)
(1, -66, -99)
(1, -66, -98)
(1, -66, -97)
(0, -65, -96)
(1, -65, -97)
(0, -64, -97)
(1, -64, -98)
(1, -64, -99)
(0, -63, -99)
(1, -63, -99)
(0, -62, -98)
(1, -62, -98)
(1, -62, -97)
(1, -62, -96)
(0, -61, -95)
(1, -61, -96)
(0, -60, -95)
(1, -60, -95)
(1, -60, -94)
(1, -60, -93)
(0, -59, -92)
(1, -59, -93)
(0, -58, -93)
(1, -58, -93)
(0, -57, -93)
(1, -57, -93)
(0, -56, -92)
(1, -56, -92)
(0, -55, -92)
(1, -55, -92)
(1, -55, -91)
(1, -55, -90)
(1, -55, -89)
(0, -54, -88)
(0, -54, -87)
(1, -54, -87)
(1, -54, -86)
(0, -53, -85)
(1, -53, -85)
(1, -53, -84)
(0, -53, -83)
(1, -54, -84)
(0, -54, -84)
(1, -55, -85)
(1, -55, -86)
(0, -55, -86)
(0, -55, -87)
(1, -56, -88)
(0, -56, -87)
(0, -56, -86)
(1, -57, -86)
(0, -57, -85)
(0, -57, -84)
(1, -58, -84)
(1, -58, -83)
(0, -57, -82)
(1, -57, -83)
(0, -56, -82)
(1, -56, -82)
(0, -55, -81)
(0, -55, -80)
(1, -56, -80)
(0, -56, -79)
(1, -57, -79)
(0, -57, -78)
(1, -58, -79)
(0, -58, -78)
(1, -59, -79)
(0, -59, -78)
(1, -60, -79)
(1, -60, -80)
(0, -59, -80)
(0, -59, -81)
(1, -60, -82)
(0, -60, -82)
(1, -61, -83)
(0, -61, -83)
(1, -62, -84)
(0, -62, -83)
(0, -62, -82)
(0, -62, -81)
(0, -62, -80)
(0, -62, -79)
(1, -63, -79)
(1, -63, -78)
(0, -62, -77)
(1, -62, -77)
(1, -62, -76)
(0, -61, -75)
(1, -61, -75)
(0, -60, -74)
(0, -60, -73)
(1, -60, -73)
(0, -59, -72)
(0, -59, -71)
(1, -60, -71)
(1, -60, -70)
(1, -60, -69)
(0, -59, -68)
(0, -59, -67)
(1, -59, -67)
(1, -59, -66)
(0, -58, -65)
(1, -58, -65)
(0, -57, -65)
(1, -57, -65)
(1, -57, -64)
(0, -56, -63)
(1, -56, -64)
(0, -55, -64)
(1, -55, -65)
(0, -54, -64)
(0, -54, -63)
(1, -54, -63)
(0, -53, -63)
(1, -53, -64)
(0, -52, -64)
(1, -52, -65)
(0, -51, -64)
(1, -51, -65)
(1, -51, -66)
(1, -51, -67)
(0, -51, -67)
(1, -52, -68)
(1, -52, -69)
(0, -51, -69)
(1, -51, -69)
(0, -50, -69)
(0, -50, -70)
(1, -51, -71)
(1, -51, -72)
(1, -51, -73)
(0, -51, -73)
(0, -51, -74)
(1, -51, -75)
(1, -51, -76)
(0, -51, -76)
(1, -52, -77)
(0, -52, -76)
(1, -53, -76)
(1, -53, -75)
(0, -52, -74)
(0, -52, -73)
(1, -53, -73)
(1, -53, -72)
(1, -53, -71)
(0, -53, -70)
(1, -54, -70)
(0, -54, -69)
(1, -55, -70)
(0, -55, -69)
(1, -56, -70)
(0, -56, -69)
(0, -56, -68)
(1, -56, -68)
(0, -55, -67)
(0, -55, -66)
(1, -56, -66)
(0, -56, -66)
(1, -57, -67)
(0, -57, -67)
(0, -57, -68)
(0, -57, -69)
(1, -58, -70)
(1, -58, -71)
(1, -58, -72)
(0, -57, -72)
(1, -57, -73)
(0, -56, -72)
(1, -56, -72)
(0, -55, -71)
(1, -55, -72)
(0, -54, -72)
(1, -54, -73)
(1, -54, -74)
(1, -54, -75)
(0, -54, -75)
(0, -54, -76)
(1, -54, -77)
(1, -54, -78)
(1, -54, -79)
(1, -54, -80)
(1, -54, -81)
(0, -53, -81)
(1, -53, -81)
(0, -52, -81)
(0, -52, -82)
(1, -52, -83)
(0, -51, -83)
(1, -51, -83)
(0, -50, -82)
(0, -50, -81)
(0, -50, -80)
(1, -50, -80)
(0, -49, -80)
(0, -49, -81)
(1, -49, -82)
(0, -48, -81)
(0, -48, -80)
(0, -48, -79)
(1, -49, -79)
(1, -49, -78)
(0, -49, -77)
(0, -49, -76)
(0, -49, -75)
(0, -49, -74)
(1, -50, -74)
(1, -50, -73)
(0, -49, -72)
(1, -49, -72)
(0, -48, -71)
(0, -48, -70)
(1, -48, -70)
(0, -47, -70)
(0, -47, -71)
(0, -47, -72)
(0, -47, -73)
(1, -48, -74)
(1, -48, -75)
(0, -47, -75)
(1, -47, -76)
(0, -46, -76)
(0, -46, -77)
(0, -46, -78)
(1, -47, -79)
(0, -47, -79)
(0, -47, -80)
(0, -47, -81)
(0, -47, -82)
(1, -47, -83)
(1, -47, -84)
(0, -47, -84)
(1, -48, -85)
(0, -48, -84)
(1, -49, -85)
(1, -49, -86)
(0, -48, -86)
(1, -48, -87)
(0, -47, -87)
(1, -47, -88)
(0, -46, -88)
(1, -46, -89)
(0, -45, -89)
(1, -45, -90)
(0, -44, -89)
(1, -44, -90)
(1, -44, -91)
(0, -44, -91)
(0, -44, -92)
(1, -45, -93)
(0, -45, -93)
(1, -46, -94)
(1, -46, -95)
(0, -45, -95)
(1, -45, -96)
(0, -44, -96)
(0, -44, -97)
(1, -44, -98)
(0, -43, -97)
(0, -43, -96)
(0, -43, -95)
(1, -43, -95)
(0, -42, -94)
(1, -42, -95)
(0, -41, -95)
(1, -41, -96)
(0, -40, -96)
(1, -40, -97)
(0, -39, -96)
(1, -39, -96)
(0, -38, -95)
(1, -38, -96)
(0, -37, -95)
(0, -37, -94)
(1, -37, -94)
(0, -36, -94)
(0, -36, -95)
(0, -36, -96)
(1, -36, -97)
(0, -35, -96)
(1, -35, -96)
(1, -35, -95)
(0, -34, -94)
(1, -34, -95)
(1, -34, -96)
(0, -33, -96)
(0, -33, -97)
(0, -33, -98)
(1, -33, -99)
(0, -32, -99)
(1, -32, -99)
(0, -31, -98)
(1, -31, -98)
(0, -30, -98)
(0, -30, -99)
(1, -31, -100)
(1, -31, -101)
(1, -31, -102)
(1, -31, -103)
(0, -30, -103)
(1, -30, -103)
(0, -29, -103)
(1, -29, -104)
(0, -28, -104)
(0, -28, -105)
(0, -28, -106)
(1, -29, -107)
(1, -29, -108)
(0, -29, -108)
(1, -30, -109)
(0, -30, -108)
(1, -31, -109)
(0, -31, -108)
(0, -31, -107)
(1, -32, -107)
(0, -32, -107)
(0, -32, -108)
(0, -32, -109)
(0, -32, -110)
(1, -32, -111)
(0, -31, -111)
(1, -31, -112)
(0, -30, -112)
(0, -30, -113)
(1, -30, -114)
(1, -30, -115)
(0, -30, -115)
(1, -31, -115)
(0, -31, -114)
(1, -32, -115)
(0, -32, -114)
(1, -33, -115)
(1, -33, -116)
(0, -33, -116)
(0, -33, -117)
(1, -34, -118)
(0, -34, -117)
(0, -34, -116)
(0, -34, -115)
(1, -35, -115)
(0, -35, -114)
(1, -36, -114)
(0, -36, -113)
(1, -37, -114)
(0, -37, -113)
(1, -38, -114)
(1, -38, -115)
(1, -38, -116)
(1, -38, -117)
(0, -37, -117)
(1, -37, -118)
(1, -37, -119)
(0, -37, -119)
(0, -37, -120)
(1, -37, -121)
(0, -36, -121)
(1, -36, -122)
(0, -35, -122)
(1, -35, -123)
(0, -34, -123)
(1, -34, -124)
(0, -33, -124)
(1, -33, -125)
(0, -32, -124)
(1, -32, -125)
(0, -31, -125)
(0, -31, -126)
(1, -31, -127)
(1, -31, -128)
(0, -31, -128)
(1, -32, -129)
(0, -32, -128)
(1, -33, -129)
(0, -33, -128)
(1, -34, -129)
(0, -34, -129)
(0, -34, -130)
(1, -34, -131)
(1, -34, -132)
(1, -34, -133)
(0, -34, -133)
(0, -34, -134)
(1, -35, -135)
(1, -35, -136)
(1, -35, -137)
(0, -35, -137)
(1, -36, -138)
(0, -36, -137)
(1, -37, -137)
(0, -37, -137)
(1, -38, -137)
(1, -38, -136)
(0, -38, -135)
(0, -38, -134)
(0, -38, -133)
(0, -38, -132)
(1, -39, -132)
(1, -39, -131)
(1, -39, -130)
(0, -38, -129)
(1, -38, -130)
(0, -37, -129)
(1, -37, -129)
(1, -37, -128)
(1, -37, -127)
(0, -36, -126)
(0, -36, -125)
(1, -36, -125)
(1, -36, -124)
(0, -36, -123)
(1, -37, -124)
(0, -37, -123)
(1, -38, -124)
(0, -38, -124)
(0, -38, -125)
(1, -38, -126)
(1, -38, -127)
(0, -38, -127)
(1, -39, -127)
(0, -39, -126)
(1, -40, -127)
(0, -40, -127)
(1, -41, -127)
(0, -41, -127)
(1, -42, -128)
(0, -42, -127)
(1, -43, -127)
(0, -43, -127)
(1, -44, -127)
(0, -44, -127)
(0, -44, -128)
(0, -44, -129)
(1, -44, -130)
(1, -44, -131)
(0, -43, -131)
(1, -43, -131)
(0, -42, -131)
(0, -42, -132)
(1, -42, -133)
(0, -41, -133)
(0, -41, -134)
(1, -41, -135)
(0, -40, -134)
(1, -40, -135)
(1, -40, -136)
(0, -39, -136)
(1, -39, -137)
(1, -39, -138)
(0, -39, -138)
(0, -39, -139)
(1, -40, -140)
(1, -40, -141)
(0, -39, -141)
(1, -39, -141)
(0, -38, -140)
(1, -38, -141)
(1, -38, -142)
(1, -38, -143)
(1, -38, -144)
(0, -37, -144)
(1, -37, -144)
(1, -37, -143)
(0, -36, -142)
(1, -36, -142)
(0, -35, -142)
(1, -35, -142)
(0, -34, -141)
(1, -34, -142)
(0, -33, -142)
(1, -33, -142)
(0, -32, -142)
(1, -32, -143)
(0, -31, -142)
(1, -31, -143)
(0, -30, -142)
(0, -30, -141)
(1, -30, -141)
(1, -30, -140)
(0, -29, -139)
(1, -29, -140)
(0, -28, -139)
(0, -28, -138)
(1, -29, -138)
(1, -29, -137)
(0, -29, -136)
(1, -30, -136)
(1, -30, -135)
(0, -29, -134)
(1, -29, -134)
(1, -29, -133)
(0, -29, -132)
(1, -30, -132)
(1, -30, -131)
(0, -30, -130)
(0, -30, -129)
(1, -30, -129)
(0, -29, -128)
(1, -29, -128)
(1, -29, -127)
(0, -28, -126)
(1, -28, -126)
(1, -28, -125)
(1, -28, -124)
(0, -28, -123)
(1, -29, -124)
(0, -29, -124)
(1, -30, -124)
(1, -30, -123)
(0, -30, -122)
(1, -31, -123)
(0, -31, -123)
(1, -32, -123)
(0, -32, -122)
(1, -33, -123)
(0, -33, -122)
(1, -34, -122)
(1, -34, -121)
(1, -34, -120)
(0, -33, -119)
(1, -33, -120)
(0, -32, -119)
(1, -32, -120)
(1, -32, -121)
(0, -31, -121)
(1, -31, -121)
(0, -30, -120)
(0, -30, -119)
(0, -30, -118)
(0, -30, -117)
(1, -30, -117)
(0, -29, -117)
(0, -29, -118)
(1, -29, -119)
(0, -28, -118)
(1, -28, -119)
(0, -27, -118)
(1, -27, -119)
(0, -26, -118)
(0, -26, -117)
(0, -26, -116)
(0, -26, -115)
(0, -26, -114)
(0, -26, -113)
(0, -26, -112)
(1, -27, -112)
(0, -27, -112)
(0, -27, -113)
(0, -27, -114)
(1, -28, -115)
(1, -28, -116)
(0, -28, -116)
(1, -29, -116)
(1, -29, -115)
(1, -29, -114)
(0, -28, -113)
(0, -28, -112)
(0, -28, -111)
(0, -28, -110)
(1, -28, -110)
(0, -27, -109)
(1, -27, -110)
(0, -26, -109)
(1, -26, -109)
(1, -26, -108)
(0, -25, -107)
(1, -25, -108)
(0, -24, -107)
(1, -24, -108)
(1, -24, -109)
(1, -24, -110)
(1, -24, -111)
(0, -24, -111)
(0, -24, -112)
(1, -24, -113)
(0, -23, -112)
(1, -23, -113)
(0, -22, -112)
(1, -22, -113)
(0, -21, -113)
(0, -21, -114)
(1, -22, -115)
(0, -22, -114)
(1, -23, -115)
(0, -23, -115)
(1, -24, -115)
(0, -24, -115)
(0, -24, -116)
(0, -24, -117)
(1, -24, -118)
(0, -23, -117)
(1, -23, -118)
(1, -23, -119)
(0, -23, -119)
(1, -24, -120)
(1, -24, -121)
(1, -24, -122)
(1, -24, -123)
(0, -23, -123)
(1, -23, -124)
(0, -22, -123)
(1, -22, -124)
(1, -22, -125)
(0, -22, -125)
(1, -23, -126)
(0, -23, -125)
(1, -24, -125)
(0, -24, -125)
(1, -25, -126)
(1, -25, -127)
(0, -25, -127)
(1, -26, -127)
(0, -26, -126)
(1, -27, -127)
(1, -27, -128)
(0, -26, -128)
(1, -26, -129)
(0, -25, -129)
(0, -25, -130)
(0, -25, -131)
(0, -25, -132)
(1, -25, -133)
(0, -24, -132)
(1, -24, -132)
(0, -23, -132)
(1, -23, -133)
(0, -22, -133)
(1, -22, -133)
(0, -21, -132)
(1, -21, -133)
(0, -20, -133)
(0, -20, -134)
(0, -20, -135)
(0, -20, -136)
(1, -21, -137)
(1, -21, -138)
(0, -21, -138)
(1, -22, -138)
(0, -22, -138)
(1, -23, -139)
(1, -23, -140)
(1, -23, -141)
(0, -23, -141)
(0, -23, -142)
(1, -23, -143)
(0, -22, -143)
(1, -22, -143)
(1, -22, -142)
(0, -21, -141)
(1, -21, -141)
(0, -20, -140)
(0, -20, -139)
(1, -20, -139)
(1, -20, -138)
(0, -19, -137)
(1, -19, -138)
(0, -18, -137)
(0, -18, -136)
(1, -19, -136)
(1, -19, -135)
(0, -19, -134)
(0, -19, -133)
(0, -19, -132)
(1, -20, -132)
(1, -20, -131)
(1, -20, -130)
(0, -19, -129)
(1, -19, -130)
(1, -19, -131)
(0, -18, -131)
(1, -18, -131)
(0, -17, -131)
(1, -17, -132)
(1, -17, -133)
(0, -16, -133)
(0, -16, -134)
(1, -17, -135)
(1, -17, -136)
(0, -16, -136)
(1, -16, -136)
(0, -15, -135)
(1, -15, -136)
(0, -14, -136)
(1, -14, -136)
(0, -13, -136)
(1, -13, -136)
(0, -12, -136)
(0, -12, -137)
(0, -12, -138)
(1, -13, -139)
(0, -13, -139)
(1, -14, -139)
(0, -14, -139)
(1, -15, -139)
(0, -15, -139)
(0, -15, -140)
(1, -16, -141)
(1, -16, -142)
(0, -16, -142)
(1, -17, -143)
(0, -17, -142)
(0, -17, -141)
(1, -17, -141)
(1, -17, -140)
(0, -17, -139)
(1, -18, -139)
(0, -18, -139)
(0, -18, -140)
(0, -18, -141)
(0, -18, -142)
(0, -18, -143)
(1, -18, -144)
(1, -18, -145)
(0, -18, -145)
(1, -19, -146)
(0, -19, -145)
(1, -20, -145)
(0, -20, -144)
(1, -21, -145)
(0, -21, -145)
(1, -22, -146)
(1, -22, -147)
(0, -22, -147)
(0, -22, -148)
(0, -22, -149)
(1, -22, -150)
(0, -21, -149)
(1, -21, -149)
(0, -20, -148)
(0, -20, -147)
(1, -20, -147)
(0, -19, -147)
(0, -19, -148)
(1, -19, -149)
(1, -19, -150)
(0, -19, -150)
(0, -19, -151)
(1, -19, -152)
(1, -19, -153)
(1, -19, -154)
(0, -18, -154)
(1, -18, -154)
(0, -17, -153)
(1, -17, -154)
(0, -16, -154)
(0, -16, -155)
(1, -17, -156)
(1, -17, -157)
(0, -17, -157)
(1, -18, -158)
(0, -18, -157)
(0, -18, -156)
(1, -19, -156)
(0, -19, -155)
(1, -20, -156)
(0, -20, -156)
(1, -21, -156)
(1, -21, -155)
(1, -21, -154)
(0, -21, -153)
(1, -22, -154)
(1, -22, -155)
(1, -22, -156)
(1, -22, -157)
(0, -21, -157)
(1, -21, -158)
(0, -20, -158)
(1, -20, -159)
(0, -19, -158)
(1, -19, -159)
(1, -19, -160)
(1, -19, -161)
(1, -19, -162)
(0, -18, -162)
(0, -18, -163)
(1, -18, -164)
(1, -18, -165)
(0, -18, -165)
(1, -19, -165)
(0, -19, -164)
(0, -19, -163)
(1, -20, -163)
(1, -20, -162)
(0, -20, -161)
(1, -21, -161)
(1, -21, -160)
(0, -21, -159)
(1, -22, -159)
(0, -22, -159)
(1, -23, -160)
(0, -23, -160)
(1, -24, -160)
(0, -24, -159)
(0, -24, -158)
(1, -24, -158)
(0, -23, -157)
(1, -23, -157)
(1, -23, -156)
(0, -23, -155)
(1, -24, -156)
(0, -24, -155)
(1, -25, -156)
(1, -25, -157)
(0, -25, -157)
(1, -26, -157)
(0, -26, -157)
(0, -26, -158)
(0, -26, -159)
(1, -27, -160)
(0, -27, -159)
(0, -27, -158)
(1, -28, -158)
(0, -28, -157)
(1, -29, -158)
(0, -29, -157)
(1, -30, -157)
(0, -30, -157)
(1, -31, -157)
(0, -31, -157)
(1, -32, -158)
(1, -32, -159)
(0, -32, -159)
(1, -33, -159)
(0, -33, -158)
(0, -33, -157)
(1, -33, -157)
(0, -32, -156)
(0, -32, -155)
(1, -32, -155)
(1, -32, -154)
(0, -31, -153)
(0, -31, -152)
(0, -31, -151)
(1, -31, -151)
(0, -30, -151)
(1, -30, -152)
(0, -29, -152)
(1, -29, -153)
(0, -28, -152)
(1, -28, -152)
(1, -28, -151)
(1, -28, -150)
(0, -27, -149)
(0, -27, -148)
(0, -27, -147)
(0, -27, -146)
(1, -27, -146)
(0, -26, -145)
(1, -26, -145)
(1, -26, -144)
(0, -25, -143)
(1, -25, -143)
(0, -24, -142)
(0, -24, -141)
(1, -25, -141)
(0, -25, -141)
(1, -26, -142)
(0, -26, -142)
(1, -27, -142)
(0, -27, -142)
(0, -27, -143)
(1, -28, -144)
(0, -28, -144)
(1, -29, -145)
(0, -29, -144)
(1, -30, -145)
(0, -30, -145)
(1, -31, -145)
(0, -31, -145)
(1, -32, -145)
(0, -32, -144)
(1, -33, -145)
(1, -33, -146)
(0, -33, -146)
(0, -33, -147)
(1, -33, -148)
(1, -33, -149)
(0, -33, -149)
(1, -34, -150)
(1, -34, -151)
(1, -34, -152)
(1, -34, -153)
(0, -34, -153)
(0, -34, -154)
(0, -34, -155)
(1, -35, -156)
(1, -35, -157)
(0, -34, -157)
(0, -34, -158)
(0, -34, -159)
(1, -34, -160)
(0, -33, -160)
(1, -33, -161)
(0, -32, -161)
(1, -32, -162)
(0, -31, -162)
(0, -31, -163)
(0, -31, -164)
(1, -31, -165)
(0, -30, -165)
(1, -30, -166)
(0, -29, -165)
(0, -29, -164)
(0, -29, -163)
(1, -30, -163)
(1, -30, -162)
(0, -29, -161)
(1, -29, -161)
(0, -28, -161)
(1, -28, -161)
(0, -27, -161)
(0, -27, -162)
(1, -27, -163)
(0, -26, -163)
(1, -26, -164)
(0, -25, -164)
(1, -25, -165)
(0, -24, -164)
(0, -24, -163)
(1, -24, -163)
(0, -23, -162)
(1, -23, -163)
(0, -22, -163)
(0, -22, -164)
(1, -22, -165)
(1, -22, -166)
(0, -21, -166)
(1, -21, -167)
(0, -20, -166)
(1, -20, -167)
(1, -20, -168)
(1, -20, -169)
(1, -20, -170)
(0, -19, -170)
(1, -19, -171)
(1, -19, -172)
(1, -19, -173)
(0, -19, -173)
(0, -19, -174)
(1, -20, -175)
(0, -20, -175)
(1, -21, -175)
(0, -21, -175)
(0, -21, -176)
(1, -21, -177)
(1, -21, -178)
(1, -21, -179)
(0, -20, -179)
(1, -20, -180)
(0, -19, -179)
(1, -19, -180)
(1, -19, -181)
(1, -19, -182)
(0, -18, -182)
(1, -18, -183)
(1, -18, -184)
(1, -18, -185)
(0, -18, -185)
(0, -18, -186)
(0, -18, -187)
(0, -18, -188)
(1, -18, -189)
(0, -17, -188)
(0, -17, -187)
(0, -17, -186)
(1, -17, -186)
(0, -16, -186)
(1, -16, -186)
(0, -15, -185)
(1, -15, -185)
(0, -14, -184)
(1, -14, -185)
(0, -13, -184)
(1, -13, -184)
(1, -13, -183)
(1, -13, -182)
(1, -13, -181)
(0, -12, -180)
(1, -12, -180)
(0, -11, -180)
(0, -11, -181)
(1, -11, -182)
(0, -10, -182)
(0, -10, -183)
(1, -10, -184)
(0, -9, -184)
(1, -9, -184)
(1, -9, -183)
(1, -9, -182)
(1, -9, -181)
(1, -9, -180)
(0, -8, -179)
(0, -8, -178)
(1, -8, -178)
(0, -7, -178)
(1, -7, -178)
(0, -6, -178)
(1, -6, -178)
(0, -5, -178)
(1, -5, -178)
(1, -5, -177)
(0, -4, -176)
(1, -4, -177)
(1, -4, -178)
(1, -4, -179)
(0, -4, -179)
(1, -5, -180)
(1, -5, -181)
(0, -4, -181)
(1, -4, -182)
(0, -3, -182)
(1, -3, -182)
(1, -3, -181)
(1, -3, -180)
(1, -3, -179)
(0, -2, -178)
(1, -2, -178)
(0, -1, -178)
(0, -1, -179)
(1, -2, -180)
(1, -2, -181)
(1, -2, -182)
(1, -2, -183)
(0, -1, -183)
(0, -1, -184)
(1, -1, -185)
(0, 0, -184)
(0, 0, -183)
(0, 0, -182)
(1, 0, -182)
(0, 1, -181)
(0, 1, -180)
(1, 1, -180)
(1, 1, -179)
(1, 1, -178)
(0, 2, -177)
(0, 2, -176)
(1, 2, -176)
(1, 2, -175)
(1, 2, -174)
(0, 3, -173)
(0, 3, -172)
(1, 3, -172)
(0, 4, -171)
(1, 4, -171)
(1, 4, -170)
(1, 4, -169)
(1, 4, -168)
(0, 5, -167)
(1, 5, -167)
(0, 6, -167)
(1, 6, -168)
(0, 7, -167)
(1, 7, -168)
(0, 8, -167)
(1, 8, -168)
(0, 9, -168)
(1, 9, -168)
(0, 10, -167)
(1, 10, -167)
(0, 11, -167)
(0, 11, -168)
(1, 10, -169)
(1, 10, -170)
(1, 10, -171)
(1, 10, -172)
(0, 11, -172)
(0, 11, -173)
(1, 10, -174)
(0, 10, -174)
(1, 9, -175)
(1, 9, -176)
(1, 9, -177)
(0, 9, -177)
(1, 8, -177)
(0, 8, -177)
(1, 7, -177)
(1, 7, -176)
(0, 8, -175)
(0, 8, -174)
(1, 8, -174)
(1, 8, -173)
(0, 8, -172)
(1, 7, -172)
(1, 7, -171)
(1, 7, -170)
(0, 7, -169)
(1, 6, -170)
(0, 6, -170)
(0, 6, -171)
(1, 5, -172)
(0, 5, -172)
(0, 5, -173)
(1, 5, -174)
(0, 6, -174)
(1, 6, -175)
(1, 6, -176)
(1, 6, -177)
(0, 6, -177)
(1, 5, -177)
(1, 5, -176)
(0, 5, -175)
(1, 4, -176)
(0, 4, -176)
(1, 3, -177)
(0, 3, -177)
(0, 3, -178)
(1, 2, -179)
(1, 2, -180)
(0, 3, -180)
(1, 3, -180)
(0, 4, -180)
(0, 4, -181)
(1, 4, -182)
(0, 5, -181)
(0, 5, -180)
(0, 5, -179)
(1, 5, -179)
(0, 6, -179)
(1, 6, -180)
(0, 7, -180)
(0, 7, -181)
(0, 7, -182)
(1, 6, -183)
(0, 6, -183)
(1, 5, -183)
(0, 5, -183)
(1, 4, -184)
(0, 4, -184)
(0, 4, -185)
(1, 4, -186)
(1, 4, -187)
(1, 4, -188)
(1, 4, -189)
(0, 5, -189)
(1, 5, -189)
(0, 6, -189)
(1, 6, -189)
(1, 6, -188)
(0, 6, -187)
(1, 5, -187)
(1, 5, -186)
(0, 6, -185)
(1, 6, -186)
(0, 7, -185)
(1, 7, -186)
(1, 7, -187)
(0, 8, -187)
(1, 8, -188)
(0, 9, -188)
(1, 9, -188)
(0, 10, -187)
(1, 10, -188)
(0, 11, -187)
(1, 11, -188)
(0, 12, -188)
(1, 12, -188)
(0, 13, -187)
(0, 13, -186)
(1, 12, -186)
(0, 12, -185)
(1, 11, -186)
(0, 11, -185)
(1, 10, -185)
(0, 10, -185)
(1, 9, -185)
(1, 9, -184)
(0, 9, -183)
(0, 9, -182)
(1, 9, -182)
(0, 10, -181)
(1, 10, -181)
(1, 10, -180)
(0, 11, -179)
(1, 11, -179)
(0, 12, -178)
(0, 12, -177)
(0, 12, -176)
(1, 12, -176)
(0, 13, -176)
(1, 13, -176)
(1, 13, -175)
(1, 13, -174)
(0, 13, -173)
(0, 13, -172)
(0, 13, -171)
(1, 13, -171)
(0, 14, -170)
(1, 14, -171)
(0, 15, -171)
(0, 15, -172)
(1, 14, -173)
(1, 14, -174)
(0, 15, -174)
(0, 15, -175)
(0, 15, -176)
(1, 14, -177)
(0, 14, -177)
(0, 14, -178)
(1, 14, -179)
(0, 15, -178)
(1, 15, -178)
(0, 16, -177)
(1, 16, -178)
(0, 17, -178)
(0, 17, -179)
(1, 17, -180)
(1, 17, -181)
(1, 17, -182)
(1, 17, -183)
(1, 17, -184)
(0, 17, -184)
(1, 16, -185)
(1, 16, -186)
(0, 17, -186)
(0, 17, -187)
(0, 17, -188)
(1, 17, -189)
(0, 18, -189)
(1, 18, -190)
(0, 19, -190)
(1, 19, -191)
(0, 20, -191)
(1, 20, -192)
(0, 21, -192)
(1, 21, -193)
(0, 22, -192)
(1, 22, -192)
(0, 23, -191)
(1, 23, -191)
(1, 23, -190)
(1, 23, -189)
(0, 24, -188)
(0, 24, -187)
(0, 24, -186)
(0, 24, -185)
(0, 24, -184)
(0, 24, -183)
(0, 24, -182)
(1, 23, -182)
(1, 23, -181)
(0, 24, -180)
(0, 24, -179)
(1, 24, -179)
(1, 24, -178)
(0, 24, -177)
(1, 23, -178)
(0, 23, -177)
(1, 22, -178)
(0, 22, -177)
(1, 21, -178)
(1, 21, -179)
(1, 21, -180)
(0, 22, -180)
(0, 22, -181)
(0, 22, -182)
(0, 22, -183)
(1, 21, -184)
(0, 21, -184)
(1, 20, -184)
(0, 20, -184)
(0, 20, -185)
(1, 20, -186)
(0, 21, -186)
(1, 21, -187)
(1, 21, -188)
(1, 21, -189)
(0, 21, -189)
(1, 20, -189)
(1, 20, -188)
(0, 20, -187)
(1, 19, -187)
(0, 19, -187)
(1, 18, -187)
(1, 18, -186)
(0, 19, -185)
(0, 19, -184)
(0, 19, -183)
(1, 18, -183)
(1, 18, -182)
(1, 18, -181)
(0, 19, -180)
(0, 19, -179)
(1, 18, -179)
(0, 18, -178)
(0, 18, -177)
(1, 18, -177)
(1, 18, -176)
(1, 18, -175)
(1, 18, -174)
(0, 18, -173)
(1, 17, -174)
(1, 17, -175)
(1, 17, -176)
(0, 17, -176)
(1, 16, -176)
(1, 16, -175)
(1, 16, -174)
(0, 16, -173)
(0, 16, -172)
(1, 16, -172)
(0, 17, -171)
(1, 17, -172)
(0, 18, -171)
(1, 18, -171)
(1, 18, -170)
(0, 19, -169)
(0, 19, -168)
(0, 19, -167)
(1, 19, -167)
(1, 19, -166)
(0, 20, -165)
(1, 20, -165)
(0, 21, -165)
(1, 21, -165)
(0, 22, -165)
(1, 22, -166)
(0, 23, -165)
(1, 23, -166)
(0, 24, -165)
(1, 24, -166)
(0, 25, -166)
(1, 25, -167)
(0, 26, -167)
(1, 26, -168)
(0, 27, -167)
(0, 27, -166)
(1, 27, -166)
(0, 28, -165)
(0, 28, -164)
(1, 27, -164)
(0, 27, -163)
(1, 26, -164)
(1, 26, -165)
(0, 26, -165)
(1, 25, -165)
(0, 25, -164)
(0, 25, -163)
(1, 25, -163)
(1, 25, -162)
(0, 26, -161)
(1, 26, -162)
(0, 27, -161)
(0, 27, -160)
(1, 26, -160)
(0, 26, -159)
(0, 26, -158)
(1, 25, -158)
(0, 25, -157)
(1, 24, -157)
(0, 24, -156)
(1, 23, -156)
(0, 23, -156)
(1, 22, -157)
(0, 22, -156)
(1, 21, -157)
(1, 21, -158)
(0, 22, -158)
(0, 22, -159)
(1, 22, -160)
(0, 23, -160)
(0, 23, -161)
(0, 23, -162)
(0, 23, -163)
(1, 22, -164)
(0, 22, -163)
(1, 21, -163)
(0, 21, -162)
(1, 20, -162)
(1, 20, -161)
(0, 21, -160)
(0, 21, -159)
(1, 20, -159)
(0, 20, -158)
(1, 19, -159)
(0, 19, -159)
(1, 18, -159)
(0, 18, -159)
(0, 18, -160)
(1, 18, -161)
(0, 19, -161)
(0, 19, -162)
(0, 19, -163)
(1, 18, -164)
(0, 18, -163)
(1, 17, -163)
(0, 17, -162)
(1, 16, -163)
(0, 16, -162)
(0, 16, -161)
(0, 16, -160)
(0, 16, -159)
(1, 16, -159)
(0, 17, -158)
(0, 17, -157)
(0, 17, -156)
(0, 17, -155)
(1, 16, -155)
(0, 16, -155)
(1, 15, -156)
(0, 15, -156)
(1, 14, -157)
(0, 14, -156)
(1, 13, -157)
(0, 13, -157)
(1, 12, -158)
(0, 12, -158)
(1, 11, -158)
(0, 11, -157)
(0, 11, -156)
(0, 11, -155)
(0, 11, -154)
(1, 10, -154)
(0, 10, -154)
(1, 9, -155)
(1, 9, -156)
(0, 10, -156)
(0, 10, -157)
(1, 9, -158)
(0, 9, -157)
(1, 8, -158)
(1, 8, -159)
(0, 9, -159)
(1, 9, -160)
(0, 10, -159)
(1, 10, -159)
(0, 11, -159)
(0, 11, -160)
(0, 11, -161)
(1, 11, -162)
(1, 11, -163)
(1, 11, -164)
(0, 11, -164)
(1, 10, -165)
(0, 10, -165)
(1, 9, -165)
(0, 9, -164)
(0, 9, -163)
(0, 9, -162)
(0, 9, -161)
(1, 8, -161)
(0, 8, -160)
(1, 7, -160)
(0, 7, -159)
(0, 7, -158)
(0, 7, -157)
(1, 7, -157)
(0, 8, -156)
(1, 8, -156)
(1, 8, -155)
(1, 8, -154)
(1, 8, -153)
(1, 8, -152)
(0, 8, -151)
(0, 8, -150)
(0, 8, -149)
(1, 7, -149)
(0, 7, -149)
(1, 6, -150)
(0, 6, -149)
(1, 5, -150)
(1, 5, -151)
(0, 6, -151)
(0, 6, -152)
(1, 6, -153)
(0, 7, -152)
(1, 7, -153)
(1, 7, -154)
(0, 7, -154)
(1, 6, -155)
(0, 6, -154)
(1, 5, -155)
(0, 5, -154)
(1, 4, -155)
(0, 4, -155)
(0, 4, -156)
(1, 4, -157)
(0, 5, -156)
(1, 5, -157)
(1, 5, -158)
(0, 6, -158)
(0, 6, -159)
(1, 5, -160)
(1, 5, -161)
(0, 6, -161)
(1, 6, -161)
(0, 7, -161)
(1, 7, -162)
(0, 8, -162)
(0, 8, -163)
(0, 8, -164)
(1, 7, -165)
(0, 7, -164)
(0, 7, -163)
(1, 6, -163)
(0, 6, -163)
(1, 5, -164)
(0, 5, -163)
(0, 5, -162)
(1, 4, -162)
(0, 4, -162)
(1, 3, -162)
(0, 3, -161)
(1, 2, -162)
(1, 2, -163)
(0, 3, -163)
(1, 3, -164)
(1, 3, -165)
(1, 3, -166)
(0, 3, -166)
(0, 3, -167)
(0, 3, -168)
(0, 3, -169)
(1, 2, -170)
(0, 2, -170)
(1, 1, -170)
(1, 1, -169)
(0, 2, -168)
(0, 2, -167)
(0, 2, -166)
(0, 2, -165)
(0, 2, -164)
(1, 1, -164)
(0, 1, -164)
(1, 0, -165)
(1, 0, -166)
(1, 0, -167)
(0, 0, -167)
(1, -1, -167)
(0, -1, -167)
(1, -2, -168)
(1, -2, -169)
(0, -2, -169)
(1, -3, -169)
(0, -3, -169)
(1, -4, -170)
(0, -4, -169)
(1, -5, -170)
(0, -5, -169)
(1, -6, -170)
(0, -6, -170)
(1, -7, -170)
(1, -7, -169)
(0, -7, -168)
(1, -8, -168)
(1, -8, -167)
(0, -7, -166)
(1, -7, -166)
(0, -6, -165)
(0, -6, -164)
(0, -6, -163)
(1, -6, -163)
(0, -5, -163)
(1, -5, -164)
(1, -5, -165)
(0, -5, -165)
(0, -5, -166)
(1, -5, -167)
(0, -4, -167)
(1, -4, -167)
(0, -3, -166)
(1, -3, -167)
(0, -2, -166)
(1, -2, -166)
(0, -1, -165)
(0, -1, -164)
(0, -1, -163)
(1, -1, -163)
(0, 0, -163)
(1, 0, -163)
(0, 1, -162)
(0, 1, -161)
(1, 0, -161)
(0, 0, -160)
(0, 0, -159)
(0, 0, -158)
(1, 0, -158)
(1, 0, -157)
(1, 0, -156)
(1, 0, -155)
(0, 0, -154)
(1, -1, -154)
(1, -1, -153)
(1, -1, -152)
(1, -1, -151)
(0, 0, -150)
(0, 0, -149)
(1, -1, -149)
(0, -1, -148)
(1, -2, -148)
(0, -2, -148)
(1, -3, -149)
(0, -3, -148)
(1, -4, -148)
(0, -4, -147)
(1, -5, -148)
(0, -5, -147)
(1, -6, -147)
(1, -6, -146)
(0, -5, -145)
(1, -5, -145)
(0, -4, -144)
(0, -4, -143)
(1, -4, -143)
(0, -3, -142)
(0, -3, -141)
(1, -4, -141)
(0, -4, -140)
(1, -5, -141)
(0, -5, -140)
(0, -5, -139)
(0, -5, -138)
(0, -5, -137)
(1, -6, -137)
(1, -6, -136)
(0, -6, -135)
(0, -6, -134)
(1, -6, -134)
(0, -5, -133)
(0, -5, -132)
(0, -5, -131)
(1, -6, -131)
(0, -6, -130)
(0, -6, -129)
(0, -6, -128)
(1, -6, -128)
(0, -5, -128)
(0, -5, -129)
(1, -5, -130)
(0, -4, -129)
(1, -4, -130)
(1, -4, -131)
(1, -4, -132)
(1, -4, -133)
(0, -3, -133)
(1, -3, -133)
(0, -2, -133)
(1, -2, -133)
(1, -2, -132)
(1, -2, -131)
(0, -1, -130)
(1, -1, -131)
(1, -1, -132)
(1, -1, -133)
(0, 0, -133)
(1, 0, -134)
(0, 1, -133)
(0, 1, -132)
(0, 1, -131)
(0, 1, -130)
(1, 1, -130)
(0, 2, -130)
(1, 2, -130)
(1, 2, -129)
(0, 2, -128)
(1, 1, -128)
(0, 1, -128)
(1, 0, -129)
(0, 0, -129)
(1, -1, -129)
(1, -1, -128)
(0, 0, -127)
(0, 0, -126)
(1, -1, -126)
(0, -1, -125)
(1, -2, -125)
(1, -2, -124)
(1, -2, -123)
(1, -2, -122)
(0, -1, -121)
(1, -1, -122)
(1, -1, -123)
(0, 0, -123)
(1, 0, -124)
(0, 1, -123)
(0, 1, -122)
(1, 1, -122)
(0, 2, -122)
(0, 2, -123)
(0, 2, -124)
(0, 2, -125)
(1, 2, -126)
(0, 3, -125)
(0, 3, -124)
(1, 3, -124)
(0, 4, -123)
(1, 4, -123)
(0, 5, -123)
(0, 5, -124)
(0, 5, -125)
(1, 4, -126)
(1, 4, -127)
(0, 4, -127)
(0, 4, -128)
(0, 4, -129)
(1, 4, -130)
(0, 5, -129)
(1, 5, -130)
(0, 6, -130)
(0, 6, -131)
(0, 6, -132)
(1, 6, -133)
(1, 6, -134)
(0, 7, -134)
(1, 7, -135)
(0, 8, -134)
(1, 8, -134)
(0, 9, -134)
(1, 9, -135)
(1, 9, -136)
(0, 9, -136)
(1, 8, -136)
(0, 8, -136)
(0, 8, -137)
(1, 7, -138)
(0, 7, -138)
(1, 6, -139)
(0, 6, -138)
(0, 6, -137)
(1, 5, -137)
(0, 5, -136)
(1, 4, -136)
(0, 4, -135)
(1, 3, -135)
(0, 3, -135)
(1, 2, -136)
(0, 2, -135)
(1, 1, -136)
(0, 1, -136)
(1, 0, -137)
(0, 0, -137)
(0, 0, -138)
(1, -1, -139)
(1, -1, -140)
(0, -1, -140)
(0, -1, -141)
(0, -1, -142)
(0, -1, -143)
(0, -1, -144)
(0, -1, -145)
(0, -1, -146)
(1, -1, -147)
(0, 0, -146)
(0, 0, -145)
(1, 0, -145)
(0, 1, -144)
(1, 1, -145)
(0, 2, -145)
(1, 2, -146)
(0, 3, -146)
(0, 3, -147)
(1, 2, -148)
(1, 2, -149)
(0, 3, -149)
(0, 3, -150)
(1, 2, -151)
(1, 2, -152)
(0, 3, -152)
(1, 3, -152)
(0, 4, -151)
(0, 4, -150)
(1, 4, -150)
(1, 4, -149)
(1, 4, -148)
(1, 4, -147)
(0, 4, -146)
(0, 4, -145)
(1, 3, -145)
(0, 3, -144)
(0, 3, -143)
(1, 3, -143)
(0, 4, -142)
(1, 4, -143)
(1, 4, -144)
(0, 5, -144)
(1, 5, -144)
(0, 6, -143)
(1, 6, -143)
(0, 7, -143)
(0, 7, -144)
(1, 7, -145)
(0, 8, -145)
(0, 8, -146)
(0, 8, -147)
(1, 8, -148)
(0, 9, -148)
(1, 9, -149)
(0, 10, -149)
(0, 10, -150)
(1, 10, -151)
(1, 10, -152)
(0, 11, -152)
(1, 11, -152)
(1, 11, -151)
(0, 12, -150)
(1, 12, -151)
(0, 13, -150)
(1, 13, -150)
(0, 14, -149)
(0, 14, -148)
(1, 13, -148)
(0, 13, -147)
(1, 12, -147)
(1, 12, -146)
(0, 13, -145)
(1, 13, -145)
(0, 14, -144)
(1, 14, -144)
(0, 15, -144)
(1, 15, -145)
(0, 16, -145)
(1, 16, -146)
(0, 17, -145)
(0, 17, -144)
(1, 17, -144)
(0, 18, -143)
(1, 18, -144)
(0, 19, -143)
(1, 19, -144)
(0, 20, -143)
(1, 20, -144)
(0, 21, -143)
(0, 21, -142)
(1, 21, -142)
(0, 22, -141)
(1, 22, -141)
(1, 22, -140)
(0, 22, -139)
(1, 21, -140)
(0, 21, -140)
(1, 20, -141)
(0, 20, -140)
(1, 19, -140)
(0, 19, -140)
(0, 19, -141)
(1, 18, -142)
(0, 18, -141)
(1, 17, -142)
(0, 17, -141)
(1, 16, -141)
(0, 16, -141)
(0, 16, -142)
(1, 15, -143)
(0, 15, -142)
(1, 14, -142)
(0, 14, -141)
(1, 13, -142)
(1, 13, -143)
(0, 13, -143)
(1, 12, -143)
(0, 12, -142)
(1, 11, -142)
(0, 11, -142)
(1, 10, -143)
(0, 10, -142)
(0, 10, -141)
(1, 9, -141)
(1, 9, -140)
(0, 10, -139)
(1, 10, -140)
(0, 11, -139)
(0, 11, -138)
(1, 10, -138)
(1, 10, -137)
(1, 10, -136)
(0, 11, -135)
(1, 11, -136)
(0, 12, -136)
(0, 12, -137)
(0, 12, -138)
(0, 12, -139)
(1, 12, -140)
(0, 13, -139)
(1, 13, -139)
(0, 14, -139)
(1, 14, -140)
(0, 15, -139)
(1, 15, -140)
(0, 16, -139)
(1, 16, -139)
(1, 16, -138)
(0, 17, -137)
(1, 17, -138)
(0, 18, -137)
(1, 18, -138)
(0, 19, -137)
(0, 19, -136)
(0, 19, -135)
(1, 18, -135)
(1, 18, -134)
(0, 19, -133)
(0, 19, -132)
(1, 18, -132)
(0, 18, -132)
(1, 17, -133)
(1, 17, -134)
(1, 17, -135)
(0, 17, -135)
(1, 16, -135)
(0, 16, -134)
(1, 15, -134)
(1, 15, -133)
(0, 16, -132)
(0, 16, -131)
(0, 16, -130)
(1, 16, -130)
(0, 17, -129)
(1, 17, -129)
(1, 17, -128)
(0, 17, -127)
(1, 16, -127)
(1, 16, -126)
(0, 17, -125)
(1, 17, -125)
(0, 18, -125)
(1, 18, -126)
(1, 18, -127)
(1, 18, -128)
(1, 18, -129)
(0, 19, -129)
(0, 19, -130)
(1, 19, -131)
(0, 20, -131)
(1, 20, -132)
(0, 21, -132)
(0, 21, -133)
(1, 20, -134)
(1, 20, -135)
(0, 20, -135)
(0, 20, -136)
(1, 20, -137)
(0, 21, -136)
(1, 21, -137)
(0, 22, -136)
(0, 22, -135)
(0, 22, -134)
(1, 22, -134)
(0, 23, -134)
(1, 23, -134)
(0, 24, -134)
(1, 24, -134)
(0, 25, -134)
(1, 25, -134)
(1, 25, -133)
(0, 25, -132)
(1, 24, -132)
(0, 24, -132)
(1, 23, -132)
(0, 23, -131)
(0, 23, -130)
(1, 23, -130)
(0, 24, -130)
(1, 24, -130)
(0, 25, -130)
(1, 25, -131)
(0, 26, -130)
(1, 26, -131)
(1, 26, -132)
(0, 27, -132)
(1, 27, -132)
(1, 27, -131)
(1, 27, -130)
(0, 27, -129)
(1, 26, -129)
(1, 26, -128)
(0, 27, -127)
(1, 27, -127)
(0, 28, -126)
(1, 28, -126)
(0, 29, -126)
(0, 29, -127)
(1, 29, -128)
(0, 30, -127)
(0, 30, -126)
(0, 30, -125)
(1, 29, -125)
(1, 29, -124)
(0, 29, -123)
(1, 28, -124)
(0, 28, -123)
(1, 27, -123)
(0, 27, -122)
(1, 26, -123)
(1, 26, -124)
(0, 26, -124)
(0, 26, -125)
(1, 25, -126)
(0, 25, -125)
(1, 24, -126)
(0, 24, -125)
(0, 24, -124)
(1, 23, -124)
(0, 23, -123)
(1, 22, -124)
(0, 22, -124)
(0, 22, -125)
(0, 22, -126)
(1, 22, -127)
(0, 23, -127)
(0, 23, -128)
(1, 22, -129)
(0, 22, -128)
(1, 21, -129)
(0, 21, -129)
(1, 20, -129)
(0, 20, -128)
(0, 20, -127)
(1, 19, -127)
(1, 19, -126)
(1, 19, -125)
(0, 20, -124)
(0, 20, -123)
(0, 20, -122)
(0, 20, -121)
(0, 20, -120)
(1, 19, -120)
(0, 19, -119)
(1, 18, -120)
(0, 18, -120)
(1, 17, -120)
(1, 17, -119)
(0, 17, -118)
(1, 16, -118)
(1, 16, -117)
(1, 16, -116)
(0, 16, -115)
(1, 15, -115)
(0, 15, -115)
(1, 14, -116)
(1, 14, -117)
(1, 14, -118)
(1, 14, -119)
(1, 14, -120)
(0, 14, -120)
(0, 14, -121)
(0, 14, -122)
(1, 13, -123)
(0, 13, -123)
(0, 13, -124)
(0, 13, -125)
(1, 12, -126)
(1, 12, -127)
(0, 12, -127)
(0, 12, -128)
(0, 12, -129)
(0, 12, -130)
(1, 12, -131)
(0, 13, -131)
(1, 13, -131)
(0, 14, -131)
(1, 14, -132)
(1, 14, -133)
(1, 14, -134)
(1, 14, -135)
(1, 14, -136)
(1, 14, -137)
(0, 14, -137)
(1, 13, -137)
(1, 13, -136)
(0, 13, -135)
(1, 12, -135)
(1, 12, -134)
(0, 12, -133)
(1, 11, -134)
(0, 11, -133)
(1, 10, -134)
(0, 10, -133)
(0, 10, -132)
(1, 10, -132)
(1, 10, -131)
(0, 11, -130)
(0, 11, -129)
(1, 10, -129)
(0, 10, -129)
(1, 9, -130)
(1, 9, -131)
(0, 9, -131)
(1, 8, -131)
(0, 8, -130)
(0, 8, -129)
(1, 7, -129)
(0, 7, -129)
(1, 6, -129)
(0, 6, -128)
(1, 5, -128)
(1, 5, -127)
(0, 6, -126)
(1, 6, -126)
(0, 7, -126)
(1, 7, -127)
(0, 8, -127)
(1, 8, -128)
(0, 9, -128)
(1, 9, -128)
(1, 9, -127)
(1, 9, -126)
(1, 9, -125)
(0, 10, -124)
(1, 10, -124)
(0, 11, -123)
(0, 11, -122)
(1, 10, -122)
(0, 10, -121)
(0, 10, -120)
(0, 10, -119)
(1, 9, -119)
(0, 9, -119)
(1, 8, -120)
(1, 8, -121)
(0, 9, -121)
(0, 9, -122)
(0, 9, -123)
(1, 8, -124)
(0, 8, -123)
(1, 7, -124)
(0, 7, -124)
(1, 6, -124)
(0, 6, -123)
(0, 6, -122)
(1, 6, -122)
(0, 7, -122)
(1, 7, -122)
(1, 7, -121)
(1, 7, -120)
(0, 7, -119)
(1, 6, -119)
(0, 6, -118)
(1, 5, -119)
(0, 5, -119)
(1, 4, -119)
(0, 4, -118)
(1, 3, -119)
(0, 3, -119)
(1, 2, -119)
(0, 2, -119)
(1, 1, -119)
(1, 1, -118)
(1, 1, -117)
(1, 1, -116)
(0, 2, -115)
(1, 2, -115)
(0, 3, -114)
(1, 3, -114)
(1, 3, -113)
(0, 4, -112)
(0, 4, -111)
(0, 4, -110)
(1, 3, -110)
(0, 3, -110)
(1, 2, -111)
(1, 2, -112)
(1, 2, -113)
(0, 2, -113)
(1, 1, -113)
(0, 1, -113)
(1, 0, -114)
(0, 0, -113)
(1, -1, -114)
(0, -1, -114)
(1, -2, -114)
(0, -2, -113)
(0, -2, -112)
(0, -2, -111)
(1, -2, -111)
(0, -1, -110)
(1, -1, -110)
(1, -1, -109)
(0, 0, -108)
(1, 0, -109)
(0, 1, -108)
(0, 1, -107)
(1, 0, -107)
(1, 0, -106)
(0, 1, -105)
(0, 1, -104)
(1, 0, -104)
(0, 0, -103)
(1, -1, -104)
(0, -1, -104)
(1, -2, -105)
(0, -2, -104)
(1, -3, -105)
(1, -3, -106)
(1, -3, -107)
(1, -3, -108)
(0, -2, -108)
(0, -2, -109)
(1, -3, -110)
(0, -3, -109)
(1, -4, -110)
(0, -4, -109)
(1, -5, -109)
(0, -5, -108)
(1, -6, -109)
(0, -6, -109)
(0, -6, -110)
(1, -7, -111)
(0, -7, -111)
(0, -7, -112)
(1, -8, -113)
(0, -8, -112)
(1, -9, -112)
(0, -9, -112)
(0, -9, -113)
(1, -10, -114)
(0, -10, -113)
(0, -10, -112)
(0, -10, -111)
(0, -10, -110)
(1, -11, -110)
(0, -11, -110)
(1, -12, -111)
(0, -12, -111)
(1, -13, -112)
(0, -13, -111)
(0, -13, -110)
(0, -13, -109)
(1, -13, -109)
(0, -12, -109)
(1, -12, -109)
(1, -12, -108)
(1, -12, -107)
(0, -12, -106)
(1, -13, -106)
(0, -13, -106)
(1, -14, -107)
(0, -14, -107)
(1, -15, -107)
(1, -15, -106)
(0, -15, -105)
(0, -15, -104)
(1, -16, -104)
(0, -16, -104)
(0, -16, -105)
(1, -17, -106)
(1, -17, -107)
(1, -17, -108)
(0, -16, -108)
(1, -16, -108)
(0, -15, -108)
(0, -15, -109)
(1, -15, -110)
(0, -14, -110)
(0, -14, -111)
(0, -14, -112)
(1, -14, -113)
(1, -14, -114)
(1, -14, -115)
(0, -14, -115)
(1, -15, -116)
(1, -15, -117)
(0, -15, -117)
(1, -16, -118)
(0, -16, -117)
(1, -17, -118)
(0, -17, -117)
(1, -18, -117)
(0, -18, -117)
(1, -19, -118)
(0, -19, -118)
(1, -20, -118)
(0, -20, -118)
(0, -20, -119)
(1, -20, -120)
(0, -19, -120)
(0, -19, -121)
(0, -19, -122)
(1, -20, -123)
(0, -20, -122)
(1, -21, -122)
(1, -21, -121)
(0, -21, -120)
(0, -21, -119)
(1, -22, -119)
(1, -22, -118)
(1, -22, -117)
(0, -21, -116)
(1, -21, -116)
(0, -20, -115)
(1, -20, -115)
(1, -20, -114)
(0, -20, -113)
(0, -20, -112)
(1, -21, -112)
(0, -21, -111)
(1, -22, -111)
(0, -22, -110)
(1, -23, -110)
(1, -23, -109)
(1, -23, -108)
(1, -23, -107)
(1, -23, -106)
(1, -23, -105)
(0, -22, -104)
(1, -22, -105)
(0, -21, -105)
(1, -21, -105)
(1, -21, -104)
(0, -20, -103)
(1, -20, -104)
(1, -20, -105)
(1, -20, -106)
(0, -20, -106)
(1, -21, -107)
(1, -21, -108)
(0, -20, -108)
(1, -20, -108)
(0, -19, -108)
(1, -19, -108)
(0, -18, -107)
(0, -18, -106)
(0, -18, -105)
(0, -18, -104)
(1, -19, -104)
(1, -19, -103)
(0, -18, -102)
(1, -18, -103)
(0, -17, -103)
(1, -17, -103)
(1, -17, -102)
(0, -16, -101)
(1, -16, -102)
(0, -15, -102)
(1, -15, -103)
(0, -14, -103)
(1, -14, -103)
(0, -13, -103)
(1, -13, -103)
(1, -13, -102)
(0, -12, -101)
(1, -12, -101)
(1, -12, -100)
(0, -11, -99)
(1, -11, -100)
(0, -10, -99)
(0, -10, -98)
(1, -10, -98)
(0, -9, -97)
(1, -9, -97)
(1, -9, -96)
(1, -9, -95)
(0, -8, -94)
(1, -8, -95)
(0, -7, -94)
(0, -7, -93)
(1, -8, -93)
(0, -8, -92)
(0, -8, -91)
(0, -8, -90)
(1, -9, -90)
(0, -9, -90)
(1, -10, -90)
(1, -10, -89)
(0, -9, -88)
(1, -9, -88)
(0, -8, -88)
(1, -8, -89)
(0, -7, -89)
(0, -7, -90)
(1, -7, -91)
(1, -7, -92)
(0, -6, -92)
(1, -6, -92)
(0, -5, -92)
(0, -5, -93)
(1, -5, -94)
(0, -4, -93)
(1, -4, -93)
(0, -3, -92)
(0, -3, -91)
(1, -4, -91)
(0, -4, -91)
(1, -5, -91)
(0, -5, -90)
(1, -6, -90)
(1, -6, -89)
(1, -6, -88)
(0, -6, -87)
(0, -6, -86)
(1, -6, -86)
(0, -5, -85)
(1, -5, -85)
(0, -4, -85)
(1, -4, -85)
(1, -4, -84)
(0, -3, -83)
(1, -3, -84)
(1, -3, -85)
(1, -3, -86)
(0, -2, -86)
(1, -2, -87)
(1, -2, -88)
(1, -2, -89)
(1, -2, -90)
(0, -1, -90)
(1, -1, -91)
(0, 0, -91)
(1, 0, -92)
(0, 1, -92)
(0, 1, -93)
(0, 1, -94)
(1, 1, -95)
(0, 2, -94)
(1, 2, -94)
(0, 3, -94)
(1, 3, -95)
(0, 4, -95)
(1, 4, -96)
(1, 4, -97)
(0, 5, -97)
(1, 5, -97)
(1, 5, -96)
(1, 5, -95)
(0, 5, -94)
(1, 4, -94)
(1, 4, -93)
(0, 5, -92)
(1, 5, -92)
(0, 6, -92)
(0, 6, -93)
(1, 6, -94)
(1, 6, -95)
(1, 6, -96)
(0, 7, -96)
(0, 7, -97)
(1, 7, -98)
(0, 8, -97)
(0, 8, -96)
(0, 8, -95)
(0, 8, -94)
(0, 8, -93)
(0, 8, -92)
(1, 8, -92)
(1, 8, -91)
(0, 8, -90)
(1, 7, -91)
(0, 7, -91)
(1, 6, -91)
(0, 6, -90)
(1, 5, -90)
(0, 5, -90)
(1, 4, -90)
(0, 4, -89)
(0, 4, -88)
(1, 4, -88)
(1, 4, -87)
(1, 4, -86)
(0, 5, -85)
(1, 5, -86)
(0, 6, -85)
(0, 6, -84)
(0, 6, -83)
(0, 6, -82)
(1, 6, -82)
(1, 6, -81)
(0, 6, -80)
(0, 6, -79)
(1, 6, -79)
(1, 6, -78)
(0, 6, -77)
(1, 5, -78)
(0, 5, -78)
(1, 4, -78)
(0, 4, -78)
(1, 3, -78)
(1, 3, -77)
(1, 3, -76)
(0, 3, -75)
(1, 2, -76)
(1, 2, -77)
(1, 2, -78)
(1, 2, -79)
(0, 3, -79)
(1, 3, -80)
(1, 3, -81)
(0, 3, -81)
(1, 2, -81)
(0, 2, -80)
(1, 1, -80)
(0, 1, -80)
(1, 0, -81)
(0, 0, -81)
(1, -1, -82)
(0, -1, -82)
(1, -2, -82)
(0, -2, -82)
(1, -3, -82)
(0, -3, -81)
(0, -3, -80)
(1, -3, -80)
(0, -2, -79)
(0, -2, -78)
(1, -3, -78)
(0, -3, -77)
(1, -4, -77)
(0, -4, -76)
(0, -4, -75)
(0, -4, -74)
(1, -4, -74)
(0, -3, -73)
(1, -3, -73)
(0, -2, -73)
(0, -2, -74)
(1, -2, -75)
(0, -1, -75)
(1, -1, -75)
(0, 0, -74)
(0, 0, -73)
(0, 0, -72)
(0, 0, -71)
(1, 0, -71)
(0, 1, -71)
(1, 1, -72)
(0, 2, -71)
(0, 2, -70)
(1, 1, -70)
(1, 1, -69)
(1, 1, -68)
(1, 1, -67)
(1, 1, -66)
(0, 2, -65)
(0, 2, -64)
(1, 2, -64)
(0, 3, -63)
(1, 3, -64)
(0, 4, -63)
(1, 4, -64)
(0, 5, -63)
(1, 5, -64)
(1, 5, -65)
(1, 5, -66)
(0, 5, -66)
(1, 4, -66)
(0, 4, -65)
(1, 3, -66)
(1, 3, -67)
(1, 3, -68)
(0, 4, -68)
(1, 4, -69)
(0, 5, -68)
(1, 5, -69)
(0, 6, -68)
(1, 6, -69)
(0, 7, -68)
(1, 7, -69)
(0, 8, -68)
(1, 8, -69)
(1, 8, -70)
(1, 8, -71)
(0, 8, -71)
(0, 8, -72)
(1, 8, -73)
(0, 9, -72)
(1, 9, -73)
(1, 9, -74)
(1, 9, -75)
(0, 10, -75)
(0, 10, -76)
(1, 9, -77)
(0, 9, -77)
(0, 9, -78)
(1, 9, -79)
(0, 10, -78)
(1, 10, -79)
(0, 11, -78)
(0, 11, -77)
(0, 11, -76)
(1, 11, -76)
(1, 11, -75)
(0, 11, -74)
(1, 10, -74)
(1, 10, -73)
(1, 10, -72)
(0, 11, -71)
(0, 11, -70)
(0, 11, -69)
(0, 11, -68)
(1, 11, -68)
(1, 11, -67)
(0, 11, -66)
(1, 10, -66)
(0, 10, -66)
(0, 10, -67)
(1, 9, -68)
(0, 9, -67)
(1, 8, -67)
(0, 8, -66)
(1, 7, -66)
(0, 7, -65)
(0, 7, -64)
(1, 7, -64)
(1, 7, -63)
(0, 8, -62)
(1, 8, -63)
(1, 8, -64)
(1, 8, -65)
(0, 9, -65)
(1, 9, -65)
(0, 10, -64)
(0, 10, -63)
(0, 10, -62)
(1, 9, -62)
(0, 9, -61)
(0, 9, -60)
(0, 9, -59)
(1, 9, -59)
(0, 10, -58)
(1, 10, -58)
(0, 11, -57)
(0, 11, -56)
(1, 11, -56)
(0, 12, -55)
(0, 12, -54)
(1, 12, -54)
(0, 13, -54)
(1, 13, -55)
(0, 14, -55)
(1, 14, -56)
(0, 15, -55)
(1, 15, -55)
(0, 16, -55)
(1, 16, -56)
(1, 16, -57)
(0, 17, -57)
(1, 17, -58)
(0, 18, -58)
(1, 18, -58)
(1, 18, -57)
(0, 19, -56)
(1, 19, -56)
(0, 20, -56)
(0, 20, -57)
(1, 19, -58)
(1, 19, -59)
(0, 19, -59)
(1, 18, -60)
(1, 18, -61)
(1, 18, -62)
(0, 18, -62)
(1, 17, -63)
(1, 17, -64)
(0, 17, -64)
(0, 17, -65)
(0, 17, -66)
(1, 17, -67)
(1, 17, -68)
(0, 18, -68)
(1, 18, -69)
(1, 18, -70)
(0, 18, -70)
(1, 17, -71)
(0, 17, -70)
(1, 16, -71)
(1, 16, -72)
(0, 17, -72)
(1, 17, -73)
(0, 18, -72)
(1, 18, -73)
(0, 19, -72)
(1, 19, -72)
(0, 20, -71)
(1, 20, -72)
(0, 21, -71)
(1, 21, -71)
(1, 21, -70)
(0, 21, -69)
(1, 20, -70)
(0, 20, -69)
(0, 20, -68)
(0, 20, -67)
(1, 20, -67)
(0, 21, -66)
(1, 21, -67)
(0, 22, -66)
(0, 22, -65)
(1, 22, -65)
(0, 23, -65)
(0, 23, -66)
(0, 23, -67)
(1, 23, -68)
(0, 24, -67)
(1, 24, -67)
(0, 25, -67)
(1, 25, -68)
(0, 26, -67)
(0, 26, -66)
(1, 26, -66)
(0, 27, -65)
(0, 27, -64)
(1, 26, -64)
(0, 26, -64)
(1, 25, -65)
(0, 25, -64)
(0, 25, -63)
(0, 25, -62)
(1, 25, -62)
(1, 25, -61)
(0, 26, -60)
(0, 26, -59)
(0, 26, -58)
(1, 26, -58)
(0, 27, -58)
(0, 27, -59)
(0, 27, -60)
(0, 27, -61)
(0, 27, -62)
(1, 27, -63)
(0, 28, -63)
(1, 28, -64)
(0, 29, -63)
(0, 29, -62)
(1, 28, -62)
(1, 28, -61)
(1, 28, -60)
(0, 29, -59)
(1, 29, -59)
(0, 30, -59)
(1, 30, -60)
(0, 31, -60)
(1, 31, -60)
(0, 32, -59)
(0, 32, -58)
(1, 31, -58)
(1, 31, -57)
(0, 32, -56)
(0, 32, -55)
(1, 31, -55)
(0, 31, -55)
(1, 30, -55)
(0, 30, -55)
(1, 29, -55)
(1, 29, -54)
(0, 30, -53)
(1, 30, -53)
(0, 31, -52)
(1, 31, -52)
(1, 31, -51)
(0, 32, -50)
(1, 32, -50)
(0, 33, -50)
(1, 33, -51)
(1, 33, -52)
(0, 34, -52)
(1, 34, -53)
(0, 35, -53)
(1, 35, -54)
(0, 36, -53)
(1, 36, -54)
(0, 37, -53)
(1, 37, -53)
(0, 38, -52)
(0, 38, -51)
(0, 38, -50)
(1, 38, -50)
(0, 39, -50)
(0, 39, -51)
(0, 39, -52)
(1, 39, -53)
(0, 40, -52)
(0, 40, -51)
(0, 40, -50)
(0, 40, -49)
(1, 39, -49)
(1, 39, -48)
(0, 40, -47)
(1, 40, -47)
(0, 41, -47)
(0, 41, -48)
(1, 41, -49)
(0, 42, -48)
(1, 42, -48)
(1, 42, -47)
(0, 43, -46)
(1, 43, -46)
(1, 43, -45)
(1, 43, -44)
(1, 43, -43)
(1, 43, -42)
(0, 44, -41)
(1, 44, -41)
(0, 45, -41)
(1, 45, -42)
(1, 45, -43)
(1, 45, -44)
(0, 46, -44)
(1, 46, -45)
(0, 47, -44)
(0, 47, -43)
(1, 46, -43)
(1, 46, -42)
(1, 46, -41)
(0, 46, -40)
(0, 46, -39)
(1, 45, -39)
(0, 45, -39)
(1, 44, -39)
(0, 44, -38)
(1, 43, -39)
(0, 43, -39)
(1, 42, -39)
(0, 42, -39)
(0, 42, -40)
(1, 42, -41)
(1, 42, -42)
(1, 42, -43)
(1, 42, -44)
(1, 42, -45)
(0, 42, -45)
(1, 41, -45)
(0, 41, -44)
(1, 40, -45)
(0, 40, -44)
(1, 39, -45)
(1, 39, -46)
(0, 39, -46)
(1, 38, -46)
(0, 38, -46)
(0, 38, -47)
(0, 38, -48)
(1, 37, -49)
(0, 37, -49)
(1, 36, -49)
(1, 36, -48)
(0, 36, -47)
(0, 36, -46)
(0, 36, -45)
(1, 36, -45)
(1, 36, -44)
(0, 37, -43)
(1, 37, -44)
(0, 38, -43)
(1, 38, -44)
(0, 39, -43)
(0, 39, -42)
(1, 38, -42)
(1, 38, -41)
(0, 39, -40)
(1, 39, -41)
(0, 40, -40)
(0, 40, -39)
(0, 40, -38)
(1, 40, -38)
(1, 40, -37)
(0, 40, -36)
(0, 40, -35)
(0, 40, -34)
(1, 40, -34)
(0, 41, -33)
(0, 41, -32)
(1, 40, -32)
(1, 40, -31)
(0, 41, -30)
(0, 41, -29)
(0, 41, -28)
(1, 41, -28)
(0, 42, -28)
(1, 42, -29)
(1, 42, -30)
(1, 42, -31)
(0, 42, -31)
(0, 42, -32)
(1, 42, -33)
(1, 42, -34)
(1, 42, -35)
(0, 43, -35)
(0, 43, -36)
(1, 43, -37)
(0, 44, -36)
(1, 44, -36)
(0, 45, -35)
(0, 45, -34)
(0, 45, -33)
(1, 45, -33)
(0, 46, -32)
(1, 46, -32)
(0, 47, -31)
(1, 47, -31)
(0, 48, -30)
(0, 48, -29)
(0, 48, -28)
(1, 48, -28)
(1, 48, -27)
(0, 49, -26)
(1, 49, -27)
(0, 50, -26)
(1, 50, -26)
(0, 51, -26)
(1, 51, -26)
(0, 52, -25)
(0, 52, -24)
(1, 51, -24)
(1, 51, -23)
(1, 51, -22)
(0, 52, -21)
(1, 52, -22)
(1, 52, -23)
(0, 53, -23)
(1, 53, -23)
(0, 54, -22)
(0, 54, -21)
(0, 54, -20)
(1, 53, -20)
(1, 53, -19)
(0, 54, -18)
(1, 54, -18)
(0, 55, -18)
(0, 55, -19)
(0, 55, -20)
(1, 55, -21)
(0, 56, -21)
(1, 56, -21)
(0, 57, -21)
(1, 57, -22)
(1, 57, -23)
(0, 58, -23)
(1, 58, -23)
(0, 59, -22)
(1, 59, -23)
(1, 59, -24)
(1, 59, -25)
(0, 59, -25)
(1, 58, -26)
(0, 58, -26)
(0, 58, -27)
(1, 57, -28)
(1, 57, -29)
(1, 57, -30)
(1, 57, -31)
(0, 57, -31)
(1, 56, -31)
(1, 56, -30)
(0, 56, -29)
(1, 55, -29)
(0, 55, -29)
(1, 54, -29)
(1, 54, -28)
(1, 54, -27)
(0, 54, -26)
(1, 53, -27)
(0, 53, -26)
(1, 52, -27)
(1, 52, -28)
(1, 52, -29)
(0, 52, -29)
(1, 51, -30)
(0, 51, -30)
(1, 50, -30)
(0, 50, -29)
(1, 49, -30)
(1, 49, -31)
(0, 49, -31)
(1, 48, -32)
(0, 48, -32)
(1, 47, -33)
(1, 47, -34)
(0, 48, -34)
(1, 48, -35)
(0, 49, -34)
(1, 49, -35)
(0, 50, -34)
(1, 50, -34)
(0, 51, -34)
(1, 51, -35)
(0, 52, -34)
(0, 52, -33)
(0, 52, -32)
(0, 52, -31)
(1, 52, -31)
(0, 53, -30)
(1, 53, -30)
(0, 54, -30)
(0, 54, -31)
(1, 53, -32)
(0, 53, -32)
(0, 53, -33)
(0, 53, -34)
(1, 53, -35)
(1, 53, -36)
(1, 53, -37)
(0, 53, -37)
(1, 52, -38)
(1, 52, -39)
(0, 52, -39)
(1, 51, -39)
(0, 51, -38)
(1, 50, -39)
(0, 50, -39)
(1, 49, -40)
(0, 49, -40)
(0, 49, -41)
(1, 48, -42)
(1, 48, -43)
(0, 49, -43)
(1, 49, -43)
(0, 50, -43)
(1, 50, -44)
(0, 51, -44)
(1, 51, -45)
(0, 52, -44)
(1, 52, -44)
(0, 53, -44)
(1, 53, -44)
(0, 54, -43)
(1, 54, -44)
(0, 55, -44)
(0, 55, -45)
(0, 55, -46)
(1, 55, -47)
(0, 56, -46)
(1, 56, -46)
(0, 57, -45)
(0, 57, -44)
(1, 57, -44)
(0, 58, -43)
(1, 58, -44)
(0, 59, -44)
(0, 59, -45)
(1, 58, -46)
(1, 58, -47)
(0, 58, -47)
(0, 58, -48)
(0, 58, -49)
(0, 58, -50)
(0, 58, -51)
(1, 57, -52)
(0, 57, -52)
(1, 56, -52)
(1, 56, -51)
(1, 56, -50)
(0, 56, -49)
(1, 55, -49)
(0, 55, -48)
(1, 54, -48)
(0, 54, -48)
(1, 53, -48)
(0, 53, -47)
(0, 53, -46)
(1, 52, -46)
(0, 52, -46)
(1, 51, -47)
(1, 51, -48)
(0, 51, -48)
(1, 50, -48)
(0, 50, -47)
(1, 49, -48)
(0, 49, -47)
(1, 48, -48)
(1, 48, -49)
(1, 48, -50)
(1, 48, -51)
(0, 49, -51)
(1, 49, -52)
(0, 50, -51)
(0, 50, -50)
(1, 50, -50)
(0, 51, -50)
(1, 51, -50)
(0, 52, -49)
(1, 52, -50)
(0, 53, -50)
(1, 53, -50)
(0, 54, -50)
(1, 54, -50)
(0, 55, -50)
(0, 55, -51)
(1, 55, -52)
(1, 55, -53)
(0, 55, -53)
(1, 54, -54)
(0, 54, -54)
(1, 53, -55)
(0, 53, -54)
(1, 52, -55)
(0, 52, -55)
(1, 51, -55)
(1, 51, -54)
(0, 52, -53)
(0, 52, -52)
(1, 51, -52)
(0, 51, -52)
(1, 50, -53)
(1, 50, -54)
(0, 50, -54)
(0, 50, -55)
(1, 50, -56)
(1, 50, -57)
(0, 50, -57)
(1, 49, -58)
(0, 49, -57)
(1, 48, -57)
(0, 48, -56)
(0, 48, -55)
(0, 48, -54)
(1, 47, -54)
(0, 47, -53)
(1, 46, -54)
(0, 46, -54)
(1, 45, -54)
(0, 45, -54)
(0, 45, -55)
(0, 45, -56)
(1, 44, -57)
(0, 44, -56)
(0, 44, -55)
(0, 44, -54)
(0, 44, -53)
(0, 44, -52)
(0, 44, -51)
(1, 44, -51)
(1, 44, -50)
(1, 44, -49)
(0, 44, -48)
(1, 43, -49)
(0, 43, -49)
(0, 43, -50)
(0, 43, -51)
(0, 43, -52)
(1, 42, -53)
(1, 42, -54)
(0, 42, -54)
(1, 41, -55)
(1, 41, -56)
(0, 41, -56)
(0, 41, -57)
(1, 40, -58)
(0, 40, -57)
(0, 40, -56)
(1, 39, -56)
(0, 39, -55)
(1, 38, -56)
(0, 38, -55)
(1, 37, -55)
(0, 37, -55)
(0, 37, -56)
(0, 37, -57)
(0, 37, -58)
(1, 37, -59)
(0, 38, -59)
(0, 38, -60)
(0, 38, -61)
(1, 38, -62)
(0, 39, -62)
(1, 39, -62)
(0, 40, -62)
(1, 40, -62)
(0, 41, -62)
(1, 41, -63)
(0, 42, -63)
(0, 42, -64)
(0, 42, -65)
(0, 42, -66)
(1, 42, -67)
(0, 43, -67)
(1, 43, -68)
(1, 43, -69)
(1, 43, -70)
(0, 43, -70)
(1, 42, -70)
(1, 42, -69)
(0, 42, -68)
(1, 41, -69)
(1, 41, -70)
(1, 41, -71)
(1, 41, -72)
(0, 42, -72)
(1, 42, -72)
(0, 43, -72)
(1, 43, -72)
(0, 44, -71)
(1, 44, -72)
(0, 45, -71)
(1, 45, -72)
(0, 46, -71)
(0, 46, -70)
(0, 46, -69)
(1, 45, -69)
(1, 45, -68)
(0, 45, -67)
(0, 45, -66)
(1, 45, -66)
(0, 46, -65)
(1, 46, -66)
(0, 47, -65)
(1, 47, -65)
(0, 48, -65)
(1, 48, -66)
(0, 49, -66)
(0, 49, -67)
(0, 49, -68)
(1, 48, -69)
(1, 48, -70)
(0, 49, -70)
(0, 49, -71)
(0, 49, -72)
(1, 49, -73)
(0, 50, -73)
(1, 50, -73)
(0, 51, -72)
(0, 51, -71)
(1, 51, -71)
(0, 52, -70)
(0, 52, -69)
(0, 52, -68)
(1, 51, -68)
(1, 51, -67)
(0, 51, -66)
(0, 51, -65)
(1, 51, -65)
(0, 52, -65)
(1, 52, -65)
(0, 53, -64)
(0, 53, -63)
(1, 52, -63)
(0, 52, -63)
(1, 51, -63)
(0, 51, -62)
(0, 51, -61)
(0, 51, -60)
(1, 51, -60)
(0, 52, -59)
(0, 52, -58)
(1, 52, -58)
(0, 53, -58)
(0, 53, -59)
(0, 53, -60)
(1, 53, -61)
(0, 54, -61)
(1, 54, -61)
(1, 54, -60)
(0, 55, -59)
(1, 55, -60)
(0, 56, -60)
(0, 56, -61)
(1, 55, -62)
(1, 55, -63)
(0, 55, -63)
(1, 54, -63)
(0, 54, -63)
(0, 54, -64)
(0, 54, -65)
(1, 54, -66)
(0, 55, -66)
(1, 55, -67)
(0, 56, -67)
(1, 56, -67)
(0, 57, -66)
(1, 57, -67)
(1, 57, -68)
(0, 58, -68)
(1, 58, -69)
(1, 58, -70)
(0, 58, -70)
(1, 57, -70)
(0, 57, -70)
(1, 56, -71)
(0, 56, -70)
(0, 56, -69)
(1, 55, -69)
(0, 55, -68)
(1, 54, -69)
(0, 54, -68)
(1, 53, -69)
(0, 53, -69)
(0, 53, -70)
(1, 53, -71)
(0, 54, -71)
(1, 54, -72)
(1, 54, -73)
(1, 54, -74)
(0, 54, -74)
(1, 53, -74)
(0, 53, -74)
(0, 53, -75)
(1, 52, -76)
(0, 52, -75)
(1, 51, -75)
(0, 51, -75)
(1, 50, -75)
(0, 50, -75)
(1, 49, -76)
(0, 49, -75)
(0, 49, -74)
(1, 48, -74)
(0, 48, -74)
(0, 48, -75)
(1, 47, -76)
(0, 47, -75)
(0, 47, -74)
(1, 46, -74)
(0, 46, -74)
(1, 45, -75)
(1, 45, -76)
(0, 46, -76)
(0, 46, -77)
(1, 46, -78)
(0, 47, -78)
(1, 47, -78)
(0, 48, -78)
(1, 48, -79)
(1, 48, -80)
(1, 48, -81)
(0, 48, -81)
(1, 47, -81)
(0, 47, -80)
(1, 46, -80)
(0, 46, -79)
(1, 45, -80)
(0, 45, -79)
(1, 44, -79)
(0, 44, -78)
(1, 43, -78)
(0, 43, -77)
(1, 42, -78)
(0, 42, -77)
(1, 41, -77)
(1, 41, -76)
(0, 41, -75)
(1, 40, -75)
(0, 40, -74)
(1, 39, -75)
(0, 39, -74)
(1, 38, -75)
(0, 38, -74)
(0, 38, -73)
(1, 37, -73)
(1, 37, -72)
(0, 37, -71)
(0, 37, -70)
(1, 36, -70)
(0, 36, -70)
(1, 35, -70)
(0, 35, -69)
(1, 34, -70)
(0, 34, -69)
(1, 33, -69)
(0, 33, -68)
(1, 32, -69)
(0, 32, -68)
(1, 31, -69)
(1, 31, -70)
(0, 32, -70)
(1, 32, -71)
(0, 33, -71)
(1, 33, -72)
(0, 34, -71)
(1, 34, -72)
(0, 35, -71)
(1, 35, -72)
(0, 36, -72)
(1, 36, -73)
(1, 36, -74)
(1, 36, -75)
(1, 36, -76)
(0, 37, -76)
(0, 37, -77)
(1, 36, -78)
(0, 36, -78)
(1, 35, -79)
(0, 35, -78)
(0, 35, -77)
(1, 34, -77)
(1, 34, -76)
(0, 34, -75)
(1, 33, -75)
(1, 33, -74)
(0, 33, -73)
(1, 32, -74)
(1, 32, -75)
(1, 32, -76)
(0, 32, -76)
(0, 32, -77)
(0, 32, -78)
(1, 32, -79)
(1, 32, -80)
(0, 33, -80)
(1, 33, -80)
(0, 34, -80)
(1, 34, -80)
(0, 35, -80)
(0, 35, -81)
(0, 35, -82)
(1, 35, -83)
(1, 35, -84)
(0, 36, -84)
(1, 36, -84)
(0, 37, -84)
(0, 37, -85)
(0, 37, -86)
(1, 37, -87)
(1, 37, -88)
(0, 37, -88)
(1, 36, -89)
(0, 36, -88)
(1, 35, -89)
(0, 35, -89)
(1, 34, -90)
(1, 34, -91)
(1, 34, -92)
(0, 34, -92)
(1, 33, -93)
(0, 33, -93)
(1, 32, -94)
(0, 32, -94)
(1, 31, -94)
(1, 31, -93)
(0, 32, -92)
(1, 32, -92)
(0, 33, -91)
(1, 33, -91)
(1, 33, -90)
(1, 33, -89)
(0, 33, -88)
(0, 33, -87)
(1, 32, -87)
(0, 32, -87)
(1, 31, -88)
(1, 31, -89)
(1, 31, -90)
(0, 31, -90)
(1, 30, -91)
(0, 30, -90)
(1, 29, -90)
(0, 29, -89)
(0, 29, -88)
(1, 28, -88)
(0, 28, -87)
(1, 27, -87)
(1, 27, -86)
(0, 27, -85)
(1, 26, -85)
(1, 26, -84)
(1, 26, -83)
(0, 26, -82)
(0, 26, -81)
(0, 26, -80)
(0, 26, -79)
(0, 26, -78)
(0, 26, -77)
(1, 25, -77)
(0, 25, -77)
(0, 25, -78)
(1, 24, -79)
(0, 24, -79)
(0, 24, -80)
(1, 24, -81)
(0, 25, -81)
(0, 25, -82)
(1, 24, -83)
(0, 24, -82)
(1, 23, -83)
(1, 23, -84)
(0, 24, -84)
(1, 24, -85)
(1, 24, -86)
(0, 25, -86)
(1, 25, -87)
(0, 26, -87)
(0, 26, -88)
(1, 26, -89)
(0, 27, -88)
(1, 27, -89)
(0, 28, -89)
(0, 28, -90)
(1, 27, -91)
(1, 27, -92)
(0, 27, -92)
(0, 27, -93)
(1, 26, -94)
(1, 26, -95)
(0, 27, -95)
(0, 27, -96)
(0, 27, -97)
(1, 26, -98)
(0, 26, -97)
(1, 25, -97)
(0, 25, -97)
(0, 25, -98)
(1, 25, -99)
(1, 25, -100)
(1, 25, -101)
(0, 26, -101)
(1, 26, -102)
(0, 27, -101)
(1, 27, -101)
(0, 28, -100)
(1, 28, -101)
(0, 29, -100)
(0, 29, -99)
(1, 28, -99)
(0, 28, -98)
(0, 28, -97)
(0, 28, -96)
(1, 28, -96)
(0, 29, -95)
(0, 29, -94)
(0, 29, -93)
(0, 29, -92)
(1, 29, -92)
(0, 30, -92)
(1, 30, -93)
(1, 30, -94)
(1, 30, -95)
(0, 30, -95)
(0, 30, -96)
(1, 30, -97)
(0, 31, -97)
(1, 31, -97)
(0, 32, -97)
(1, 32, -98)
(0, 33, -98)
(1, 33, -99)
(0, 34, -98)
(0, 34, -97)
(1, 33, -97)
(1, 33, -96)
(1, 33, -95)
(0, 34, -94)
(1, 34, -94)
(0, 35, -94)
(0, 35, -95)
(1, 35, -96)
(1, 35, -97)
(0, 35, -97)
(0, 35, -98)
(1, 35, -99)
(1, 35, -100)
(0, 35, -100)
(0, 35, -101)
(0, 35, -102)
(1, 34, -103)
(0, 34, -103)
(0, 34, -104)
(0, 34, -105)
(1, 34, -106)
(0, 35, -106)
(1, 35, -106)
(0, 36, -106)
(1, 36, -107)
(1, 36, -108)
(1, 36, -109)
(0, 37, -109)
(0, 37, -110)
(0, 37, -111)
(1, 37, -112)
(0, 38, -112)
(1, 38, -112)
(1, 38, -111)
(0, 39, -110)
(1, 39, -110)
(0, 40, -109)
(1, 40, -109)
(0, 41, -109)
(0, 41, -110)
(0, 41, -111)
(1, 40, -112)
(0, 40, -111)
(1, 39, -112)
(1, 39, -113)
(1, 39, -114)
(0, 39, -114)
(1, 38, -114)
(0, 38, -114)
(1, 37, -115)
(1, 37, -116)
(0, 37, -116)
(1, 36, -116)
(1, 36, -115)
(1, 36, -114)
(0, 36, -113)
(0, 36, -112)
(1, 35, -112)
(1, 35, -111)
(0, 35, -110)
(1, 34, -111)
(0, 34, -111)
(1, 33, -111)
(1, 33, -110)
(1, 33, -109)
(0, 33, -108)
(1, 32, -109)
(0, 32, -108)
(0, 32, -107)
(1, 32, -107)
(0, 33, -106)
(0, 33, -105)
(1, 32, -105)
(0, 32, -104)
(1, 31, -105)
(0, 31, -105)
(0, 31, -106)
(1, 30, -107)
(0, 30, -106)
(0, 30, -105)
(1, 29, -105)
(0, 29, -104)
(1, 28, -104)
(0, 28, -104)
(0, 28, -105)
(1, 28, -106)
(1, 28, -107)
(0, 29, -107)
(1, 29, -108)
(1, 29, -109)
(0, 30, -109)
(1, 30, -110)
(1, 30, -111)
(0, 31, -111)
(1, 31, -111)
(0, 32, -111)
(1, 32, -112)
(1, 32, -113)
(1, 32, -114)
(1, 32, -115)
(0, 33, -115)
(0, 33, -116)
(1, 33, -117)
(0, 34, -117)
(1, 34, -117)
(1, 34, -116)
(0, 34, -115)
(0, 34, -114)
(0, 34, -113)
(1, 34, -113)
(0, 35, -113)
(0, 35, -114)
(1, 35, -115)
(1, 35, -116)
(1, 35, -117)
(0, 36, -117)
(0, 36, -118)
(1, 35, -119)
(0, 35, -119)
(0, 35, -120)
(1, 34, -121)
(1, 34, -122)
(0, 35, -122)
(1, 35, -123)
(0, 36, -123)
(1, 36, -123)
(0, 37, -123)
(0, 37, -124)
(1, 36, -125)
(0, 36, -125)
(1, 35, -126)
(1, 35, -127)
(1, 35, -128)
(0, 35, -128)
(0, 35, -129)
(1, 35, -130)
(0, 36, -130)
(1, 36, -130)
(0, 37, -129)
(1, 37, -130)
(0, 38, -130)
(1, 38, -130)
(0, 39, -130)
(1, 39, -130)
(0, 40, -129)
(0, 40, -128)
(1, 39, -128)
(0, 39, -128)
(1, 38, -128)
(1, 38, -127)
(1, 38, -126)
(1, 38, -125)
(0, 38, -124)
(0, 38, -123)
(1, 38, -123)
(0, 39, -123)
(1, 39, -123)
(1, 39, -122)
(0, 40, -121)
(1, 40, -121)
(0, 41, -121)
(0, 41, -122)
(1, 40, -123)
(1, 40, -124)
(0, 40, -124)
(1, 39, -125)
(1, 39, -126)
(0, 40, -126)
(1, 40, -126)
(0, 41, -126)
(1, 41, -127)
(0, 42, -126)
(0, 42, -125)
(1, 41, -125)
(1, 41, -124)
(0, 42, -123)
(1, 42, -124)
(0, 43, -123)
(1, 43, -123)
(1, 43, -122)
(0, 43, -121)
(1, 42, -121)
(1, 42, -120)
(0, 43, -119)
(0, 43, -118)
(1, 43, -118)
(1, 43, -117)
(1, 43, -116)
(1, 43, -115)
(1, 43, -114)
(1, 43, -113)
(0, 43, -112)
(0, 43, -111)
(0, 43, -110)
(1, 43, -110)
(0, 44, -109)
(1, 44, -110)
(0, 45, -109)
(1, 45, -110)
(0, 46, -110)
(0, 46, -111)
(0, 46, -112)
(0, 46, -113)
(1, 46, -114)
(0, 47, -113)
(0, 47, -112)
(0, 47, -111)
(1, 47, -111)
(0, 48, -110)
(1, 48, -110)
(1, 48, -109)
(0, 48, -108)
(1, 47, -109)
(0, 47, -108)
(0, 47, -107)
(0, 47, -106)
(1, 46, -106)
(0, 46, -106)
(1, 45, -107)
(0, 45, -107)
(1, 44, -107)
(1, 44, -106)
(0, 44, -105)
(0, 44, -104)
(0, 44, -103)
(1, 44, -103)
(1, 44, -102)
(0, 44, -101)
(0, 44, -100)
(1, 43, -100)
(1, 43, -99)
(0, 44, -98)
(1, 44, -98)
(1, 44, -97)
(1, 44, -96)
(0, 44, -95)
(1, 43, -95)
(1, 43, -94)
(0, 43, -93)
(0, 43, -92)
(0, 43, -91)
(1, 42, -91)
(0, 42, -90)
(0, 42, -89)
(0, 42, -88)
(1, 41, -88)
(1, 41, -87)
(0, 42, -86)
(0, 42, -85)
(0, 42, -84)
(1, 42, -84)
(1, 42, -83)
(1, 42, -82)
(0, 42, -81)
(1, 41, -82)
(0, 41, -81)
(0, 41, -80)
(1, 41, -80)
(0, 42, -79)
(1, 42, -80)
(0, 43, -79)
(1, 43, -80)
(0, 44, -80)
(1, 44, -81)
(0, 45, -81)
(1, 45, -82)
(0, 46, -82)
(0, 46, -83)
(1, 45, -84)
(1, 45, -85)
(0, 45, -85)
(0, 45, -86)
(1, 44, -87)
(0, 44, -86)
(0, 44, -85)
(1, 43, -85)
(0, 43, -85)
(0, 43, -86)
(0, 43, -87)
(1, 43, -88)
(1, 43, -89)
(0, 44, -89)
(0, 44, -90)
(0, 44, -91)
(0, 44, -92)
(1, 44, -93)
(0, 45, -92)
(1, 45, -93)
(0, 46, -93)
(1, 46, -93)
(0, 47, -92)
(1, 47, -93)
(1, 47, -94)
(0, 48, -94)
(0, 48, -95)
(1, 47, -96)
(0, 47, -95)
(1, 46, -95)
(0, 46, -95)
(0, 46, -96)
(0, 46, -97)
(1, 45, -98)
(1, 45, -99)
(1, 45, -100)
(1, 45, -101)
(0, 46, -101)
(0, 46, -102)
(0, 46, -103)
(1, 46, -104)
(0, 47, -103)
(1, 47, -104)
(0, 48, -104)
(1, 48, -105)
(1, 48, -106)
(0, 49, -106)
(0, 49, -107)
(1, 49, -108)
(1, 49, -109)
(0, 50, -109)
(1, 50, -109)
(1, 50, -108)
(0, 51, -107)
(0, 51, -106)
(0, 51, -105)
(1, 51, -105)
(0, 52, -105)
(1, 52, -105)
(1, 52, -104)
(0, 52, -103)
(0, 52, -102)
(0, 52, -101)
(0, 52, -100)
(1, 52, -100)
(0, 53, -99)
(0, 53, -98)
(1, 53, -98)
(1, 53, -97)
(0, 53, -96)
(1, 52, -97)
(0, 52, -96)
(1, 51, -97)
(0, 51, -97)
(1, 50, -98)
(0, 50, -98)
(1, 49, -99)
(1, 49, -100)
(0, 50, -100)
(1, 50, -101)
(1, 50, -102)
(0, 50, -102)
(0, 50, -103)
(1, 49, -104)
(0, 49, -103)
(1, 48, -103)
(1, 48, -102)
(0, 48, -101)
(1, 47, -101)
(0, 47, -100)
(0, 47, -99)
(1, 47, -99)
(0, 48, -99)
(1, 48, -99)
(1, 48, -98)
(0, 49, -97)
(1, 49, -97)
(0, 50, -96)
(0, 50, -95)
(1, 50, -95)
(0, 51, -95)
(1, 51, -95)
(1, 51, -94)
(0, 51, -93)
(0, 51, -92)
(0, 51, -91)
(0, 51, -90)
(1, 50, -90)
(1, 50, -89)
(1, 50, -88)
(0, 51, -87)
(1, 51, -88)
(1, 51, -89)
(0, 52, -89)
(1, 52, -90)
(1, 52, -91)
(0, 53, -91)
(1, 53, -92)
(0, 54, -92)
(0, 54, -93)
(1, 54, -94)
(0, 55, -94)
(0, 55, -95)
(0, 55, -96)
(1, 55, -97)
(0, 56, -96)
(1, 56, -96)
(0, 57, -95)
(0, 57, -94)
(1, 57, -94)
(0, 58, -94)
(1, 58, -94)
(0, 59, -94)
(0, 59, -95)
(1, 59, -96)
(0, 60, -96)
(1, 60, -96)
(1, 60, -95)
(0, 61, -94)
(1, 61, -95)
(0, 62, -94)
(1, 62, -95)
(0, 63, -95)
(1, 63, -96)
(1, 63, -97)
(1, 63, -98)
(0, 64, -98)
(0, 64, -99)
(1, 64, -100)
(1, 64, -101)
(1, 64, -102)
(1, 64, -103)
(1, 64, -104)
(0, 65, -104)
(1, 65, -105)
(0, 66, -104)
(0, 66, -103)
(1, 66, -103)
(0, 67, -102)
(0, 67, -101)
(1, 66, -101)
(1, 66, -100)
(0, 67, -99)
(1, 67, -100)
(0, 68, -99)
(1, 68, -100)
(1, 68, -101)
(1, 68, -102)
(0, 69, -102)
(1, 69, -102)
(1, 69, -101)
(0, 70, -100)
(1, 70, -100)
(1, 70, -99)
(0, 70, -98)
(1, 69, -98)
(1, 69, -97)
(0, 70, -96)
(1, 70, -97)
(0, 71, -97)
(1, 71, -97)
(0, 72, -97)
(0, 72, -98)
(1, 72, -99)
(0, 73, -98)
(1, 73, -99)
(0, 74, -98)
(0, 74, -97)
(1, 74, -97)
(0, 75, -96)
(1, 75, -97)
(0, 76, -96)
(1, 76, -96)
(0, 77, -96)
(1, 77, -96)
(0, 78, -95)
(1, 78, -96)
(1, 78, -97)
(1, 78, -98)
(0, 79, -98)
(0, 79, -99)
(0, 79, -100)
(0, 79, -101)
(1, 78, -102)
(1, 78, -103)
(0, 79, -103)
(1, 79, -104)
(0, 80, -104)
(0, 80, -105)
(1, 79, -106)
(0, 79, -105)
(1, 78, -105)
(0, 78, -104)
(1, 77, -105)
(0, 77, -104)
(0, 77, -103)
(0, 77, -102)
(0, 77, -101)
(1, 76, -101)
(0, 76, -101)
(0, 76, -102)
(0, 76, -103)
(1, 75, -104)
(1, 75, -105)
(1, 75, -106)
(0, 75, -106)
(0, 75, -107)
(0, 75, -108)
(0, 75, -109)
(1, 74, -110)
(0, 74, -110)
(0, 74, -111)
(0, 74, -112)
(0, 74, -113)
(1, 74, -114)
(0, 75, -114)
(0, 75, -115)
(1, 74, -116)
(0, 74, -115)
(1, 73, -115)
(0, 73, -114)
(1, 72, -114)
(0, 72, -114)
(1, 71, -115)
(0, 71, -114)
(1, 70, -114)
(1, 70, -113)
(0, 70, -112)
(0, 70, -111)
(1, 70, -111)
(1, 70, -110)
(0, 71, -109)
(0, 71, -108)
(0, 71, -107)
(1, 71, -107)
(1, 71, -106)
(0, 72, -105)
(1, 72, -105)
(1, 72, -104)
(0, 73, -103)
(0, 73, -102)
(1, 72, -102)
(0, 72, -102)
(1, 71, -102)
(0, 71, -102)
(1, 70, -103)
(1, 70, -104)
(0, 70, -104)
(0, 70, -105)
(1, 69, -106)
(0, 69, -105)
(1, 68, -106)
(0, 68, -105)
(1, 67, -105)
(0, 67, -105)
(0, 67, -106)
(1, 67, -107)
(1, 67, -108)
(1, 67, -109)
(1, 67, -110)
(1, 67, -111)
(1, 67, -112)
(0, 68, -112)
(1, 68, -113)
(1, 68, -114)
(0, 68, -114)
(1, 67, -114)
(0, 67, -113)
(1, 66, -114)
(0, 66, -114)
(0, 66, -115)
(0, 66, -116)
(0, 66, -117)
(0, 66, -118)
(1, 66, -119)
(0, 67, -118)
(1, 67, -118)
(0, 68, -117)
(1, 68, -117)
(1, 68, -116)
(0, 69, -115)
(1, 69, -115)
(0, 70, -115)
(1, 70, -116)
(0, 71, -116)
(1, 71, -117)
(1, 71, -118)
(1, 71, -119)
(1, 71, -120)
(0, 72, -120)
(0, 72, -121)
(1, 72, -122)
(1, 72, -123)
(0, 72, -123)
(1, 71, -124)
(0, 71, -124)
(0, 71, -125)
(0, 71, -126)
(1, 70, -127)
(0, 70, -126)
(0, 70, -125)
(0, 70, -124)
(1, 69, -124)
(0, 69, -123)
(0, 69, -122)
(1, 69, -122)
(0, 70, -121)
(0, 70, -120)
(0, 70, -119)
(1, 69, -119)
(0, 69, -118)
(1, 68, -119)
(0, 68, -119)
(1, 67, -120)
(1, 67, -121)
(0, 67, -121)
(1, 66, -122)
(1, 66, -123)
(1, 66, -124)
(1, 66, -125)
(0, 67, -125)
(1, 67, -125)
(0, 68, -124)
(1, 68, -125)
(1, 68, -126)
(0, 68, -126)
(0, 68, -127)
(1, 67, -128)
(0, 67, -127)
(1, 66, -128)
(1, 66, -129)
(1, 66, -130)
(0, 67, -130)
(0, 67, -131)
(0, 67, -132)
(0, 67, -133)
(1, 66, -134)
(1, 66, -135)
(0, 66, -135)
(1, 65, -136)
(0, 65, -136)
(1, 64, -136)
(0, 64, -135)
(1, 63, -136)
(1, 63, -137)
(0, 64, -137)
(1, 64, -138)
(0, 65, -138)
(1, 65, -138)
(0, 66, -137)
(1, 66, -138)
(0, 67, -137)
(1, 67, -137)
(0, 68, -136)
(1, 68, -136)
(0, 69, -136)
(1, 69, -137)
(1, 69, -138)
(0, 70, -138)
(0, 70, -139)
(0, 70, -140)
(0, 70, -141)
(1, 70, -142)
(0, 71, -142)
(1, 71, -143)
(1, 71, -144)
(1, 71, -145)
(0, 72, -145)
(1, 72, -145)
(0, 73, -144)
(0, 73, -143)
(0, 73, -142)
(1, 73, -142)
(1, 73, -141)
(1, 73, -140)
(0, 73, -139)
(1, 72, -139)
(0, 72, -138)
(1, 71, -138)
(0, 71, -137)
(0, 71, -136)
(1, 71, -136)
(0, 72, -136)
(1, 72, -136)
(0, 73, -136)
(1, 73, -137)
(0, 74, -137)
(1, 74, -137)
(0, 75, -137)
(1, 75, -137)
(1, 75, -136)
(0, 75, -135)
(1, 74, -135)
(0, 74, -135)
(1, 73, -135)
(1, 73, -134)
(0, 73, -133)
(1, 72, -134)
(0, 72, -134)
(1, 71, -134)
(0, 71, -134)
(1, 70, -134)
(0, 70, -134)
(1, 69, -134)
(0, 69, -133)
(0, 69, -132)
(0, 69, -131)
(1, 69, -131)
(0, 70, -131)
(1, 70, -131)
(0, 71, -130)
(1, 71, -130)
(1, 71, -129)
(0, 72, -128)
(0, 72, -127)
(0, 72, -126)
(0, 72, -125)
(1, 72, -125)
(0, 73, -125)
(1, 73, -126)
(0, 74, -126)
(1, 74, -127)
(0, 75, -127)
(0, 75, -128)
(0, 75, -129)
(0, 75, -130)
(1, 75, -131)
(0, 76, -131)
(1, 76, -131)
(1, 76, -130)
(1, 76, -129)
(0, 76, -128)
(0, 76, -127)
(0, 76, -126)
(1, 75, -126)
(0, 75, -125)
(0, 75, -124)
(1, 74, -124)
(1, 74, -123)
(1, 74, -122)
(0, 74, -121)
(1, 73, -121)
(1, 73, -120)
(0, 74, -119)
(1, 74, -119)
(1, 74, -118)
(0, 75, -117)
(1, 75, -117)
(0, 76, -117)
(1, 76, -117)
(0, 77, -117)
(1, 77, -117)
(1, 77, -116)
(0, 78, -115)
(1, 78, -116)
(0, 79, -115)
(1, 79, -115)
(1, 79, -114)
(0, 80, -113)
(0, 80, -112)
(1, 79, -112)
(0, 79, -111)
(1, 78, -112)
(1, 78, -113)
(0, 78, -113)
(1, 77, -113)
(1, 77, -112)
(1, 77, -111)
(1, 77, -110)
(0, 78, -109)
(1, 78, -110)
(0, 79, -109)
(1, 79, -110)
(0, 80, -109)
(0, 80, -108)
(0, 80, -107)
(1, 80, -107)
(0, 81, -106)
(0, 81, -105)
(1, 81, -105)
(1, 81, -104)
(0, 82, -103)
(1, 82, -104)
(1, 82, -105)
(0, 83, -105)
(0, 83, -106)
(1, 83, -107)
(0, 84, -107)
(1, 84, -108)
(0, 85, -107)
(0, 85, -106)
(0, 85, -105)
(1, 84, -105)
(0, 84, -104)
(0, 84, -103)
(1, 84, -103)
(0, 85, -102)
(0, 85, -101)
(1, 85, -101)
(1, 85, -100)
(0, 86, -99)
(1, 86, -100)
(0, 87, -100)
(0, 87, -101)
(1, 87, -102)
(1, 87, -103)
(1, 87, -104)
(0, 88, -104)
(0, 88, -105)
(0, 88, -106)
(0, 88, -107)
(0, 88, -108)
(1, 87, -109)
(1, 87, -110)
(0, 88, -110)
(1, 88, -110)
(0, 89, -109)
(1, 89, -109)
(0, 90, -109)
(0, 90, -110)
(0, 90, -111)
(1, 90, -112)
(0, 91, -112)
(1, 91, -112)
(0, 92, -112)
(1, 92, -113)
(0, 93, -113)
(1, 93, -114)
(0, 94, -114)
(0, 94, -115)
(1, 94, -116)
(1, 94, -117)
(0, 94, -117)
(0, 94, -118)
(0, 94, -119)
(0, 94, -120)
(1, 93, -121)
(0, 93, -121)
(1, 92, -121)
(0, 92, -121)
(1, 91, -122)
(0, 91, -122)
(1, 90, -123)
(0, 90, -122)
(1, 89, -122)
(0, 89, -122)
(1, 88, -123)
(0, 88, -123)
(1, 87, -124)
(1, 87, -125)
(0, 88, -125)
(0, 88, -126)
(1, 87, -127)
(0, 87, -126)
(1, 86, -126)
(0, 86, -126)
(0, 86, -127)
(1, 86, -128)
(0, 87, -128)
(1, 87, -129)
(0, 88, -129)
(0, 88, -130)
(0, 88, -131)
(0, 88, -132)
(1, 88, -133)
(0, 89, -132)
(0, 89, -131)
(0, 89, -130)
(0, 89, -129)
(0, 89, -128)
(1, 89, -128)
(0, 90, -127)
(0, 90, -126)
(0, 90, -125)
(1, 90, -125)
(0, 91, -124)
(1, 91, -125)
(0, 92, -124)
(1, 92, -124)
(0, 93, -124)
(1, 93, -125)
(0, 94, -124)
(0, 94, -123)
(1, 94, -123)
(0, 95, -123)
(1, 95, -124)
(0, 96, -124)
(1, 96, -125)
(0, 97, -124)
(1, 97, -124)
(1, 97, -123)
(0, 98, -122)
(0, 98, -121)
(1, 98, -121)
(1, 98, -120)
(0, 98, -119)
(1, 97, -119)
(1, 97, -118)
(0, 97, -117)
(1, 96, -118)
(1, 96, -119)
(0, 96, -119)
(1, 95, -119)
(1, 95, -118)
(1, 95, -117)
(1, 95, -116)
(0, 96, -115)
(1, 96, -116)
(0, 97, -115)
(1, 97, -116)
(0, 98, -115)
(0, 98, -114)
(0, 98, -113)
(0, 98, -112)
(1, 97, -112)
(0, 97, -112)
(1, 96, -113)
(0, 96, -112)
(0, 96, -111)
(0, 96, -110)
(1, 96, -110)
(0, 97, -110)
(1, 97, -110)
(0, 98, -110)
(1, 98, -110)
(0, 99, -110)
(1, 99, -110)
(0, 100, -110)
(0, 100, -111)
(0, 100, -112)
(1, 99, -113)
(1, 99, -114)
(1, 99, -115)
(0, 100, -115)
(0, 100, -116)
(1, 99, -117)
(0, 99, -117)
(0, 99, -118)
(1, 99, -119)
(0, 100, -118)
(1, 100, -119)
(1, 100, -120)
(0, 100, -120)
(0, 100, -121)
(1, 100, -122)
(1, 100, -123)
(1, 100, -124)
(0, 100, -124)
(1, 99, -125)
(0, 99, -124)
(1, 98, -125)
(0, 98, -125)
(1, 97, -126)
(0, 97, -126)
(1, 96, -127)
(1, 96, -128)
(0, 97, -128)
(1, 97, -129)
(0, 98, -128)
(1, 98, -128)
(0, 99, -127)
(1, 99, -128)
(0, 100, -127)
(1, 100, -128)
(1, 100, -129)
(0, 100, -129)
(0, 100, -130)
(1, 99, -131)
(0, 99, -131)
(1, 98, -132)
(0, 98, -131)
(1, 97, -131)
(0, 97, -130)
(1, 96, -131)
(1, 96, -132)
(1, 96, -133)
(0, 97, -133)
(1, 97, -133)
(0, 98, -133)
(1, 98, -134)
(1, 98, -135)
(0, 99, -135)
(0, 99, -136)
(0, 99, -137)
(1, 98, -138)
(1, 98, -139)
(1, 98, -140)
(1, 98, -141)
(0, 98, -141)
(0, 98, -142)
(1, 98, -143)
(0, 99, -143)
(0, 99, -144)
(1, 99, -145)
(1, 99, -146)
(0, 99, -146)
(1, 98, -147)
(0, 98, -146)
(1, 97, -146)
(0, 97, -145)
(1, 96, -145)
(0, 96, -145)
(1, 95, -145)
(1, 95, -144)
(1, 95, -143)
(0, 95, -142)
(0, 95, -141)
(0, 95, -140)
(1, 95, -140)
(1, 95, -139)
(1, 95, -138)
(0, 95, -137)
(1, 94, -137)
(0, 94, -137)
(1, 93, -137)
(0, 93, -137)
(0, 93, -138)
(1, 93, -139)
(1, 93, -140)
(1, 93, -141)
(0, 93, -141)
(1, 92, -141)
(1, 92, -140)
(0, 92, -139)
(1, 91, -139)
(0, 91, -138)
(1, 90, -138)
(0, 90, -137)
(1, 89, -138)
(0, 89, -137)
(1, 88, -137)
(1, 88, -136)
(0, 88, -135)
(0, 88, -134)
(1, 87, -134)
(0, 87, -134)
(1, 86, -134)
(0, 86, -133)
(1, 85, -133)
(0, 85, -132)
(1, 84, -133)
(0, 84, -133)
(1, 83, -134)
(0, 83, -134)
(0, 83, -135)
(1, 83, -136)
(0, 84, -135)
(1, 84, -136)
(0, 85, -136)
(0, 85, -137)
(0, 85, -138)
(0, 85, -139)
(1, 84, -140)
(0, 84, -139)
(1, 83, -139)
(0, 83, -138)
(1, 82, -139)
(0, 82, -139)
(0, 82, -140)
(1, 82, -141)
(0, 83, -140)
(1, 83, -141)
(0, 84, -141)
(1, 84, -142)
(0, 85, -141)
(1, 85, -142)
(0, 86, -141)
(1, 86, -141)
(1, 86, -140)
(0, 87, -139)
(1, 87, -140)
(0, 88, -139)
(1, 88, -140)
(1, 88, -141)
(0, 88, -141)
(1, 87, -142)
(1, 87, -143)
(0, 87, -143)
(1, 86, -144)
(1, 86, -145)
(1, 86, -146)
(1, 86, -147)
(0, 87, -147)
(0, 87, -148)
(1, 86, -149)
(0, 86, -149)
(0, 86, -150)
(1, 86, -151)
(1, 86, -152)
(0, 87, -152)
(1, 87, -153)
(1, 87, -154)
(1, 87, -155)
(1, 87, -156)
(1, 87, -157)
(0, 87, -157)
(0, 87, -158)
(1, 87, -159)
(0, 88, -159)
(1, 88, -159)
(0, 89, -158)
(0, 89, -157)
(1, 89, -157)
(1, 89, -156)
(1, 89, -155)
(0, 90, -154)
(0, 90, -153)
(1, 90, -153)
(0, 91, -152)
(1, 91, -153)
(0, 92, -152)
(1, 92, -152)
(0, 93, -151)
(1, 93, -152)
(0, 94, -152)
(1, 94, -152)
(1, 94, -151)
(1, 94, -150)
(0, 94, -149)
(0, 94, -148)
(0, 94, -147)
(1, 94, -147)
(0, 95, -146)
(1, 95, -147)
(0, 96, -147)
(1, 96, -147)
(0, 97, -147)
(0, 97, -148)
(1, 96, -149)
(1, 96, -150)
(0, 96, -150)
(0, 96, -151)
(1, 96, -152)
(1, 96, -153)
(0, 97, -153)
(1, 97, -154)
(1, 97, -155)
(0, 97, -155)
(0, 97, -156)
(1, 96, -157)
(1, 96, -158)
(0, 96, -158)
(1, 95, -159)
(1, 95, -160)
(0, 95, -160)
(1, 94, -161)
(0, 94, -161)
(1, 93, -162)
(0, 93, -161)
(0, 93, -160)
(1, 92, -160)
(0, 92, -159)
(1, 91, -159)
(0, 91, -158)
(1, 90, -159)
(1, 90, -160)
(1, 90, -161)
(1, 90, -162)
(0, 91, -162)
(1, 91, -163)
(1, 91, -164)
(1, 91, -165)
(0, 92, -165)
(0, 92, -166)
(0, 92, -167)
(1, 91, -168)
(0, 91, -167)
(0, 91, -166)
(1, 90, -166)
(0, 90, -166)
(1, 89, -166)
(0, 89, -166)
(0, 89, -167)
(0, 89, -168)
(1, 89, -169)
(1, 89, -170)
(0, 90, -170)
(1, 90, -171)
(0, 91, -171)
(1, 91, -172)
(0, 92, -171)
(1, 92, -171)
(0, 93, -171)
(0, 93, -172)
(0, 93, -173)
(1, 92, -174)
(1, 92, -175)
(0, 92, -175)
(1, 91, -176)
(1, 91, -177)
(0, 92, -177)
(1, 92, -178)
(0, 93, -178)
(1, 93, -178)
(1, 93, -177)
(1, 93, -176)
(1, 93, -175)
(0, 94, -174)
(1, 94, -174)
(0, 95, -174)
(1, 95, -175)
(0, 96, -175)
(1, 96, -175)
(0, 97, -175)
(0, 97, -176)
(1, 96, -177)
(1, 96, -178)
(1, 96, -179)
(0, 97, -179)
(1, 97, -180)
(0, 98, -179)
(1, 98, -180)
(1, 98, -181)
(1, 98, -182)
(0, 98, -182)
(1, 97, -183)
(0, 97, -183)
(1, 96, -183)
(0, 96, -183)
(1, 95, -184)
(0, 95, -183)
(0, 95, -182)
(0, 95, -181)
(1, 94, -181)
(0, 94, -180)
(1, 93, -181)
(0, 93, -181)
(0, 93, -182)
(1, 93, -183)
(0, 94, -183)
(0, 94, -184)
(1, 94, -185)
(1, 94, -186)
(0, 95, -186)
(0, 95, -187)
(0, 95, -188)
(0, 95, -189)
(0, 95, -190)
(1, 95, -191)
(1, 95, -192)
(1, 95, -193)
(0, 95, -193)
(1, 94, -193)
(0, 94, -193)
(0, 94, -194)
(1, 94, -195)
(0, 95, -195)
(1, 95, -196)
(0, 96, -196)
(1, 96, -196)
(0, 97, -195)
(0, 97, -194)
(1, 96, -194)
(1, 96, -193)
(0, 97, -192)
(1, 97, -192)
(0, 98, -191)
(1, 98, -192)
(0, 99, -191)
(0, 99, -190)
(1, 99, -190)
(0, 100, -189)
(1, 100, -190)
(1, 100, -191)
(0, 100, -191)
(0, 100, -192)
(0, 100, -193)
(1, 99, -194)
(0, 99, -194)
(0, 99, -195)
(0, 99, -196)
(1, 98, -197)
(0, 98, -197)
(1, 97, -198)
(0, 97, -198)
(0, 97, -199)
(1, 96, -200)
(0, 96, -200)
(1, 95, -200)
(0, 95, -200)
(1, 94, -200)
(0, 94, -199)
(0, 94, -198)
(0, 94, -197)
(1, 93, -197)
(1, 93, -196)
(0, 93, -195)
(1, 92, -195)
(1, 92, -194)
(0, 93, -193)
(0, 93, -192)
(1, 93, -192)
(1, 93, -191)
(0, 94, -190)
(0, 94, -189)
(0, 94, -188)
(1, 93, -188)
(0, 93, -187)
(1, 92, -188)
(1, 92, -189)
(1, 92, -190)
(1, 92, -191)
(0, 92, -191)
(0, 92, -192)
(1, 91, -193)
(0, 91, -193)
(1, 90, -194)
(1, 90, -195)
(1, 90, -196)
(0, 91, -196)
(1, 91, -197)
(0, 92, -196)
(1, 92, -197)
(1, 92, -198)
(0, 92, -198)
(0, 92, -199)
(1, 91, -200)
(0, 91, -199)
(1, 90, -199)
(1, 90, -198)
(0, 90, -197)
(1, 89, -198)
(0, 89, -197)
(0, 89, -196)
(1, 89, -196)
(1, 89, -195)
(1, 89, -194)
(1, 89, -193)
(1, 89, -192)
(0, 90, -191)
(1, 90, -192)
(0, 91, -191)
(0, 91, -190)
(1, 91, -190)
(1, 91, -189)
(0, 91, -188)
(0, 91, -187)
(0, 91, -186)
(1, 90, -186)
(1, 90, -185)
(0, 90, -184)
(0, 90, -183)
(1, 89, -183)
(0, 89, -182)
(1, 88, -183)
(0, 88, -183)
(1, 87, -183)
(0, 87, -183)
(0, 87, -184)
(1, 86, -185)
(0, 86, -184)
(1, 85, -184)
(0, 85, -183)
(1, 84, -184)
(0, 84, -184)
(1, 83, -184)
(0, 83, -183)
(1, 82, -183)
(1, 82, -182)
(0, 82, -181)
(1, 81, -182)
(0, 81, -181)
(1, 80, -181)
(0, 80, -181)
(1, 79, -181)
(0, 79, -180)
(1, 78, -180)
(0, 78, -180)
(1, 77, -181)
(0, 77, -180)
(0, 77, -179)
(0, 77, -178)
(1, 77, -178)
(0, 78, -178)
(1, 78, -178)
(0, 79, -178)
(1, 79, -178)
(1, 79, -177)
(1, 79, -176)
(0, 80, -175)
(0, 80, -174)
(1, 79, -174)
(1, 79, -173)
(0, 80, -172)
(1, 80, -173)
(0, 81, -172)
(0, 81, -171)
(0, 81, -170)
(1, 80, -170)
(1, 80, -169)
(0, 81, -168)
(1, 81, -168)
(1, 81, -167)
(1, 81, -166)
(1, 81, -165)
(1, 81, -164)
(0, 82, -163)
(0, 82, -162)
(0, 82, -161)
(0, 82, -160)
(1, 81, -160)
(1, 81, -159)
(0, 82, -158)
(0, 82, -157)
(1, 82, -157)
(0, 83, -156)
(0, 83, -155)
(1, 83, -155)
(1, 83, -154)
(0, 84, -153)
(0, 84, -152)
(1, 83, -152)
(1, 83, -151)
(1, 83, -150)
(0, 83, -149)
(1, 82, -149)
(0, 82, -148)
(1, 81, -148)
(0, 81, -148)
(1, 80, -149)
(0, 80, -149)
(1, 79, -150)
(0, 79, -149)
(1, 78, -149)
(1, 78, -148)
(0, 79, -147)
(1, 79, -147)
(1, 79, -146)
(0, 80, -145)
(0, 80, -144)
(1, 80, -144)
(0, 81, -144)
(0, 81, -145)
(1, 81, -146)
(0, 82, -146)
(1, 82, -146)
(0, 83, -146)
(1, 83, -147)
(0, 84, -147)
(1, 84, -148)
(0, 85, -147)
(1, 85, -147)
(1, 85, -146)
(0, 85, -145)
(1, 84, -146)
(0, 84, -145)
(0, 84, -144)
(0, 84, -143)
(1, 83, -143)
(0, 83, -143)
(1, 82, -144)
(0, 82, -143)
(1, 81, -143)
(1, 81, -142)
(0, 81, -141)
(1, 80, -141)
(1, 80, -140)
(0, 81, -139)
(0, 81, -138)
(1, 81, -138)
(0, 82, -137)
(0, 82, -136)
(1, 81, -136)
(1, 81, -135)
(0, 81, -134)
(1, 80, -135)
(1, 80, -136)
(0, 80, -136)
(0, 80, -137)
(1, 79, -138)
(0, 79, -137)
(0, 79, -136)
(1, 78, -136)
(1, 78, -135)
(0, 78, -134)
(1, 77, -134)
(0, 77, -134)
(0, 77, -135)
(1, 76, -136)
(1, 76, -137)
(1, 76, -138)
(0, 76, -138)
(0, 76, -139)
(0, 76, -140)
(1, 75, -141)
(0, 75, -141)
(1, 74, -142)
(1, 74, -143)
(0, 74, -143)
(0, 74, -144)
(0, 74, -145)
(0, 74, -146)
(1, 74, -147)
(1, 74, -148)
(0, 74, -148)
(1, 73, -149)
(1, 73, -150)
(1, 73, -151)
(0, 74, -151)
(1, 74, -151)
(0, 75, -150)
(1, 75, -151)
(0, 76, -151)
(1, 76, -152)
(0, 77, -152)
(0, 77, -153)
(1, 77, -154)
(0, 78, -154)
(1, 78, -154)
(0, 79, -153)
(1, 79, -153)
(1, 79, -152)
(0, 80, -151)
(1, 80, -152)
(0, 81, -151)
(0, 81, -150)
(1, 81, -150)
(0, 82, -150)
(0, 82, -151)
(0, 82, -152)
(1, 82, -153)
(1, 82, -154)
(0, 82, -154)
(0, 82, -155)
(1, 81, -156)
(0, 81, -156)
(1, 80, -156)
(1, 80, -155)
(0, 80, -154)
(1, 79, -155)
(1, 79, -156)
(1, 79, -157)
(0, 80, -157)
(0, 80, -158)
(1, 79, -159)
(0, 79, -158)
(1, 78, -158)
(0, 78, -157)
(0, 78, -156)
(1, 77, -156)
(0, 77, -156)
(1, 76, -156)
(0, 76, -156)
(1, 75, -156)
(1, 75, -155)
(0, 75, -154)
(0, 75, -153)
(1, 74, -153)
(0, 74, -153)
(1, 73, -154)
(0, 73, -154)
(0, 73, -155)
(1, 73, -156)
(0, 74, -156)
(0, 74, -157)
(0, 74, -158)
(1, 74, -159)
(1, 74, -160)
(0, 74, -160)
(0, 74, -161)
(1, 73, -162)
(0, 73, -162)
(0, 73, -163)
(1, 73, -164)
(0, 74, -164)
(1, 74, -164)
(0, 75, -163)
(1, 75, -163)
(0, 76, -163)
(0, 76, -164)
(0, 76, -165)
(0, 76, -166)
(1, 76, -167)
(0, 77, -167)
(0, 77, -168)
(1, 76, -169)
(0, 76, -169)
(1, 75, -170)
(0, 75, -170)
(0, 75, -171)
(0, 75, -172)
(1, 74, -173)
(0, 74, -173)
(0, 74, -174)
(1, 74, -175)
(1, 74, -176)
(0, 74, -176)
(1, 73, -176)
(0, 73, -175)
(1, 72, -176)
(0, 72, -176)
(0, 72, -177)
(0, 72, -178)
(0, 72, -179)
(0, 72, -180)
(1, 72, -181)
(0, 73, -181)
(1, 73, -181)
(0, 74, -180)
(0, 74, -179)
(1, 74, -179)
(1, 74, -178)
(0, 75, -177)
(1, 75, -177)
(0, 76, -177)
(0, 76, -178)
(0, 76, -179)
(1, 75, -180)
(1, 75, -181)
(0, 75, -181)
(0, 75, -182)
(0, 75, -183)
(1, 74, -184)
(0, 74, -183)
(1, 73, -184)
(1, 73, -185)
(0, 74, -185)
(0, 74, -186)
(1, 74, -187)
(1, 74, -188)
(1, 74, -189)
(1, 74, -190)
(0, 75, -190)
(1, 75, -191)
(1, 75, -192)
(0, 76, -192)
(1, 76, -192)
(0, 77, -192)
(0, 77, -193)
(1, 77, -194)
(0, 78, -193)
(1, 78, -194)
(0, 79, -194)
(1, 79, -195)
(0, 80, -195)
(1, 80, -196)
(0, 81, -196)
(1, 81, -197)
(1, 81, -198)
(0, 81, -198)
(1, 80, -198)
(0, 80, -197)
(1, 79, -197)
(0, 79, -196)
(1, 78, -197)
(0, 78, -197)
(1, 77, -197)
(0, 77, -197)
(1, 76, -198)
(0, 76, -198)
(0, 76, -199)
(1, 75, -200)
(0, 75, -199)
(0, 75, -198)
(1, 74, -198)
(0, 74, -197)
(1, 73, -197)
(0, 73, -197)
(0, 73, -198)
(1, 72, -199)
(0, 72, -199)
(1, 71, -199)
(1, 71, -198)
(0, 71, -197)
(0, 71, -196)
(0, 71, -195)
(0, 71, -194)
(0, 71, -193)
(0, 71, -192)
(1, 70, -192)
(0, 70, -191)
(0, 70, -190)
(1, 70, -190)
(0, 71, -189)
(1, 71, -189)
(0, 72, -189)
(1, 72, -190)
(0, 73, -189)
(0, 73, -188)
(1, 72, -188)
(0, 72, -187)
(0, 72, -186)
(0, 72, -185)
(1, 71, -185)
(0, 71, -184)
(1, 70, -184)
(1, 70, -183)
(1, 70, -182)
(0, 71, -181)
(0, 71, -180)
(0, 71, -179)
(1, 70, -179)
(1, 70, -178)
(1, 70, -177)
(0, 71, -176)
(0, 71, -175)
(1, 71, -175)
(0, 72, -174)
(1, 72, -174)
(1, 72, -173)
(1, 72, -172)
(1, 72, -171)
(0, 72, -170)
(1, 71, -170)
(0, 71, -170)
(0, 71, -171)
(1, 71, -172)
(1, 71, -173)
(0, 71, -173)
(1, 70, -173)
(0, 70, -172)
(0, 70, -171)
(1, 69, -171)
(0, 69, -170)
(1, 68, -171)
(0, 68, -171)
(0, 68, -172)
(0, 68, -173)
(1, 67, -174)
(1, 67, -175)
(0, 68, -175)
(0, 68, -176)
(1, 67, -177)
(0, 67, -176)
(1, 66, -177)
(0, 66, -176)
(0, 66, -175)
(1, 66, -175)
(1, 66, -174)
(0, 66, -173)
(0, 66, -172)
(1, 66, -172)
(1, 66, -171)
(1, 66, -170)
(0, 66, -169)
(1, 65, -170)
(0, 65, -170)
(1, 64, -171)
(1, 64, -172)
(1, 64, -173)
(0, 64, -173)
(0, 64, -174)
(0, 64, -175)
(0, 64, -176)
(1, 64, -177)
(1, 64, -178)
(0, 65, -178)
(1, 65, -178)
(0, 66, -178)
(1, 66, -179)
(1, 66, -180)
(0, 66, -180)
(1, 65, -181)
(1, 65, -182)
(0, 65, -182)
(1, 64, -183)
(1, 64, -184)
(0, 65, -184)
(1, 65, -185)
(1, 65, -186)
(0, 66, -186)
(1, 66, -186)
(0, 67, -186)
(1, 67, -186)
(0, 68, -186)
(1, 68, -186)
(0, 69, -186)
(1, 69, -187)
(0, 70, -187)
(0, 70, -188)
(1, 69, -189)
(0, 69, -188)
(1, 68, -189)
(1, 68, -190)
(1, 68, -191)
(0, 68, -191)
(0, 68, -192)
(1, 68, -193)
(0, 69, -192)
(1, 69, -193)
(1, 69, -194)
(0, 70, -194)
(0, 70, -195)
(0, 70, -196)
(0, 70, -197)
(0, 70, -198)
(1, 69, -199)
(0, 69, -199)
(1, 68, -200)
(0, 68, -199)
(1, 67, -200)
(0, 67, -199)
(0, 67, -198)
(0, 67, -197)
(1, 66, -197)
(1, 66, -196)
(1, 66, -195)
(0, 66, -194)
(1, 65, -194)
(1, 65, -193)
(0, 66, -192)
(1, 66, -192)
(0, 67, -191)
(0, 67, -190)
(1, 66, -190)
(1, 66, -189)
(0, 66, -188)
(1, 65, -188)
(0, 65, -187)
(1, 64, -188)
(0, 64, -187)
(0, 64, -186)
(1, 63, -186)
(0, 63, -185)
(1, 62, -186)
(1, 62, -187)
(1, 62, -188)
(0, 63, -188)
(0, 63, -189)
(1, 63, -190)
(0, 64, -190)
(1, 64, -190)
(0, 65, -190)
(0, 65, -191)
(1, 64, -192)
(0, 64, -192)
(1, 63, -192)
(0, 63, -192)
(1, 62, -193)
(0, 62, -193)
(1, 61, -193)
(1, 61, -192)
(0, 61, -191)
(1, 60, -192)
(1, 60, -193)
(1, 60, -194)
(0, 61, -194)
(0, 61, -195)
(0, 61, -196)
(0, 61, -197)
(1, 61, -198)
(0, 62, -197)
(1, 62, -197)
(1, 62, -196)
(1, 62, -195)
(0, 63, -194)
(1, 63, -195)
(0, 64, -195)
(0, 64, -196)
(1, 63, -197)
(1, 63, -198)
(1, 63, -199)
(1, 63, -200)
(0, 63, -200)
(1, 62, -200)
(0, 62, -199)
(1, 61, -200)
(0, 61, -199)
(1, 60, -199)
(0, 60, -198)
(1, 59, -198)
(0, 59, -197)
(1, 58, -197)
(1, 58, -196)
(0, 59, -195)
(0, 59, -194)
(0, 59, -193)
(1, 59, -193)
(1, 59, -192)
(1, 59, -191)
(0, 60, -190)
(1, 60, -190)
(0, 61, -189)
(0, 61, -188)
(0, 61, -187)
(1, 61, -187)
(1, 61, -186)
(1, 61, -185)
(1, 61, -184)
(0, 62, -183)
(1, 62, -184)
(0, 63, -183)
(1, 63, -183)
(1, 63, -182)
(0, 63, -181)
(1, 62, -181)
(1, 62, -180)
(0, 63, -179)
(0, 63, -178)
(0, 63, -177)
(1, 62, -177)
(1, 62, -176)
(0, 63, -175)
(0, 63, -174)
(1, 62, -174)
(0, 62, -174)
(1, 61, -174)
(0, 61, -173)
(1, 60, -173)
(0, 60, -172)
(0, 60, -171)
(1, 59, -171)
(0, 59, -170)
(1, 58, -170)
(1, 58, -169)
(0, 58, -168)
(1, 57, -169)
(0, 57, -168)
(1, 56, -169)
(0, 56, -169)
(0, 56, -170)
(0, 56, -171)
(1, 56, -172)
(1, 56, -173)
(1, 56, -174)
(0, 57, -174)
(1, 57, -174)
(1, 57, -173)
(0, 58, -172)
(1, 58, -173)
(1, 58, -174)
(0, 59, -174)
(0, 59, -175)
(1, 58, -176)
(1, 58, -177)
(0, 59, -177)
(1, 59, -177)
(0, 60, -177)
(0, 60, -178)
(1, 60, -179)
(0, 61, -179)
(0, 61, -180)
(1, 60, -181)
(1, 60, -182)
(0, 60, -182)
(1, 59, -183)
(1, 59, -184)
(0, 59, -184)
(1, 58, -185)
(0, 58, -184)
(0, 58, -183)
(1, 57, -183)
(1, 57, -182)
(0, 58, -181)
(0, 58, -180)
(1, 58, -180)
(1, 58, -179)
(0, 58, -178)
(1, 57, -179)
(0, 57, -178)
(1, 56, -178)
(1, 56, -177)
(0, 56, -176)
(1, 55, -177)
(1, 55, -178)
(1, 55, -179)
(0, 56, -179)
(1, 56, -180)
(1, 56, -181)
(0, 56, -181)
(1, 55, -181)
(0, 55, -181)
(1, 54, -181)
(0, 54, -181)
(0, 54, -182)
(1, 54, -183)
(0, 55, -183)
(0, 55, -184)
(1, 54, -185)
(0, 54, -184)
(1, 53, -184)
(0, 53, -184)
(1, 52, -185)
(0, 52, -184)
(1, 51, -184)
(1, 51, -183)
(0, 51, -182)
(1, 50, -182)
(0, 50, -182)
(1, 49, -183)
(0, 49, -182)
(1, 48, -182)
(0, 48, -181)
(0, 48, -180)
(1, 48, -180)
(1, 48, -179)
(1, 48, -178)
(1, 48, -177)
(0, 48, -176)
(0, 48, -175)
(1, 47, -175)
(0, 47, -174)
(1, 46, -174)
(1, 46, -173)
(1, 46, -172)
(0, 47, -171)
(1, 47, -172)
(1, 47, -173)
(0, 48, -173)
(1, 48, -173)
(1, 48, -172)
(0, 49, -171)
(1, 49, -172)
(1, 49, -173)
(1, 49, -174)
(1, 49, -175)
(1, 49, -176)
(0, 50, -176)
(0, 50, -177)
(1, 49, -178)
(1, 49, -179)
(1, 49, -180)
(0, 50, -180)
(1, 50, -180)
(0, 51, -180)
(1, 51, -180)
(0, 52, -179)
(1, 52, -180)
(0, 53, -179)
(1, 53, -179)
(0, 54, -178)
(1, 54, -178)
(1, 54, -177)
(1, 54, -176)
(0, 55, -175)
(1, 55, -175)
(1, 55, -174)
(1, 55, -173)
(0, 55, -172)
(1, 54, -173)
(0, 54, -173)
(1, 53, -173)
(0, 53, -173)
(1, 52, -173)
(1, 52, -172)
(1, 52, -171)
(0, 53, -170)
(1, 53, -170)
(1, 53, -169)
(1, 53, -168)
(0, 53, -167)
(1, 52, -167)
(1, 52, -166)
(0, 53, -165)
(0, 53, -164)
(1, 52, -164)
(1, 52, -163)
(1, 52, -162)
(0, 53, -161)
(1, 53, -162)
(0, 54, -162)
(0, 54, -163)
(1, 54, -164)
(0, 55, -163)
(1, 55, -164)
(0, 56, -163)
(1, 56, -163)
(1, 56, -162)
(1, 56, -161)
(0, 56, -160)
(1, 55, -160)
(0, 55, -160)
(1, 54, -161)
(0, 54, -160)
(0, 54, -159)
(1, 54, -159)
(0, 55, -158)
(1, 55, -158)
(0, 56, -157)
(1, 56, -158)
(0, 57, -158)
(0, 57, -159)
(1, 57, -160)
(0, 58, -159)
(1, 58, -160)
(0, 59, -159)
(1, 59, -159)
(1, 59, -158)
(0, 60, -157)
(1, 60, -158)
(0, 61, -157)
(1, 61, -158)
(1, 61, -159)
(0, 61, -159)
(0, 61, -160)
(0, 61, -161)
(0, 61, -162)
(0, 61, -163)
(0, 61, -164)
(1, 61, -165)
(0, 62, -164)
(1, 62, -164)
(0, 63, -163)
(0, 63, -162)
(1, 62, -162)
(1, 62, -161)
(0, 63, -160)
(1, 63, -160)
(1, 63, -159)
(0, 63, -158)
(1, 62, -158)
(1, 62, -157)
(0, 63, -156)
(1, 63, -156)
(1, 63, -155)
(0, 63, -154)
(0, 63, -153)
(1, 63, -153)
(0, 64, -153)
(1, 64, -153)
(0, 65, -153)
(0, 65, -154)
(1, 65, -155)
(0, 66, -154)
(0, 66, -153)
(0, 66, -152)
(1, 65, -152)
(0, 65, -151)
(1, 64, -151)
(0, 64, -150)
(1, 63, -151)
(0, 63, -150)
(1, 62, -151)
(1, 62, -152)
(0, 62, -152)
(1, 61, -152)
(0, 61, -152)
(0, 61, -153)
(1, 61, -154)
(0, 62, -154)
(0, 62, -155)
(1, 61, -156)
(0, 61, -155)
(1, 60, -155)
(0, 60, -154)
(0, 60, -153)
(0, 60, -152)
(1, 59, -152)
(0, 59, -151)
(1, 58, -152)
(1, 58, -153)
(0, 59, -153)
(0, 59, -154)
(1, 58, -155)
(0, 58, -155)
(1, 57, -155)
(0, 57, -155)
(1, 56, -155)
(0, 56, -154)
(1, 55, -155)
(0, 55, -155)
(1, 54, -156)
(0, 54, -156)
(1, 53, -157)
(0, 53, -156)
(1, 52, -156)
(0, 52, -156)
(1, 51, -157)
(0, 51, -157)
(1, 50, -158)
(0, 50, -157)
(0, 50, -156)
(1, 50, -156)
(0, 51, -155)
(0, 51, -154)
(1, 50, -154)
(0, 50, -154)
(1, 49, -154)
(0, 49, -153)
(1, 48, -154)
(0, 48, -154)
(0, 48, -155)
(0, 48, -156)
(1, 48, -157)
(1, 48, -158)
(0, 48, -158)
(0, 48, -159)
(0, 48, -160)
(0, 48, -161)
(1, 47, -162)
(0, 47, -162)
(1, 46, -162)
(0, 46, -161)
(0, 46, -160)
(1, 45, -160)
(1, 45, -159)
(1, 45, -158)
(0, 45, -157)
(1, 44, -157)
(0, 44, -156)
(1, 43, -156)
(0, 43, -155)
(0, 43, -154)
(1, 43, -154)
(0, 44, -154)
(1, 44, -154)
(0, 45, -154)
(1, 45, -155)
(0, 46, -155)
(0, 46, -156)
(1, 46, -157)
(0, 47, -156)
(0, 47, -155)
(0, 47, -154)
(1, 46, -154)
(0, 46, -153)
(0, 46, -152)
(1, 46, -152)
(0, 47, -151)
(1, 47, -152)
(0, 48, -151)
(0, 48, -150)
(1, 48, -150)
(1, 48, -149)
(0, 48, -148)
(0, 48, -147)
(1, 47, -147)
(0, 47, -146)
(1, 46, -147)
(0, 46, -147)
(1, 45, -147)
(0, 45, -146)
(1, 44, -146)
(0, 44, -145)
(1, 43, -145)
(0, 43, -144)
(1, 42, -144)
(0, 42, -144)
(0, 42, -145)
(1, 42, -146)
(1, 42, -147)
(0, 42, -147)
(0, 42, -148)
(1, 41, -149)
(0, 41, -149)
(1, 40, -149)
(0, 40, -148)
(1, 39, -148)
(1, 39, -147)
(0, 40, -146)
(0, 40, -145)
(0, 40, -144)
(1, 39, -144)
(0, 39, -143)
(1, 38, -143)
(0, 38, -143)
(0, 38, -144)
(0, 38, -145)
(1, 37, -146)
(0, 37, -145)
(0, 37, -144)
(0, 37, -143)
(1, 36, -143)
(1, 36, -142)
(0, 36, -141)
(1, 35, -141)
(1, 35, -140)
(0, 36, -139)
(1, 36, -140)
(0, 37, -139)
(1, 37, -140)
(0, 38, -140)
(1, 38, -140)
(1, 38, -139)
(0, 39, -138)
(0, 39, -137)
(0, 39, -136)
(0, 39, -135)
(0, 39, -134)
(1, 38, -134)
(1, 38, -133)
(0, 39, -132)
(1, 39, -133)
(0, 40, -133)
(0, 40, -134)
(0, 40, -135)
(0, 40, -136)
(1, 40, -137)
(0, 41, -136)
(1, 41, -137)
(1, 41, -138)
(0, 41, -138)
(0, 41, -139)
(1, 40, -140)
(0, 40, -140)
(0, 40, -141)
(0, 40, -142)
(1, 40, -143)
(0, 41, -142)
(1, 41, -142)
(0, 42, -142)
(1, 42, -142)
(0, 43, -141)
(0, 43, -140)
(1, 43, -140)
(0, 44, -139)
(1, 44, -139)
(0, 45, -139)
(1, 45, -140)
(0, 46, -140)
(1, 46, -141)
(0, 47, -140)
(0, 47, -139)
(1, 46, -139)
(1, 46, -138)
(0, 47, -137)
(0, 47, -136)
(1, 47, -136)
(0, 48, -135)
(1, 48, -136)
(0, 49, -136)
(0, 49, -137)
(0, 49, -138)
(1, 48, -139)
(0, 48, -139)
(0, 48, -140)
(0, 48, -141)
(1, 48, -142)
(0, 49, -141)
(1, 49, -141)
(0, 50, -140)
(1, 50, -140)
(0, 51, -140)
(1, 51, -140)
(0, 52, -140)
(1, 52, -140)
(0, 53, -139)
(1, 53, -139)
(1, 53, -138)
(0, 54, -137)
(0, 54, -136)
(0, 54, -135)
(1, 54, -135)
(0, 55, -134)
(0, 55, -133)
(1, 54, -133)
(1, 54, -132)
(0, 55, -131)
(1, 55, -131)
(0, 56, -130)
(0, 56, -129)
(1, 56, -129)
(1, 56, -128)
(0, 56, -127)
(1, 55, -127)
(0, 55, -126)
(1, 54, -126)
(0, 54, -125)
(1, 53, -125)
(0, 53, -124)
(1, 52, -125)
(1, 52, -126)
(0, 52, -126)
(0, 52, -127)
(1, 51, -128)
(0, 51, -128)
(0, 51, -129)
(0, 51, -130)
(0, 51, -131)
(1, 50, -132)
(1, 50, -133)
(0, 51, -133)
(0, 51, -134)
(1, 50, -135)
(0, 50, -134)
(1, 49, -134)
(0, 49, -133)
(0, 49, -132)
(1, 49, -132)
(1, 49, -131)
(0, 49, -130)
(1, 48, -131)
(0, 48, -130)
(1, 47, -130)
(0, 47, -130)
(1, 46, -131)
(1, 46, -132)
(0, 46, -132)
(1, 45, -132)
(0, 45, -132)
(0, 45, -133)
(0, 45, -134)
(1, 45, -135)
(0, 46, -135)
(0, 46, -136)
(1, 45, -137)
(0, 45, -136)
(1, 44, -137)
(0, 44, -136)
(0, 44, -135)
(1, 43, -135)
(1, 43, -134)
(1, 43, -133)
(0, 43, -132)
(1, 42, -133)
(0, 42, -132)
(0, 42, -131)
(1, 42, -131)
(0, 43, -130)
(0, 43, -129)
(1, 42, -129)
(1, 42, -128)
(0, 43, -127)
(0, 43, -126)
(0, 43, -125)
(1, 43, -125)
(0, 44, -124)
(1, 44, -125)
(0, 45, -125)
(1, 45, -126)
(1, 45, -127)
(0, 46, -127)
(1, 46, -128)
(0, 47, -127)
(1, 47, -128)
(0, 48, -128)
(1, 48, -128)
(1, 48, -127)
(1, 48, -126)
(1, 48, -125)
(1, 48, -124)
(0, 48, -123)
(0, 48, -122)
(0, 48, -121)
(1, 48, -121)
(0, 49, -120)
(1, 49, -120)
(0, 50, -120)
(1, 50, -121)
(0, 51, -121)
(1, 51, -121)
(0, 52, -121)
(1, 52, -121)
(1, 52, -120)
(0, 52, -119)
(0, 52, -118)
(1, 52, -118)
(0, 53, -118)
(1, 53, -118)
(0, 54, -118)
(0, 54, -119)
(0, 54, -120)
(1, 54, -121)
(0, 55, -120)
(1, 55, -120)
(1, 55, -119)
(0, 56, -118)
(0, 56, -117)
(0, 56, -116)
(1, 55, -116)
(0, 55, -116)
(1, 54, -117)
(0, 54, -116)
(0, 54, -115)
(0, 54, -114)
(1, 53, -114)
(0, 53, -114)
(1, 52, -115)
(0, 52, -115)
(1, 51, -115)
(0, 51, -115)
(1, 50, -115)
(0, 50, -115)
(1, 49, -115)
(0, 49, -114)
(1, 48, -114)
(1, 48, -113)
(0, 49, -112)
