(1, -92, 132)
(0, -91, 133)
(1, -91, 132)
(1, -91, 131)
(0, -90, 131)
(0, -90, 130)
(0, -90, 129)
(1, -91, 128)
(1, -91, 127)
(0, -90, 127)
(0, -90, 126)
(1, -91, 125)
(0, -91, 126)
(1, -92, 125)
(1, -92, 124)
(0, -91, 124)
(1, -91, 123)
(0, -90, 124)
(1, -90, 124)
(0, -89, 125)
(1, -89, 125)
(0, -88, 125)
(1, -88, 124)
(1, -88, 123)
(0, -87, 123)
(1, -87, 123)
(0, -86, 123)
(1, -86, 122)
(1, -86, 121)
(0, -85, 121)
(0, -85, 120)
(1, -86, 119)
(0, -86, 120)
(1, -87, 119)
(0, -87, 119)
(1, -88, 119)
(0, -88, 119)
(1, -89, 118)
(1, -89, 117)
(1, -89, 116)
(1, -89, 115)
(1, -89, 114)
(1, -89, 113)
(0, -89, 113)
(0, -89, 112)
(1, -89, 111)
(0, -88, 112)
(1, -88, 111)
(0, -87, 111)
(1, -87, 111)
(0, -86, 111)
(1, -86, 111)
(1, -86, 112)
(0, -86, 113)
(0, -86, 114)
(1, -86, 114)
(0, -85, 115)
(1, -85, 115)
(1, -85, 116)
(0, -84, 117)
(1, -84, 116)
(0, -83, 116)
(1, -83, 115)
(0, -82, 116)
(1, -82, 115)
(0, -81, 116)
(1, -81, 115)
(0, -80, 115)
(1, -80, 114)
(1, -80, 113)
(1, -80, 112)
(0, -80, 112)
(0, -80, 111)
(1, -81, 110)
(1, -81, 109)
(0, -80, 109)
(1, -80, 108)
(1, -80, 107)
(0, -80, 107)
(1, -81, 107)
(0, -81, 107)
(1, -82, 106)
(1, -82, 105)
(1, -82, 104)
(0, -82, 104)
(1, -83, 103)
(0, -83, 103)
(1, -84, 102)
(1, -84, 101)
(0, -84, 101)
(1, -85, 100)
(0, -85, 100)
(0, -85, 99)
(1, -85, 98)
(0, -84, 98)
(1, -84, 98)
(0, -83, 99)
(1, -83, 99)
(0, -82, 100)
(1, -82, 99)
(0, -81, 99)
(1, -81, 99)
(0, -80, 99)
(1, -80, 98)
(0, -79, 99)
(0, -79, 100)
(1, -79, 100)
(0, -78, 100)
(1, -78, 99)
(0, -77, 99)
(1, -77, 98)
(0, -76, 98)
(1, -76, 97)
(1, -76, 96)
(0, -76, 96)
(0, -76, 95)
(0, -76, 94)
(1, -77, 93)
(0, -77, 94)
(1, -78, 93)
(0, -78, 93)
(1, -79, 92)
(1, -79, 91)
(0, -78, 91)
(1, -78, 91)
(0, -77, 92)
(1, -77, 91)
(0, -76, 91)
(0, -76, 90)
(1, -76, 89)
(0, -75, 90)
(0, -75, 91)
(1, -75, 91)
(0, -74, 91)
(1, -74, 91)
(0, -73, 91)
(1, -73, 90)
(1, -73, 89)
(0, -73, 89)
(1, -74, 88)
(0, -74, 88)
(0, -74, 87)
(1, -74, 86)
(0, -73, 86)
(1, -73, 85)
(0, -72, 86)
(1, -72, 85)
(1, -72, 84)
(1, -72, 83)
(0, -71, 83)
(0, -71, 82)
(0, -71, 81)
(0, -71, 80)
(1, -72, 79)
(0, -72, 80)
(1, -73, 80)
(1, -73, 81)
(1, -73, 82)
(0, -73, 83)
(0, -73, 84)
(1, -74, 84)
(0, -74, 84)
(0, -74, 83)
(1, -75, 82)
(0, -75, 82)
(0, -75, 81)
(0, -75, 80)
(1, -76, 79)
(0, -76, 79)
(0, -76, 78)
(1, -77, 77)
(0, -77, 78)
(1, -78, 77)
(0, -78, 78)
(1, -79, 77)
(0, -79, 78)
(1, -80, 77)
(0, -80, 77)
(0, -80, 76)
(0, -80, 75)
(1, -80, 74)
(0, -79, 75)
(1, -79, 75)
(0, -78, 75)
(1, -78, 75)
(0, -77, 76)
(1, -77, 75)
(0, -76, 75)
(0, -76, 74)
(0, -76, 73)
(1, -77, 72)
(1, -77, 71)
(0, -76, 71)
(1, -76, 70)
(0, -75, 71)
(1, -75, 70)
(0, -74, 71)
(1, -74, 70)
(0, -73, 71)
(1, -73, 71)
(0, -72, 71)
(0, -72, 70)
(1, -72, 69)
(0, -71, 70)
(1, -71, 70)
(0, -70, 70)
(0, -70, 69)
(0, -70, 68)
(1, -70, 67)
(0, -69, 67)
(1, -69, 66)
(0, -68, 66)
(0, -68, 65)
(1, -69, 64)
(0, -69, 64)
(1, -70, 63)
(1, -70, 62)
(0, -70, 62)
(0, -70, 61)
(1, -71, 60)
(0, -71, 60)
(1, -72, 60)
(0, -72, 60)
(1, -73, 59)
(0, -73, 59)
(1, -74, 59)
(0, -74, 60)
(1, -75, 59)
(0, -75, 60)
(0, -75, 61)
(1, -76, 61)
(0, -76, 61)
(1, -77, 61)
(0, -77, 62)
(0, -77, 63)
(1, -77, 63)
(0, -76, 64)
(1, -76, 63)
(0, -75, 63)
(1, -75, 62)
(0, -74, 63)
(1, -74, 62)
(0, -73, 63)
(0, -73, 64)
(1, -74, 64)
(0, -74, 65)
(1, -75, 65)
(0, -75, 66)
(1, -76, 65)
(0, -76, 66)
(1, -77, 65)
(0, -77, 65)
(1, -78, 65)
(0, -78, 66)
(0, -78, 67)
(1, -78, 67)
(1, -78, 68)
(0, -78, 69)
(1, -79, 68)
(0, -79, 68)
(1, -80, 68)
(0, -80, 69)
(1, -81, 69)
(0, -81, 70)
(0, -81, 71)
(1, -81, 71)
(1, -81, 72)
(1, -81, 73)
(0, -81, 74)
(1, -82, 73)
(0, -82, 74)
(1, -83, 73)
(0, -83, 73)
(1, -84, 73)
(0, -84, 73)
(0, -84, 72)
(1, -85, 71)
(0, -85, 72)
(1, -86, 71)
(1, -86, 70)
(0, -85, 70)
(1, -85, 69)
(0, -84, 69)
(1, -84, 68)
(0, -83, 68)
(1, -83, 67)
(0, -82, 67)
(0, -82, 66)
(0, -82, 65)
(1, -82, 64)
(1, -82, 63)
(1, -82, 62)
(0, -82, 62)
(1, -83, 62)
(1, -83, 63)
(0, -83, 64)
(0, -83, 65)
(0, -83, 66)
(1, -84, 66)
(0, -84, 66)
(0, -84, 65)
(0, -84, 64)
(0, -84, 63)
(1, -85, 62)
(0, -85, 63)
(1, -86, 62)
(0, -86, 62)
(1, -87, 62)
(1, -87, 63)
(0, -87, 64)
(0, -87, 65)
(1, -88, 65)
(0, -88, 66)
(1, -89, 66)
(0, -89, 67)
(1, -90, 67)
(0, -90, 67)
(0, -90, 66)
(1, -90, 65)
(1, -90, 64)
(0, -89, 64)
(1, -89, 63)
(1, -89, 62)
(0, -88, 62)
(0, -88, 61)
(0, -88, 60)
(1, -89, 59)
(1, -89, 58)
(0, -89, 58)
(0, -89, 57)
(1, -89, 56)
(1, -89, 55)
(0, -89, 55)
(0, -89, 54)
(1, -90, 53)
(1, -90, 52)
(0, -89, 52)
(0, -89, 51)
(1, -89, 50)
(0, -88, 50)
(1, -88, 49)
(0, -87, 50)
(1, -87, 49)
(1, -87, 48)
(0, -87, 48)
(0, -87, 47)
(0, -87, 46)
(0, -87, 45)
(1, -88, 44)
(1, -88, 43)
(0, -88, 43)
(1, -89, 42)
(0, -89, 42)
(1, -90, 42)
(1, -90, 43)
(0, -89, 44)
(1, -89, 44)
(1, -89, 45)
(1, -89, 46)
(1, -89, 47)
(1, -89, 48)
(0, -89, 49)
(1, -90, 48)
(1, -90, 47)
(0, -90, 47)
(0, -90, 46)
(1, -91, 45)
(0, -91, 46)
(0, -91, 47)
(0, -91, 48)
(1, -92, 48)
(0, -92, 48)
(0, -92, 47)
(0, -92, 46)
(0, -92, 45)
(0, -92, 44)
(1, -93, 43)
(0, -93, 44)
(0, -93, 45)
(0, -93, 46)
(1, -94, 46)
(0, -94, 47)
(1, -95, 46)
(0, -95, 46)
(1, -96, 45)
(0, -96, 45)
(1, -97, 44)
(1, -97, 43)
(1, -97, 42)
(0, -96, 42)
(0, -96, 41)
(1, -97, 40)
(1, -97, 39)
(0, -97, 39)
(1, -98, 39)
(0, -98, 39)
(1, -99, 39)
(1, -99, 40)
(0, -99, 41)
(1, -100, 41)
(1, -100, 42)
(0, -99, 43)
(1, -99, 43)
(0, -98, 44)
(0, -98, 45)
(1, -98, 45)
(1, -98, 46)
(0, -98, 47)
(1, -99, 47)
(0, -99, 47)
(1, -100, 46)
(0, -100, 47)
(0, -100, 48)
(1, -100, 48)
(0, -99, 49)
(0, -99, 50)
(1, -99, 50)
(0, -98, 50)
(1, -98, 49)
(1, -98, 48)
(0, -97, 48)
(1, -97, 48)
(1, -97, 49)
(0, -96, 50)
(1, -96, 49)
(0, -95, 49)
(1, -95, 48)
(0, -94, 49)
(0, -94, 50)
(0, -94, 51)
(1, -94, 51)
(0, -93, 51)
(1, -93, 51)
(0, -92, 51)
(1, -92, 51)
(1, -92, 52)
(0, -92, 53)
(1, -93, 53)
(0, -93, 53)
(1, -94, 53)
(0, -94, 53)
(1, -95, 53)
(0, -95, 54)
(1, -96, 54)
(0, -96, 55)
(1, -97, 55)
(0, -97, 55)
(0, -97, 54)
(1, -97, 53)
(1, -97, 52)
(1, -97, 51)
(0, -97, 51)
(1, -98, 51)
(0, -98, 52)
(1, -99, 52)
(0, -99, 52)
(1, -100, 51)
(0, -100, 52)
(0, -100, 53)
(0, -100, 54)
(1, -100, 54)
(1, -100, 55)
(1, -100, 56)
(0, -100, 57)
(0, -100, 58)
(0, -100, 59)
(0, -100, 60)
(1, -100, 60)
(1, -100, 61)
(0, -100, 62)
(0, -100, 63)
(0, -100, 64)
(0, -100, 65)
(0, -100, 66)
(1, -100, 66)
(0, -99, 66)
(0, -99, 65)
(0, -99, 64)
(1, -99, 63)
(1, -99, 62)
(0, -98, 62)
(1, -98, 61)
(0, -97, 61)
(0, -97, 60)
(1, -97, 59)
(0, -96, 59)
(1, -96, 59)
(1, -96, 60)
(0, -95, 61)
(0, -95, 62)
(1, -95, 62)
(0, -94, 63)
(1, -94, 63)
(1, -94, 64)
(1, -94, 65)
(1, -94, 66)
(0, -94, 67)
(1, -95, 66)
(1, -95, 65)
(0, -95, 65)
(1, -96, 64)
(0, -96, 64)
(0, -96, 63)
(1, -97, 62)
(0, -97, 63)
(1, -98, 63)
(1, -98, 64)
(1, -98, 65)
(0, -98, 66)
(0, -98, 67)
(1, -98, 67)
(1, -98, 68)
(1, -98, 69)
(1, -98, 70)
(1, -98, 71)
(0, -97, 72)
(1, -97, 71)
(1, -97, 70)
(1, -97, 69)
(1, -97, 68)
(0, -96, 68)
(1, -96, 68)
(0, -95, 69)
(1, -95, 69)
(1, -95, 70)
(0, -94, 71)
(1, -94, 71)
(0, -93, 71)
(1, -93, 70)
(1, -93, 69)
(0, -93, 69)
(0, -93, 68)
(1, -93, 67)
(0, -92, 67)
(1, -92, 66)
(0, -91, 67)
(0, -91, 68)
(0, -91, 69)
(1, -91, 69)
(0, -90, 69)
(1, -90, 69)
(1, -90, 70)
(1, -90, 71)
(0, -90, 72)
(0, -90, 73)
(1, -91, 73)
(1, -91, 74)
(0, -90, 75)
(1, -90, 74)
(0, -89, 74)
(0, -89, 73)
(1, -89, 72)
(0, -88, 72)
(1, -88, 71)
(0, -87, 72)
(1, -87, 72)
(1, -87, 73)
(1, -87, 74)
(0, -87, 75)
(1, -88, 75)
(1, -88, 76)
(0, -88, 77)
(1, -89, 76)
(0, -89, 76)
(1, -90, 76)
(0, -90, 77)
(0, -90, 78)
(1, -91, 78)
(0, -91, 79)
(1, -92, 78)
(1, -92, 77)
(0, -91, 77)
(0, -91, 76)
(1, -92, 75)
(1, -92, 74)
(1, -92, 73)
(1, -92, 72)
(0, -92, 72)
(1, -93, 72)
(1, -93, 73)
(0, -93, 74)
(1, -94, 73)
(0, -94, 74)
(0, -94, 75)
(0, -94, 76)
(0, -94, 77)
(1, -94, 77)
(1, -94, 78)
(1, -94, 79)
(0, -94, 80)
(0, -94, 81)
(1, -95, 81)
(1, -95, 82)
(0, -95, 83)
(1, -96, 83)
(0, -96, 84)
(1, -97, 83)
(0, -97, 84)
(1, -98, 83)
(1, -98, 82)
(0, -97, 82)
(0, -97, 81)
(1, -98, 80)
(0, -98, 81)
(1, -99, 80)
(0, -99, 81)
(1, -100, 81)
(0, -100, 82)
(0, -100, 83)
(0, -100, 84)
(0, -100, 85)
(0, -100, 86)
(1, -100, 86)
(1, -100, 87)
(0, -100, 88)
(0, -100, 89)
(1, -100, 89)
(1, -100, 90)
(0, -99, 91)
(0, -99, 92)
(1, -99, 92)
(0, -98, 93)
(1, -98, 92)
(0, -97, 93)
(0, -97, 94)
(1, -98, 94)
(1, -98, 95)
(1, -98, 96)
(0, -97, 97)
(1, -97, 97)
(0, -96, 98)
(1, -96, 98)
(0, -95, 99)
(1, -95, 98)
(1, -95, 97)
(0, -95, 97)
(0, -95, 96)
(0, -95, 95)
(1, -96, 94)
(1, -96, 93)
(0, -96, 93)
(0, -96, 92)
(0, -96, 91)
(1, -96, 90)
(1, -96, 89)
(0, -95, 89)
(1, -95, 88)
(0, -94, 89)
(0, -94, 90)
(0, -94, 91)
(1, -94, 91)
(1, -94, 92)
(1, -94, 93)
(1, -94, 94)
(0, -93, 95)
(1, -93, 94)
(1, -93, 93)
(1, -93, 92)
(1, -93, 91)
(1, -93, 90)
(0, -92, 90)
(0, -92, 89)
(1, -93, 88)
(0, -93, 88)
(0, -93, 87)
(1, -94, 86)
(0, -94, 87)
(1, -95, 86)
(0, -95, 87)
(1, -96, 86)
(1, -96, 85)
(0, -95, 85)
(1, -95, 84)
(0, -94, 84)
(1, -94, 83)
(1, -94, 82)
(0, -93, 82)
(1, -93, 81)
(1, -93, 80)
(0, -92, 80)
(1, -92, 80)
(1, -92, 81)
(0, -91, 82)
(0, -91, 83)
(1, -92, 83)
(0, -92, 83)
(1, -93, 83)
(1, -93, 84)
(0, -92, 85)
(0, -92, 86)
(0, -92, 87)
(1, -92, 87)
(0, -91, 88)
(0, -91, 89)
(0, -91, 90)
(1, -91, 90)
(0, -90, 91)
(1, -90, 90)
(0, -89, 91)
(1, -89, 90)
(0, -88, 91)
(0, -88, 92)
(1, -88, 92)
(0, -87, 92)
(1, -87, 92)
(0, -86, 92)
(1, -86, 92)
(0, -85, 92)
(1, -85, 91)
(0, -84, 91)
(1, -84, 90)
(0, -83, 90)
(1, -83, 90)
(0, -82, 91)
(1, -82, 90)
(0, -81, 91)
(1, -81, 91)
(0, -80, 91)
(1, -80, 91)
(1, -80, 92)
(1, -80, 93)
(0, -79, 94)
(1, -79, 94)
(1, -79, 95)
(0, -78, 96)
(1, -78, 96)
(1, -78, 97)
(0, -78, 98)
(1, -79, 97)
(0, -79, 97)
(1, -80, 96)
(0, -80, 97)
(1, -81, 96)
(0, -81, 97)
(1, -82, 96)
(1, -82, 95)
(1, -82, 94)
(0, -81, 94)
(0, -81, 93)
(1, -82, 92)
(0, -82, 93)
(1, -83, 92)
(0, -83, 92)
(1, -84, 92)
(0, -84, 93)
(1, -85, 93)
(1, -85, 94)
(1, -85, 95)
(0, -85, 96)
(1, -86, 96)
(0, -86, 97)
(0, -86, 98)
(1, -87, 98)
(1, -87, 99)
(1, -87, 100)
(0, -86, 101)
(0, -86, 102)
(1, -87, 102)
(1, -87, 103)
(0, -86, 104)
(1, -86, 104)
(1, -86, 105)
(0, -85, 106)
(1, -85, 106)
(1, -85, 107)
(1, -85, 108)
(1, -85, 109)
(0, -85, 110)
(1, -86, 109)
(1, -86, 108)
(1, -86, 107)
(0, -86, 107)
(1, -87, 106)
(1, -87, 105)
(0, -87, 105)
(1, -88, 104)
(0, -88, 104)
(0, -88, 103)
(1, -89, 102)
(1, -89, 101)
(1, -89, 100)
(0, -88, 100)
(1, -88, 99)
(1, -88, 98)
(0, -88, 98)
(1, -89, 97)
(0, -89, 97)
(0, -89, 96)
(0, -89, 95)
(0, -89, 94)
(1, -90, 93)
(0, -90, 93)
(1, -91, 93)
(0, -91, 94)
(0, -91, 95)
(1, -92, 95)
(0, -92, 96)
(0, -92, 97)
(1, -93, 97)
(1, -93, 98)
(1, -93, 99)
(0, -92, 100)
(1, -92, 100)
(1, -92, 101)
(0, -92, 102)
(1, -93, 101)
(0, -93, 101)
(1, -94, 100)
(0, -94, 100)
(1, -95, 100)
(0, -95, 101)
(1, -96, 100)
(0, -96, 100)
(1, -97, 100)
(0, -97, 101)
(0, -97, 102)
(1, -98, 102)
(0, -98, 103)
(1, -99, 102)
(0, -99, 103)
(0, -99, 104)
(1, -99, 104)
(1, -99, 105)
(0, -98, 106)
(0, -98, 107)
(1, -98, 107)
(0, -97, 107)
(1, -97, 106)
(0, -96, 107)
(0, -96, 108)
(1, -96, 108)
(0, -95, 108)
(1, -95, 108)
(0, -94, 109)
(1, -94, 109)
(1, -94, 110)
(1, -94, 111)
(1, -94, 112)
(0, -94, 113)
(0, -94, 114)
(1, -94, 114)
(0, -93, 115)
(1, -93, 114)
(0, -92, 115)
(1, -92, 114)
(0, -91, 115)
(1, -91, 114)
(0, -90, 115)
(0, -90, 116)
(0, -90, 117)
(1, -91, 117)
(1, -91, 118)
(0, -91, 119)
(0, -91, 120)
(1, -91, 120)
(1, -91, 121)
(0, -91, 122)
(1, -92, 121)
(0, -92, 122)
(1, -93, 122)
(0, -93, 122)
(1, -94, 121)
(0, -94, 122)
(1, -95, 122)
(0, -95, 122)
(1, -96, 122)
(0, -96, 122)
(0, -96, 121)
(1, -97, 120)
(0, -97, 120)
(1, -98, 120)
(0, -98, 120)
(0, -98, 119)
(0, -98, 118)
(1, -99, 117)
(1, -99, 116)
(0, -99, 116)
(1, -100, 116)
(1, -100, 117)
(1, -100, 118)
(0, -99, 119)
(0, -99, 120)
(1, -100, 120)
(0, -100, 121)
(0, -100, 122)
(0, -100, 123)
(0, -100, 124)
(0, -100, 125)
(1, -100, 125)
(1, -100, 126)
(0, -100, 127)
(0, -100, 128)
(1, -100, 128)
(1, -100, 129)
(0, -100, 130)
(0, -100, 131)
(1, -100, 131)
(1, -100, 132)
(0, -100, 133)
(0, -100, 134)
(0, -100, 135)
(1, -100, 135)
(0, -99, 135)
(1, -99, 134)
(1, -99, 133)
(1, -99, 132)
(0, -98, 132)
(0, -98, 131)
(1, -98, 130)
(0, -97, 130)
(1, -97, 130)
(1, -97, 131)
(0, -96, 132)
(1, -96, 132)
(0, -95, 133)
(1, -95, 132)
(0, -94, 133)
(1, -94, 133)
(0, -93, 134)
(1, -93, 133)
(0, -92, 134)
(0, -92, 135)
(1, -92, 135)
(1, -92, 136)
(0, -92, 137)
(1, -93, 137)
(0, -93, 137)
(1, -94, 137)
(0, -94, 137)
(0, -94, 136)
(1, -95, 135)
(0, -95, 135)
(1, -96, 135)
(0, -96, 135)
(1, -97, 134)
(0, -97, 135)
(1, -98, 135)
(0, -98, 136)
(1, -99, 136)
(0, -99, 137)
(1, -100, 137)
(1, -100, 138)
(0, -99, 139)
(0, -99, 140)
(0, -99, 141)
(1, -99, 141)
(0, -98, 141)
(1, -98, 141)
(0, -97, 141)
(1, -97, 141)
(0, -96, 142)
(1, -96, 141)
(0, -95, 142)
(0, -95, 143)
(1, -96, 143)
(1, -96, 144)
(1, -96, 145)
(0, -95, 146)
(0, -95, 147)
(1, -95, 147)
(0, -94, 147)
(0, -94, 146)
(0, -94, 145)
(0, -94, 144)
(0, -94, 143)
(0, -94, 142)
(0, -94, 141)
(0, -94, 140)
(1, -94, 139)
(0, -93, 140)
(0, -93, 141)
(1, -93, 141)
(0, -92, 142)
(0, -92, 143)
(1, -92, 143)
(0, -91, 143)
(1, -91, 143)
(0, -90, 144)
(1, -90, 143)
(0, -89, 143)
(1, -89, 143)
(0, -88, 143)
(0, -88, 142)
(1, -88, 141)
(1, -88, 140)
(0, -88, 140)
(1, -89, 140)
(0, -89, 141)
(1, -90, 140)
(0, -90, 141)
(1, -91, 140)
(0, -91, 141)
(1, -92, 140)
(1, -92, 139)
(1, -92, 138)
(0, -91, 138)
(1, -91, 138)
(0, -90, 139)
(1, -90, 138)
(1, -90, 137)
(0, -90, 137)
(0, -90, 136)
(0, -90, 135)
(0, -90, 134)
(1, -90, 133)
(0, -89, 133)
(1, -89, 132)
(1, -89, 131)
(0, -88, 131)
(1, -88, 131)
(0, -87, 131)
(1, -87, 130)
(0, -86, 130)
(1, -86, 130)
(0, -85, 130)
(1, -85, 130)
(0, -84, 130)
(0, -84, 129)
(1, -85, 128)
(1, -85, 127)
(0, -85, 127)
(1, -86, 126)
(1, -86, 125)
(1, -86, 124)
(0, -85, 124)
(1, -85, 124)
(0, -84, 124)
(1, -84, 123)
(1, -84, 122)
(1, -84, 121)
(0, -84, 121)
(0, -84, 120)
(1, -84, 119)
(1, -84, 118)
(0, -83, 118)
(1, -83, 117)
(0, -82, 118)
(1, -82, 117)
(0, -81, 118)
(1, -81, 117)
(0, -80, 117)
(1, -80, 116)
(0, -79, 117)
(0, -79, 118)
(1, -80, 118)
(1, -80, 119)
(0, -80, 120)
(0, -80, 121)
(0, -80, 122)
(0, -80, 123)
(0, -80, 124)
(1, -81, 124)
(1, -81, 125)
(0, -80, 126)
(0, -80, 127)
(0, -80, 128)
(1, -80, 128)
(0, -79, 129)
(1, -79, 128)
(0, -78, 128)
(1, -78, 127)
(0, -77, 128)
(1, -77, 128)
(0, -76, 129)
(1, -76, 129)
(0, -75, 129)
(1, -75, 128)
(0, -74, 128)
(1, -74, 127)
(1, -74, 126)
(1, -74, 125)
(1, -74, 124)
(0, -74, 124)
(0, -74, 123)
(0, -74, 122)
(1, -74, 121)
(0, -73, 122)
(0, -73, 123)
(1, -73, 123)
(0, -72, 123)
(0, -72, 122)
(0, -72, 121)
(1, -73, 120)
(1, -73, 119)
(1, -73, 118)
(0, -72, 118)
(1, -72, 118)
(0, -71, 119)
(0, -71, 120)
(0, -71, 121)
(1, -71, 121)
(0, -70, 122)
(1, -70, 121)
(0, -69, 122)
(0, -69, 123)
(1, -69, 123)
(0, -68, 123)
(1, -68, 122)
(0, -67, 122)
(1, -67, 121)
(0, -66, 121)
(1, -66, 120)
(0, -65, 120)
(1, -65, 119)
(1, -65, 118)
(1, -65, 117)
(0, -64, 117)
(0, -64, 116)
(1, -64, 115)
(1, -64, 114)
(1, -64, 113)
(1, -64, 112)
(0, -64, 112)
(1, -65, 111)
(0, -65, 112)
(0, -65, 113)
(1, -65, 113)
(1, -65, 114)
(0, -65, 115)
(1, -66, 115)
(0, -66, 115)
(0, -66, 114)
(1, -67, 113)
(1, -67, 112)
(1, -67, 111)
(0, -67, 111)
(0, -67, 110)
(1, -68, 109)
(0, -68, 110)
(1, -69, 109)
(1, -69, 108)
(1, -69, 107)
(0, -68, 107)
(0, -68, 106)
(1, -69, 105)
(0, -69, 106)
(1, -70, 105)
(1, -70, 104)
(0, -69, 104)
(0, -69, 103)
(0, -69, 102)
(1, -70, 101)
(0, -70, 101)
(1, -71, 101)
(0, -71, 102)
(1, -72, 102)
(1, -72, 103)
(0, -72, 104)
(1, -73, 104)
(1, -73, 105)
(0, -73, 106)
(0, -73, 107)
(1, -74, 107)
(0, -74, 108)
(0, -74, 109)
(0, -74, 110)
(1, -74, 110)
(1, -74, 111)
(1, -74, 112)
(0, -74, 113)
(1, -75, 113)
(0, -75, 113)
(1, -76, 113)
(0, -76, 114)
(0, -76, 115)
(1, -77, 115)
(0, -77, 116)
(1, -78, 116)
(0, -78, 116)
(1, -79, 115)
(1, -79, 114)
(1, -79, 113)
(1, -79, 112)
(0, -78, 112)
(0, -78, 111)
(1, -78, 110)
(0, -77, 110)
(1, -77, 110)
(1, -77, 111)
(0, -76, 112)
(1, -76, 111)
(1, -76, 110)
(1, -76, 109)
(0, -76, 109)
(0, -76, 108)
(0, -76, 107)
(1, -77, 106)
(0, -77, 106)
(1, -78, 106)
(0, -78, 106)
(0, -78, 105)
(1, -78, 104)
(0, -77, 104)
(1, -77, 103)
(0, -76, 103)
(1, -76, 103)
(0, -75, 103)
(0, -75, 102)
(1, -75, 101)
(1, -75, 100)
(0, -74, 100)
(0, -74, 99)
(1, -74, 98)
(1, -74, 97)
(0, -74, 97)
(0, -74, 96)
(1, -75, 95)
(1, -75, 94)
(0, -74, 94)
(1, -74, 93)
(0, -73, 93)
(1, -73, 93)
(0, -72, 93)
(0, -72, 92)
(1, -72, 91)
(1, -72, 90)
(0, -71, 90)
(1, -71, 89)
(1, -71, 88)
(0, -70, 88)
(1, -70, 87)
(0, -69, 87)
(0, -69, 86)
(1, -69, 85)
(0, -68, 86)
(1, -68, 85)
(1, -68, 84)
(0, -67, 84)
(1, -67, 84)
(1, -67, 85)
(1, -67, 86)
(0, -67, 87)
(1, -68, 87)
(1, -68, 88)
(0, -68, 89)
(0, -68, 90)
(1, -69, 90)
(0, -69, 91)
(1, -70, 91)
(0, -70, 92)
(0, -70, 93)
(1, -70, 93)
(0, -69, 94)
(1, -69, 94)
(1, -69, 95)
(0, -68, 96)
(1, -68, 95)
(1, -68, 94)
(0, -67, 94)
(0, -67, 93)
(0, -67, 92)
(0, -67, 91)
(0, -67, 90)
(1, -67, 89)
(1, -67, 88)
(0, -66, 88)
(1, -66, 88)
(0, -65, 89)
(0, -65, 90)
(1, -66, 90)
(0, -66, 91)
(0, -66, 92)
(1, -66, 92)
(1, -66, 93)
(0, -65, 94)
(1, -65, 94)
(1, -65, 95)
(0, -64, 96)
(1, -64, 95)
(0, -63, 95)
(0, -63, 94)
(0, -63, 93)
(1, -64, 92)
(1, -64, 91)
(1, -64, 90)
(0, -64, 90)
(0, -64, 89)
(1, -64, 88)
(1, -64, 87)
(0, -63, 87)
(1, -63, 86)
(0, -62, 86)
(1, -62, 86)
(0, -61, 87)
(1, -61, 87)
(1, -61, 88)
(0, -60, 89)
(0, -60, 90)
(0, -60, 91)
(1, -61, 91)
(0, -61, 91)
(0, -61, 90)
(1, -62, 89)
(0, -62, 90)
(1, -63, 90)
(1, -63, 91)
(0, -62, 92)
(0, -62, 93)
(0, -62, 94)
(0, -62, 95)
(1, -62, 95)
(0, -61, 95)
(1, -61, 95)
(0, -60, 96)
(1, -60, 95)
(0, -59, 96)
(1, -59, 95)
(1, -59, 94)
(1, -59, 93)
(1, -59, 92)
(1, -59, 91)
(0, -58, 91)
(0, -58, 90)
(1, -59, 89)
(1, -59, 88)
(0, -59, 88)
(1, -60, 87)
(1, -60, 86)
(0, -60, 86)
(0, -60, 85)
(1, -61, 84)
(1, -61, 83)
(1, -61, 82)
(0, -60, 82)
(1, -60, 82)
(1, -60, 83)
(0, -59, 84)
(1, -59, 84)
(0, -58, 85)
(1, -58, 85)
(1, -58, 86)
(0, -57, 87)
(0, -57, 88)
(1, -57, 88)
(0, -56, 89)
(0, -56, 90)
(1, -56, 90)
(1, -56, 91)
(1, -56, 92)
(0, -56, 93)
(0, -56, 94)
(1, -56, 94)
(0, -55, 95)
(0, -55, 96)
(1, -56, 96)
(0, -56, 96)
(1, -57, 96)
(0, -57, 97)
(1, -58, 97)
(0, -58, 98)
(0, -58, 99)
(1, -58, 99)
(1, -58, 100)
(1, -58, 101)
(0, -57, 102)
(1, -57, 102)
(0, -56, 102)
(1, -56, 101)
(0, -55, 102)
(1, -55, 101)
(0, -54, 102)
(0, -54, 103)
(1, -54, 103)
(0, -53, 103)
(0, -53, 102)
(1, -53, 101)
(1, -53, 100)
(1, -53, 99)
(1, -53, 98)
(0, -52, 98)
(1, -52, 98)
(0, -51, 98)
(1, -51, 98)
(0, -50, 99)
(1, -50, 99)
(0, -49, 100)
(1, -49, 100)
(1, -49, 101)
(0, -48, 102)
(1, -48, 102)
(0, -47, 102)
(1, -47, 102)
(0, -46, 102)
(1, -46, 102)
(1, -46, 103)
(0, -46, 104)
(1, -47, 104)
(1, -47, 105)
(0, -46, 106)
(1, -46, 105)
(0, -45, 106)
(0, -45, 107)
(1, -45, 107)
(0, -44, 108)
(1, -44, 107)
(0, -43, 107)
(0, -43, 106)
(1, -44, 105)
(1, -44, 104)
(1, -44, 103)
(0, -43, 103)
(1, -43, 102)
(0, -42, 103)
(1, -42, 103)
(1, -42, 104)
(0, -41, 105)
(1, -41, 105)
(0, -40, 105)
(1, -40, 105)
(1, -40, 106)
(0, -39, 107)
(0, -39, 108)
(1, -39, 108)
(0, -38, 109)
(1, -38, 108)
(1, -38, 107)
(1, -38, 106)
(1, -38, 105)
(0, -37, 105)
(0, -37, 104)
(1, -37, 103)
(1, -37, 102)
(0, -37, 102)
(1, -38, 102)
(0, -38, 102)
(1, -39, 101)
(0, -39, 102)
(0, -39, 103)
(1, -40, 103)
(0, -40, 103)
(1, -41, 102)
(1, -41, 101)
(0, -41, 101)
(0, -41, 100)
(1, -41, 99)
(1, -41, 98)
(1, -41, 97)
(1, -41, 96)
(0, -40, 96)
(1, -40, 95)
(0, -39, 95)
(1, -39, 94)
(0, -38, 95)
(1, -38, 94)
(0, -37, 94)
(1, -37, 94)
(0, -36, 94)
(1, -36, 93)
(0, -35, 93)
(1, -35, 93)
(0, -34, 94)
(1, -34, 94)
(0, -33, 94)
(0, -33, 93)
(0, -33, 92)
(1, -33, 91)
(0, -32, 92)
(1, -32, 91)
(1, -32, 90)
(0, -32, 90)
(1, -33, 89)
(0, -33, 90)
(1, -34, 90)
(0, -34, 90)
(0, -34, 89)
(0, -34, 88)
(1, -34, 87)
(1, -34, 86)
(0, -34, 86)
(1, -35, 85)
(0, -35, 85)
(0, -35, 84)
(1, -35, 83)
(0, -34, 83)
(1, -34, 82)
(0, -33, 82)
(1, -33, 81)
(0, -32, 82)
(1, -32, 82)
(0, -31, 82)
(0, -31, 81)
(1, -32, 80)
(0, -32, 80)
(1, -33, 79)
(0, -33, 79)
(1, -34, 78)
(0, -34, 79)
(1, -35, 79)
(0, -35, 80)
(0, -35, 81)
(1, -36, 81)
(0, -36, 82)
(1, -37, 82)
(0, -37, 83)
(1, -38, 82)
(1, -38, 81)
(1, -38, 80)
(0, -37, 80)
(0, -37, 79)
(1, -38, 78)
(0, -38, 79)
(1, -39, 79)
(0, -39, 80)
(1, -40, 79)
(0, -40, 79)
(1, -41, 78)
(0, -41, 79)
(0, -41, 80)
(1, -42, 80)
(1, -42, 81)
(0, -42, 82)
(1, -43, 81)
(1, -43, 80)
(1, -43, 79)
(0, -43, 79)
(1, -44, 79)
(0, -44, 79)
(1, -45, 78)
(1, -45, 77)
(0, -45, 77)
(0, -45, 76)
(0, -45, 75)
(1, -46, 74)
(0, -46, 74)
(1, -47, 73)
(0, -47, 74)
(1, -48, 74)
(0, -48, 74)
(1, -49, 73)
(1, -49, 72)
(1, -49, 71)
(0, -49, 71)
(0, -49, 70)
(1, -50, 69)
(1, -50, 68)
(1, -50, 67)
(1, -50, 66)
(0, -49, 66)
(1, -49, 66)
(0, -48, 66)
(1, -48, 66)
(1, -48, 67)
(0, -48, 68)
(0, -48, 69)
(1, -48, 69)
(0, -47, 70)
(1, -47, 70)
(0, -46, 70)
(1, -46, 69)
(1, -46, 68)
(1, -46, 67)
(0, -46, 67)
(1, -47, 66)
(1, -47, 65)
(0, -47, 65)
(0, -47, 64)
(1, -47, 63)
(0, -46, 63)
(0, -46, 62)
(0, -46, 61)
(1, -46, 60)
(0, -45, 60)
(1, -45, 60)
(0, -44, 60)
(0, -44, 59)
(0, -44, 58)
(1, -44, 57)
(0, -43, 58)
(1, -43, 57)
(0, -42, 58)
(0, -42, 59)
(1, -43, 59)
(1, -43, 60)
(0, -42, 61)
(1, -42, 60)
(0, -41, 60)
(0, -41, 59)
(1, -41, 58)
(1, -41, 57)
(1, -41, 56)
(0, -41, 56)
(1, -42, 56)
(0, -42, 56)
(1, -43, 55)
(1, -43, 54)
(0, -43, 54)
(0, -43, 53)
(0, -43, 52)
(1, -43, 51)
(1, -43, 50)
(0, -43, 50)
(1, -44, 50)
(0, -44, 51)
(0, -44, 52)
(0, -44, 53)
(1, -45, 53)
(0, -45, 54)
(0, -45, 55)
(1, -46, 55)
(0, -46, 56)
(1, -47, 55)
(1, -47, 54)
(0, -47, 54)
(0, -47, 53)
(1, -47, 52)
(0, -46, 52)
(1, -46, 51)
(1, -46, 50)
(0, -45, 50)
(1, -45, 49)
(1, -45, 48)
(1, -45, 47)
(0, -45, 47)
(1, -46, 47)
(0, -46, 48)
(1, -47, 48)
(0, -47, 49)
(1, -48, 48)
(0, -48, 49)
(1, -49, 49)
(0, -49, 50)
(1, -50, 49)
(1, -50, 48)
(0, -50, 48)
(1, -51, 47)
(0, -51, 48)
(1, -52, 47)
(0, -52, 47)
(1, -53, 47)
(1, -53, 48)
(0, -53, 49)
(1, -54, 49)
(1, -54, 50)
(1, -54, 51)
(0, -54, 52)
(1, -55, 51)
(0, -55, 52)
(0, -55, 53)
(0, -55, 54)
(1, -55, 54)
(0, -54, 55)
(0, -54, 56)
(0, -54, 57)
(1, -55, 57)
(0, -55, 58)
(0, -55, 59)
(1, -55, 59)
(0, -54, 60)
(1, -54, 59)
(1, -54, 58)
(0, -53, 58)
(0, -53, 57)
(0, -53, 56)
(0, -53, 55)
(0, -53, 54)
(1, -53, 53)
(1, -53, 52)
(1, -53, 51)
(0, -52, 51)
(1, -52, 51)
(1, -52, 52)
(0, -51, 53)
(0, -51, 54)
(0, -51, 55)
(0, -51, 56)
(1, -51, 56)
(0, -50, 57)
(1, -50, 56)
(0, -49, 57)
(1, -49, 56)
(0, -48, 56)
(1, -48, 56)
(1, -48, 57)
(0, -47, 58)
(1, -47, 57)
(0, -46, 58)
(0, -46, 59)
(1, -47, 59)
(0, -47, 60)
(1, -48, 59)
(0, -48, 59)
(1, -49, 58)
(0, -49, 59)
(0, -49, 60)
(0, -49, 61)
(0, -49, 62)
(1, -50, 62)
(1, -50, 63)
(1, -50, 64)
(0, -50, 65)
(1, -51, 65)
(1, -51, 66)
(1, -51, 67)
(1, -51, 68)
(0, -51, 69)
(1, -52, 69)
(0, -52, 69)
(0, -52, 68)
(1, -52, 67)
(1, -52, 66)
(0, -52, 66)
(1, -53, 65)
(1, -53, 64)
(0, -53, 64)
(1, -54, 63)
(1, -54, 62)
(0, -54, 62)
(1, -55, 61)
(0, -55, 61)
(1, -56, 61)
(0, -56, 62)
(1, -57, 61)
(0, -57, 62)
(0, -57, 63)
(0, -57, 64)
(1, -58, 64)
(0, -58, 65)
(0, -58, 66)
(1, -59, 66)
(1, -59, 67)
(1, -59, 68)
(0, -59, 69)
(1, -60, 69)
(0, -60, 69)
(1, -61, 69)
(0, -61, 69)
(1, -62, 69)
(1, -62, 70)
(1, -62, 71)
(0, -62, 72)
(1, -63, 71)
(1, -63, 70)
(0, -63, 70)
(1, -64, 69)
(0, -64, 70)
(1, -65, 69)
(1, -65, 68)
(1, -65, 67)
(1, -65, 66)
(0, -64, 66)
(1, -64, 66)
(0, -63, 66)
(1, -63, 66)
(0, -62, 66)
(0, -62, 65)
(0, -62, 64)
(1, -62, 63)
(1, -62, 62)
(0, -62, 62)
(1, -63, 62)
(0, -63, 62)
(1, -64, 61)
(0, -64, 62)
(1, -65, 61)
(0, -65, 61)
(0, -65, 60)
(0, -65, 59)
(1, -66, 58)
(1, -66, 57)
(1, -66, 56)
(1, -66, 55)
(0, -66, 55)
(1, -67, 54)
(1, -67, 53)
(1, -67, 52)
(0, -66, 52)
(0, -66, 51)
(1, -66, 50)
(0, -65, 50)
(0, -65, 49)
(1, -66, 48)
(0, -66, 48)
(1, -67, 48)
(1, -67, 49)
(0, -67, 50)
(0, -67, 51)
(1, -68, 51)
(0, -68, 52)
(1, -69, 52)
(0, -69, 52)
(0, -69, 51)
(1, -69, 50)
(1, -69, 49)
(0, -68, 49)
(1, -68, 48)
(1, -68, 47)
(0, -68, 47)
(1, -69, 47)
(0, -69, 47)
(0, -69, 46)
(1, -70, 45)
(0, -70, 45)
(0, -70, 44)
(1, -71, 43)
(0, -71, 44)
(1, -72, 44)
(0, -72, 45)
(0, -72, 46)
(0, -72, 47)
(0, -72, 48)
(1, -73, 48)
(0, -73, 48)
(1, -74, 48)
(0, -74, 48)
(1, -75, 48)
(1, -75, 49)
(0, -74, 50)
(0, -74, 51)
(0, -74, 52)
(1, -75, 52)
(0, -75, 52)
(1, -76, 52)
(0, -76, 53)
(1, -77, 53)
(0, -77, 54)
(1, -78, 53)
(0, -78, 54)
(0, -78, 55)
(0, -78, 56)
(1, -78, 56)
(1, -78, 57)
(0, -77, 58)
(0, -77, 59)
(0, -77, 60)
(1, -78, 60)
(0, -78, 61)
(0, -78, 62)
(1, -79, 62)
(0, -79, 62)
(1, -80, 62)
(0, -80, 63)
(1, -81, 62)
(1, -81, 61)
(0, -80, 61)
(1, -80, 60)
(1, -80, 59)
(0, -80, 59)
(1, -81, 58)
(0, -81, 58)
(0, -81, 57)
(1, -81, 56)
(1, -81, 55)
(0, -81, 55)
(1, -82, 54)
(1, -82, 53)
(0, -82, 53)
(0, -82, 52)
(1, -82, 51)
(0, -81, 52)
(1, -81, 51)
(0, -80, 51)
(1, -80, 51)
(0, -79, 52)
(1, -79, 51)
(0, -78, 52)
(1, -78, 51)
(0, -77, 52)
(1, -77, 51)
(1, -77, 50)
(0, -76, 50)
(0, -76, 49)
(1, -76, 48)
(1, -76, 47)
(0, -75, 47)
(1, -75, 46)
(0, -74, 46)
(1, -74, 45)
(1, -74, 44)
(0, -73, 44)
(1, -73, 43)
(0, -72, 43)
(0, -72, 42)
(1, -73, 41)
(0, -73, 41)
(1, -74, 40)
(0, -74, 40)
(1, -75, 40)
(1, -75, 41)
(0, -74, 42)
(0, -74, 43)
(1, -75, 43)
(0, -75, 43)
(1, -76, 42)
(1, -76, 41)
(1, -76, 40)
(1, -76, 39)
(0, -76, 39)
(0, -76, 38)
(1, -76, 37)
(1, -76, 36)
(0, -76, 36)
(0, -76, 35)
(0, -76, 34)
(0, -76, 33)
(1, -76, 32)
(0, -75, 33)
(0, -75, 34)
(1, -75, 34)
(0, -74, 35)
(1, -74, 34)
(0, -73, 34)
(1, -73, 34)
(0, -72, 34)
(0, -72, 33)
(0, -72, 32)
(1, -72, 31)
(1, -72, 30)
(0, -72, 30)
(1, -73, 30)
(0, -73, 31)
(0, -73, 32)
(1, -74, 32)
(0, -74, 32)
(0, -74, 31)
(0, -74, 30)
(1, -74, 29)
(0, -73, 29)
(1, -73, 28)
(0, -72, 28)
(0, -72, 27)
(1, -72, 26)
(1, -72, 25)
(1, -72, 24)
(0, -71, 24)
(1, -71, 23)
(0, -70, 24)
(1, -70, 23)
(0, -69, 23)
(1, -69, 22)
(0, -68, 23)
(1, -68, 23)
(0, -67, 23)
(1, -67, 22)
(0, -66, 22)
(0, -66, 21)
(1, -67, 20)
(0, -67, 21)
(1, -68, 21)
(0, -68, 21)
(1, -69, 20)
(1, -69, 19)
(1, -69, 18)
(0, -68, 18)
(1, -68, 18)
(0, -67, 18)
(1, -67, 18)
(0, -66, 18)
(1, -66, 18)
(0, -65, 18)
(1, -65, 17)
(0, -64, 17)
(1, -64, 16)
(0, -63, 17)
(1, -63, 16)
(0, -62, 16)
(1, -62, 16)
(1, -62, 17)
(0, -62, 18)
(0, -62, 19)
(0, -62, 20)
(1, -62, 20)
(0, -61, 21)
(1, -61, 20)
(0, -60, 20)
(0, -60, 19)
(1, -60, 18)
(0, -59, 18)
(1, -59, 18)
(0, -58, 19)
(1, -58, 18)
(0, -57, 18)
(1, -57, 18)
(0, -56, 19)
(0, -56, 20)
(0, -56, 21)
(1, -57, 21)
(0, -57, 21)
(1, -58, 21)
(0, -58, 22)
(1, -59, 21)
(0, -59, 22)
(1, -60, 22)
(0, -60, 23)
(0, -60, 24)
(1, -61, 24)
(0, -61, 25)
(1, -62, 25)
(0, -62, 25)
(1, -63, 25)
(0, -63, 26)
(0, -63, 27)
(1, -64, 27)
(1, -64, 28)
(0, -63, 29)
(0, -63, 30)
(1, -64, 30)
(1, -64, 31)
(0, -64, 32)
(1, -65, 32)
(0, -65, 32)
(0, -65, 31)
(0, -65, 30)
(0, -65, 29)
(0, -65, 28)
(1, -65, 27)
(1, -65, 26)
(1, -65, 25)
(0, -65, 25)
(1, -66, 24)
(0, -66, 24)
(1, -67, 24)
(0, -67, 25)
(0, -67, 26)
(1, -67, 26)
(1, -67, 27)
(0, -67, 28)
(0, -67, 29)
(0, -67, 30)
(0, -67, 31)
(1, -68, 31)
(0, -68, 32)
(0, -68, 33)
(1, -69, 33)
(0, -69, 33)
(1, -70, 33)
(1, -70, 34)
(0, -69, 35)
(1, -69, 35)
(0, -68, 35)
(1, -68, 35)
(0, -67, 36)
(0, -67, 37)
(1, -67, 37)
(0, -66, 37)
(1, -66, 36)
(0, -65, 37)
(1, -65, 36)
(0, -64, 36)
(1, -64, 35)
(0, -63, 35)
(1, -63, 35)
(1, -63, 36)
(0, -63, 37)
(0, -63, 38)
(1, -64, 38)
(1, -64, 39)
(1, -64, 40)
(0, -63, 41)
(0, -63, 42)
(1, -64, 42)
(0, -64, 42)
(1, -65, 41)
(0, -65, 42)
(1, -66, 41)
(0, -66, 42)
(1, -67, 42)
(0, -67, 42)
(1, -68, 41)
(0, -68, 42)
(1, -69, 42)
(1, -69, 43)
(0, -68, 44)
(1, -68, 44)
(1, -68, 45)
(0, -67, 46)
(1, -67, 45)
(0, -66, 46)
(1, -66, 46)
(0, -65, 46)
(0, -65, 45)
(1, -65, 44)
(0, -64, 44)
(1, -64, 44)
(0, -63, 44)
(1, -63, 43)
(0, -62, 43)
(0, -62, 42)
(0, -62, 41)
(1, -62, 40)
(0, -61, 40)
(0, -61, 39)
(0, -61, 38)
(1, -61, 37)
(0, -60, 37)
(1, -60, 36)
(1, -60, 35)
(1, -60, 34)
(0, -59, 34)
(1, -59, 34)
(0, -58, 34)
(0, -58, 33)
(0, -58, 32)
(1, -58, 31)
(0, -57, 32)
(0, -57, 33)
(1, -57, 33)
(1, -57, 34)
(1, -57, 35)
(0, -57, 36)
(1, -58, 36)
(1, -58, 37)
(1, -58, 38)
(0, -57, 39)
(1, -57, 39)
(0, -56, 40)
(0, -56, 41)
(1, -56, 41)
(0, -55, 41)
(1, -55, 40)
(0, -54, 40)
(1, -54, 39)
(0, -53, 40)
(1, -53, 40)
(1, -53, 41)
(0, -53, 42)
(1, -54, 42)
(0, -54, 42)
(1, -55, 42)
(0, -55, 43)
(0, -55, 44)
(1, -56, 44)
(0, -56, 44)
(1, -57, 43)
(0, -57, 44)
(0, -57, 45)
(0, -57, 46)
(1, -58, 46)
(0, -58, 47)
(1, -59, 46)
(0, -59, 47)
(0, -59, 48)
(1, -60, 48)
(1, -60, 49)
(1, -60, 50)
(1, -60, 51)
(1, -60, 52)
(0, -59, 53)
(1, -59, 53)
(0, -58, 54)
(1, -58, 54)
(0, -57, 54)
(0, -57, 53)
(1, -58, 52)
(0, -58, 52)
(0, -58, 51)
(1, -59, 50)
(1, -59, 49)
(0, -58, 49)
(1, -58, 48)
(0, -57, 48)
(1, -57, 48)
(0, -56, 49)
(1, -56, 49)
(0, -55, 50)
(1, -55, 49)
(1, -55, 48)
(0, -54, 48)
(0, -54, 47)
(1, -55, 46)
(1, -55, 45)
(0, -54, 45)
(1, -54, 44)
(0, -53, 44)
(1, -53, 43)
(0, -52, 44)
(1, -52, 44)
(0, -51, 44)
(1, -51, 43)
(1, -51, 42)
(0, -50, 42)
(1, -50, 41)
(1, -50, 40)
(1, -50, 39)
(0, -49, 39)
(0, -49, 38)
(1, -49, 37)
(0, -48, 38)
(1, -48, 38)
(1, -48, 39)
(0, -47, 40)
(1, -47, 39)
(0, -46, 39)
(0, -46, 38)
(1, -46, 37)
(0, -45, 37)
(1, -45, 36)
(1, -45, 35)
(0, -45, 35)
(1, -46, 35)
(0, -46, 35)
(1, -47, 35)
(0, -47, 35)
(0, -47, 34)
(0, -47, 33)
(1, -48, 32)
(1, -48, 31)
(0, -48, 31)
(0, -48, 30)
(1, -49, 29)
(0, -49, 30)
(1, -50, 29)
(1, -50, 28)
(0, -49, 28)
(1, -49, 27)
(0, -48, 28)
(1, -48, 28)
(0, -47, 29)
(0, -47, 30)
(1, -47, 30)
(0, -46, 30)
(1, -46, 29)
(0, -45, 30)
(1, -45, 30)
(1, -45, 31)
(0, -44, 32)
(1, -44, 31)
(1, -44, 30)
(0, -43, 30)
(0, -43, 29)
(1, -43, 28)
(0, -42, 28)
(1, -42, 28)
(1, -42, 29)
(1, -42, 30)
(0, -42, 31)
(0, -42, 32)
(1, -43, 32)
(1, -43, 33)
(0, -43, 34)
(1, -44, 34)
(1, -44, 35)
(1, -44, 36)
(0, -43, 37)
(1, -43, 37)
(1, -43, 38)
(1, -43, 39)
(0, -43, 40)
(0, -43, 41)
(1, -43, 41)
(0, -42, 42)
(1, -42, 42)
(1, -42, 43)
(0, -42, 44)
(1, -43, 43)
(0, -43, 44)
(0, -43, 45)
(1, -44, 45)
(1, -44, 46)
(0, -43, 47)
(1, -43, 47)
(1, -43, 48)
(0, -42, 49)
(1, -42, 48)
(0, -41, 48)
(0, -41, 47)
(1, -41, 46)
(0, -40, 47)
(1, -40, 46)
(0, -39, 47)
(1, -39, 47)
(1, -39, 48)
(0, -38, 49)
(1, -38, 48)
(0, -37, 48)
(0, -37, 47)
(0, -37, 46)
(1, -38, 45)
(1, -38, 44)
(0, -38, 44)
(0, -38, 43)
(1, -38, 42)
(0, -37, 42)
(1, -37, 42)
(0, -36, 42)
(1, -36, 41)
(0, -35, 41)
(1, -35, 40)
(1, -35, 39)
(1, -35, 38)
(0, -34, 38)
(1, -34, 38)
(0, -33, 39)
(1, -33, 39)
(1, -33, 40)
(0, -33, 41)
(0, -33, 42)
(1, -34, 42)
(0, -34, 43)
(1, -35, 43)
(1, -35, 44)
(0, -34, 45)
(1, -34, 45)
(0, -33, 45)
(0, -33, 44)
(1, -33, 43)
(0, -32, 44)
(1, -32, 44)
(1, -32, 45)
(0, -32, 46)
(0, -32, 47)
(0, -32, 48)
(1, -32, 48)
(0, -31, 49)
(1, -31, 48)
(1, -31, 47)
(0, -30, 47)
(1, -30, 47)
(0, -29, 48)
(0, -29, 49)
(0, -29, 50)
(1, -30, 50)
(1, -30, 51)
(0, -30, 52)
(0, -30, 53)
(0, -30, 54)
(1, -31, 54)
(1, -31, 55)
(0, -30, 56)
(1, -30, 56)
(0, -29, 56)
(1, -29, 55)
(0, -28, 55)
(1, -28, 54)
(1, -28, 53)
(1, -28, 52)
(0, -28, 52)
(0, -28, 51)
(0, -28, 50)
(1, -28, 49)
(1, -28, 48)
(0, -27, 48)
(1, -27, 48)
(1, -27, 49)
(0, -26, 50)
(1, -26, 50)
(0, -25, 51)
(0, -25, 52)
(1, -25, 52)
(1, -25, 53)
(0, -24, 54)
(0, -24, 55)
(0, -24, 56)
(1, -24, 56)
(1, -24, 57)
(0, -23, 58)
(0, -23, 59)
(1, -24, 59)
(0, -24, 59)
(1, -25, 59)
(1, -25, 60)
(1, -25, 61)
(1, -25, 62)
(1, -25, 63)
(1, -25, 64)
(0, -25, 65)
(1, -26, 64)
(0, -26, 65)
(1, -27, 64)
(1, -27, 63)
(0, -26, 63)
(0, -26, 62)
(0, -26, 61)
(1, -26, 60)
(1, -26, 59)
(0, -26, 59)
(1, -27, 59)
(0, -27, 60)
(1, -28, 59)
(0, -28, 60)
(0, -28, 61)
(1, -29, 61)
(0, -29, 62)
(1, -30, 61)
(0, -30, 62)
(0, -30, 63)
(0, -30, 64)
(1, -30, 64)
(1, -30, 65)
(1, -30, 66)
(0, -29, 67)
(1, -29, 66)
(0, -28, 67)
(0, -28, 68)
(0, -28, 69)
(1, -29, 69)
(0, -29, 69)
(1, -30, 69)
(0, -30, 70)
(0, -30, 71)
(1, -30, 71)
(0, -29, 72)
(0, -29, 73)
(1, -29, 73)
(1, -29, 74)
(0, -28, 75)
(0, -28, 76)
(1, -29, 76)
(1, -29, 77)
(1, -29, 78)
(0, -29, 79)
(0, -29, 80)
(1, -30, 80)
(0, -30, 81)
(0, -30, 82)
(0, -30, 83)
(0, -30, 84)
(0, -30, 85)
(1, -31, 85)
(1, -31, 86)
(1, -31, 87)
(0, -30, 88)
(0, -30, 89)
(1, -30, 89)
(1, -30, 90)
(0, -30, 91)
(1, -31, 91)
(1, -31, 92)
(0, -30, 93)
(1, -30, 92)
(0, -29, 93)
(1, -29, 92)
(1, -29, 91)
(1, -29, 90)
(0, -28, 90)
(1, -28, 90)
(1, -28, 91)
(1, -28, 92)
(0, -27, 93)
(1, -27, 93)
(0, -26, 94)
(0, -26, 95)
(0, -26, 96)
(0, -26, 97)
(1, -26, 97)
(1, -26, 98)
(0, -25, 99)
(1, -25, 99)
(1, -25, 100)
(0, -24, 101)
(1, -24, 101)
(0, -23, 102)
(1, -23, 101)
(0, -22, 101)
(0, -22, 100)
(1, -22, 99)
(0, -21, 100)
(0, -21, 101)
(1, -21, 101)
(0, -20, 102)
(1, -20, 102)
(0, -19, 103)
(1, -19, 102)
(0, -18, 102)
(1, -18, 101)
(0, -17, 101)
(1, -17, 100)
(0, -16, 101)
(1, -16, 101)
(0, -15, 102)
(1, -15, 101)
(0, -14, 102)
(1, -14, 101)
(0, -13, 102)
(1, -13, 101)
(0, -12, 101)
(0, -12, 100)
(1, -13, 99)
(0, -13, 100)
(1, -14, 99)
(0, -14, 100)
(1, -15, 99)
(0, -15, 99)
(1, -16, 99)
(0, -16, 99)
(1, -17, 98)
(1, -17, 97)
(0, -17, 97)
(1, -18, 96)
(1, -18, 95)
(0, -17, 95)
(1, -17, 95)
(0, -16, 95)
(0, -16, 94)
(1, -17, 93)
(0, -17, 93)
(0, -17, 92)
(0, -17, 91)
(0, -17, 90)
(1, -18, 89)
(0, -18, 90)
(0, -18, 91)
(1, -19, 91)
(1, -19, 92)
(1, -19, 93)
(0, -19, 94)
(1, -20, 94)
(0, -20, 94)
(0, -20, 93)
(1, -21, 92)
(0, -21, 93)
(1, -22, 92)
(1, -22, 91)
(0, -22, 91)
(0, -22, 90)
(1, -23, 89)
(0, -23, 89)
(1, -24, 89)
(0, -24, 89)
(1, -25, 89)
(0, -25, 89)
(0, -25, 88)
(1, -26, 87)
(1, -26, 86)
(0, -26, 86)
(1, -27, 86)
(0, -27, 87)
(1, -28, 86)
(1, -28, 85)
(0, -27, 85)
(1, -27, 84)
(0, -26, 84)
(1, -26, 83)
(0, -25, 84)
(0, -25, 85)
(1, -25, 85)
(0, -24, 85)
(1, -24, 85)
(0, -23, 85)
(0, -23, 84)
(1, -24, 83)
(1, -24, 82)
(0, -24, 82)
(0, -24, 81)
(0, -24, 80)
(0, -24, 79)
(1, -25, 78)
(0, -25, 79)
(1, -26, 78)
(0, -26, 78)
(1, -27, 78)
(1, -27, 79)
(0, -27, 80)
(1, -28, 79)
(1, -28, 78)
(1, -28, 77)
(0, -27, 77)
(0, -27, 76)
(1, -27, 75)
(1, -27, 74)
(0, -27, 74)
(0, -27, 73)
(0, -27, 72)
(1, -27, 71)
(0, -26, 72)
(1, -26, 72)
(0, -25, 72)
(1, -25, 72)
(1, -25, 73)
(1, -25, 74)
(0, -25, 75)
(0, -25, 76)
(1, -25, 76)
(0, -24, 77)
(1, -24, 76)
(0, -23, 77)
(0, -23, 78)
(0, -23, 79)
(1, -23, 79)
(0, -22, 79)
(1, -22, 79)
(1, -22, 80)
(0, -22, 81)
(0, -22, 82)
(0, -22, 83)
(0, -22, 84)
(1, -22, 84)
(0, -21, 84)
(0, -21, 83)
(1, -21, 82)
(1, -21, 81)
(0, -20, 81)
(0, -20, 80)
(1, -21, 79)
(1, -21, 78)
(0, -20, 78)
(0, -20, 77)
(1, -21, 76)
(0, -21, 77)
(1, -22, 77)
(0, -22, 77)
(0, -22, 76)
(1, -23, 75)
(0, -23, 75)
(0, -23, 74)
(1, -23, 73)
(0, -22, 74)
(1, -22, 73)
(1, -22, 72)
(1, -22, 71)
(0, -22, 71)
(1, -23, 71)
(0, -23, 71)
(1, -24, 71)
(0, -24, 71)
(1, -25, 70)
(0, -25, 70)
(1, -26, 70)
(0, -26, 70)
(1, -27, 69)
(1, -27, 68)
(0, -26, 68)
(1, -26, 68)
(0, -25, 68)
(0, -25, 67)
(1, -25, 66)
(0, -24, 66)
(1, -24, 65)
(0, -23, 66)
(1, -23, 65)
(0, -22, 66)
(1, -22, 65)
(1, -22, 64)
(0, -21, 64)
(0, -21, 63)
(1, -21, 62)
(1, -21, 61)
(0, -20, 61)
(1, -20, 61)
(0, -19, 62)
(0, -19, 63)
(0, -19, 64)
(1, -20, 64)
(0, -20, 65)
(0, -20, 66)
(1, -21, 66)
(1, -21, 67)
(1, -21, 68)
(1, -21, 69)
(0, -20, 70)
(0, -20, 71)
(0, -20, 72)
(1, -20, 72)
(0, -19, 73)
(1, -19, 72)
(0, -18, 73)
(1, -18, 72)
(0, -17, 73)
(1, -17, 72)
(0, -16, 72)
(1, -16, 71)
(0, -15, 72)
(1, -15, 71)
(1, -15, 70)
(0, -14, 70)
(0, -14, 69)
(0, -14, 68)
(1, -15, 67)
(0, -15, 68)
(1, -16, 68)
(0, -16, 69)
(0, -16, 70)
(1, -17, 70)
(0, -17, 70)
(0, -17, 69)
(0, -17, 68)
(0, -17, 67)
(0, -17, 66)
(1, -17, 65)
(0, -16, 65)
(0, -16, 64)
(0, -16, 63)
(1, -16, 62)
(0, -15, 63)
(1, -15, 63)
(0, -14, 64)
(1, -14, 63)
(0, -13, 64)
(1, -13, 64)
(1, -13, 65)
(0, -12, 66)
(0, -12, 67)
(1, -12, 67)
(0, -11, 68)
(1, -11, 68)
(0, -10, 68)
(1, -10, 67)
(0, -9, 68)
(0, -9, 69)
(1, -10, 69)
(1, -10, 70)
(1, -10, 71)
(0, -10, 72)
(1, -11, 71)
(0, -11, 72)
(0, -11, 73)
(1, -12, 73)
(1, -12, 74)
(1, -12, 75)
(0, -12, 76)
(1, -13, 76)
(0, -13, 77)
(0, -13, 78)
(0, -13, 79)
(1, -14, 79)
(0, -14, 79)
(0, -14, 78)
(1, -15, 77)
(0, -15, 77)
(0, -15, 76)
(1, -16, 75)
(0, -16, 76)
(1, -17, 76)
(1, -17, 77)
(0, -16, 78)
(1, -16, 78)
(1, -16, 79)
(1, -16, 80)
(0, -15, 81)
(1, -15, 80)
(0, -14, 81)
(0, -14, 82)
(1, -15, 82)
(0, -15, 83)
(0, -15, 84)
(0, -15, 85)
(0, -15, 86)
(1, -15, 86)
(0, -14, 87)
(1, -14, 86)
(0, -13, 86)
(1, -13, 86)
(0, -12, 86)
(1, -12, 85)
(1, -12, 84)
(1, -12, 83)
(1, -12, 82)
(0, -11, 82)
(1, -11, 82)
(1, -11, 83)
(0, -10, 84)
(0, -10, 85)
(0, -10, 86)
(1, -11, 86)
(0, -11, 87)
(0, -11, 88)
(1, -12, 88)
(1, -12, 89)
(0, -12, 90)
(0, -12, 91)
(1, -13, 91)
(1, -13, 92)
(0, -12, 93)
(1, -12, 93)
(0, -11, 93)
(1, -11, 92)
(1, -11, 91)
(0, -10, 91)
(0, -10, 90)
(0, -10, 89)
(0, -10, 88)
(1, -10, 87)
(0, -9, 87)
(1, -9, 86)
(0, -8, 87)
(1, -8, 87)
(1, -8, 88)
(0, -7, 89)
(1, -7, 89)
(0, -6, 90)
(0, -6, 91)
(1, -6, 91)
(0, -5, 92)
(1, -5, 91)
(0, -4, 92)
(1, -4, 91)
(0, -3, 92)
(0, -3, 93)
(1, -4, 93)
(0, -4, 94)
(0, -4, 95)
(1, -4, 95)
(1, -4, 96)
(0, -3, 97)
(0, -3, 98)
(1, -3, 98)
(0, -2, 99)
(1, -2, 99)
(0, -1, 100)
(1, -1, 100)
(1, -1, 101)
(1, -1, 102)
(0, 0, 103)
(1, 0, 102)
(1, 0, 101)
(0, 1, 101)
(1, 1, 100)
(0, 2, 101)
(1, 2, 100)
(0, 3, 101)
(1, 3, 101)
(1, 3, 102)
(0, 4, 103)
(0, 4, 104)
(1, 3, 104)
(0, 3, 104)
(1, 2, 104)
(1, 2, 105)
(0, 3, 106)
(1, 3, 106)
(1, 3, 107)
(0, 4, 108)
(1, 4, 107)
(1, 4, 106)
(0, 5, 106)
(1, 5, 105)
(1, 5, 104)
(1, 5, 103)
(0, 6, 103)
(0, 6, 102)
(1, 5, 101)
(0, 5, 102)
(1, 4, 101)
(1, 4, 100)
(0, 4, 100)
(0, 4, 99)
(1, 3, 98)
(1, 3, 97)
(0, 4, 97)
(0, 4, 96)
(1, 4, 95)
(0, 5, 96)
(0, 5, 97)
(1, 5, 97)
(0, 6, 98)
(1, 6, 98)
(0, 7, 99)
(1, 7, 99)
(0, 8, 100)
(1, 8, 99)
(0, 9, 100)
(1, 9, 99)
(0, 10, 100)
(0, 10, 101)
(0, 10, 102)
(0, 10, 103)
(1, 9, 103)
(1, 9, 104)
(1, 9, 105)
(0, 9, 106)
(1, 8, 105)
(1, 8, 104)
(0, 8, 104)
(0, 8, 103)
(0, 8, 102)
(1, 7, 101)
(0, 7, 102)
(0, 7, 103)
(0, 7, 104)
(1, 6, 104)
(1, 6, 105)
(0, 7, 106)
(1, 7, 106)
(1, 7, 107)
(1, 7, 108)
(1, 7, 109)
(0, 7, 110)
(1, 6, 110)
(1, 6, 111)
(1, 6, 112)
(0, 7, 113)
(0, 7, 114)
(1, 6, 114)
(0, 6, 115)
(0, 6, 116)
(0, 6, 117)
(0, 6, 118)
(1, 5, 118)
(1, 5, 119)
(0, 5, 120)
(0, 5, 121)
(1, 4, 121)
(0, 4, 122)
(0, 4, 123)
(1, 3, 123)
(0, 3, 123)
(1, 2, 123)
(0, 2, 123)
(1, 1, 123)
(0, 1, 124)
(1, 0, 123)
(0, 0, 124)
(1, -1, 123)
(0, -1, 123)
(1, -2, 122)
(0, -2, 123)
(1, -3, 123)
(0, -3, 124)
(0, -3, 125)
(1, -3, 125)
(0, -2, 126)
(1, -2, 125)
(0, -1, 126)
(0, -1, 127)
(1, -1, 127)
(0, 0, 128)
(0, 0, 129)
(1, -1, 129)
(0, -1, 129)
(1, -2, 129)
(1, -2, 130)
(0, -1, 131)
(1, -1, 131)
(0, 0, 131)
(1, 0, 131)
(0, 1, 131)
(1, 1, 130)
(0, 2, 130)
(0, 2, 129)
(1, 1, 128)
(1, 1, 127)
(0, 2, 127)
(0, 2, 126)
(1, 2, 125)
(0, 3, 126)
(1, 3, 126)
(0, 4, 126)
(1, 4, 126)
(0, 5, 127)
(0, 5, 128)
(1, 4, 128)
(0, 4, 129)
(1, 3, 129)
(1, 3, 130)
(1, 3, 131)
(1, 3, 132)
(0, 4, 133)
(1, 4, 133)
(1, 4, 134)
(0, 5, 135)
(0, 5, 136)
(0, 5, 137)
(1, 4, 137)
(1, 4, 138)
(0, 5, 139)
(1, 5, 138)
(0, 6, 138)
(1, 6, 137)
(1, 6, 136)
(0, 6, 136)
(0, 6, 135)
(1, 6, 134)
(0, 7, 135)
(1, 7, 135)
(0, 8, 136)
(1, 8, 135)
(0, 9, 135)
(1, 9, 135)
(0, 10, 136)
(0, 10, 137)
(1, 10, 137)
(1, 10, 138)
(0, 11, 139)
(1, 11, 138)
(0, 12, 138)
(1, 12, 137)
(1, 12, 136)
(1, 12, 135)
(0, 12, 135)
(0, 12, 134)
(1, 11, 133)
(0, 11, 134)
(1, 10, 133)
(1, 10, 132)
(1, 10, 131)
(0, 11, 131)
(1, 11, 130)
(0, 12, 131)
(0, 12, 132)
(1, 12, 132)
(0, 13, 132)
(0, 13, 131)
(1, 13, 130)
(0, 14, 130)
(0, 14, 129)
(0, 14, 128)
(1, 13, 127)
(1, 13, 126)
(0, 14, 126)
(0, 14, 125)
(1, 14, 124)
(0, 15, 124)
(0, 15, 123)
(0, 15, 122)
(0, 15, 121)
(0, 15, 120)
(1, 14, 119)
(1, 14, 118)
(1, 14, 117)
(1, 14, 116)
(0, 15, 116)
(1, 15, 116)
(0, 16, 117)
(1, 16, 117)
(0, 17, 117)
(1, 17, 116)
(0, 18, 117)
(0, 18, 118)
(0, 18, 119)
(1, 18, 119)
(0, 19, 120)
(1, 19, 119)
(0, 20, 119)
(1, 20, 119)
(1, 20, 120)
(0, 21, 121)
(1, 21, 121)
(1, 21, 122)
(1, 21, 123)
(0, 22, 124)
(1, 22, 124)
(0, 23, 124)
(1, 23, 123)
(0, 24, 124)
(1, 24, 124)
(0, 25, 124)
(1, 25, 123)
(0, 26, 124)
(1, 26, 124)
(0, 27, 125)
(1, 27, 125)
(0, 28, 126)
(0, 28, 127)
(1, 28, 127)
(1, 28, 128)
(0, 29, 129)
(1, 29, 129)
(0, 30, 130)
(1, 30, 129)
(0, 31, 129)
(1, 31, 129)
(1, 31, 130)
(1, 31, 131)
(0, 31, 132)
(1, 30, 132)
(0, 30, 132)
(1, 29, 131)
(0, 29, 132)
(1, 28, 132)
(0, 28, 132)
(1, 27, 131)
(0, 27, 132)
(1, 26, 132)
(0, 26, 133)
(0, 26, 134)
(0, 26, 135)
(1, 25, 135)
(1, 25, 136)
(1, 25, 137)
(0, 25, 138)
(1, 24, 138)
(1, 24, 139)
(0, 25, 140)
(1, 25, 140)
(0, 26, 140)
(1, 26, 140)
(1, 26, 141)
(1, 26, 142)
(1, 26, 143)
(1, 26, 144)
(0, 26, 145)
(1, 25, 145)
(0, 25, 145)
(1, 24, 144)
(0, 24, 145)
(1, 23, 145)
(1, 23, 146)
(0, 24, 147)
(1, 24, 146)
(0, 25, 147)
(1, 25, 147)
(1, 25, 148)
(0, 25, 149)
(1, 24, 148)
(0, 24, 149)
(0, 24, 150)
(1, 23, 150)
(1, 23, 151)
(0, 23, 152)
(1, 22, 151)
(1, 22, 150)
(0, 22, 150)
(1, 21, 149)
(0, 21, 149)
(1, 20, 149)
(1, 20, 150)
(0, 21, 151)
(1, 21, 151)
(1, 21, 152)
(0, 22, 153)
(0, 22, 154)
(1, 22, 154)
(1, 22, 155)
(0, 22, 156)
(1, 21, 155)
(0, 21, 156)
(1, 20, 156)
(1, 20, 157)
(0, 20, 158)
(1, 19, 158)
(0, 19, 158)
(0, 19, 157)
(1, 18, 156)
(0, 18, 156)
(1, 17, 156)
(0, 17, 156)
(1, 16, 156)
(0, 16, 157)
(1, 15, 156)
(0, 15, 157)
(1, 14, 157)
(0, 14, 158)
(0, 14, 159)
(0, 14, 160)
(1, 14, 160)
(0, 15, 160)
(1, 15, 160)
(0, 16, 160)
(0, 16, 159)
(1, 16, 158)
(0, 17, 159)
(1, 17, 159)
(0, 18, 159)
(1, 18, 159)
(0, 19, 160)
(1, 19, 160)
(0, 20, 161)
(1, 20, 161)
(0, 21, 161)
(1, 21, 160)
(0, 22, 160)
(1, 22, 159)
(0, 23, 159)
(1, 23, 158)
(0, 24, 158)
(1, 24, 157)
(1, 24, 156)
(0, 25, 156)
(1, 25, 156)
(1, 25, 157)
(0, 26, 158)
(1, 26, 157)
(1, 26, 156)
(1, 26, 155)
(1, 26, 154)
(0, 27, 154)
(1, 27, 153)
(0, 28, 154)
(0, 28, 155)
(1, 27, 155)
(1, 27, 156)
(0, 28, 157)
(1, 28, 157)
(0, 29, 157)
(0, 29, 156)
(0, 29, 155)
(0, 29, 154)
(1, 29, 153)
(1, 29, 152)
(0, 30, 152)
(1, 30, 151)
(0, 31, 152)
(0, 31, 153)
(0, 31, 154)
(1, 30, 154)
(1, 30, 155)
(0, 31, 156)
(1, 31, 156)
(0, 32, 156)
(1, 32, 156)
(1, 32, 157)
(0, 33, 158)
(0, 33, 159)
(1, 32, 159)
(1, 32, 160)
(0, 32, 161)
(0, 32, 162)
(1, 32, 162)
(0, 33, 163)
(1, 33, 162)
(0, 34, 163)
(0, 34, 164)
(1, 33, 164)
(0, 33, 165)
(1, 32, 165)
(0, 32, 165)
(1, 31, 164)
(0, 31, 164)
(1, 30, 164)
(0, 30, 165)
(0, 30, 166)
(1, 30, 166)
(1, 30, 167)
(0, 31, 168)
(0, 31, 169)
(0, 31, 170)
(1, 31, 170)
(0, 32, 170)
(0, 32, 169)
(0, 32, 168)
(1, 32, 167)
(0, 33, 168)
(1, 33, 167)
(0, 34, 168)
(1, 34, 167)
(0, 35, 167)
(1, 35, 167)
(0, 36, 168)
(1, 36, 167)
(0, 37, 167)
(0, 37, 166)
(1, 36, 165)
(0, 36, 165)
(1, 35, 165)
(0, 35, 165)
(0, 35, 164)
(0, 35, 163)
(1, 35, 162)
(0, 36, 162)
(0, 36, 161)
(1, 36, 160)
(0, 37, 161)
(0, 37, 162)
(0, 37, 163)
(0, 37, 164)
(1, 37, 164)
(0, 38, 164)
(0, 38, 163)
(0, 38, 162)
(0, 38, 161)
(1, 38, 160)
(1, 38, 159)
(0, 38, 159)
(1, 37, 158)
(0, 37, 158)
(1, 36, 157)
(1, 36, 156)
(0, 36, 156)
(1, 35, 155)
(0, 35, 156)
(1, 34, 156)
(0, 34, 156)
(0, 34, 155)
(1, 34, 154)
(0, 35, 154)
(1, 35, 153)
(1, 35, 152)
(0, 35, 152)
(1, 34, 152)
(0, 34, 152)
(1, 33, 152)
(0, 33, 152)
(1, 32, 151)
(0, 32, 151)
(0, 32, 150)
(1, 31, 149)
(0, 31, 149)
(0, 31, 148)
(1, 31, 147)
(0, 32, 148)
(1, 32, 148)
(0, 33, 148)
(0, 33, 147)
(1, 32, 146)
(0, 32, 146)
(0, 32, 145)
(1, 32, 144)
(0, 33, 144)
(1, 33, 144)
(0, 34, 145)
(1, 34, 144)
(0, 35, 144)
(1, 35, 143)
(1, 35, 142)
(1, 35, 141)
(0, 36, 141)
(0, 36, 140)
(0, 36, 139)
(1, 35, 138)
(0, 35, 138)
(1, 34, 138)
(0, 34, 139)
(1, 33, 138)
(0, 33, 138)
(1, 32, 138)
(1, 32, 139)
(1, 32, 140)
(1, 32, 141)
(0, 32, 142)
(1, 31, 142)
(1, 31, 143)
(0, 31, 144)
(1, 30, 143)
(0, 30, 144)
(1, 29, 144)
(0, 29, 145)
(1, 28, 145)
(0, 28, 145)
(1, 27, 144)
(1, 27, 143)
(1, 27, 142)
(1, 27, 141)
(0, 28, 141)
(0, 28, 140)
(1, 27, 139)
(1, 27, 138)
(1, 27, 137)
(1, 27, 136)
(1, 27, 135)
(0, 28, 135)
(1, 28, 134)
(0, 29, 134)
(1, 29, 134)
(0, 30, 134)
(1, 30, 134)
(1, 30, 135)
(0, 30, 136)
(0, 30, 137)
(1, 30, 137)
(0, 31, 138)
(1, 31, 137)
(1, 31, 136)
(0, 32, 136)
(1, 32, 135)
(0, 33, 136)
(1, 33, 136)
(0, 34, 136)
(1, 34, 136)
(0, 35, 136)
(1, 35, 135)
(1, 35, 134)
(1, 35, 133)
(1, 35, 132)
(1, 35, 131)
(1, 35, 130)
(0, 35, 130)
(1, 34, 130)
(0, 34, 131)
(1, 33, 131)
(0, 33, 131)
(0, 33, 130)
(1, 32, 129)
(1, 32, 128)
(1, 32, 127)
(0, 33, 127)
(0, 33, 126)
(1, 32, 125)
(0, 32, 126)
(1, 31, 125)
(0, 31, 125)
(0, 31, 124)
(1, 31, 123)
(0, 32, 123)
(0, 32, 122)
(1, 31, 121)
(0, 31, 121)
(1, 30, 121)
(1, 30, 122)
(0, 30, 123)
(1, 29, 123)
(0, 29, 123)
(1, 28, 122)
(0, 28, 122)
(0, 28, 121)
(0, 28, 120)
(1, 28, 119)
(0, 29, 119)
(0, 29, 118)
(0, 29, 117)
(0, 29, 116)
(1, 28, 115)
(0, 28, 115)
(1, 27, 115)
(0, 27, 116)
(1, 26, 115)
(0, 26, 116)
(0, 26, 117)
(1, 26, 117)
(1, 26, 118)
(1, 26, 119)
(0, 27, 120)
(0, 27, 121)
(1, 26, 121)
(0, 26, 121)
(1, 25, 121)
(0, 25, 122)
(1, 24, 121)
(0, 24, 122)
(1, 23, 121)
(0, 23, 121)
(0, 23, 120)
(1, 22, 119)
(0, 22, 119)
(1, 21, 118)
(0, 21, 118)
(1, 20, 117)
(0, 20, 117)
(1, 19, 117)
(0, 19, 117)
(0, 19, 116)
(1, 18, 115)
(1, 18, 114)
(1, 18, 113)
(0, 19, 113)
(1, 19, 112)
(0, 20, 113)
(1, 20, 113)
(0, 21, 113)
(1, 21, 113)
(0, 22, 113)
(1, 22, 112)
(1, 22, 111)
(1, 22, 110)
(0, 23, 110)
(0, 23, 109)
(1, 22, 108)
(1, 22, 107)
(0, 23, 107)
(1, 23, 106)
(1, 23, 105)
(0, 23, 105)
(0, 23, 104)
(1, 22, 103)
(0, 22, 103)
(1, 21, 102)
(0, 21, 103)
(1, 20, 102)
(0, 20, 103)
(1, 19, 103)
(1, 19, 104)
(0, 20, 105)
(0, 20, 106)
(1, 19, 106)
(0, 19, 106)
(1, 18, 106)
(0, 18, 107)
(1, 17, 107)
(1, 17, 108)
(1, 17, 109)
(0, 17, 110)
(1, 16, 109)
(0, 16, 110)
(0, 16, 111)
(1, 16, 111)
(0, 17, 112)
(0, 17, 113)
(0, 17, 114)
(1, 16, 114)
(0, 16, 114)
(1, 15, 113)
(1, 15, 112)
(0, 15, 112)
(0, 15, 111)
(1, 14, 110)
(0, 14, 111)
(0, 14, 112)
(1, 13, 112)
(0, 13, 113)
(1, 12, 113)
(0, 12, 113)
(0, 12, 112)
(0, 12, 111)
(1, 11, 110)
(1, 11, 109)
(0, 12, 109)
(0, 12, 108)
(0, 12, 107)
(1, 11, 106)
(0, 11, 106)
(1, 10, 105)
(1, 10, 104)
(0, 11, 104)
(1, 11, 104)
(0, 12, 105)
(1, 12, 105)
(0, 13, 106)
(0, 13, 107)
(0, 13, 108)
(1, 13, 108)
(0, 14, 108)
(1, 14, 108)
(0, 15, 109)
(1, 15, 108)
(1, 15, 107)
(1, 15, 106)
(0, 15, 106)
(1, 14, 105)
(1, 14, 104)
(1, 14, 103)
(1, 14, 102)
(1, 14, 101)
(1, 14, 100)
(0, 14, 100)
(1, 13, 100)
(0, 13, 100)
(0, 13, 99)
(0, 13, 98)
(1, 13, 97)
(1, 13, 96)
(0, 13, 96)
(1, 12, 96)
(0, 12, 96)
(1, 11, 95)
(0, 11, 96)
(1, 10, 96)
(0, 10, 96)
(0, 10, 95)
(1, 10, 94)
(1, 10, 93)
(1, 10, 92)
(0, 10, 92)
(0, 10, 91)
(1, 9, 90)
(0, 9, 90)
(0, 9, 89)
(1, 9, 88)
(0, 10, 89)
(1, 10, 89)
(0, 11, 89)
(1, 11, 89)
(1, 11, 90)
(0, 11, 91)
