(1, 68, -125)
(0, 68, -125)
(0, 68, -126)
(1, 68, -127)
(1, 68, -128)
(0, 69, -128)
(0, 69, -129)
(0, 69, -130)
(1, 69, -131)
(1, 69, -132)
(1, 69, -133)
(0, 70, -133)
(1, 70, -134)
(0, 71, -134)
(0, 71, -135)
(1, 71, -136)
(1, 71, -137)
(0, 71, -137)
(1, 70, -138)
(0, 70, -137)
(0, 70, -136)
(0, 70, -135)
(1, 69, -135)
(0, 69, -134)
(1, 68, -134)
(0, 68, -133)
(0, 68, -132)
(1, 67, -132)
(0, 67, -132)
(0, 67, -133)
(0, 67, -134)
(0, 67, -135)
(0, 67, -136)
(1, 66, -137)
(1, 66, -138)
(0, 66, -138)
(1, 65, -138)
(1, 65, -137)
(0, 65, -136)
(1, 64, -136)
(1, 64, -135)
(1, 64, -134)
(0, 64, -133)
(0, 64, -132)
(1, 63, -132)
(0, 63, -131)
(0, 63, -130)
(1, 62, -130)
(0, 62, -129)
(1, 61, -129)
(0, 61, -128)
(1, 60, -129)
(1, 60, -130)
(1, 60, -131)
(0, 60, -131)
(1, 59, -132)
(0, 59, -132)
(0, 59, -133)
(1, 59, -134)
(0, 60, -133)
(1, 60, -133)
(0, 61, -133)
(1, 61, -134)
(0, 62, -134)
(1, 62, -134)
(0, 63, -134)
(1, 63, -135)
(1, 63, -136)
(0, 63, -136)
(1, 62, -137)
(0, 62, -137)
(1, 61, -138)
(1, 61, -139)
(1, 61, -140)
(1, 61, -141)
(1, 61, -142)
(0, 61, -142)
(1, 60, -143)
(0, 60, -142)
(1, 59, -142)
(0, 59, -141)
(1, 58, -142)
(1, 58, -143)
(1, 58, -144)
(1, 58, -145)
(0, 59, -145)
(1, 59, -146)
(0, 60, -146)
(1, 60, -147)
(0, 61, -146)
(0, 61, -145)
(1, 61, -145)
(0, 62, -144)
(1, 62, -145)
(1, 62, -146)
(0, 63, -146)
(1, 63, -146)
(0, 64, -146)
(1, 64, -146)
(1, 64, -145)
(0, 65, -144)
(0, 65, -143)
(0, 65, -142)
(1, 65, -142)
(0, 66, -141)
(1, 66, -142)
(0, 67, -142)
(1, 67, -143)
(1, 67, -144)
(0, 67, -144)
(1, 66, -145)
(1, 66, -146)
(0, 67, -146)
(1, 67, -147)
(1, 67, -148)
(0, 68, -148)
(1, 68, -148)
(0, 69, -147)
(0, 69, -146)
(1, 69, -146)
(0, 70, -145)
(1, 70, -146)
(1, 70, -147)
(0, 70, -147)
(0, 70, -148)
(1, 70, -149)
(1, 70, -150)
(0, 70, -150)
(0, 70, -151)
(1, 70, -152)
(0, 71, -152)
(0, 71, -153)
(0, 71, -154)
(1, 71, -155)
(0, 72, -155)
(1, 72, -156)
(1, 72, -157)
(0, 73, -157)
(0, 73, -158)
(1, 73, -159)
(1, 73, -160)
(1, 73, -161)
(0, 73, -161)
(1, 72, -161)
(1, 72, -160)
(0, 72, -159)
(1, 71, -159)
(0, 71, -159)
(1, 70, -159)
(1, 70, -158)
(0, 71, -157)
(0, 71, -156)
(1, 70, -156)
(0, 70, -156)
(1, 69, -156)
(0, 69, -156)
(0, 69, -157)
(1, 69, -158)
(1, 69, -159)
(1, 69, -160)
(0, 70, -160)
(0, 70, -161)
(0, 70, -162)
(1, 70, -163)
(0, 71, -163)
(1, 71, -163)
(0, 72, -163)
(0, 72, -164)
(1, 72, -165)
(1, 72, -166)
(0, 72, -166)
(0, 72, -167)
(1, 71, -168)
(1, 71, -169)
(1, 71, -170)
(0, 72, -170)
(0, 72, -171)
(0, 72, -172)
(1, 71, -173)
(1, 71, -174)
(0, 72, -174)
(0, 72, -175)
(1, 71, -176)
(1, 71, -177)
(0, 72, -177)
(1, 72, -178)
(0, 73, -177)
(1, 73, -178)
(1, 73, -179)
(0, 73, -179)
(1, 72, -180)
(0, 72, -180)
(1, 71, -181)
(0, 71, -180)
(1, 70, -181)
(1, 70, -182)
(0, 70, -182)
(1, 69, -183)
(0, 69, -183)
(1, 68, -183)
(0, 68, -183)
(0, 68, -184)
(0, 68, -185)
(1, 68, -186)
(0, 69, -186)
(1, 69, -186)
(0, 70, -185)
(1, 70, -186)
(0, 71, -185)
(1, 71, -186)
(0, 72, -186)
(0, 72, -187)
(1, 72, -188)
(1, 72, -189)
(0, 72, -189)
(1, 71, -190)
(0, 71, -190)
(0, 71, -191)
(0, 71, -192)
(0, 71, -193)
(0, 71, -194)
(0, 71, -195)
(0, 71, -196)
(1, 71, -197)
(0, 72, -197)
(1, 72, -197)
(0, 73, -197)
(1, 73, -197)
(1, 73, -196)
(0, 73, -195)
(1, 72, -195)
(1, 72, -194)
(1, 72, -193)
(0, 73, -192)
(0, 73, -191)
(1, 73, -191)
(1, 73, -190)
(1, 73, -189)
(1, 73, -188)
(0, 74, -187)
(1, 74, -187)
(0, 75, -187)
(0, 75, -188)
(1, 75, -189)
(1, 75, -190)
(0, 76, -190)
(1, 76, -190)
(0, 77, -189)
(1, 77, -189)
(0, 78, -188)
(1, 78, -189)
(0, 79, -189)
(1, 79, -190)
(1, 79, -191)
(1, 79, -192)
(0, 80, -192)
(1, 80, -192)
(1, 80, -191)
(0, 81, -190)
(1, 81, -191)
(0, 82, -190)
(1, 82, -190)
(1, 82, -189)
(0, 82, -188)
(1, 81, -188)
(0, 81, -188)
(1, 80, -189)
(0, 80, -188)
(0, 80, -187)
(0, 80, -186)
(0, 80, -185)
(1, 79, -185)
(1, 79, -184)
(0, 80, -183)
(1, 80, -183)
(0, 81, -183)
(1, 81, -184)
(0, 82, -183)
(1, 82, -184)
(0, 83, -183)
(1, 83, -183)
(0, 84, -182)
(1, 84, -183)
(0, 85, -182)
(0, 85, -181)
(1, 84, -181)
(0, 84, -180)
(0, 84, -179)
(1, 84, -179)
(0, 85, -179)
(1, 85, -179)
(0, 86, -179)
(1, 86, -179)
(0, 87, -178)
(1, 87, -178)
(1, 87, -177)
(0, 87, -176)
(1, 86, -176)
(0, 86, -176)
(1, 85, -176)
(0, 85, -176)
(1, 84, -176)
(1, 84, -175)
(0, 85, -174)
(1, 85, -174)
(0, 86, -173)
(0, 86, -172)
(1, 86, -172)
(0, 87, -172)
(1, 87, -173)
(1, 87, -174)
(0, 88, -174)
(1, 88, -174)
(1, 88, -173)
(1, 88, -172)
(1, 88, -171)
(0, 89, -170)
(1, 89, -171)
(0, 90, -170)
(1, 90, -170)
(0, 91, -169)
(1, 91, -170)
(0, 92, -170)
(1, 92, -170)
(0, 93, -169)
(1, 93, -170)
(0, 94, -170)
(1, 94, -170)
(1, 94, -169)
(1, 94, -168)
(1, 94, -167)
(0, 95, -166)
(0, 95, -165)
(1, 95, -165)
(0, 96, -164)
(1, 96, -164)
(0, 97, -163)
(1, 97, -163)
(1, 97, -162)
(1, 97, -161)
(0, 98, -160)
(0, 98, -159)
(1, 97, -159)
(0, 97, -158)
(1, 96, -159)
(0, 96, -158)
(1, 95, -158)
(1, 95, -157)
(1, 95, -156)
(0, 95, -155)
(1, 94, -155)
(0, 94, -155)
(1, 93, -156)
(0, 93, -156)
(1, 92, -157)
(0, 92, -156)
(1, 91, -157)
(0, 91, -156)
(1, 90, -157)
(0, 90, -156)
(0, 90, -155)
(1, 89, -155)
(0, 89, -155)
(0, 89, -156)
(0, 89, -157)
(1, 89, -158)
(1, 89, -159)
(1, 89, -160)
(0, 90, -160)
(0, 90, -161)
(1, 90, -162)
(1, 90, -163)
(1, 90, -164)
(1, 90, -165)
(0, 91, -165)
(1, 91, -165)
(1, 91, -164)
(0, 92, -163)
(0, 92, -162)
(1, 91, -162)
(1, 91, -161)
(0, 91, -160)
(0, 91, -159)
(1, 91, -159)
(0, 92, -158)
(1, 92, -159)
(1, 92, -160)
(1, 92, -161)
(0, 93, -161)
(0, 93, -162)
(0, 93, -163)
(0, 93, -164)
(1, 92, -165)
(1, 92, -166)
(1, 92, -167)
(0, 92, -167)
(1, 91, -168)
(0, 91, -167)
(1, 90, -168)
(0, 90, -167)
(1, 89, -168)
(0, 89, -167)
(0, 89, -166)
(1, 88, -166)
(0, 88, -166)
(1, 87, -166)
(0, 87, -166)
(1, 86, -166)
(0, 86, -166)
(1, 85, -166)
(0, 85, -165)
(0, 85, -164)
(1, 84, -164)
(0, 84, -164)
(0, 84, -165)
(0, 84, -166)
(0, 84, -167)
(1, 83, -168)
(1, 83, -169)
(1, 83, -170)
(1, 83, -171)
(0, 83, -171)
(1, 82, -171)
(0, 82, -171)
(1, 81, -172)
(0, 81, -172)
(1, 80, -173)
(0, 80, -172)
(0, 80, -171)
(1, 80, -171)
(1, 80, -170)
(1, 80, -169)
(0, 81, -168)
(0, 81, -167)
(0, 81, -166)
(0, 81, -165)
(1, 81, -165)
(1, 81, -164)
(0, 82, -163)
(0, 82, -162)
(1, 82, -162)
(0, 83, -162)
(1, 83, -162)
(0, 84, -161)
(1, 84, -162)
(0, 85, -161)
(0, 85, -160)
(1, 85, -160)
(0, 86, -159)
(1, 86, -160)
(0, 87, -160)
(1, 87, -160)
(1, 87, -159)
(0, 87, -158)
(0, 87, -157)
(1, 86, -157)
(0, 86, -156)
(1, 85, -156)
(0, 85, -155)
(1, 84, -156)
(0, 84, -155)
(1, 83, -156)
(0, 83, -156)
(1, 82, -157)
(0, 82, -157)
(1, 81, -157)
(0, 81, -157)
(1, 80, -158)
(1, 80, -159)
(0, 80, -159)
(0, 80, -160)
(0, 80, -161)
(0, 80, -162)
(1, 80, -163)
(1, 80, -164)
(0, 80, -164)
(1, 79, -165)
(0, 79, -165)
(0, 79, -166)
(0, 79, -167)
(1, 79, -168)
(1, 79, -169)
(1, 79, -170)
(0, 79, -170)
(1, 78, -170)
(1, 78, -169)
(0, 78, -168)
(1, 77, -168)
(1, 77, -167)
(1, 77, -166)
(1, 77, -165)
(1, 77, -164)
(0, 78, -163)
(0, 78, -162)
(1, 77, -162)
(0, 77, -162)
(1, 76, -162)
(0, 76, -161)
(1, 75, -161)
(1, 75, -160)
(0, 75, -159)
(0, 75, -158)
(1, 74, -158)
(0, 74, -157)
(0, 74, -156)
(1, 73, -156)
(1, 73, -155)
(0, 73, -154)
(0, 73, -153)
(0, 73, -152)
(0, 73, -151)
(0, 73, -150)
(1, 72, -150)
(0, 72, -149)
(0, 72, -148)
(1, 72, -148)
(0, 73, -147)
(0, 73, -146)
(0, 73, -145)
(0, 73, -144)
(0, 73, -143)
(1, 72, -143)
(1, 72, -142)
(1, 72, -141)
(1, 72, -140)
(0, 72, -139)
(0, 72, -138)
(1, 72, -138)
(0, 73, -137)
(0, 73, -136)
(1, 72, -136)
(1, 72, -135)
(0, 72, -134)
(0, 72, -133)
(1, 72, -133)
(0, 73, -132)
(0, 73, -131)
(0, 73, -130)
(1, 72, -130)
(1, 72, -129)
(0, 73, -128)
(1, 73, -129)
(0, 74, -129)
(1, 74, -129)
(0, 75, -129)
(1, 75, -129)
(0, 76, -129)
(1, 76, -129)
(0, 77, -129)
(0, 77, -130)
(1, 77, -131)
(1, 77, -132)
(0, 78, -132)
(0, 78, -133)
(1, 78, -134)
(1, 78, -135)
(0, 78, -135)
(1, 77, -136)
(1, 77, -137)
(0, 78, -137)
(1, 78, -137)
(0, 79, -137)
(1, 79, -138)
(0, 80, -137)
(0, 80, -136)
(1, 79, -136)
(1, 79, -135)
(1, 79, -134)
(1, 79, -133)
(1, 79, -132)
(1, 79, -131)
(0, 79, -130)
(1, 78, -130)
(1, 78, -129)
(1, 78, -128)
(0, 78, -127)
(0, 78, -126)
(0, 78, -125)
(1, 77, -125)
(1, 77, -124)
(1, 77, -123)
(1, 77, -122)
(0, 78, -121)
(1, 78, -121)
(1, 78, -120)
(1, 78, -119)
(1, 78, -118)
(1, 78, -117)
(0, 78, -116)
(0, 78, -115)
(1, 78, -115)
(0, 79, -114)
(1, 79, -114)
(0, 80, -114)
(1, 80, -115)
(0, 81, -115)
(0, 81, -116)
(1, 80, -117)
(1, 80, -118)
(0, 81, -118)
(0, 81, -119)
(1, 81, -120)
(0, 82, -119)
(0, 82, -118)
(0, 82, -117)
(0, 82, -116)
(0, 82, -115)
(0, 82, -114)
(1, 81, -114)
(0, 81, -113)
(1, 80, -113)
(0, 80, -112)
(1, 79, -112)
(0, 79, -111)
(0, 79, -110)
(1, 79, -110)
(1, 79, -109)
(0, 79, -108)
(0, 79, -107)
(1, 79, -107)
(0, 80, -107)
(1, 80, -108)
(0, 81, -108)
(1, 81, -108)
(0, 82, -107)
(1, 82, -108)
(1, 82, -109)
(1, 82, -110)
(0, 83, -110)
(1, 83, -111)
(0, 84, -110)
(0, 84, -109)
(1, 84, -109)
(1, 84, -108)
(1, 84, -107)
(0, 84, -106)
(1, 83, -106)
(1, 83, -105)
(0, 84, -104)
(0, 84, -103)
(1, 83, -103)
(0, 83, -103)
(1, 82, -103)
(0, 82, -103)
(1, 81, -104)
(1, 81, -105)
(0, 81, -105)
(1, 80, -105)
(0, 80, -104)
(1, 79, -104)
(0, 79, -104)
(1, 78, -104)
(0, 78, -104)
(1, 77, -105)
(0, 77, -104)
(1, 76, -104)
(0, 76, -104)
(1, 75, -104)
(1, 75, -103)
(0, 76, -102)
(1, 76, -102)
(1, 76, -101)
(1, 76, -100)
(1, 76, -99)
(0, 76, -98)
(1, 75, -99)
(0, 75, -99)
(1, 74, -100)
(0, 74, -99)
(1, 73, -99)
(0, 73, -99)
(1, 72, -99)
(1, 72, -98)
(0, 73, -97)
(0, 73, -96)
(1, 72, -96)
(1, 72, -95)
(0, 72, -94)
(0, 72, -93)
(1, 71, -93)
(1, 71, -92)
(1, 71, -91)
(0, 72, -90)
(1, 72, -90)
(0, 73, -90)
(0, 73, -91)
(0, 73, -92)
(0, 73, -93)
(1, 73, -94)
(1, 73, -95)
(0, 74, -95)
(1, 74, -95)
(0, 75, -94)
(1, 75, -94)
(0, 76, -93)
(0, 76, -92)
(0, 76, -91)
(0, 76, -90)
(0, 76, -89)
(1, 75, -89)
(1, 75, -88)
(0, 76, -87)
(1, 76, -87)
(0, 77, -86)
(0, 77, -85)
(1, 76, -85)
(0, 76, -84)
(1, 75, -85)
(0, 75, -84)
(1, 74, -84)
(0, 74, -84)
(1, 73, -85)
(0, 73, -84)
(0, 73, -83)
(1, 73, -83)
(1, 73, -82)
(0, 74, -81)
(1, 74, -82)
(0, 75, -82)
(1, 75, -82)
(0, 76, -81)
(1, 76, -82)
(0, 77, -81)
(1, 77, -81)
(0, 78, -81)
(1, 78, -82)
(0, 79, -82)
(1, 79, -83)
(0, 80, -83)
(1, 80, -83)
(1, 80, -82)
(0, 80, -81)
(0, 80, -80)
(0, 80, -79)
(0, 80, -78)
(0, 80, -77)
(1, 80, -77)
(0, 81, -76)
(1, 81, -77)
(1, 81, -78)
(0, 82, -78)
(1, 82, -79)
(0, 83, -79)
(1, 83, -80)
(1, 83, -81)
(0, 83, -81)
(0, 83, -82)
(0, 83, -83)
(1, 83, -84)
(0, 84, -83)
(0, 84, -82)
(1, 84, -82)
(0, 85, -82)
(0, 85, -83)
(1, 85, -84)
(0, 86, -84)
(0, 86, -85)
(1, 86, -86)
(1, 86, -87)
(0, 86, -87)
(1, 85, -87)
(0, 85, -87)
(1, 84, -88)
(0, 84, -87)
(0, 84, -86)
(1, 83, -86)
(0, 83, -86)
(0, 83, -87)
(0, 83, -88)
(1, 83, -89)
(1, 83, -90)
(0, 84, -90)
(0, 84, -91)
(1, 83, -92)
(1, 83, -93)
(0, 84, -93)
(1, 84, -93)
(0, 85, -93)
(0, 85, -94)
(1, 85, -95)
(0, 86, -95)
(0, 86, -96)
(1, 85, -97)
(0, 85, -96)
(1, 84, -97)
(0, 84, -97)
(1, 83, -97)
(1, 83, -96)
(0, 83, -95)
(0, 83, -94)
(1, 82, -94)
(1, 82, -93)
(0, 82, -92)
(1, 81, -92)
(1, 81, -91)
(1, 81, -90)
(0, 82, -89)
(0, 82, -88)
(1, 81, -88)
(1, 81, -87)
(0, 81, -86)
(1, 80, -86)
(0, 80, -85)
(1, 79, -85)
(0, 79, -84)
(1, 78, -84)
(0, 78, -84)
(0, 78, -85)
(1, 78, -86)
(0, 79, -86)
(1, 79, -87)
(0, 80, -87)
(0, 80, -88)
(0, 80, -89)
(1, 79, -90)
(0, 79, -89)
(1, 78, -89)
(0, 78, -89)
(1, 77, -90)
(1, 77, -91)
(0, 78, -91)
(1, 78, -91)
(0, 79, -91)
(1, 79, -92)
(1, 79, -93)
(1, 79, -94)
(0, 80, -94)
(1, 80, -94)
(0, 81, -94)
(1, 81, -95)
(0, 82, -95)
(0, 82, -96)
(0, 82, -97)
(1, 82, -98)
(0, 83, -98)
(0, 83, -99)
(1, 83, -100)
(1, 83, -101)
(0, 84, -101)
(1, 84, -101)
(0, 85, -101)
(1, 85, -101)
(1, 85, -100)
(0, 86, -99)
(1, 86, -100)
(0, 87, -99)
(1, 87, -99)
(1, 87, -98)
(1, 87, -97)
(0, 87, -96)
(0, 87, -95)
(1, 87, -95)
(0, 88, -94)
(0, 88, -93)
(1, 88, -93)
(0, 89, -93)
(1, 89, -93)
(0, 90, -92)
(1, 90, -92)
(0, 91, -91)
(0, 91, -90)
(0, 91, -89)
(1, 91, -89)
(0, 92, -88)
(1, 92, -88)
(0, 93, -88)
(1, 93, -89)
(1, 93, -90)
(1, 93, -91)
(0, 94, -91)
(1, 94, -92)
(0, 95, -91)
(0, 95, -90)
(1, 95, -90)
(0, 96, -90)
(1, 96, -90)
(0, 97, -90)
(1, 97, -91)
(0, 98, -91)
(0, 98, -92)
(1, 97, -93)
(0, 97, -92)
(1, 96, -92)
(0, 96, -92)
(1, 95, -93)
(0, 95, -93)
(1, 94, -94)
(0, 94, -93)
(1, 93, -94)
(0, 93, -93)
(0, 93, -92)
(1, 92, -92)
(0, 92, -92)
(1, 91, -93)
(1, 91, -94)
(1, 91, -95)
(0, 91, -95)
(0, 91, -96)
(0, 91, -97)
(0, 91, -98)
(1, 91, -99)
(1, 91, -100)
(1, 91, -101)
(1, 91, -102)
(1, 91, -103)
(0, 92, -103)
(1, 92, -104)
(0, 93, -104)
(0, 93, -105)
(1, 92, -106)
(0, 92, -105)
(1, 91, -106)
(0, 91, -106)
(1, 90, -106)
(0, 90, -105)
(1, 89, -106)
(0, 89, -106)
(0, 89, -107)
(0, 89, -108)
(0, 89, -109)
(1, 88, -110)
(0, 88, -109)
(1, 87, -109)
(0, 87, -109)
(1, 86, -110)
(0, 86, -109)
(1, 85, -110)
(1, 85, -111)
(1, 85, -112)
(0, 86, -112)
(0, 86, -113)
(0, 86, -114)
(0, 86, -115)
(0, 86, -116)
(0, 86, -117)
(1, 85, -118)
(0, 85, -118)
(1, 84, -118)
(1, 84, -117)
(1, 84, -116)
(0, 85, -115)
(0, 85, -114)
(1, 84, -114)
(0, 84, -113)
(1, 83, -114)
(1, 83, -115)
(1, 83, -116)
(0, 83, -116)
(0, 83, -117)
(0, 83, -118)
(1, 83, -119)
(0, 84, -119)
(1, 84, -120)
(1, 84, -121)
(0, 84, -121)
(0, 84, -122)
(1, 84, -123)
(0, 85, -122)
(1, 85, -122)
(1, 85, -121)
(0, 86, -120)
(1, 86, -121)
(1, 86, -122)
(1, 86, -123)
(0, 87, -123)
(1, 87, -124)
(1, 87, -125)
(1, 87, -126)
(1, 87, -127)
(0, 88, -127)
(1, 88, -127)
(0, 89, -126)
(1, 89, -126)
(0, 90, -126)
(1, 90, -127)
(0, 91, -126)
(0, 91, -125)
(1, 90, -125)
(1, 90, -124)
(0, 90, -123)
(1, 89, -124)
(0, 89, -123)
(1, 88, -123)
(1, 88, -122)
(1, 88, -121)
(0, 89, -120)
(0, 89, -119)
(1, 88, -119)
(0, 88, -118)
(0, 88, -117)
(1, 88, -117)
(0, 89, -117)
(1, 89, -118)
(0, 90, -118)
(0, 90, -119)
(0, 90, -120)
(1, 90, -121)
(1, 90, -122)
(0, 91, -122)
(1, 91, -123)
(0, 92, -123)
(1, 92, -123)
(1, 92, -122)
(0, 92, -121)
(0, 92, -120)
(1, 91, -120)
(1, 91, -119)
(1, 91, -118)
(0, 91, -117)
(1, 90, -117)
(0, 90, -116)
(0, 90, -115)
(1, 90, -115)
(0, 91, -115)
(1, 91, -116)
(0, 92, -115)
(1, 92, -116)
(0, 93, -115)
(0, 93, -114)
(1, 93, -114)
(0, 94, -114)
(1, 94, -114)
(1, 94, -113)
(0, 95, -112)
(1, 95, -112)
(0, 96, -111)
(0, 96, -110)
(0, 96, -109)
(1, 95, -109)
(0, 95, -109)
(1, 94, -110)
(0, 94, -110)
(1, 93, -111)
(0, 93, -111)
(0, 93, -112)
(1, 92, -113)
(0, 92, -113)
(1, 91, -114)
(0, 91, -113)
(0, 91, -112)
(1, 90, -112)
(0, 90, -111)
(0, 90, -110)
(0, 90, -109)
(1, 90, -109)
(0, 91, -108)
(1, 91, -109)
(0, 92, -109)
(1, 92, -109)
(0, 93, -109)
(1, 93, -109)
(1, 93, -108)
(0, 94, -107)
(0, 94, -106)
(0, 94, -105)
(1, 94, -105)
(1, 94, -104)
(0, 95, -103)
(0, 95, -102)
(0, 95, -101)
(0, 95, -100)
(0, 95, -99)
(1, 95, -99)
(0, 96, -99)
(0, 96, -100)
(1, 96, -101)
(0, 97, -100)
(0, 97, -99)
(0, 97, -98)
(1, 97, -98)
(0, 98, -98)
(1, 98, -99)
(0, 99, -98)
(1, 99, -99)
(1, 99, -100)
(0, 100, -100)
(1, 100, -100)
(1, 100, -99)
(1, 100, -98)
(0, 100, -97)
(0, 100, -96)
(1, 99, -96)
(1, 99, -95)
(1, 99, -94)
(1, 99, -93)
(0, 100, -92)
(1, 100, -92)
(1, 100, -91)
(0, 100, -90)
(1, 99, -91)
(0, 99, -90)
(0, 99, -89)
(1, 98, -89)
(0, 98, -89)
(1, 97, -89)
(0, 97, -88)
(1, 96, -88)
(0, 96, -87)
(1, 95, -88)
(0, 95, -88)
(1, 94, -88)
(0, 94, -87)
(1, 93, -87)
(1, 93, -86)
(0, 93, -85)
(1, 92, -85)
(0, 92, -84)
(1, 91, -85)
(0, 91, -85)
(0, 91, -86)
(1, 90, -87)
(0, 90, -86)
(1, 89, -86)
(0, 89, -86)
(1, 88, -87)
(0, 88, -86)
(1, 87, -86)
(1, 87, -85)
(0, 88, -84)
(1, 88, -85)
(0, 89, -84)
(1, 89, -84)
(1, 89, -83)
(0, 90, -82)
(1, 90, -83)
(0, 91, -83)
(1, 91, -83)
(0, 92, -82)
(1, 92, -83)
(0, 93, -82)
(0, 93, -81)
(1, 92, -81)
(0, 92, -80)
(1, 91, -81)
(0, 91, -80)
(1, 90, -80)
(0, 90, -80)
(1, 89, -81)
(0, 89, -81)
(1, 88, -82)
(0, 88, -81)
(1, 87, -82)
(1, 87, -83)
(0, 87, -83)
(1, 86, -83)
(1, 86, -82)
(0, 86, -81)
(1, 85, -81)
(1, 85, -80)
(1, 85, -79)
(0, 85, -78)
(1, 84, -78)
(0, 84, -77)
(1, 83, -77)
(0, 83, -77)
(1, 82, -77)
(1, 82, -76)
(1, 82, -75)
(0, 82, -74)
(1, 81, -75)
(0, 81, -74)
(0, 81, -73)
(0, 81, -72)
(0, 81, -71)
(1, 81, -71)
(0, 82, -70)
(0, 82, -69)
(0, 82, -68)
(1, 81, -68)
(1, 81, -67)
(1, 81, -66)
(0, 81, -65)
(0, 81, -64)
(1, 81, -64)
(1, 81, -63)
(0, 81, -62)
(0, 81, -61)
(1, 80, -61)
(1, 80, -60)
(1, 80, -59)
(1, 80, -58)
(0, 80, -57)
(1, 79, -57)
(1, 79, -56)
(0, 80, -55)
(1, 80, -56)
(0, 81, -56)
(1, 81, -56)
(0, 82, -56)
(1, 82, -56)
(1, 82, -55)
(1, 82, -54)
(1, 82, -53)
(0, 82, -52)
(1, 81, -52)
(0, 81, -51)
(1, 80, -52)
(0, 80, -51)
(1, 79, -52)
(1, 79, -53)
(0, 79, -53)
(1, 78, -53)
(0, 78, -53)
(1, 77, -53)
(1, 77, -52)
(0, 77, -51)
(1, 76, -51)
(0, 76, -50)
(1, 75, -50)
(0, 75, -50)
(1, 74, -50)
(1, 74, -49)
(0, 75, -48)
(1, 75, -48)
(0, 76, -48)
(1, 76, -49)
(0, 77, -49)
(1, 77, -50)
(0, 78, -50)
(1, 78, -50)
(1, 78, -49)
(1, 78, -48)
(1, 78, -47)
(0, 78, -46)
(1, 77, -47)
(0, 77, -46)
(1, 76, -47)
(0, 76, -46)
(1, 75, -46)
(1, 75, -45)
(0, 75, -44)
(1, 74, -45)
(1, 74, -46)
(0, 74, -46)
(1, 73, -46)
(1, 73, -45)
(0, 73, -44)
(0, 73, -43)
(0, 73, -42)
(1, 73, -42)
(0, 74, -42)
(1, 74, -43)
(0, 75, -42)
(0, 75, -41)
(1, 74, -41)
(0, 74, -40)
(1, 73, -40)
(1, 73, -39)
(0, 73, -38)
(1, 72, -39)
(1, 72, -40)
(0, 72, -40)
(1, 71, -40)
(1, 71, -39)
(1, 71, -38)
(0, 71, -37)
(1, 70, -38)
(1, 70, -39)
(1, 70, -40)
(1, 70, -41)
(0, 71, -41)
(1, 71, -42)
(0, 72, -42)
(0, 72, -43)
(0, 72, -44)
(0, 72, -45)
(0, 72, -46)
(1, 72, -47)
(1, 72, -48)
(0, 72, -48)
(1, 71, -48)
(0, 71, -47)
(1, 70, -47)
(1, 70, -46)
(0, 70, -45)
(1, 69, -45)
(0, 69, -45)
(1, 68, -45)
(0, 68, -44)
(0, 68, -43)
(1, 68, -43)
(0, 69, -43)
(1, 69, -43)
(1, 69, -42)
(1, 69, -41)
(1, 69, -40)
(1, 69, -39)
(0, 69, -38)
(1, 68, -38)
(0, 68, -37)
(0, 68, -36)
(0, 68, -35)
(1, 67, -35)
(0, 67, -35)
(1, 66, -35)
(0, 66, -34)
(0, 66, -33)
(1, 66, -33)
(1, 66, -32)
(0, 66, -31)
(1, 65, -31)
(0, 65, -30)
(1, 64, -30)
(0, 64, -29)
(0, 64, -28)
(1, 64, -28)
(0, 65, -27)
(1, 65, -27)
(0, 66, -26)
(1, 66, -27)
(1, 66, -28)
(0, 67, -28)
(1, 67, -29)
(0, 68, -29)
(1, 68, -30)
(1, 68, -31)
(1, 68, -32)
(0, 69, -32)
(1, 69, -33)
(0, 70, -32)
(1, 70, -32)
(0, 71, -32)
(1, 71, -32)
(0, 72, -31)
(0, 72, -30)
(1, 72, -30)
(0, 73, -29)
(0, 73, -28)
(1, 73, -28)
(0, 74, -28)
(1, 74, -29)
(0, 75, -29)
(1, 75, -30)
(0, 76, -29)
(1, 76, -30)
(1, 76, -31)
(0, 76, -31)
(1, 75, -32)
(0, 75, -31)
(1, 74, -31)
(0, 74, -30)
(1, 73, -31)
(0, 73, -31)
(0, 73, -32)
(1, 72, -33)
(0, 72, -33)
(0, 72, -34)
(1, 72, -35)
(0, 73, -34)
(1, 73, -35)
(0, 74, -35)
(1, 74, -36)
(0, 75, -36)
(1, 75, -37)
(0, 76, -37)
(1, 76, -37)
(1, 76, -36)
(1, 76, -35)
(1, 76, -34)
(0, 77, -33)
(1, 77, -34)
(0, 78, -34)
(1, 78, -34)
(0, 79, -34)
(1, 79, -34)
(0, 80, -33)
(1, 80, -34)
(0, 81, -33)
(1, 81, -34)
(0, 82, -34)
(1, 82, -34)
(1, 82, -33)
(1, 82, -32)
(0, 83, -31)
(0, 83, -30)
(1, 82, -30)
(0, 82, -29)
(0, 82, -28)
(0, 82, -27)
(1, 81, -27)
(0, 81, -27)
(1, 80, -27)
(0, 80, -27)
(0, 80, -28)
(1, 79, -29)
(0, 79, -29)
(0, 79, -30)
(1, 78, -31)
(0, 78, -30)
(0, 78, -29)
(0, 78, -28)
(1, 78, -28)
(1, 78, -27)
(0, 78, -26)
(1, 77, -26)
(0, 77, -25)
(0, 77, -24)
(1, 77, -24)
(0, 78, -24)
(1, 78, -24)
(0, 79, -24)
(1, 79, -25)
(0, 80, -24)
(0, 80, -23)
(0, 80, -22)
(1, 79, -22)
(1, 79, -21)
(0, 80, -20)
(1, 80, -21)
(0, 81, -21)
(1, 81, -22)
(1, 81, -23)
(0, 82, -23)
(1, 82, -24)
(0, 83, -23)
(1, 83, -23)
(1, 83, -22)
(0, 84, -21)
(0, 84, -20)
(1, 84, -20)
(0, 85, -19)
(0, 85, -18)
(1, 85, -18)
(0, 86, -18)
(0, 86, -19)
(0, 86, -20)
(1, 85, -21)
(0, 85, -21)
(0, 85, -22)
(1, 84, -23)
(1, 84, -24)
(0, 84, -24)
(1, 83, -25)
(1, 83, -26)
(1, 83, -27)
(1, 83, -28)
(1, 83, -29)
(0, 84, -29)
(0, 84, -30)
(1, 84, -31)
(0, 85, -30)
(0, 85, -29)
(0, 85, -28)
(1, 84, -28)
(1, 84, -27)
(1, 84, -26)
(0, 85, -25)
(1, 85, -25)
(1, 85, -24)
(0, 86, -23)
(1, 86, -24)
(0, 87, -23)
(1, 87, -24)
(1, 87, -25)
(0, 87, -25)
(1, 86, -26)
(1, 86, -27)
(0, 87, -27)
(1, 87, -28)
(1, 87, -29)
(1, 87, -30)
(0, 88, -30)
(1, 88, -30)
(1, 88, -29)
(0, 89, -28)
(1, 89, -28)
(0, 90, -28)
(1, 90, -29)
(0, 91, -29)
(1, 91, -30)
(0, 92, -30)
(0, 92, -31)
(1, 91, -32)
(0, 91, -32)
(1, 90, -32)
(0, 90, -32)
(0, 90, -33)
(0, 90, -34)
(1, 90, -35)
(0, 91, -34)
(1, 91, -35)
(0, 92, -35)
(1, 92, -35)
(0, 93, -34)
(1, 93, -34)
(0, 94, -33)
(0, 94, -32)
(1, 93, -32)
(1, 93, -31)
(1, 93, -30)
(0, 94, -29)
(0, 94, -28)
(0, 94, -27)
(0, 94, -26)
(0, 94, -25)
(1, 93, -25)
(1, 93, -24)
(1, 93, -23)
(0, 94, -22)
(0, 94, -21)
(1, 94, -21)
(0, 95, -20)
(1, 95, -20)
(0, 96, -19)
(0, 96, -18)
(0, 96, -17)
(1, 95, -17)
(0, 95, -17)
(1, 94, -17)
(1, 94, -16)
(1, 94, -15)
(0, 95, -14)
(1, 95, -14)
(0, 96, -13)
(1, 96, -14)
(0, 97, -13)
(0, 97, -12)
(1, 97, -12)
(1, 97, -11)
(0, 97, -10)
(1, 96, -11)
(0, 96, -10)
(0, 96, -9)
(0, 96, -8)
(1, 96, -8)
(0, 97, -8)
(1, 97, -8)
(0, 98, -8)
(0, 98, -9)
(1, 98, -10)
(1, 98, -11)
(0, 99, -11)
(1, 99, -12)
(0, 100, -12)
(1, 100, -12)
(1, 100, -11)
(1, 100, -10)
(1, 100, -9)
(1, 100, -8)
(1, 100, -7)
(1, 100, -6)
(1, 100, -5)
(0, 100, -4)
(1, 99, -4)
(0, 99, -3)
(1, 98, -3)
(1, 98, -2)
(0, 99, -1)
(1, 99, -1)
(1, 99, 0)
(1, 99, 1)
(0, 99, 2)
(0, 99, 3)
(0, 99, 4)
(0, 99, 5)
(1, 99, 5)
(1, 99, 6)
(0, 99, 7)
(1, 98, 7)
(0, 98, 8)
(1, 97, 7)
(1, 97, 6)
(1, 97, 5)
(0, 98, 5)
(0, 98, 4)
(1, 97, 3)
(1, 97, 2)
(1, 97, 1)
(0, 97, 1)
(1, 96, 0)
(1, 96, -1)
(0, 96, -1)
(1, 95, -2)
(1, 95, -3)
(0, 96, -3)
(0, 96, -4)
(1, 96, -5)
(1, 96, -6)
(0, 96, -6)
(1, 95, -7)
(0, 95, -7)
(1, 94, -7)
(0, 94, -6)
(1, 93, -7)
(1, 93, -8)
(0, 93, -8)
(1, 92, -8)
(0, 92, -7)
(1, 91, -7)
(0, 91, -6)
(0, 91, -5)
(1, 91, -5)
(0, 92, -5)
(1, 92, -6)
(0, 93, -5)
(0, 93, -4)
(1, 92, -4)
(1, 92, -3)
(0, 93, -2)
(0, 93, -1)
(1, 93, -1)
(0, 94, 0)
(1, 94, -1)
(0, 95, 0)
(1, 95, 0)
(1, 95, 1)
(1, 95, 2)
(0, 96, 3)
(0, 96, 4)
(1, 95, 4)
(0, 95, 4)
(1, 94, 4)
(0, 94, 5)
(0, 94, 6)
(1, 94, 6)
(0, 95, 7)
(0, 95, 8)
(0, 95, 9)
(1, 94, 9)
(0, 94, 9)
(0, 94, 8)
(1, 93, 7)
(0, 93, 8)
(0, 93, 9)
(1, 92, 9)
(0, 92, 10)
(1, 91, 10)
(0, 91, 11)
(1, 90, 10)
(0, 90, 11)
(1, 89, 11)
(0, 89, 11)
(0, 89, 10)
(0, 89, 9)
(1, 89, 8)
(0, 90, 8)
(0, 90, 7)
(0, 90, 6)
(1, 89, 5)
(0, 89, 6)
(1, 88, 5)
(0, 88, 5)
(1, 87, 4)
(0, 87, 4)
(0, 87, 3)
(0, 87, 2)
(1, 87, 1)
(1, 87, 0)
(0, 88, 0)
(1, 88, -1)
(0, 89, 0)
(1, 89, -1)
(0, 90, -1)
(1, 90, -1)
(0, 91, -1)
(0, 91, -2)
(1, 90, -3)
(0, 90, -3)
(1, 89, -4)
(0, 89, -3)
(1, 88, -3)
(0, 88, -2)
(1, 87, -3)
(1, 87, -4)
(0, 88, -4)
(0, 88, -5)
(1, 88, -6)
(1, 88, -7)
(0, 89, -7)
(1, 89, -7)
(0, 90, -7)
(0, 90, -8)
(1, 90, -9)
(0, 91, -9)
(1, 91, -10)
(1, 91, -11)
(0, 91, -11)
(1, 90, -12)
(1, 90, -13)
(0, 90, -13)
(0, 90, -14)
(0, 90, -15)
(0, 90, -16)
(1, 89, -17)
(1, 89, -18)
(0, 89, -18)
(0, 89, -19)
(0, 89, -20)
(1, 89, -21)
(1, 89, -22)
(1, 89, -23)
(0, 90, -23)
(0, 90, -24)
(1, 89, -25)
(0, 89, -25)
(1, 88, -25)
(1, 88, -24)
(1, 88, -23)
(1, 88, -22)
(0, 88, -21)
(0, 88, -20)
(0, 88, -19)
(1, 87, -19)
(1, 87, -18)
(0, 87, -17)
(1, 86, -17)
(0, 86, -16)
(0, 86, -15)
(1, 85, -15)
(0, 85, -15)
(0, 85, -16)
(1, 84, -17)
(0, 84, -16)
(1, 83, -16)
(0, 83, -15)
(1, 82, -16)
(0, 82, -15)
(1, 81, -16)
(0, 81, -15)
(1, 80, -15)
(1, 80, -14)
(0, 80, -13)
(1, 79, -14)
(0, 79, -13)
(1, 78, -14)
(0, 78, -13)
(1, 77, -14)
(0, 77, -14)
(1, 76, -15)
(0, 76, -14)
(1, 75, -15)
(1, 75, -16)
(0, 75, -16)
(1, 74, -16)
(1, 74, -15)
(1, 74, -14)
(0, 74, -13)
(0, 74, -12)
(0, 74, -11)
(1, 74, -11)
(0, 75, -11)
(1, 75, -12)
(0, 76, -11)
(0, 76, -10)
(0, 76, -9)
(1, 75, -9)
(1, 75, -8)
(0, 76, -7)
(1, 76, -7)
(0, 77, -7)
(0, 77, -8)
(1, 77, -9)
(0, 78, -9)
(1, 78, -9)
(0, 79, -9)
(0, 79, -10)
(1, 79, -11)
(0, 80, -11)
(1, 80, -12)
(0, 81, -11)
(1, 81, -11)
(1, 81, -10)
(0, 81, -9)
(0, 81, -8)
(0, 81, -7)
(1, 81, -7)
(1, 81, -6)
(0, 82, -5)
(1, 82, -5)
(1, 82, -4)
(1, 82, -3)
(0, 83, -2)
(1, 83, -3)
(0, 84, -2)
(1, 84, -3)
(0, 85, -2)
(0, 85, -1)
(1, 84, -1)
(0, 84, 0)
(1, 83, 0)
(1, 83, 1)
(0, 84, 2)
(1, 84, 2)
(0, 85, 3)
(0, 85, 4)
(1, 84, 4)
(0, 84, 4)
(1, 83, 4)
(1, 83, 5)
(0, 83, 6)
(1, 82, 5)
(0, 82, 6)
(1, 81, 6)
(0, 81, 6)
(1, 80, 6)
(0, 80, 7)
(0, 80, 8)
(1, 80, 8)
(1, 80, 9)
(1, 80, 10)
(0, 80, 11)
(0, 80, 12)
(0, 80, 13)
(1, 80, 13)
(1, 80, 14)
(0, 80, 15)
(1, 79, 15)
(0, 79, 16)
(1, 78, 16)
(0, 78, 17)
(0, 78, 18)
(1, 78, 18)
(1, 78, 19)
(0, 79, 20)
(1, 79, 19)
(0, 80, 19)
(1, 80, 18)
(1, 80, 17)
(1, 80, 16)
(0, 81, 16)
(1, 81, 16)
(0, 82, 17)
(1, 82, 16)
(0, 83, 17)
(1, 83, 16)
(1, 83, 15)
(0, 84, 15)
(1, 84, 14)
(0, 85, 14)
(1, 85, 13)
(0, 86, 14)
(1, 86, 14)
(0, 87, 15)
(1, 87, 14)
(0, 88, 15)
(1, 88, 15)
(0, 89, 15)
(0, 89, 14)
(1, 89, 13)
(0, 90, 13)
(1, 90, 12)
(0, 91, 13)
(0, 91, 14)
(1, 91, 14)
(0, 92, 15)
(1, 92, 14)
(0, 93, 14)
(1, 93, 14)
(1, 93, 15)
(1, 93, 16)
(1, 93, 17)
(0, 93, 18)
(0, 93, 19)
(1, 92, 19)
(0, 92, 20)
(1, 91, 20)
(0, 91, 21)
(1, 90, 20)
(0, 90, 21)
(1, 89, 21)
(0, 89, 22)
(1, 88, 21)
(1, 88, 20)
(1, 88, 19)
(0, 88, 19)
(0, 88, 18)
(0, 88, 17)
(1, 87, 16)
(0, 87, 17)
(1, 86, 16)
(0, 86, 17)
(1, 85, 17)
(1, 85, 18)
(0, 85, 19)
(1, 84, 19)
(0, 84, 19)
(1, 83, 19)
(1, 83, 20)
(0, 84, 21)
(0, 84, 22)
(1, 84, 22)
(0, 85, 23)
(0, 85, 24)
(0, 85, 25)
(1, 84, 25)
(1, 84, 26)
(0, 85, 27)
(1, 85, 26)
(0, 86, 27)
(1, 86, 26)
(1, 86, 25)
(0, 86, 25)
(0, 86, 24)
(1, 86, 23)
(0, 87, 23)
(1, 87, 23)
(1, 87, 24)
(0, 88, 25)
(0, 88, 26)
(1, 88, 26)
(0, 89, 26)
(1, 89, 26)
(0, 90, 27)
(1, 90, 27)
(0, 91, 28)
(1, 91, 27)
(0, 92, 27)
(0, 92, 26)
(0, 92, 25)
(0, 92, 24)
(1, 92, 23)
(1, 92, 22)
(1, 92, 21)
(0, 93, 21)
(1, 93, 20)
(0, 94, 20)
(1, 94, 20)
(1, 94, 21)
(0, 94, 22)
(0, 94, 23)
(1, 94, 23)
(0, 95, 24)
(0, 95, 25)
(1, 94, 25)
(0, 94, 26)
(1, 93, 25)
(0, 93, 26)
(0, 93, 27)
(0, 93, 28)
(0, 93, 29)
(1, 93, 29)
(1, 93, 30)
(0, 93, 31)
(1, 92, 31)
(1, 92, 32)
(0, 92, 33)
(1, 91, 32)
(0, 91, 33)
(1, 90, 32)
(1, 90, 31)
(1, 90, 30)
(0, 90, 30)
(0, 90, 29)
(1, 89, 28)
(0, 89, 29)
(1, 88, 29)
(1, 88, 30)
(1, 88, 31)
(0, 89, 32)
(1, 89, 32)
(1, 89, 33)
(1, 89, 34)
(0, 89, 35)
(1, 88, 35)
(0, 88, 35)
(0, 88, 34)
(1, 87, 33)
(1, 87, 32)
(1, 87, 31)
(0, 87, 31)
(1, 86, 30)
(1, 86, 29)
(0, 86, 29)
(1, 85, 29)
(0, 85, 30)
(1, 84, 29)
(0, 84, 30)
(0, 84, 31)
(1, 84, 31)
(0, 85, 32)
(1, 85, 32)
(0, 86, 33)
(0, 86, 34)
(1, 85, 34)
(0, 85, 34)
(1, 84, 33)
(0, 84, 34)
(1, 83, 33)
(1, 83, 32)
(0, 83, 32)
(1, 82, 32)
(1, 82, 33)
(1, 82, 34)
(0, 83, 35)
(1, 83, 35)
(1, 83, 36)
(0, 83, 37)
(1, 82, 37)
(0, 82, 37)
(0, 82, 36)
(1, 81, 35)
(1, 81, 34)
(0, 81, 34)
(1, 80, 34)
(1, 80, 35)
(0, 80, 36)
(0, 80, 37)
(1, 79, 37)
(0, 79, 37)
(1, 78, 37)
(1, 78, 38)
(0, 78, 39)
(0, 78, 40)
(0, 78, 41)
(1, 77, 41)
(1, 77, 42)
(1, 77, 43)
(1, 77, 44)
(1, 77, 45)
(0, 78, 46)
(0, 78, 47)
(1, 78, 47)
(1, 78, 48)
(0, 78, 49)
(1, 77, 48)
(0, 77, 49)
(1, 76, 49)
(0, 76, 49)
(1, 75, 48)
(0, 75, 49)
(0, 75, 50)
(1, 75, 50)
(1, 75, 51)
(1, 75, 52)
(0, 76, 53)
(1, 76, 52)
(0, 77, 53)
(1, 77, 53)
(0, 78, 54)
(1, 78, 54)
(0, 79, 54)
(0, 79, 53)
(1, 78, 52)
(1, 78, 51)
(0, 79, 51)
(0, 79, 50)
(1, 79, 49)
(0, 80, 50)
(1, 80, 50)
(0, 81, 51)
(1, 81, 51)
(0, 82, 52)
(0, 82, 53)
(1, 82, 53)
(0, 83, 53)
(0, 83, 52)
(1, 83, 51)
(1, 83, 50)
(0, 83, 50)
(1, 82, 49)
(0, 82, 50)
(1, 81, 49)
(0, 81, 49)
(1, 80, 48)
(0, 80, 48)
(1, 79, 47)
(1, 79, 46)
(0, 79, 46)
(0, 79, 45)
(1, 78, 44)
(1, 78, 43)
(1, 78, 42)
(0, 79, 42)
(1, 79, 42)
(0, 80, 42)
(1, 80, 41)
(0, 81, 42)
(1, 81, 42)
(0, 82, 43)
(1, 82, 42)
(1, 82, 41)
(0, 83, 41)
(1, 83, 41)
(0, 84, 42)
(0, 84, 43)
(0, 84, 44)
(1, 84, 44)
(0, 85, 44)
(1, 85, 44)
(1, 85, 45)
(1, 85, 46)
(0, 86, 47)
(1, 86, 47)
(0, 87, 47)
(1, 87, 46)
(0, 88, 47)
(1, 88, 47)
(1, 88, 48)
(0, 89, 49)
(0, 89, 50)
(1, 89, 50)
(0, 90, 50)
(1, 90, 49)
(0, 91, 49)
(0, 91, 48)
(1, 90, 47)
(0, 90, 48)
(1, 89, 47)
(1, 89, 46)
(0, 89, 46)
(1, 88, 45)
(1, 88, 44)
(1, 88, 43)
(1, 88, 42)
(0, 88, 42)
(0, 88, 41)
(1, 88, 40)
(1, 88, 39)
(0, 88, 39)
(0, 88, 38)
(1, 88, 37)
(0, 89, 37)
(1, 89, 37)
(0, 90, 38)
(0, 90, 39)
(1, 89, 39)
(1, 89, 40)
(0, 90, 41)
(0, 90, 42)
(1, 89, 42)
(1, 89, 43)
(1, 89, 44)
(0, 90, 45)
(1, 90, 44)
(0, 91, 44)
(1, 91, 43)
(1, 91, 42)
(0, 91, 42)
(0, 91, 41)
(0, 91, 40)
(0, 91, 39)
(0, 91, 38)
(1, 91, 37)
(0, 92, 38)
(0, 92, 39)
(1, 92, 39)
(1, 92, 40)
(0, 93, 41)
(0, 93, 42)
(1, 92, 42)
(1, 92, 43)
(0, 93, 44)
(1, 93, 44)
(0, 94, 44)
(0, 94, 43)
(0, 94, 42)
(0, 94, 41)
(0, 94, 40)
(1, 93, 39)
(1, 93, 38)
(0, 93, 38)
(0, 93, 37)
(1, 93, 36)
(1, 93, 35)
(0, 94, 35)
(1, 94, 34)
(1, 94, 33)
(0, 95, 33)
(0, 95, 32)
(0, 95, 31)
(0, 95, 30)
(0, 95, 29)
(0, 95, 28)
(1, 95, 27)
(0, 96, 28)
(1, 96, 27)
(0, 97, 27)
(1, 97, 26)
(0, 98, 26)
(1, 98, 26)
(0, 99, 26)
(0, 99, 25)
(0, 99, 24)
(1, 98, 23)
(0, 98, 24)
(1, 97, 24)
(0, 97, 25)
(1, 96, 24)
(1, 96, 23)
(0, 97, 23)
(1, 97, 22)
(1, 97, 21)
(1, 97, 20)
(0, 97, 20)
(0, 97, 19)
(1, 97, 18)
(1, 97, 17)
(1, 97, 16)
(1, 97, 15)
(1, 97, 14)
(1, 97, 13)
(0, 98, 13)
(1, 98, 13)
(1, 98, 14)
(1, 98, 15)
(0, 99, 16)
(0, 99, 17)
(0, 99, 18)
(1, 98, 18)
(1, 98, 19)
(0, 99, 20)
(1, 99, 20)
(1, 99, 21)
(0, 100, 22)
(0, 100, 23)
(1, 100, 23)
(1, 100, 24)
(1, 100, 25)
(1, 100, 26)
(0, 100, 27)
(1, 99, 27)
(1, 99, 28)
(0, 100, 29)
(0, 100, 30)
(0, 100, 31)
(1, 100, 31)
(1, 100, 32)
(1, 100, 33)
(1, 100, 34)
(0, 100, 35)
(1, 99, 35)
(1, 99, 36)
(0, 100, 37)
(0, 100, 38)
(0, 100, 39)
(1, 99, 39)
(0, 99, 39)
(0, 99, 38)
(1, 98, 37)
(0, 98, 37)
(0, 98, 36)
(1, 97, 35)
(0, 97, 36)
(1, 96, 36)
(1, 96, 37)
(0, 96, 38)
(0, 96, 39)
(1, 96, 39)
(0, 97, 40)
(1, 97, 39)
(0, 98, 40)
(0, 98, 41)
(1, 97, 41)
(1, 97, 42)
(0, 98, 43)
(1, 98, 43)
(0, 99, 44)
(1, 99, 44)
(0, 100, 45)
(1, 100, 45)
(1, 100, 46)
(0, 100, 47)
(1, 99, 47)
(0, 99, 48)
(1, 98, 47)
(0, 98, 48)
(0, 98, 49)
(1, 98, 49)
(0, 99, 50)
(1, 99, 49)
(0, 100, 50)
(1, 100, 50)
(1, 100, 51)
(0, 100, 52)
(0, 100, 53)
(0, 100, 54)
(0, 100, 55)
(1, 99, 55)
(0, 99, 55)
(0, 99, 54)
(0, 99, 53)
(1, 98, 52)
(0, 98, 52)
(0, 98, 51)
(1, 97, 50)
(0, 97, 51)
(1, 96, 51)
(0, 96, 52)
(0, 96, 53)
(0, 96, 54)
(1, 95, 54)
(0, 95, 54)
(1, 94, 53)
(1, 94, 52)
(1, 94, 51)
(1, 94, 50)
(0, 95, 50)
(1, 95, 50)
(0, 96, 50)
(0, 96, 49)
(1, 96, 48)
(0, 97, 48)
(0, 97, 47)
(0, 97, 46)
(1, 96, 45)
(0, 96, 46)
(1, 95, 45)
(0, 95, 46)
(1, 94, 46)
(0, 94, 47)
(1, 93, 47)
(1, 93, 48)
(0, 93, 49)
(0, 93, 50)
(1, 92, 50)
(0, 92, 50)
(1, 91, 50)
(0, 91, 51)
(1, 90, 51)
(1, 90, 52)
(0, 90, 53)
(1, 89, 53)
(0, 89, 53)
(1, 88, 53)
(1, 88, 54)
(0, 89, 55)
(0, 89, 56)
(1, 89, 56)
(0, 90, 56)
(1, 90, 56)
(1, 90, 57)
(0, 90, 58)
(1, 89, 58)
(0, 89, 58)
(1, 88, 57)
(0, 88, 57)
(1, 87, 57)
(0, 87, 58)
(1, 86, 57)
(0, 86, 57)
(1, 85, 57)
(0, 85, 58)
(0, 85, 59)
(1, 85, 59)
(1, 85, 60)
(0, 85, 61)
(0, 85, 62)
(1, 84, 62)
(1, 84, 63)
(0, 84, 64)
(1, 83, 64)
(0, 83, 65)
(1, 82, 65)
(1, 82, 66)
(0, 82, 67)
(0, 82, 68)
(1, 81, 68)
(0, 81, 68)
(0, 81, 67)
(1, 80, 66)
(0, 80, 66)
(0, 80, 65)
(1, 79, 64)
(0, 79, 64)
(0, 79, 63)
(1, 78, 62)
(0, 78, 63)
(0, 78, 64)
(1, 77, 64)
(0, 77, 64)
(1, 76, 63)
(0, 76, 63)
(1, 75, 63)
(0, 75, 64)
(1, 74, 63)
(0, 74, 64)
(1, 73, 63)
(1, 73, 62)
(0, 73, 62)
(1, 72, 62)
(0, 72, 62)
(1, 71, 62)
(1, 71, 63)
(1, 71, 64)
(0, 71, 65)
(0, 71, 66)
(1, 70, 66)
(0, 70, 67)
(1, 69, 67)
(0, 69, 68)
(1, 68, 67)
(0, 68, 67)
(1, 67, 67)
(0, 67, 68)
(1, 66, 68)
(0, 66, 69)
(0, 66, 70)
(0, 66, 71)
(1, 65, 71)
(0, 65, 71)
(0, 65, 70)
(1, 64, 69)
(0, 64, 70)
(1, 63, 70)
(0, 63, 71)
(0, 63, 72)
(1, 63, 72)
(0, 64, 73)
(1, 64, 73)
(0, 65, 74)
(1, 65, 73)
(0, 66, 74)
(1, 66, 74)
(0, 67, 75)
(1, 67, 74)
(0, 68, 75)
(1, 68, 75)
(0, 69, 75)
(0, 69, 74)
(1, 68, 73)
(1, 68, 72)
(0, 69, 72)
(1, 69, 71)
(1, 69, 70)
(0, 70, 70)
(1, 70, 70)
(0, 71, 71)
(1, 71, 70)
(0, 72, 71)
(1, 72, 70)
(0, 73, 70)
(0, 73, 69)
(1, 72, 68)
(1, 72, 67)
(0, 73, 67)
(1, 73, 67)
(0, 74, 67)
(1, 74, 66)
(0, 75, 67)
(1, 75, 67)
(1, 75, 68)
(1, 75, 69)
(0, 75, 70)
(1, 74, 70)
(0, 74, 71)
(0, 74, 72)
(1, 74, 72)
(1, 74, 73)
(1, 74, 74)
(0, 74, 75)
(0, 74, 76)
(1, 74, 76)
(0, 75, 76)
(1, 75, 76)
(1, 75, 77)
(0, 76, 78)
(0, 76, 79)
(1, 76, 79)
(0, 77, 79)
(1, 77, 79)
(1, 77, 80)
(0, 78, 81)
(1, 78, 80)
(0, 79, 80)
(0, 79, 79)
(1, 79, 78)
(1, 79, 77)
(0, 79, 77)
(1, 78, 77)
(0, 78, 77)
(0, 78, 76)
(1, 77, 75)
(0, 77, 75)
(0, 77, 74)
(1, 77, 73)
(1, 77, 72)
(0, 78, 72)
(1, 78, 71)
(0, 79, 71)
(0, 79, 70)
(1, 79, 69)
(0, 80, 70)
(0, 80, 71)
(1, 80, 71)
(1, 80, 72)
(0, 81, 73)
(0, 81, 74)
(1, 81, 74)
(1, 81, 75)
(1, 81, 76)
(1, 81, 77)
(1, 81, 78)
(0, 81, 79)
(1, 80, 79)
(0, 80, 80)
(0, 80, 81)
(1, 80, 81)
(0, 81, 81)
(1, 81, 81)
(0, 82, 82)
(0, 82, 83)
(0, 82, 84)
(1, 81, 84)
(0, 81, 85)
(1, 80, 84)
(0, 80, 84)
(1, 79, 83)
(0, 79, 83)
(1, 78, 83)
(0, 78, 84)
(1, 77, 83)
(0, 77, 84)
(1, 76, 83)
(0, 76, 83)
(1, 75, 83)
(0, 75, 84)
(1, 74, 83)
(0, 74, 84)
(0, 74, 85)
(1, 73, 85)
(1, 73, 86)
(1, 73, 87)
(0, 73, 88)
(1, 72, 87)
(1, 72, 86)
(1, 72, 85)
(1, 72, 84)
(1, 72, 83)
(1, 72, 82)
(0, 73, 82)
(1, 73, 81)
(0, 74, 82)
(1, 74, 81)
(0, 75, 82)
(1, 75, 81)
(1, 75, 80)
(0, 75, 80)
(1, 74, 79)
(0, 74, 80)
(1, 73, 79)
(0, 73, 80)
(1, 72, 79)
(1, 72, 78)
(0, 73, 78)
(0, 73, 77)
(0, 73, 76)
(1, 72, 75)
(0, 72, 75)
(1, 71, 74)
(1, 71, 73)
(0, 71, 73)
(1, 70, 73)
(1, 70, 74)
(0, 70, 75)
(0, 70, 76)
(1, 70, 76)
(1, 70, 77)
(1, 70, 78)
(0, 70, 79)
(1, 69, 79)
(1, 69, 80)
(0, 70, 81)
(1, 70, 81)
(1, 70, 82)
(0, 70, 83)
(0, 70, 84)
(0, 70, 85)
(0, 70, 86)
(1, 70, 86)
(1, 70, 87)
(1, 70, 88)
(0, 70, 89)
(0, 70, 90)
(0, 70, 91)
(0, 70, 92)
(1, 69, 92)
(0, 69, 92)
(1, 68, 91)
(1, 68, 90)
(1, 68, 89)
(1, 68, 88)
(0, 69, 88)
(0, 69, 87)
(0, 69, 86)
(1, 68, 85)
(0, 68, 86)
(1, 67, 85)
(0, 67, 85)
(1, 66, 84)
(0, 66, 84)
(1, 65, 84)
(0, 65, 84)
(0, 65, 83)
(0, 65, 82)
(1, 65, 81)
(1, 65, 80)
(0, 65, 80)
(1, 64, 80)
(0, 64, 80)
(0, 64, 79)
(1, 64, 78)
(0, 65, 78)
(1, 65, 78)
(0, 66, 78)
(1, 66, 78)
(1, 66, 79)
(1, 66, 80)
(0, 67, 81)
(0, 67, 82)
(1, 67, 82)
(0, 68, 82)
(1, 68, 81)
(1, 68, 80)
(1, 68, 79)
(1, 68, 78)
(0, 68, 78)
(0, 68, 77)
(1, 67, 76)
(0, 67, 77)
(1, 66, 76)
(0, 66, 76)
(1, 65, 75)
(0, 65, 76)
(1, 64, 75)
(0, 64, 76)
(1, 63, 76)
(0, 63, 77)
(1, 62, 77)
(1, 62, 78)
(1, 62, 79)
(0, 62, 80)
(0, 62, 81)
(1, 61, 81)
(0, 61, 81)
(0, 61, 80)
(0, 61, 79)
(1, 60, 78)
(0, 60, 78)
(0, 60, 77)
(1, 60, 76)
(0, 61, 76)
(0, 61, 75)
(0, 61, 74)
(0, 61, 73)
(1, 61, 72)
(1, 61, 71)
(0, 61, 71)
(0, 61, 70)
(1, 61, 69)
(0, 62, 70)
(1, 62, 69)
(1, 62, 68)
(0, 62, 68)
(0, 62, 67)
(1, 62, 66)
(1, 62, 65)
(0, 63, 65)
(0, 63, 64)
(0, 63, 63)
(1, 62, 62)
(1, 62, 61)
(0, 62, 61)
(1, 61, 60)
(0, 61, 61)
(0, 61, 62)
(1, 60, 62)
(0, 60, 62)
(0, 60, 61)
(0, 60, 60)
(1, 60, 59)
(1, 60, 58)
(0, 61, 58)
(0, 61, 57)
(0, 61, 56)
(1, 61, 55)
(0, 62, 56)
(0, 62, 57)
(1, 62, 57)
(1, 62, 58)
(0, 63, 59)
(0, 63, 60)
(1, 63, 60)
(0, 64, 60)
(1, 64, 59)
(0, 65, 60)
(1, 65, 60)
(0, 66, 61)
(1, 66, 61)
(0, 67, 62)
(1, 67, 62)
(0, 68, 62)
(0, 68, 61)
(1, 68, 60)
(1, 68, 59)
(0, 68, 59)
(0, 68, 58)
(0, 68, 57)
(0, 68, 56)
(0, 68, 55)
(1, 67, 54)
(0, 67, 54)
(1, 66, 54)
(0, 66, 54)
(1, 65, 53)
(0, 65, 53)
(1, 64, 53)
(0, 64, 54)
(1, 63, 53)
(0, 63, 53)
(1, 62, 52)
(0, 62, 52)
(1, 61, 52)
(0, 61, 52)
(1, 60, 52)
(0, 60, 53)
(0, 60, 54)
(1, 59, 54)
(1, 59, 55)
(1, 59, 56)
(0, 59, 57)
(0, 59, 58)
(1, 58, 58)
(0, 58, 59)
(0, 58, 60)
(1, 58, 60)
(1, 58, 61)
(0, 58, 62)
(1, 57, 62)
(0, 57, 63)
(1, 56, 63)
(0, 56, 63)
(1, 55, 63)
(1, 55, 64)
(1, 55, 65)
(1, 55, 66)
(1, 55, 67)
(0, 55, 68)
(1, 54, 68)
(0, 54, 69)
(1, 53, 69)
(0, 53, 70)
(1, 52, 70)
(0, 52, 70)
(1, 51, 69)
(0, 51, 70)
(0, 51, 71)
(0, 51, 72)
(0, 51, 73)
(1, 51, 73)
(0, 52, 74)
(1, 52, 73)
(0, 53, 74)
(1, 53, 73)
(0, 54, 73)
(1, 54, 73)
(0, 55, 74)
(1, 55, 73)
(0, 56, 73)
(1, 56, 73)
