(1, 85, -195)
(0, 86, -195)
(0, 86, -196)
(1, 85, -197)
(0, 85, -196)
(1, 84, -196)
(0, 84, -196)
(0, 84, -197)
(1, 84, -198)
(1, 84, -199)
(1, 84, -200)
(0, 85, -200)
(1, 85, -200)
(0, 86, -200)
(1, 86, -200)
(1, 86, -199)
(1, 86, -198)
(0, 87, -197)
(1, 87, -198)
(1, 87, -199)
(1, 87, -200)
(0, 88, -200)
(1, 88, -200)
(0, 89, -199)
(0, 89, -198)
(1, 88, -198)
(1, 88, -197)
(1, 88, -196)
(0, 88, -195)
(1, 87, -196)
(0, 87, -195)
(0, 87, -194)
(1, 87, -194)
(1, 87, -193)
(0, 88, -192)
(1, 88, -192)
(0, 89, -191)
(1, 89, -192)
(0, 90, -192)
(1, 90, -192)
(1, 90, -191)
(1, 90, -190)
(1, 90, -189)
(0, 90, -188)
(1, 89, -189)
(0, 89, -188)
(1, 88, -189)
(0, 88, -189)
(0, 88, -190)
(1, 87, -191)
(0, 87, -190)
(1, 86, -191)
(1, 86, -192)
(0, 86, -192)
(1, 85, -192)
(0, 85, -191)
(0, 85, -190)
(1, 85, -190)
(1, 85, -189)
(0, 85, -188)
(1, 84, -188)
(0, 84, -187)
(0, 84, -186)
(1, 84, -186)
(0, 85, -186)
(1, 85, -187)
(0, 86, -186)
(0, 86, -185)
(0, 86, -184)
(1, 85, -184)
(1, 85, -183)
(0, 86, -182)
(1, 86, -182)
(1, 86, -181)
(0, 86, -180)
(1, 85, -180)
(0, 85, -180)
(1, 84, -180)
(1, 84, -179)
(0, 85, -178)
(0, 85, -177)
(1, 85, -177)
(0, 86, -176)
(0, 86, -175)
(1, 86, -175)
(0, 87, -174)
(1, 87, -175)
(1, 87, -176)
(1, 87, -177)
(1, 87, -178)
(1, 87, -179)
(0, 88, -179)
(0, 88, -180)
(1, 88, -181)
(0, 89, -180)
(1, 89, -181)
(0, 90, -180)
(0, 90, -179)
(0, 90, -178)
(0, 90, -177)
(1, 90, -177)
(0, 91, -177)
(0, 91, -178)
(1, 91, -179)
(1, 91, -180)
(0, 92, -180)
(0, 92, -181)
(1, 91, -182)
(0, 91, -181)
(1, 90, -182)
(0, 90, -182)
(1, 89, -183)
(0, 89, -183)
(1, 88, -184)
(0, 88, -183)
(1, 87, -184)
(1, 87, -185)
(0, 88, -185)
(1, 88, -186)
(0, 89, -186)
(1, 89, -187)
(0, 90, -186)
(1, 90, -187)
(0, 91, -187)
(1, 91, -187)
(1, 91, -186)
(1, 91, -185)
(0, 92, -184)
(1, 92, -184)
(0, 93, -183)
(1, 93, -183)
(0, 94, -182)
(1, 94, -183)
(1, 94, -184)
(0, 95, -184)
(0, 95, -185)
(1, 95, -186)
(0, 96, -186)
(0, 96, -187)
(0, 96, -188)
(1, 96, -189)
(0, 97, -188)
(1, 97, -188)
(0, 98, -187)
(1, 98, -187)
(0, 99, -187)
(1, 99, -187)
(0, 100, -186)
(0, 100, -185)
(1, 99, -185)
(0, 99, -184)
(0, 99, -183)
(1, 99, -183)
(0, 100, -182)
(0, 100, -181)
(0, 100, -180)
(1, 99, -180)
(0, 99, -179)
(1, 98, -179)
(0, 98, -178)
(1, 97, -179)
(0, 97, -178)
(1, 96, -179)
(0, 96, -178)
(1, 95, -179)
(0, 95, -178)
(1, 94, -179)
(0, 94, -178)
(1, 93, -178)
(1, 93, -177)
(0, 93, -176)
(1, 92, -177)
(0, 92, -176)
(1, 91, -176)
(1, 91, -175)
(0, 91, -174)
(0, 91, -173)
(1, 90, -173)
(1, 90, -172)
(0, 91, -171)
(1, 91, -171)
(0, 92, -171)
(1, 92, -171)
(1, 92, -170)
(0, 92, -169)
(0, 92, -168)
(1, 91, -168)
(0, 91, -168)
(1, 90, -168)
(0, 90, -167)
(0, 90, -166)
(1, 89, -166)
(0, 89, -165)
(1, 88, -165)
(1, 88, -164)
(0, 89, -163)
(1, 89, -164)
(0, 90, -163)
(0, 90, -162)
(1, 89, -162)
(0, 89, -161)
(1, 88, -162)
(0, 88, -161)
(1, 87, -162)
(0, 87, -162)
(0, 87, -163)
(0, 87, -164)
(1, 87, -165)
(1, 87, -166)
(0, 88, -166)
(0, 88, -167)
(0, 88, -168)
(1, 88, -169)
(1, 88, -170)
(0, 89, -170)
(1, 89, -171)
(1, 89, -172)
(0, 89, -172)
(0, 89, -173)
(1, 88, -174)
(0, 88, -173)
(0, 88, -172)
(1, 87, -172)
(1, 87, -171)
(0, 87, -170)
(1, 86, -171)
(0, 86, -171)
(0, 86, -172)
(1, 85, -173)
(0, 85, -173)
(1, 84, -174)
(0, 84, -174)
(0, 84, -175)
(0, 84, -176)
(0, 84, -177)
(1, 83, -178)
(0, 83, -177)
(1, 82, -177)
(0, 82, -177)
(0, 82, -178)
(1, 81, -179)
(1, 81, -180)
(1, 81, -181)
(0, 81, -181)
(0, 81, -182)
(0, 81, -183)
(0, 81, -184)
(0, 81, -185)
(0, 81, -186)
(1, 81, -187)
(0, 82, -186)
(0, 82, -185)
(0, 82, -184)
(0, 82, -183)
(1, 82, -183)
(0, 83, -183)
(1, 83, -184)
(1, 83, -185)
(0, 83, -185)
(0, 83, -186)
(0, 83, -187)
(0, 83, -188)
(0, 83, -189)
(1, 82, -190)
(1, 82, -191)
(1, 82, -192)
(1, 82, -193)
(1, 82, -194)
(1, 82, -195)
(1, 82, -196)
(1, 82, -197)
(0, 83, -197)
(0, 83, -198)
(1, 82, -199)
(0, 82, -199)
(1, 81, -199)
(0, 81, -198)
(1, 80, -199)
(0, 80, -198)
(0, 80, -197)
(1, 79, -197)
(1, 79, -196)
(0, 79, -195)
(1, 78, -196)
(1, 78, -197)
(1, 78, -198)
(1, 78, -199)
(0, 78, -199)
(1, 77, -200)
(0, 77, -200)
(1, 76, -200)
(0, 76, -199)
(1, 75, -200)
(0, 75, -199)
(1, 74, -199)
(0, 74, -199)
(1, 73, -200)
(0, 73, -199)
(0, 73, -198)
(0, 73, -197)
(1, 72, -197)
(0, 72, -197)
(1, 71, -197)
(0, 71, -197)
(1, 70, -198)
(0, 70, -198)
(1, 69, -198)
(0, 69, -197)
(1, 68, -197)
(0, 68, -196)
(1, 67, -197)
(0, 67, -196)
(1, 66, -196)
(1, 66, -195)
(1, 66, -194)
(1, 66, -193)
(0, 67, -192)
(1, 67, -192)
(1, 67, -191)
(0, 67, -190)
(1, 66, -191)
(0, 66, -191)
(1, 65, -191)
(0, 65, -191)
(0, 65, -192)
(1, 64, -193)
(0, 64, -193)
(1, 63, -193)
(0, 63, -192)
(1, 62, -192)
(0, 62, -191)
(1, 61, -192)
(1, 61, -193)
(0, 61, -193)
(0, 61, -194)
(0, 61, -195)
(1, 61, -196)
(0, 62, -196)
(1, 62, -197)
(0, 63, -196)
(1, 63, -196)
(0, 64, -196)
(0, 64, -197)
(1, 64, -198)
(1, 64, -199)
(1, 64, -200)
(0, 64, -200)
(1, 63, -200)
(0, 63, -200)
(1, 62, -200)
(0, 62, -199)
(0, 62, -198)
(1, 61, -198)
(0, 61, -198)
(1, 60, -199)
(0, 60, -199)
(1, 59, -200)
(0, 59, -199)
(0, 59, -198)
(1, 59, -198)
(1, 59, -197)
(0, 60, -196)
(0, 60, -195)
(1, 59, -195)
(0, 59, -194)
(1, 58, -194)
(0, 58, -194)
(0, 58, -195)
(0, 58, -196)
(1, 57, -197)
(0, 57, -196)
(1, 56, -197)
(0, 56, -197)
(0, 56, -198)
(1, 56, -199)
(1, 56, -200)
(0, 56, -200)
(1, 55, -200)
(0, 55, -199)
(0, 55, -198)
(1, 54, -198)
(0, 54, -198)
(1, 53, -199)
(0, 53, -198)
(1, 52, -198)
(1, 52, -197)
(1, 52, -196)
(1, 52, -195)
(0, 52, -194)
(0, 52, -193)
(0, 52, -192)
(1, 51, -192)
(1, 51, -191)
(1, 51, -190)
(0, 51, -189)
(1, 50, -190)
(0, 50, -189)
(1, 49, -189)
(1, 49, -188)
(0, 49, -187)
(0, 49, -186)
(1, 49, -186)
(1, 49, -185)
(0, 50, -184)
(1, 50, -185)
(0, 51, -185)
(0, 51, -186)
(1, 51, -187)
(0, 52, -186)
(0, 52, -185)
(1, 52, -185)
(0, 53, -185)
(0, 53, -186)
(1, 53, -187)
(0, 54, -186)
(0, 54, -185)
(0, 54, -184)
(0, 54, -183)
(1, 53, -183)
(1, 53, -182)
(0, 54, -181)
(1, 54, -182)
(0, 55, -182)
(1, 55, -182)
(0, 56, -182)
(1, 56, -182)
(1, 56, -181)
(1, 56, -180)
(0, 57, -179)
(0, 57, -178)
(0, 57, -177)
(1, 57, -177)
(0, 58, -177)
(0, 58, -178)
(0, 58, -179)
(1, 58, -180)
(1, 58, -181)
(1, 58, -182)
(0, 59, -182)
(0, 59, -183)
(1, 59, -184)
(0, 60, -183)
(0, 60, -182)
(1, 60, -182)
(0, 61, -181)
(1, 61, -181)
(0, 62, -181)
(1, 62, -181)
(1, 62, -180)
(0, 63, -179)
(1, 63, -180)
(0, 64, -180)
(1, 64, -180)
(0, 65, -179)
(0, 65, -178)
(0, 65, -177)
(1, 64, -177)
(0, 64, -177)
(1, 63, -178)
(0, 63, -177)
(1, 62, -177)
(0, 62, -177)
(1, 61, -177)
(0, 61, -177)
(1, 60, -177)
(1, 60, -176)
(0, 60, -175)
(0, 60, -174)
(0, 60, -173)
(1, 60, -173)
(1, 60, -172)
(1, 60, -171)
(0, 61, -170)
(1, 61, -170)
(0, 62, -169)
(1, 62, -169)
(1, 62, -168)
(0, 62, -167)
(1, 61, -168)
(0, 61, -168)
(1, 60, -168)
(0, 60, -168)
(1, 59, -168)
(0, 59, -168)
(1, 58, -169)
(0, 58, -169)
(1, 57, -169)
(0, 57, -168)
(1, 56, -168)
(1, 56, -167)
(0, 57, -166)
(1, 57, -166)
(0, 58, -166)
(1, 58, -167)
(0, 59, -166)
(1, 59, -166)
(0, 60, -165)
(0, 60, -164)
(1, 59, -164)
(0, 59, -163)
(1, 58, -163)
(0, 58, -162)
(1, 57, -163)
(0, 57, -163)
(0, 57, -164)
(1, 56, -165)
(0, 56, -165)
(1, 55, -165)
(0, 55, -165)
(1, 54, -166)
(0, 54, -166)
(1, 53, -166)
(0, 53, -166)
(1, 52, -167)
(1, 52, -168)
(0, 52, -168)
(1, 51, -168)
(1, 51, -167)
(1, 51, -166)
(0, 51, -165)
(1, 50, -166)
(0, 50, -166)
(1, 49, -167)
(0, 49, -166)
(1, 48, -166)
(1, 48, -165)
(0, 48, -164)
(0, 48, -163)
(1, 47, -163)
(0, 47, -162)
(1, 46, -163)
(1, 46, -164)
(0, 47, -164)
(0, 47, -165)
(1, 47, -166)
(1, 47, -167)
(0, 48, -167)
(0, 48, -168)
(1, 48, -169)
(1, 48, -170)
(0, 48, -170)
(1, 47, -170)
(0, 47, -170)
(0, 47, -171)
(0, 47, -172)
(1, 46, -173)
(0, 46, -173)
(1, 45, -173)
(0, 45, -173)
(0, 45, -174)
(1, 45, -175)
(1, 45, -176)
(1, 45, -177)
(1, 45, -178)
(0, 46, -178)
(0, 46, -179)
(1, 45, -180)
(0, 45, -179)
(1, 44, -179)
(0, 44, -178)
(0, 44, -177)
(1, 43, -177)
(0, 43, -177)
(1, 42, -177)
(0, 42, -177)
(1, 41, -177)
(1, 41, -176)
(1, 41, -175)
(0, 42, -174)
(1, 42, -175)
(0, 43, -175)
(1, 43, -175)
(1, 43, -174)
(0, 43, -173)
(0, 43, -172)
(1, 43, -172)
(1, 43, -171)
(1, 43, -170)
(0, 43, -169)
(1, 42, -170)
(0, 42, -170)
(1, 41, -170)
(1, 41, -169)
(0, 41, -168)
(1, 40, -168)
(0, 40, -167)
(0, 40, -166)
(0, 40, -165)
(1, 40, -165)
(0, 41, -165)
(1, 41, -165)
(0, 42, -165)
(1, 42, -165)
(0, 43, -165)
(1, 43, -165)
(1, 43, -164)
(0, 44, -163)
(1, 44, -163)
(0, 45, -163)
(1, 45, -163)
(1, 45, -162)
(1, 45, -161)
(1, 45, -160)
(0, 46, -159)
(1, 46, -160)
(0, 47, -159)
(1, 47, -160)
(0, 48, -159)
(1, 48, -160)
(0, 49, -159)
(1, 49, -160)
(0, 50, -160)
(1, 50, -161)
(0, 51, -161)
(1, 51, -161)
(0, 52, -161)
(0, 52, -162)
(1, 52, -163)
(0, 53, -162)
(1, 53, -162)
(1, 53, -161)
(0, 54, -160)
(0, 54, -159)
(0, 54, -158)
(1, 54, -158)
(0, 55, -158)
(0, 55, -159)
(0, 55, -160)
(1, 55, -161)
(0, 56, -160)
(1, 56, -160)
(0, 57, -160)
(1, 57, -161)
(0, 58, -160)
(1, 58, -160)
(1, 58, -159)
(0, 58, -158)
(1, 57, -159)
(0, 57, -158)
(0, 57, -157)
(1, 57, -157)
(1, 57, -156)
(1, 57, -155)
(1, 57, -154)
(0, 57, -153)
(1, 56, -153)
(0, 56, -152)
(1, 55, -152)
(1, 55, -151)
(1, 55, -150)
(0, 55, -149)
(1, 54, -150)
(1, 54, -151)
(0, 54, -151)
(1, 53, -151)
(0, 53, -151)
(1, 52, -152)
(0, 52, -152)
(1, 51, -152)
(0, 51, -152)
(0, 51, -153)
(1, 51, -154)
(0, 52, -154)
(0, 52, -155)
(0, 52, -156)
(1, 51, -157)
(0, 51, -156)
(1, 50, -156)
(0, 50, -156)
(1, 49, -156)
(0, 49, -156)
(1, 48, -157)
(0, 48, -156)
(1, 47, -157)
(0, 47, -157)
(1, 46, -158)
(0, 46, -157)
(0, 46, -156)
(1, 45, -156)
(1, 45, -155)
(0, 45, -154)
(1, 44, -155)
(1, 44, -156)
(0, 44, -156)
(1, 43, -157)
(0, 43, -156)
(0, 43, -155)
(1, 43, -155)
(1, 43, -154)
(0, 44, -153)
(0, 44, -152)
(1, 44, -152)
(0, 45, -151)
(1, 45, -152)
(1, 45, -153)
(0, 46, -153)
(1, 46, -154)
(1, 46, -155)
(0, 47, -155)
(1, 47, -155)
(0, 48, -154)
(1, 48, -154)
(0, 49, -153)
(1, 49, -154)
(0, 50, -153)
(0, 50, -152)
(1, 49, -152)
(1, 49, -151)
(0, 50, -150)
(1, 50, -151)
(0, 51, -150)
(0, 51, -149)
(0, 51, -148)
(0, 51, -147)
(1, 50, -147)
(0, 50, -147)
(0, 50, -148)
(1, 49, -149)
(0, 49, -149)
(1, 48, -149)
(0, 48, -149)
(1, 47, -150)
(0, 47, -149)
(0, 47, -148)
(1, 46, -148)
(0, 46, -147)
(1, 45, -147)
(0, 45, -146)
(0, 45, -145)
(0, 45, -144)
(0, 45, -143)
(1, 45, -143)
(0, 46, -142)
(1, 46, -143)
(1, 46, -144)
(0, 46, -144)
(0, 46, -145)
(1, 46, -146)
(0, 47, -146)
(1, 47, -147)
(0, 48, -147)
(1, 48, -147)
(0, 49, -146)
(1, 49, -146)
(0, 50, -145)
(0, 50, -144)
(0, 50, -143)
(1, 50, -143)
(0, 51, -143)
(0, 51, -144)
(1, 51, -145)
(0, 52, -144)
(1, 52, -145)
(0, 53, -144)
(0, 53, -143)
(1, 53, -143)
(1, 53, -142)
(0, 53, -141)
(0, 53, -140)
(0, 53, -139)
(0, 53, -138)
(1, 52, -138)
(1, 52, -137)
(0, 53, -136)
(0, 53, -135)
(1, 52, -135)
(0, 52, -134)
(0, 52, -133)
(1, 51, -133)
(0, 51, -133)
(1, 50, -134)
(0, 50, -134)
(0, 50, -135)
(1, 50, -136)
(1, 50, -137)
(1, 50, -138)
(0, 50, -138)
(1, 49, -138)
(0, 49, -137)
(0, 49, -136)
(0, 49, -135)
(1, 48, -135)
(1, 48, -134)
(0, 49, -133)
(0, 49, -132)
(0, 49, -131)
(0, 49, -130)
(1, 48, -130)
(0, 48, -130)
(1, 47, -131)
(0, 47, -131)
(1, 46, -131)
(0, 46, -131)
(0, 46, -132)
(1, 46, -133)
(0, 47, -133)
(0, 47, -134)
(1, 47, -135)
(1, 47, -136)
(0, 48, -136)
(0, 48, -137)
(1, 47, -138)
(0, 47, -137)
(1, 46, -137)
(1, 46, -136)
(0, 46, -135)
(0, 46, -134)
(1, 45, -134)
(0, 45, -134)
(1, 44, -135)
(1, 44, -136)
(0, 45, -136)
(1, 45, -137)
(1, 45, -138)
(0, 45, -138)
(1, 44, -139)
(1, 44, -140)
(1, 44, -141)
(1, 44, -142)
(0, 44, -142)
(1, 43, -142)
(0, 43, -142)
(1, 42, -143)
(0, 42, -142)
(0, 42, -141)
(1, 42, -141)
(1, 42, -140)
(1, 42, -139)
(0, 42, -138)
(0, 42, -137)
(1, 41, -137)
(0, 41, -136)
(1, 40, -137)
(1, 40, -138)
(0, 41, -138)
(0, 41, -139)
(1, 40, -140)
(1, 40, -141)
(0, 41, -141)
(0, 41, -142)
(1, 40, -143)
(0, 40, -143)
(0, 40, -144)
(1, 39, -145)
(0, 39, -144)
(1, 38, -145)
(0, 38, -144)
(1, 37, -144)
(0, 37, -143)
(1, 36, -143)
(1, 36, -142)
(0, 36, -141)
(0, 36, -140)
(0, 36, -139)
(1, 35, -139)
(1, 35, -138)
(0, 35, -137)
(1, 34, -137)
(0, 34, -136)
(1, 33, -136)
(0, 33, -135)
(0, 33, -134)
(1, 32, -134)
(0, 32, -134)
(1, 31, -134)
(1, 31, -133)
(0, 32, -132)
(0, 32, -131)
(1, 32, -131)
(1, 32, -130)
(0, 32, -129)
(1, 31, -129)
(0, 31, -128)
(0, 31, -127)
(0, 31, -126)
(1, 30, -126)
(0, 30, -125)
(1, 29, -125)
(1, 29, -124)
(1, 29, -123)
(0, 29, -122)
(0, 29, -121)
(0, 29, -120)
(1, 28, -120)
(0, 28, -120)
(1, 27, -120)
(0, 27, -120)
(0, 27, -121)
(1, 26, -122)
(0, 26, -122)
(0, 26, -123)
(1, 26, -124)
(0, 27, -124)
(1, 27, -125)
(0, 28, -125)
(0, 28, -126)
(0, 28, -127)
(0, 28, -128)
(1, 28, -129)
(1, 28, -130)
(0, 29, -130)
(1, 29, -130)
(0, 30, -130)
(1, 30, -130)
(0, 31, -130)
(0, 31, -131)
(1, 30, -132)
(0, 30, -132)
(0, 30, -133)
(0, 30, -134)
(0, 30, -135)
(1, 30, -136)
(0, 31, -135)
(1, 31, -136)
(0, 32, -136)
(0, 32, -137)
(0, 32, -138)
(1, 32, -139)
(0, 33, -138)
(1, 33, -139)
(0, 34, -138)
(1, 34, -139)
(1, 34, -140)
(0, 34, -140)
(1, 33, -141)
(0, 33, -141)
(1, 32, -142)
(1, 32, -143)
(0, 33, -143)
(1, 33, -144)
(1, 33, -145)
(1, 33, -146)
(0, 34, -146)
(0, 34, -147)
(1, 33, -148)
(0, 33, -148)
(1, 32, -149)
(1, 32, -150)
(1, 32, -151)
(0, 32, -151)
(1, 31, -152)
(0, 31, -152)
(1, 30, -153)
(1, 30, -154)
(1, 30, -155)
(0, 30, -155)
(1, 29, -155)
(0, 29, -155)
(0, 29, -156)
(1, 29, -157)
(0, 30, -157)
(0, 30, -158)
(1, 30, -159)
(0, 31, -159)
(1, 31, -160)
(0, 32, -159)
(1, 32, -160)
(0, 33, -159)
(0, 33, -158)
(1, 32, -158)
(1, 32, -157)
(0, 33, -156)
(1, 33, -156)
(0, 34, -155)
(1, 34, -156)
(0, 35, -156)
(1, 35, -157)
(0, 36, -156)
(0, 36, -155)
(1, 36, -155)
(0, 37, -154)
(1, 37, -154)
(0, 38, -154)
(1, 38, -155)
(0, 39, -154)
(1, 39, -155)
(0, 40, -154)
(1, 40, -154)
(0, 41, -153)
(1, 41, -153)
(1, 41, -152)
(0, 42, -151)
(1, 42, -151)
(0, 43, -151)
(0, 43, -152)
(1, 42, -153)
(1, 42, -154)
(0, 42, -154)
(1, 41, -155)
(0, 41, -155)
(1, 40, -156)
(0, 40, -156)
(1, 39, -157)
(0, 39, -156)
(1, 38, -157)
(1, 38, -158)
(1, 38, -159)
(0, 38, -159)
(0, 38, -160)
(0, 38, -161)
(0, 38, -162)
(1, 38, -163)
(0, 39, -162)
(1, 39, -163)
(1, 39, -164)
(0, 39, -164)
(1, 38, -165)
(0, 38, -165)
(1, 37, -166)
(0, 37, -165)
(1, 36, -166)
(0, 36, -165)
(0, 36, -164)
(0, 36, -163)
(0, 36, -162)
(0, 36, -161)
(1, 35, -161)
(0, 35, -161)
(1, 34, -162)
(1, 34, -163)
(0, 35, -163)
(0, 35, -164)
(0, 35, -165)
(1, 34, -166)
(0, 34, -165)
(1, 33, -165)
(0, 33, -164)
(0, 33, -163)
(1, 33, -163)
(1, 33, -162)
(0, 33, -161)
(1, 32, -162)
(0, 32, -161)
(1, 31, -162)
(0, 31, -161)
(1, 30, -161)
(0, 30, -160)
(1, 29, -161)
(1, 29, -162)
(0, 29, -162)
(0, 29, -163)
(1, 28, -164)
(0, 28, -163)
(1, 27, -164)
(1, 27, -165)
(1, 27, -166)
(0, 28, -166)
(0, 28, -167)
(1, 27, -168)
(0, 27, -167)
(1, 26, -168)
(1, 26, -169)
(0, 26, -169)
(0, 26, -170)
(1, 25, -171)
(1, 25, -172)
(1, 25, -173)
(0, 26, -173)
(1, 26, -173)
(0, 27, -173)
(0, 27, -174)
(0, 27, -175)
(1, 27, -176)
(0, 28, -176)
(0, 28, -177)
(1, 27, -178)
(0, 27, -177)
(1, 26, -177)
(0, 26, -177)
(1, 25, -177)
(0, 25, -177)
(0, 25, -178)
(1, 24, -179)
(0, 24, -178)
(1, 23, -179)
(1, 23, -180)
(0, 24, -180)
(1, 24, -181)
(0, 25, -181)
(1, 25, -181)
(0, 26, -180)
(1, 26, -180)
(0, 27, -179)
(1, 27, -180)
(0, 28, -180)
(1, 28, -181)
(1, 28, -182)
(0, 29, -182)
(0, 29, -183)
(0, 29, -184)
(1, 28, -185)
(0, 28, -185)
(1, 27, -186)
(0, 27, -186)
(0, 27, -187)
(1, 27, -188)
(0, 28, -188)
(1, 28, -188)
(1, 28, -187)
(0, 29, -186)
(1, 29, -186)
(0, 30, -186)
(1, 30, -187)
(0, 31, -186)
(1, 31, -186)
(0, 32, -185)
(0, 32, -184)
(1, 32, -184)
(1, 32, -183)
(0, 33, -182)
(1, 33, -183)
(0, 34, -183)
(1, 34, -184)
(1, 34, -185)
(1, 34, -186)
(1, 34, -187)
(1, 34, -188)
(1, 34, -189)
(0, 35, -189)
(1, 35, -189)
(0, 36, -188)
(1, 36, -189)
(1, 36, -190)
(0, 37, -190)
(1, 37, -191)
(0, 38, -190)
(1, 38, -191)
(0, 39, -191)
(1, 39, -192)
(0, 40, -191)
(1, 40, -191)
(0, 41, -191)
(1, 41, -192)
(0, 42, -191)
(1, 42, -192)
(0, 43, -191)
(0, 43, -190)
(0, 43, -189)
(0, 43, -188)
(1, 43, -188)
(0, 44, -188)
(1, 44, -189)
(0, 45, -188)
(1, 45, -188)
(0, 46, -188)
(0, 46, -189)
(1, 45, -190)
(1, 45, -191)
(0, 46, -191)
(1, 46, -191)
(0, 47, -190)
(1, 47, -191)
(0, 48, -190)
(1, 48, -190)
(0, 49, -190)
(0, 49, -191)
(0, 49, -192)
(0, 49, -193)
(1, 48, -194)
(0, 48, -193)
(1, 47, -193)
(0, 47, -193)
(0, 47, -194)
(1, 47, -195)
(0, 48, -195)
(1, 48, -196)
(1, 48, -197)
(0, 48, -197)
(1, 47, -198)
(1, 47, -199)
(0, 47, -199)
(1, 46, -200)
(0, 46, -199)
(1, 45, -199)
(1, 45, -198)
(0, 46, -197)
(0, 46, -196)
(0, 46, -195)
(0, 46, -194)
(1, 45, -194)
(0, 45, -193)
(1, 44, -194)
(0, 44, -194)
(0, 44, -195)
(1, 43, -196)
(1, 43, -197)
(0, 43, -197)
(0, 43, -198)
(1, 42, -199)
(0, 42, -199)
(1, 41, -199)
(0, 41, -199)
(1, 40, -199)
(1, 40, -198)
(0, 41, -197)
(1, 41, -197)
(0, 42, -196)
(0, 42, -195)
(0, 42, -194)
(1, 41, -194)
(0, 41, -193)
(1, 40, -194)
(1, 40, -195)
(0, 40, -195)
(1, 39, -196)
(1, 39, -197)
(1, 39, -198)
(0, 39, -198)
(1, 38, -198)
(0, 38, -198)
(0, 38, -199)
(1, 37, -200)
(0, 37, -199)
(1, 36, -200)
(0, 36, -199)
(1, 35, -199)
(1, 35, -198)
(1, 35, -197)
(0, 35, -196)
(0, 35, -195)
(1, 34, -195)
(0, 34, -194)
(0, 34, -193)
(1, 34, -193)
(0, 35, -193)
(1, 35, -193)
(0, 36, -193)
(1, 36, -193)
(1, 36, -192)
(0, 36, -191)
(1, 35, -191)
(0, 35, -191)
(1, 34, -191)
(0, 34, -190)
(1, 33, -191)
(0, 33, -191)
(0, 33, -192)
(1, 32, -193)
(0, 32, -192)
(0, 32, -191)
(0, 32, -190)
(1, 32, -190)
(1, 32, -189)
(0, 32, -188)
(1, 31, -188)
(0, 31, -188)
(0, 31, -189)
(0, 31, -190)
(0, 31, -191)
(1, 30, -192)
(0, 30, -192)
(1, 29, -192)
(1, 29, -191)
(0, 29, -190)
(1, 28, -191)
(1, 28, -192)
(0, 28, -192)
(1, 27, -192)
(0, 27, -192)
(1, 26, -192)
(0, 26, -191)
(0, 26, -190)
(0, 26, -189)
(1, 25, -189)
(0, 25, -188)
(1, 24, -188)
(1, 24, -187)
(1, 24, -186)
(0, 25, -185)
(0, 25, -184)
(1, 24, -184)
(1, 24, -183)
(0, 24, -182)
(1, 23, -183)
(1, 23, -184)
(0, 23, -184)
(1, 22, -184)
(1, 22, -183)
(1, 22, -182)
(0, 22, -181)
(1, 21, -182)
(0, 21, -182)
(1, 20, -182)
(0, 20, -181)
(1, 19, -182)
(0, 19, -182)
(1, 18, -182)
(0, 18, -182)
(1, 17, -183)
(1, 17, -184)
(1, 17, -185)
(0, 17, -185)
(1, 16, -185)
(1, 16, -184)
(1, 16, -183)
(0, 16, -182)
(1, 15, -183)
(0, 15, -182)
(1, 14, -182)
(0, 14, -181)
(0, 14, -180)
(1, 13, -180)
(0, 13, -179)
(1, 12, -179)
(0, 12, -179)
(0, 12, -180)
(1, 11, -181)
(1, 11, -182)
(0, 11, -182)
(1, 10, -183)
(0, 10, -182)
(1, 9, -183)
(1, 9, -184)
(0, 10, -184)
(1, 10, -185)
(0, 11, -185)
(0, 11, -186)
(0, 11, -187)
(1, 11, -188)
(0, 12, -187)
(1, 12, -187)
(0, 13, -186)
(1, 13, -187)
(1, 13, -188)
(0, 14, -188)
(1, 14, -188)
(1, 14, -187)
(1, 14, -186)
(1, 14, -185)
(0, 15, -184)
(1, 15, -185)
(1, 15, -186)
(1, 15, -187)
(1, 15, -188)
(1, 15, -189)
(0, 15, -189)
(0, 15, -190)
(0, 15, -191)
(1, 14, -192)
(0, 14, -192)
(1, 13, -193)
(1, 13, -194)
(0, 14, -194)
(1, 14, -195)
(0, 15, -195)
(0, 15, -196)
(0, 15, -197)
(1, 14, -198)
(0, 14, -197)
(1, 13, -197)
(0, 13, -196)
(0, 13, -195)
(1, 12, -195)
(0, 12, -194)
(1, 11, -194)
(0, 11, -194)
(1, 10, -194)
(0, 10, -194)
(1, 9, -194)
(0, 9, -193)
(0, 9, -192)
(0, 9, -191)
(1, 9, -191)
(1, 9, -190)
(0, 10, -189)
(0, 10, -188)
(0, 10, -187)
(1, 9, -187)
(0, 9, -187)
(1, 8, -188)
(0, 8, -187)
(1, 7, -188)
(0, 7, -188)
(0, 7, -189)
(1, 7, -190)
(0, 8, -190)
(0, 8, -191)
(0, 8, -192)
(1, 7, -193)
(1, 7, -194)
(0, 8, -194)
(0, 8, -195)
(1, 8, -196)
(0, 9, -196)
(1, 9, -197)
(0, 10, -196)
(1, 10, -197)
(0, 11, -197)
(1, 11, -198)
(1, 11, -199)
(0, 11, -199)
(1, 10, -200)
(0, 10, -200)
(1, 9, -200)
(1, 9, -199)
(0, 9, -198)
(1, 8, -199)
(0, 8, -199)
(1, 7, -200)
(0, 7, -200)
(1, 6, -200)
(1, 6, -199)
(1, 6, -198)
(1, 6, -197)
(0, 7, -196)
(0, 7, -195)
(1, 6, -195)
(0, 6, -194)
(1, 5, -195)
(0, 5, -195)
(0, 5, -196)
(1, 5, -197)
(1, 5, -198)
(1, 5, -199)
(0, 5, -199)
(1, 4, -200)
(0, 4, -199)
(1, 3, -200)
(0, 3, -200)
(1, 2, -200)
(1, 2, -199)
(1, 2, -198)
(1, 2, -197)
(0, 3, -196)
(0, 3, -195)
(0, 3, -194)
(1, 2, -194)
(0, 2, -193)
(1, 1, -193)
(0, 1, -192)
(0, 1, -191)
(1, 1, -191)
(0, 2, -191)
(1, 2, -191)
(1, 2, -190)
(1, 2, -189)
(0, 3, -188)
(1, 3, -189)
(0, 4, -188)
(1, 4, -188)
(0, 5, -188)
(1, 5, -188)
(1, 5, -187)
(0, 5, -186)
(0, 5, -185)
(1, 4, -185)
(0, 4, -185)
(1, 3, -185)
(1, 3, -184)
(1, 3, -183)
(0, 3, -182)
(0, 3, -181)
(0, 3, -180)
(1, 2, -180)
(0, 2, -180)
(1, 1, -180)
(1, 1, -179)
(0, 2, -178)
(0, 2, -177)
(0, 2, -176)
(1, 2, -176)
(0, 3, -176)
(0, 3, -177)
(0, 3, -178)
(1, 3, -179)
(0, 4, -178)
(1, 4, -179)
(0, 5, -178)
(1, 5, -179)
(0, 6, -178)
(0, 6, -177)
(0, 6, -176)
(0, 6, -175)
(0, 6, -174)
(1, 5, -174)
(1, 5, -173)
(0, 6, -172)
(0, 6, -171)
(0, 6, -170)
(0, 6, -169)
(1, 5, -169)
(0, 5, -169)
(0, 5, -170)
(1, 4, -171)
(0, 4, -170)
(0, 4, -169)
(1, 3, -169)
(0, 3, -168)
(0, 3, -167)
(0, 3, -166)
(0, 3, -165)
(0, 3, -164)
(1, 2, -164)
(1, 2, -163)
(0, 2, -162)
(0, 2, -161)
(1, 1, -161)
(0, 1, -160)
(1, 0, -161)
(0, 0, -161)
(0, 0, -162)
(0, 0, -163)
(1, 0, -164)
(0, 1, -164)
(0, 1, -165)
(1, 1, -166)
(0, 2, -166)
(0, 2, -167)
(1, 1, -168)
(0, 1, -167)
(1, 0, -168)
(1, 0, -169)
(0, 0, -169)
(1, -1, -170)
(0, -1, -170)
(1, -2, -170)
(0, -2, -170)
(1, -3, -171)
(1, -3, -172)
(0, -3, -172)
(1, -4, -173)
(1, -4, -174)
(0, -4, -174)
(0, -4, -175)
(1, -5, -176)
(1, -5, -177)
(0, -5, -177)
(1, -6, -177)
(1, -6, -176)
(1, -6, -175)
(0, -6, -174)
(1, -7, -175)
(1, -7, -176)
(1, -7, -177)
(1, -7, -178)
(0, -6, -178)
(1, -6, -179)
(0, -5, -179)
(0, -5, -180)
(1, -5, -181)
(0, -4, -180)
(0, -4, -179)
(1, -4, -179)
(0, -3, -178)
(1, -3, -178)
(0, -2, -177)
(1, -2, -177)
(1, -2, -176)
(0, -2, -175)
(1, -3, -175)
(1, -3, -174)
(0, -2, -173)
(1, -2, -173)
(0, -1, -173)
(1, -1, -174)
(1, -1, -175)
(1, -1, -176)
(0, 0, -176)
(0, 0, -177)
(1, 0, -178)
(1, 0, -179)
(0, 0, -179)
(0, 0, -180)
(1, 0, -181)
(0, 1, -181)
(0, 1, -182)
(1, 0, -183)
(0, 0, -182)
(1, -1, -183)
(0, -1, -183)
(0, -1, -184)
(1, -1, -185)
(0, 0, -185)
(1, 0, -186)
(1, 0, -187)
(0, 0, -187)
(1, -1, -188)
(0, -1, -188)
(0, -1, -189)
(1, -1, -190)
(1, -1, -191)
(1, -1, -192)
(0, 0, -192)
(0, 0, -193)
(1, -1, -194)
(1, -1, -195)
(0, -1, -195)
(1, -2, -195)
(1, -2, -194)
(0, -2, -193)
(1, -3, -193)
(1, -3, -192)
(1, -3, -191)
(0, -2, -190)
(0, -2, -189)
(0, -2, -188)
(1, -3, -188)
(0, -3, -187)
(1, -4, -188)
(1, -4, -189)
(1, -4, -190)
(0, -4, -190)
(1, -5, -191)
(0, -5, -191)
(1, -6, -191)
(0, -6, -191)
(0, -6, -192)
(1, -6, -193)
(1, -6, -194)
(1, -6, -195)
(1, -6, -196)
(1, -6, -197)
(0, -5, -197)
(1, -5, -197)
(0, -4, -196)
(1, -4, -196)
(1, -4, -195)
(0, -3, -194)
(1, -3, -195)
(1, -3, -196)
(0, -2, -196)
(0, -2, -197)
(1, -3, -198)
(0, -3, -198)
(1, -4, -198)
(0, -4, -198)
(1, -5, -199)
(1, -5, -200)
(0, -5, -200)
(1, -6, -200)
(1, -6, -199)
(0, -6, -198)
(1, -7, -199)
(1, -7, -200)
(0, -7, -200)
(1, -8, -200)
(1, -8, -199)
(0, -8, -198)
(0, -8, -197)
(0, -8, -196)
(1, -8, -196)
(0, -7, -195)
(0, -7, -194)
(1, -8, -194)
(1, -8, -193)
(0, -7, -192)
(0, -7, -191)
(0, -7, -190)
(0, -7, -189)
(1, -7, -189)
(0, -6, -188)
(1, -6, -188)
(0, -5, -187)
(1, -5, -187)
(0, -4, -186)
(1, -4, -186)
(1, -4, -185)
(0, -3, -184)
(1, -3, -184)
(1, -3, -183)
(0, -3, -182)
(1, -4, -183)
(0, -4, -183)
(1, -5, -184)
(0, -5, -184)
(1, -6, -185)
(0, -6, -185)
(0, -6, -186)
(1, -7, -187)
(0, -7, -187)
(1, -8, -187)
(1, -8, -186)
(0, -8, -185)
(1, -9, -185)
(0, -9, -185)
(1, -10, -186)
(1, -10, -187)
(1, -10, -188)
(0, -9, -188)
(1, -9, -189)
(0, -8, -189)
(0, -8, -190)
(1, -9, -191)
(1, -9, -192)
(1, -9, -193)
(1, -9, -194)
(1, -9, -195)
(0, -9, -195)
(0, -9, -196)
(0, -9, -197)
(0, -9, -198)
(1, -10, -199)
(0, -10, -198)
(1, -11, -198)
(0, -11, -198)
(1, -12, -199)
(0, -12, -199)
(1, -13, -199)
(1, -13, -198)
(1, -13, -197)
(0, -13, -196)
(1, -14, -196)
(1, -14, -195)
(1, -14, -194)
(0, -13, -193)
(1, -13, -194)
(0, -12, -193)
(0, -12, -192)
(1, -13, -192)
(0, -13, -191)
(0, -13, -190)
(1, -14, -190)
(1, -14, -189)
(0, -14, -188)
(0, -14, -187)
(0, -14, -186)
(1, -15, -186)
(0, -15, -185)
(0, -15, -184)
(1, -15, -184)
(0, -14, -183)
(1, -14, -184)
(0, -13, -183)
(1, -13, -184)
(1, -13, -185)
(0, -12, -185)
(1, -12, -185)
(1, -12, -184)
(1, -12, -183)
(1, -12, -182)
(1, -12, -181)
(0, -12, -180)
(0, -12, -179)
(1, -12, -179)
(0, -11, -179)
(1, -11, -180)
(0, -10, -179)
(1, -10, -179)
(0, -9, -179)
(1, -9, -179)
(1, -9, -178)
(1, -9, -177)
(1, -9, -176)
(1, -9, -175)
(1, -9, -174)
(0, -8, -173)
(0, -8, -172)
(1, -8, -172)
(1, -8, -171)
(0, -8, -170)
(1, -9, -171)
(0, -9, -171)
(1, -10, -172)
(1, -10, -173)
(0, -10, -173)
(1, -11, -173)
(0, -11, -173)
(0, -11, -174)
(1, -12, -175)
(1, -12, -176)
(0, -12, -176)
(0, -12, -177)
(1, -13, -178)
(0, -13, -177)
(1, -14, -178)
(0, -14, -178)
(1, -15, -178)
(1, -15, -177)
(0, -14, -176)
(0, -14, -175)
(0, -14, -174)
(1, -14, -174)
(1, -14, -173)
(0, -14, -172)
(1, -15, -173)
(0, -15, -172)
(1, -16, -173)
(0, -16, -172)
(1, -17, -172)
(0, -17, -171)
(0, -17, -170)
(0, -17, -169)
(1, -17, -169)
(0, -16, -168)
(1, -16, -168)
(0, -15, -167)
(1, -15, -167)
(1, -15, -166)
(0, -15, -165)
(0, -15, -164)
(1, -15, -164)
(1, -15, -163)
(0, -15, -162)
(1, -16, -162)
(0, -16, -161)
(0, -16, -160)
(1, -16, -160)
(0, -15, -160)
(1, -15, -160)
(1, -15, -159)
(0, -15, -158)
(0, -15, -157)
(1, -15, -157)
(1, -15, -156)
(0, -14, -155)
(1, -14, -155)
(0, -13, -154)
(1, -13, -154)
(1, -13, -153)
(1, -13, -152)
(0, -13, -151)
(0, -13, -150)
(1, -14, -150)
(1, -14, -149)
(0, -14, -148)
(1, -15, -148)
(1, -15, -147)
(0, -14, -146)
(1, -14, -147)
(0, -13, -146)
(0, -13, -145)
(1, -14, -145)
(1, -14, -144)
(1, -14, -143)
(0, -13, -142)
(1, -13, -143)
(0, -12, -143)
(1, -12, -144)
(1, -12, -145)
(0, -11, -145)
(1, -11, -146)
(1, -11, -147)
(0, -11, -147)
(1, -12, -148)
(0, -12, -147)
(1, -13, -148)
(1, -13, -149)
(0, -12, -149)
(1, -12, -150)
(0, -11, -150)
(1, -11, -151)
(0, -10, -151)
(1, -10, -151)
(0, -9, -151)
(1, -9, -152)
(1, -9, -153)
(0, -8, -153)
(1, -8, -154)
(0, -7, -154)
(1, -7, -154)
(1, -7, -153)
(1, -7, -152)
(0, -6, -151)
(1, -6, -151)
(1, -6, -150)
(0, -6, -149)
(1, -7, -149)
(0, -7, -148)
(1, -8, -148)
(1, -8, -147)
(1, -8, -146)
(1, -8, -145)
(1, -8, -144)
(1, -8, -143)
(0, -7, -142)
(1, -7, -142)
(0, -6, -142)
(1, -6, -142)
(0, -5, -142)
(0, -5, -143)
(0, -5, -144)
(1, -6, -145)
(0, -6, -144)
(1, -7, -145)
(1, -7, -146)
(0, -6, -146)
(1, -6, -147)
(0, -5, -147)
(1, -5, -148)
(0, -4, -148)
(1, -4, -149)
(1, -4, -150)
(0, -3, -150)
(1, -3, -150)
(1, -3, -149)
(0, -2, -148)
(1, -2, -149)
(1, -2, -150)
(0, -1, -150)
(1, -1, -151)
(1, -1, -152)
(0, -1, -152)
(0, -1, -153)
(0, -1, -154)
(0, -1, -155)
(1, -1, -156)
(0, 0, -155)
(1, 0, -155)
(0, 1, -154)
(1, 1, -155)
(0, 2, -154)
(1, 2, -155)
(0, 3, -154)
(1, 3, -154)
(1, 3, -153)
(0, 4, -152)
(1, 4, -152)
(0, 5, -152)
(1, 5, -153)
(0, 6, -152)
(1, 6, -153)
(0, 7, -153)
(1, 7, -154)
(1, 7, -155)
(0, 8, -155)
(1, 8, -155)
(0, 9, -155)
(1, 9, -156)
(0, 10, -156)
(0, 10, -157)
(1, 9, -158)
(0, 9, -157)
(1, 8, -157)
(0, 8, -157)
(1, 7, -158)
(0, 7, -157)
(1, 6, -157)
(0, 6, -157)
(0, 6, -158)
(1, 6, -159)
(0, 7, -159)
(1, 7, -160)
(0, 8, -159)
(1, 8, -159)
(0, 9, -159)
(1, 9, -160)
(0, 10, -159)
(1, 10, -159)
(0, 11, -159)
(1, 11, -160)
(1, 11, -161)
(0, 11, -161)
(0, 11, -162)
(0, 11, -163)
(1, 11, -164)
(0, 12, -164)
(1, 12, -165)
(0, 13, -165)
(1, 13, -165)
(1, 13, -164)
(1, 13, -163)
(0, 14, -162)
(1, 14, -162)
(1, 14, -161)
(1, 14, -160)
(1, 14, -159)
(0, 15, -158)
(1, 15, -158)
(0, 16, -157)
(1, 16, -157)
(1, 16, -156)
(0, 16, -155)
(1, 15, -156)
(0, 15, -156)
(1, 14, -156)
(0, 14, -156)
(1, 13, -156)
(1, 13, -155)
(0, 14, -154)
(0, 14, -153)
(1, 14, -153)
(0, 15, -153)
(1, 15, -154)
(0, 16, -153)
(1, 16, -154)
(0, 17, -153)
(1, 17, -153)
(1, 17, -152)
(0, 17, -151)
(1, 16, -151)
(1, 16, -150)
(0, 16, -149)
(1, 15, -149)
(1, 15, -148)
(0, 16, -147)
(1, 16, -147)
(0, 17, -146)
(1, 17, -147)
(0, 18, -146)
(0, 18, -145)
(0, 18, -144)
(0, 18, -143)
(1, 17, -143)
(1, 17, -142)
(1, 17, -141)
(1, 17, -140)
(0, 18, -139)
(1, 18, -140)
(0, 19, -140)
(1, 19, -140)
(1, 19, -139)
(0, 20, -138)
(1, 20, -139)
(1, 20, -140)
(1, 20, -141)
(1, 20, -142)
(0, 21, -142)
(0, 21, -143)
(1, 21, -144)
(1, 21, -145)
(1, 21, -146)
(0, 21, -146)
(0, 21, -147)
(1, 20, -148)
(0, 20, -147)
(1, 19, -148)
(0, 19, -147)
(1, 18, -148)
(0, 18, -148)
(0, 18, -149)
(1, 18, -150)
(0, 19, -150)
(1, 19, -151)
(1, 19, -152)
(0, 20, -152)
(0, 20, -153)
(1, 19, -154)
(1, 19, -155)
(0, 19, -155)
(1, 18, -155)
(0, 18, -155)
(0, 18, -156)
(1, 18, -157)
(1, 18, -158)
(0, 19, -158)
(1, 19, -158)
(0, 20, -158)
(0, 20, -159)
(1, 20, -160)
(1, 20, -161)
(1, 20, -162)
(1, 20, -163)
(0, 20, -163)
(1, 19, -163)
(0, 19, -162)
(1, 18, -162)
(0, 18, -162)
(0, 18, -163)
(1, 17, -164)
(0, 17, -163)
(1, 16, -164)
(0, 16, -163)
(1, 15, -164)
(0, 15, -164)
(0, 15, -165)
(1, 15, -166)
(1, 15, -167)
(1, 15, -168)
(0, 15, -168)
(0, 15, -169)
(1, 15, -170)
(1, 15, -171)
(0, 15, -171)
(1, 14, -171)
(0, 14, -170)
(1, 13, -170)
(0, 13, -170)
(0, 13, -171)
(1, 12, -172)
(0, 12, -171)
(1, 11, -172)
(0, 11, -171)
(1, 10, -171)
(0, 10, -170)
(0, 10, -169)
(0, 10, -168)
(1, 9, -168)
(0, 9, -168)
(0, 9, -169)
(0, 9, -170)
(1, 8, -171)
(0, 8, -170)
(1, 7, -171)
(1, 7, -172)
(0, 7, -172)
(0, 7, -173)
(1, 7, -174)
(1, 7, -175)
(0, 7, -175)
(0, 7, -176)
(1, 7, -177)
(1, 7, -178)
(1, 7, -179)
(0, 8, -179)
(1, 8, -180)
(0, 9, -179)
(0, 9, -178)
(1, 9, -178)
(0, 10, -178)
(1, 10, -179)
(0, 11, -178)
(1, 11, -178)
(1, 11, -177)
(1, 11, -176)
(0, 11, -175)
(1, 10, -175)
(0, 10, -174)
(1, 9, -174)
(1, 9, -173)
(0, 10, -172)
(1, 10, -173)
(0, 11, -173)
(1, 11, -174)
(0, 12, -174)
(1, 12, -174)
(0, 13, -173)
(1, 13, -174)
(0, 14, -173)
(1, 14, -173)
(0, 15, -173)
(1, 15, -174)
(1, 15, -175)
(0, 15, -175)
(1, 14, -176)
(0, 14, -176)
(0, 14, -177)
(0, 14, -178)
(1, 14, -179)
(0, 15, -178)
(1, 15, -179)
(0, 16, -179)
(0, 16, -180)
(1, 16, -181)
(0, 17, -180)
(1, 17, -181)
(0, 18, -180)
(0, 18, -179)
(0, 18, -178)
(1, 17, -178)
(1, 17, -177)
(0, 18, -176)
(1, 18, -177)
(0, 19, -177)
(1, 19, -178)
(0, 20, -177)
(1, 20, -178)
(0, 21, -178)
(0, 21, -179)
(1, 21, -180)
(0, 22, -179)
(0, 22, -178)
(0, 22, -177)
(1, 22, -177)
(0, 23, -177)
(1, 23, -177)
(0, 24, -176)
(1, 24, -176)
(1, 24, -175)
(0, 24, -174)
(1, 23, -174)
(0, 23, -174)
(1, 22, -174)
(1, 22, -173)
(0, 23, -172)
(0, 23, -171)
(0, 23, -170)
(0, 23, -169)
(1, 23, -169)
(1, 23, -168)
(0, 24, -167)
(1, 24, -167)
(0, 25, -166)
(0, 25, -165)
(1, 24, -165)
(0, 24, -165)
(1, 23, -165)
(0, 23, -165)
(0, 23, -166)
(1, 22, -167)
(1, 22, -168)
(0, 22, -168)
(1, 21, -169)
(0, 21, -169)
(1, 20, -170)
(1, 20, -171)
(0, 20, -171)
(1, 19, -171)
(1, 19, -170)
(1, 19, -169)
(0, 20, -168)
(0, 20, -167)
(1, 20, -167)
(0, 21, -167)
(1, 21, -167)
(1, 21, -166)
(1, 21, -165)
(1, 21, -164)
(0, 22, -163)
(0, 22, -162)
(1, 21, -162)
(1, 21, -161)
(1, 21, -160)
(1, 21, -159)
(0, 21, -158)
(0, 21, -157)
(0, 21, -156)
(0, 21, -155)
(1, 21, -155)
(0, 22, -154)
(1, 22, -155)
(0, 23, -155)
(1, 23, -155)
(0, 24, -154)
(1, 24, -155)
(1, 24, -156)
(1, 24, -157)
(1, 24, -158)
(1, 24, -159)
(1, 24, -160)
(1, 24, -161)
(0, 25, -161)
(1, 25, -162)
(0, 26, -161)
(0, 26, -160)
(1, 25, -160)
(1, 25, -159)
(1, 25, -158)
(0, 26, -157)
(1, 26, -158)
(1, 26, -159)
(0, 27, -159)
(1, 27, -159)
(0, 28, -159)
(1, 28, -160)
(0, 29, -159)
(0, 29, -158)
(1, 28, -158)
(0, 28, -157)
(1, 27, -157)
(1, 27, -156)
(0, 28, -155)
(0, 28, -154)
(1, 28, -154)
(1, 28, -153)
(0, 29, -152)
(0, 29, -151)
(0, 29, -150)
(1, 29, -150)
(0, 30, -150)
(1, 30, -151)
(0, 31, -150)
(1, 31, -150)
(1, 31, -149)
(1, 31, -148)
(0, 31, -147)
(1, 30, -148)
(0, 30, -147)
(1, 29, -147)
(0, 29, -147)
(0, 29, -148)
(1, 28, -149)
(0, 28, -148)
(1, 27, -149)
(0, 27, -148)
(1, 26, -148)
(0, 26, -147)
(1, 25, -147)
(1, 25, -146)
(0, 25, -145)
(0, 25, -144)
(1, 25, -144)
(0, 26, -143)
(1, 26, -144)
(0, 27, -144)
(0, 27, -145)
(1, 27, -146)
(0, 28, -146)
(1, 28, -146)
(1, 28, -145)
(0, 29, -144)
(1, 29, -145)
(0, 30, -144)
(1, 30, -144)
(1, 30, -143)
(0, 30, -142)
(1, 29, -142)
(1, 29, -141)
(0, 29, -140)
(1, 28, -141)
(0, 28, -141)
(0, 28, -142)
(1, 27, -143)
(0, 27, -142)
(0, 27, -141)
(1, 26, -141)
(1, 26, -140)
(0, 26, -139)
(1, 25, -140)
(0, 25, -139)
(0, 25, -138)
(1, 25, -138)
(1, 25, -137)
(1, 25, -136)
(0, 26, -135)
(1, 26, -136)
(1, 26, -137)
(0, 27, -137)
(1, 27, -137)
(0, 28, -136)
(0, 28, -135)
(1, 27, -135)
(1, 27, -134)
(1, 27, -133)
(0, 27, -132)
(1, 26, -133)
(0, 26, -132)
(1, 25, -132)
(0, 25, -131)
(1, 24, -131)
(1, 24, -130)
(0, 24, -129)
(1, 23, -130)
(0, 23, -130)
(0, 23, -131)
(0, 23, -132)
(1, 23, -133)
(1, 23, -134)
(0, 24, -134)
(0, 24, -135)
(0, 24, -136)
(0, 24, -137)
(0, 24, -138)
(1, 23, -139)
(0, 23, -139)
(1, 22, -139)
(1, 22, -138)
(0, 22, -137)
(0, 22, -136)
(0, 22, -135)
(1, 21, -135)
(0, 21, -135)
(0, 21, -136)
(1, 20, -137)
(0, 20, -136)
(1, 19, -137)
(0, 19, -136)
(1, 18, -137)
(0, 18, -136)
(1, 17, -137)
(0, 17, -136)
(1, 16, -137)
(0, 16, -137)
(1, 15, -137)
(0, 15, -136)
(1, 14, -136)
(1, 14, -135)
(0, 14, -134)
(0, 14, -133)
(0, 14, -132)
(0, 14, -131)
(0, 14, -130)
(1, 13, -130)
(1, 13, -129)
(1, 13, -128)
(1, 13, -127)
(0, 13, -126)
(1, 12, -126)
(1, 12, -125)
(0, 13, -124)
(1, 13, -125)
(0, 14, -125)
(1, 14, -125)
(0, 15, -125)
(1, 15, -125)
(0, 16, -125)
(1, 16, -125)
(0, 17, -125)
(0, 17, -126)
(1, 17, -127)
(0, 18, -126)
(1, 18, -127)
(0, 19, -126)
(0, 19, -125)
(1, 18, -125)
(1, 18, -124)
(1, 18, -123)
(0, 19, -122)
(0, 19, -121)
(1, 19, -121)
(1, 19, -120)
(0, 20, -119)
(1, 20, -120)
(0, 21, -119)
(0, 21, -118)
(0, 21, -117)
(1, 20, -117)
(0, 20, -117)
(1, 19, -117)
(0, 19, -117)
(1, 18, -117)
(0, 18, -116)
(1, 17, -117)
(1, 17, -118)
(1, 17, -119)
(1, 17, -120)
(1, 17, -121)
(0, 17, -121)
(1, 16, -122)
(0, 16, -122)
(1, 15, -122)
(0, 15, -122)
(1, 14, -122)
(0, 14, -122)
(1, 13, -122)
(0, 13, -122)
(1, 12, -122)
(1, 12, -121)
(0, 12, -120)
(0, 12, -119)
(1, 12, -119)
(0, 13, -118)
(1, 13, -118)
(0, 14, -118)
(1, 14, -119)
(0, 15, -118)
(1, 15, -118)
(0, 16, -118)
(1, 16, -118)
(1, 16, -117)
(0, 16, -116)
(0, 16, -115)
(1, 15, -115)
(0, 15, -114)
(1, 14, -115)
(0, 14, -115)
(1, 13, -115)
(1, 13, -114)
(0, 14, -113)
(1, 14, -113)
(1, 14, -112)
(0, 15, -111)
(0, 15, -110)
(0, 15, -109)
(1, 15, -109)
(0, 16, -108)
(1, 16, -108)
(1, 16, -107)
(1, 16, -106)
(0, 17, -105)
(1, 17, -106)
(0, 18, -106)
(1, 18, -106)
(0, 19, -106)
(0, 19, -107)
(1, 18, -108)
(0, 18, -108)
(0, 18, -109)
(1, 18, -110)
(0, 19, -110)
(1, 19, -111)
(1, 19, -112)
(0, 20, -112)
(0, 20, -113)
(1, 19, -114)
(1, 19, -115)
(0, 20, -115)
(1, 20, -115)
(0, 21, -114)
(1, 21, -115)
(1, 21, -116)
(0, 22, -116)
(1, 22, -117)
(0, 23, -117)
(0, 23, -118)
(1, 23, -119)
(0, 24, -118)
(1, 24, -119)
(1, 24, -120)
(0, 25, -120)
(1, 25, -121)
(0, 26, -120)
(0, 26, -119)
(1, 26, -119)
(1, 26, -118)
(1, 26, -117)
(1, 26, -116)
(1, 26, -115)
(1, 26, -114)
(0, 27, -113)
(0, 27, -112)
(1, 27, -112)
(0, 28, -111)
(1, 28, -111)
(0, 29, -111)
(1, 29, -111)
(0, 30, -110)
(0, 30, -109)
(1, 30, -109)
(0, 31, -108)
(0, 31, -107)
(0, 31, -106)
(1, 31, -106)
(1, 31, -105)
(1, 31, -104)
(1, 31, -103)
(0, 31, -102)
(1, 30, -103)
(0, 30, -103)
(1, 29, -103)
(0, 29, -102)
(1, 28, -103)
(1, 28, -104)
(1, 28, -105)
(0, 28, -105)
(1, 27, -105)
(0, 27, -104)
(0, 27, -103)
(1, 26, -103)
(0, 26, -102)
(1, 25, -103)
(0, 25, -102)
(1, 24, -102)
(1, 24, -101)
(1, 24, -100)
(1, 24, -99)
(0, 24, -98)
(1, 23, -99)
(1, 23, -100)
(0, 23, -100)
(1, 22, -100)
(1, 22, -99)
(1, 22, -98)
(0, 22, -97)
(0, 22, -96)
(0, 22, -95)
(1, 21, -95)
(0, 21, -94)
(1, 20, -95)
(1, 20, -96)
(0, 21, -96)
(0, 21, -97)
(0, 21, -98)
(1, 20, -99)
(0, 20, -99)
(1, 19, -99)
(0, 19, -99)
(1, 18, -99)
(0, 18, -99)
(1, 17, -99)
(0, 17, -98)
(1, 16, -98)
(1, 16, -97)
(0, 17, -96)
(1, 17, -97)
(0, 18, -96)
(1, 18, -97)
(0, 19, -96)
(0, 19, -95)
(0, 19, -94)
(1, 18, -94)
(0, 18, -93)
(0, 18, -92)
(0, 18, -91)
(0, 18, -90)
(1, 18, -90)
(1, 18, -89)
(0, 19, -88)
(1, 19, -88)
(1, 19, -87)
(0, 20, -86)
(0, 20, -85)
(0, 20, -84)
(0, 20, -83)
(1, 19, -83)
(0, 19, -83)
(1, 18, -84)
(0, 18, -84)
(1, 17, -84)
(1, 17, -83)
(0, 17, -82)
(0, 17, -81)
(1, 17, -81)
(0, 18, -81)
(1, 18, -81)
(0, 19, -81)
(1, 19, -81)
(0, 20, -81)
(1, 20, -82)
(0, 21, -82)
(1, 21, -82)
(0, 22, -81)
(0, 22, -80)
(0, 22, -79)
(1, 22, -79)
(1, 22, -78)
(0, 23, -77)
(1, 23, -78)
(1, 23, -79)
(1, 23, -80)
(0, 23, -80)
(0, 23, -81)
(1, 23, -82)
(0, 24, -82)
(1, 24, -83)
(1, 24, -84)
(0, 24, -84)
(1, 23, -85)
(0, 23, -84)
(0, 23, -83)
(1, 22, -83)
(0, 22, -83)
(1, 21, -84)
(1, 21, -85)
(0, 21, -85)
(0, 21, -86)
(0, 21, -87)
(0, 21, -88)
(1, 20, -89)
(0, 20, -89)
(1, 19, -90)
(1, 19, -91)
(0, 19, -91)
(0, 19, -92)
(1, 19, -93)
(0, 20, -92)
(1, 20, -92)
(1, 20, -91)
(0, 21, -90)
(1, 21, -91)
(1, 21, -92)
(0, 22, -92)
(1, 22, -92)
(1, 22, -91)
(1, 22, -90)
(0, 22, -89)
(0, 22, -88)
(0, 22, -87)
(1, 22, -87)
(0, 23, -87)
(0, 23, -88)
(1, 23, -89)
(0, 24, -89)
(1, 24, -90)
(0, 25, -90)
(1, 25, -91)
(0, 26, -90)
(0, 26, -89)
(1, 26, -89)
(0, 27, -89)
(1, 27, -90)
(0, 28, -90)
(1, 28, -90)
(1, 28, -89)
(0, 29, -88)
(0, 29, -87)
(1, 29, -87)
(0, 30, -87)
(1, 30, -88)
(1, 30, -89)
(0, 30, -89)
(0, 30, -90)
(1, 29, -91)
(1, 29, -92)
(0, 30, -92)
(0, 30, -93)
(0, 30, -94)
(0, 30, -95)
(0, 30, -96)
(1, 30, -97)
(0, 31, -97)
(1, 31, -98)
(0, 32, -98)
(1, 32, -99)
(0, 33, -99)
(1, 33, -100)
(1, 33, -101)
(0, 34, -101)
(0, 34, -102)
(1, 33, -103)
(1, 33, -104)
(1, 33, -105)
(1, 33, -106)
(0, 34, -106)
(1, 34, -107)
(0, 35, -107)
(0, 35, -108)
(1, 34, -109)
(0, 34, -108)
(1, 33, -108)
(0, 33, -108)
(0, 33, -109)
(1, 33, -110)
(0, 34, -110)
(0, 34, -111)
(1, 33, -112)
(1, 33, -113)
(1, 33, -114)
(0, 33, -114)
(0, 33, -115)
(0, 33, -116)
(1, 32, -117)
(0, 32, -117)
(1, 31, -117)
(0, 31, -117)
(1, 30, -118)
(1, 30, -119)
(1, 30, -120)
(0, 30, -120)
(0, 30, -121)
(1, 30, -122)
(0, 31, -121)
(1, 31, -121)
(0, 32, -120)
(1, 32, -121)
(0, 33, -120)
(1, 33, -120)
(1, 33, -119)
(1, 33, -118)
(0, 34, -117)
(1, 34, -118)
(0, 35, -118)
(1, 35, -119)
(1, 35, -120)
(1, 35, -121)
(0, 35, -121)
(1, 34, -121)
(0, 34, -121)
(0, 34, -122)
(0, 34, -123)
(1, 33, -124)
(0, 33, -124)
(1, 32, -125)
(0, 32, -125)
(0, 32, -126)
(0, 32, -127)
(1, 32, -128)
(0, 33, -127)
(1, 33, -127)
(0, 34, -126)
(1, 34, -126)
(0, 35, -126)
(1, 35, -126)
(0, 36, -126)
(1, 36, -127)
(0, 37, -126)
(1, 37, -127)
(1, 37, -128)
(0, 37, -128)
(1, 36, -129)
(0, 36, -128)
(1, 35, -129)
(0, 35, -128)
(1, 34, -128)
(0, 34, -128)
(1, 33, -129)
(1, 33, -130)
(1, 33, -131)
(1, 33, -132)
(0, 34, -132)
(1, 34, -133)
(0, 35, -132)
(1, 35, -133)
(0, 36, -132)
(1, 36, -133)
(0, 37, -132)
(0, 37, -131)
(1, 37, -131)
(0, 38, -130)
(1, 38, -131)
(1, 38, -132)
(1, 38, -133)
(0, 39, -133)
(1, 39, -134)
(1, 39, -135)
(0, 40, -135)
(1, 40, -135)
(1, 40, -134)
(0, 41, -133)
(1, 41, -133)
(1, 41, -132)
(1, 41, -131)
(0, 42, -130)
(1, 42, -131)
(0, 43, -130)
(0, 43, -129)
(1, 42, -129)
(1, 42, -128)
(0, 42, -127)
(1, 41, -128)
(0, 41, -128)
(0, 41, -129)
(1, 40, -130)
(1, 40, -131)
(1, 40, -132)
(0, 40, -132)
(1, 39, -132)
(1, 39, -131)
(1, 39, -130)
(0, 39, -129)
(1, 38, -129)
(1, 38, -128)
(1, 38, -127)
(1, 38, -126)
(0, 39, -125)
(1, 39, -126)
(0, 40, -125)
(1, 40, -126)
(0, 41, -125)
(1, 41, -125)
(0, 42, -125)
(1, 42, -125)
(0, 43, -125)
(1, 43, -126)
(0, 44, -126)
(0, 44, -127)
(0, 44, -128)
(1, 44, -129)
(0, 45, -128)
(1, 45, -128)
(0, 46, -127)
(1, 46, -128)
(0, 47, -128)
(1, 47, -129)
(0, 48, -128)
(0, 48, -127)
(1, 47, -127)
(0, 47, -126)
(1, 46, -126)
(0, 46, -125)
(0, 46, -124)
(1, 45, -124)
(1, 45, -123)
(0, 45, -122)
(0, 45, -121)
(0, 45, -120)
(1, 45, -120)
(1, 45, -119)
(0, 46, -118)
(0, 46, -117)
(1, 45, -117)
(0, 45, -116)
(1, 44, -117)
(0, 44, -116)
(1, 43, -116)
(0, 43, -115)
(1, 42, -116)
(1, 42, -117)
(1, 42, -118)
(0, 43, -118)
(1, 43, -119)
(0, 44, -119)
(0, 44, -120)
(1, 43, -121)
(0, 43, -120)
(1, 42, -120)
(0, 42, -119)
(1, 41, -120)
(0, 41, -120)
(0, 41, -121)
(1, 41, -122)
(1, 41, -123)
(0, 41, -123)
(1, 40, -123)
(0, 40, -122)
(0, 40, -121)
(0, 40, -120)
(0, 40, -119)
(1, 40, -119)
(0, 41, -118)
(1, 41, -118)
(1, 41, -117)
(0, 41, -116)
(0, 41, -115)
(1, 41, -115)
(1, 41, -114)
(1, 41, -113)
(1, 41, -112)
(0, 41, -111)
(1, 40, -112)
(0, 40, -112)
(1, 39, -112)
(0, 39, -112)
(0, 39, -113)
(1, 39, -114)
(0, 40, -114)
(0, 40, -115)
(0, 40, -116)
(1, 39, -117)
(0, 39, -117)
(1, 38, -117)
(0, 38, -116)
(1, 37, -116)
(0, 37, -116)
(1, 36, -116)
(0, 36, -116)
(1, 35, -117)
(0, 35, -116)
(0, 35, -115)
(0, 35, -114)
(0, 35, -113)
(1, 35, -113)
(0, 36, -112)
(0, 36, -111)
(0, 36, -110)
(1, 36, -110)
(0, 37, -109)
(0, 37, -108)
(1, 37, -108)
(0, 38, -108)
(1, 38, -108)
(0, 39, -107)
(1, 39, -108)
(1, 39, -109)
(0, 40, -109)
(1, 40, -109)
(1, 40, -108)
(0, 41, -107)
(1, 41, -108)
(0, 42, -108)
(0, 42, -109)
(1, 42, -110)
(0, 43, -109)
(1, 43, -110)
(0, 44, -109)
(0, 44, -108)
(1, 43, -108)
(0, 43, -107)
(1, 42, -107)
(0, 42, -106)
(0, 42, -105)
(1, 42, -105)
(0, 43, -105)
(1, 43, -106)
(0, 44, -106)
(1, 44, -107)
(0, 45, -106)
(0, 45, -105)
(1, 44, -105)
(0, 44, -104)
(1, 43, -104)
(1, 43, -103)
(0, 43, -102)
(0, 43, -101)
(1, 43, -101)
(1, 43, -100)
(0, 43, -99)
(1, 42, -100)
(0, 42, -99)
(1, 41, -99)
(1, 41, -98)
(1, 41, -97)
(0, 42, -96)
(1, 42, -97)
(0, 43, -96)
(1, 43, -97)
(0, 44, -97)
(0, 44, -98)
(1, 44, -99)
(1, 44, -100)
(0, 45, -100)
(1, 45, -101)
(1, 45, -102)
(1, 45, -103)
(0, 46, -103)
(1, 46, -104)
(0, 47, -103)
(0, 47, -102)
(1, 46, -102)
(1, 46, -101)
(0, 47, -100)
(1, 47, -100)
(0, 48, -99)
(0, 48, -98)
(1, 47, -98)
(0, 47, -98)
(1, 46, -98)
(0, 46, -97)
(1, 45, -98)
(0, 45, -97)
(0, 45, -96)
(0, 45, -95)
(1, 44, -95)
(1, 44, -94)
(0, 45, -93)
(1, 45, -94)
(0, 46, -94)
(0, 46, -95)
(1, 46, -96)
(0, 47, -96)
(1, 47, -96)
(1, 47, -95)
(0, 48, -94)
(1, 48, -95)
(0, 49, -94)
(0, 49, -93)
(0, 49, -92)
(1, 49, -92)
(1, 49, -91)
(0, 49, -90)
(1, 48, -91)
(0, 48, -91)
(1, 47, -92)
(0, 47, -91)
(1, 46, -91)
(0, 46, -90)
(0, 46, -89)
(1, 45, -89)
(1, 45, -88)
(1, 45, -87)
(0, 45, -86)
(1, 44, -86)
(0, 44, -85)
(1, 43, -86)
(1, 43, -87)
(0, 44, -87)
(1, 44, -88)
(1, 44, -89)
(1, 44, -90)
(1, 44, -91)
(0, 44, -91)
(1, 43, -92)
(0, 43, -91)
(1, 42, -92)
(1, 42, -93)
(0, 42, -93)
(0, 42, -94)
(1, 41, -95)
(0, 41, -95)
(1, 40, -95)
(0, 40, -95)
(1, 39, -95)
(1, 39, -94)
(0, 40, -93)
(1, 40, -93)
(1, 40, -92)
(0, 41, -91)
(0, 41, -90)
(1, 40, -90)
(0, 40, -90)
(1, 39, -90)
(1, 39, -89)
(1, 39, -88)
(1, 39, -87)
(1, 39, -86)
(0, 40, -85)
(0, 40, -84)
(1, 39, -84)
(0, 39, -84)
(1, 38, -84)
(0, 38, -83)
(1, 37, -84)
(0, 37, -83)
(1, 36, -83)
(0, 36, -83)
(0, 36, -84)
(0, 36, -85)
(0, 36, -86)
(1, 35, -87)
(0, 35, -86)
(0, 35, -85)
(1, 34, -85)
(0, 34, -84)
(1, 33, -84)
(0, 33, -83)
(1, 32, -84)
(0, 32, -83)
(1, 31, -84)
(0, 31, -83)
(1, 30, -84)
(1, 30, -85)
(0, 30, -85)
(1, 29, -85)
(1, 29, -84)
(0, 29, -83)
(1, 28, -84)
(1, 28, -85)
(0, 28, -85)
(1, 27, -85)
(1, 27, -84)
(0, 27, -83)
(1, 26, -84)
(0, 26, -83)
(0, 26, -82)
(1, 26, -82)
(0, 27, -81)
(0, 27, -80)
(0, 27, -79)
(1, 27, -79)
(0, 28, -79)
(1, 28, -79)
(0, 29, -78)
(1, 29, -79)
(1, 29, -80)
(1, 29, -81)
(1, 29, -82)
(0, 30, -82)
(1, 30, -82)
(0, 31, -81)
(1, 31, -82)
(0, 32, -81)
(1, 32, -81)
(0, 33, -80)
(1, 33, -81)
(0, 34, -81)
(1, 34, -81)
(1, 34, -80)
(0, 34, -79)
(1, 33, -79)
(0, 33, -78)
(0, 33, -77)
(1, 32, -77)
(0, 32, -77)
(0, 32, -78)
(0, 32, -79)
(1, 31, -80)
(0, 31, -79)
(1, 30, -79)
(1, 30, -78)
(1, 30, -77)
(1, 30, -76)
(0, 30, -75)
(1, 29, -75)
(1, 29, -74)
(1, 29, -73)
(0, 30, -72)
(1, 30, -72)
(0, 31, -71)
(1, 31, -71)
(0, 32, -70)
(1, 32, -70)
(0, 33, -70)
(0, 33, -71)
(1, 33, -72)
(0, 34, -72)
(0, 34, -73)
(1, 34, -74)
(0, 35, -73)
(1, 35, -73)
(0, 36, -72)
(0, 36, -71)
(0, 36, -70)
(1, 35, -70)
(0, 35, -70)
(1, 34, -71)
(0, 34, -70)
(0, 34, -69)
(1, 34, -69)
(1, 34, -68)
(1, 34, -67)
(1, 34, -66)
(1, 34, -65)
(0, 35, -64)
(1, 35, -65)
(1, 35, -66)
(0, 36, -66)
(1, 36, -67)
(0, 37, -66)
(1, 37, -66)
(1, 37, -65)
(1, 37, -64)
(0, 37, -63)
(1, 36, -64)
(0, 36, -63)
(0, 36, -62)
(1, 35, -62)
(0, 35, -62)
(1, 34, -62)
(1, 34, -61)
(0, 34, -60)
(0, 34, -59)
(0, 34, -58)
(1, 33, -58)
(0, 33, -58)
(1, 32, -59)
(0, 32, -59)
(1, 31, -59)
(0, 31, -58)
(1, 30, -59)
(0, 30, -58)
(0, 30, -57)
(0, 30, -56)
(0, 30, -55)
(1, 30, -55)
(1, 30, -54)
(1, 30, -53)
(0, 31, -52)
(1, 31, -53)
(1, 31, -54)
(0, 32, -54)
(0, 32, -55)
(1, 32, -56)
(0, 33, -55)
(0, 33, -54)
(0, 33, -53)
(0, 33, -52)
(1, 33, -52)
(1, 33, -51)
(0, 34, -50)
(1, 34, -51)
(0, 35, -51)
(1, 35, -52)
(1, 35, -53)
(0, 36, -53)
(0, 36, -54)
(1, 36, -55)
(1, 36, -56)
(1, 36, -57)
(0, 36, -57)
(1, 35, -57)
(0, 35, -57)
(0, 35, -58)
(1, 35, -59)
(1, 35, -60)
(0, 36, -60)
(1, 36, -61)
(0, 37, -60)
(1, 37, -61)
(0, 38, -60)
(1, 38, -60)
(0, 39, -60)
(1, 39, -60)
(1, 39, -59)
(0, 39, -58)
(0, 39, -57)
(0, 39, -56)
(1, 39, -56)
(1, 39, -55)
(1, 39, -54)
(1, 39, -53)
(0, 39, -52)
(1, 38, -52)
(0, 38, -52)
(1, 37, -53)
(0, 37, -52)
(0, 37, -51)
(1, 36, -51)
(1, 36, -50)
(1, 36, -49)
(1, 36, -48)
(1, 36, -47)
(0, 36, -46)
(0, 36, -45)
(1, 36, -45)
(0, 37, -44)
(1, 37, -44)
(1, 37, -43)
(0, 37, -42)
(1, 36, -42)
(1, 36, -41)
(0, 37, -40)
(1, 37, -40)
(0, 38, -40)
(1, 38, -40)
(1, 38, -39)
(0, 38, -38)
(1, 37, -38)
(0, 37, -37)
(1, 36, -37)
(0, 36, -36)
(1, 35, -37)
(0, 35, -36)
(1, 34, -36)
(0, 34, -35)
(1, 33, -35)
(1, 33, -34)
(1, 33, -33)
(1, 33, -32)
(0, 33, -31)
(1, 32, -31)
(0, 32, -30)
(0, 32, -29)
(0, 32, -28)
(1, 31, -28)
(0, 31, -28)
(1, 30, -29)
(1, 30, -30)
(0, 31, -30)
(0, 31, -31)
(1, 31, -32)
(0, 32, -32)
(0, 32, -33)
(0, 32, -34)
(1, 32, -35)
(1, 32, -36)
(1, 32, -37)
(0, 32, -37)
(0, 32, -38)
(1, 31, -39)
(1, 31, -40)
(1, 31, -41)
(0, 31, -41)
(1, 30, -41)
(1, 30, -40)
(0, 30, -39)
(0, 30, -38)
(1, 30, -38)
(1, 30, -37)
(0, 30, -36)
(1, 29, -36)
(0, 29, -35)
(1, 28, -36)
(1, 28, -37)
(0, 29, -37)
(0, 29, -38)
(0, 29, -39)
(1, 28, -40)
(1, 28, -41)
(1, 28, -42)
(0, 29, -42)
(1, 29, -42)
(0, 30, -42)
(0, 30, -43)
(1, 29, -44)
(0, 29, -44)
(1, 28, -45)
(0, 28, -45)
(0, 28, -46)
(1, 28, -47)
(1, 28, -48)
(0, 28, -48)
(1, 27, -48)
(0, 27, -48)
(1, 26, -48)
(0, 26, -48)
(1, 25, -49)
(1, 25, -50)
(0, 26, -50)
(1, 26, -50)
(0, 27, -50)
(1, 27, -50)
(0, 28, -50)
(0, 28, -51)
(1, 27, -52)
(1, 27, -53)
(0, 27, -53)
(0, 27, -54)
(1, 26, -55)
(1, 26, -56)
(0, 26, -56)
(0, 26, -57)
(1, 25, -58)
(1, 25, -59)
(0, 26, -59)
(1, 26, -60)
(0, 27, -60)
(1, 27, -61)
(0, 28, -60)
(1, 28, -61)
(0, 29, -61)
(0, 29, -62)
(1, 29, -63)
(0, 30, -63)
(0, 30, -64)
(1, 30, -65)
(0, 31, -64)
(1, 31, -64)
(0, 32, -63)
(0, 32, -62)
(1, 32, -62)
(0, 33, -61)
(1, 33, -62)
(1, 33, -63)
(0, 33, -63)
(0, 33, -64)
(0, 33, -65)
(1, 32, -66)
(0, 32, -65)
(1, 31, -66)
(0, 31, -66)
(1, 30, -67)
(0, 30, -66)
(1, 29, -66)
(0, 29, -66)
(1, 28, -67)
(1, 28, -68)
(0, 28, -68)
(1, 27, -69)
(0, 27, -69)
(1, 26, -69)
(0, 26, -69)
(1, 25, -69)
(0, 25, -69)
(0, 25, -70)
(1, 25, -71)
(1, 25, -72)
(0, 26, -72)
(1, 26, -72)
(0, 27, -71)
(1, 27, -72)
(1, 27, -73)
(1, 27, -74)
(1, 27, -75)
(0, 27, -75)
(1, 26, -76)
(0, 26, -75)
(0, 26, -74)
(1, 25, -74)
(0, 25, -74)
(1, 24, -74)
(0, 24, -74)
(1, 23, -75)
(0, 23, -74)
(0, 23, -73)
(1, 23, -73)
(1, 23, -72)
(0, 24, -71)
(0, 24, -70)
(0, 24, -69)
(0, 24, -68)
(0, 24, -67)
(1, 24, -67)
(0, 25, -66)
(1, 25, -66)
(0, 26, -65)
(1, 26, -65)
(1, 26, -64)
(0, 26, -63)
(1, 25, -64)
(0, 25, -64)
(1, 24, -64)
(0, 24, -63)
(1, 23, -64)
(0, 23, -64)
(1, 22, -65)
(0, 22, -65)
(0, 22, -66)
(0, 22, -67)
(1, 22, -68)
(0, 23, -68)
(0, 23, -69)
(0, 23, -70)
(1, 22, -71)
(0, 22, -70)
(1, 21, -70)
(0, 21, -69)
(0, 21, -68)
(1, 20, -68)
(1, 20, -67)
(0, 21, -66)
(0, 21, -65)
(1, 20, -65)
(0, 20, -65)
(1, 19, -65)
(0, 19, -64)
(0, 19, -63)
(1, 19, -63)
(0, 20, -63)
(1, 20, -63)
(0, 21, -62)
(0, 21, -61)
(1, 21, -61)
(0, 22, -61)
(1, 22, -62)
(0, 23, -62)
(1, 23, -62)
(1, 23, -61)
(0, 23, -60)
(0, 23, -59)
(0, 23, -58)
(1, 23, -58)
(0, 24, -58)
(1, 24, -58)
(1, 24, -57)
(0, 24, -56)
(0, 24, -55)
(1, 23, -55)
(0, 23, -54)
(0, 23, -53)
(0, 23, -52)
(0, 23, -51)
(1, 23, -51)
(1, 23, -50)
(0, 23, -49)
(1, 22, -50)
(0, 22, -49)
(0, 22, -48)
(1, 22, -48)
(0, 23, -47)
(1, 23, -47)
(1, 23, -46)
(0, 23, -45)
(0, 23, -44)
(0, 23, -43)
(1, 23, -43)
(0, 24, -42)
(1, 24, -43)
(0, 25, -43)
(1, 25, -44)
(1, 25, -45)
(0, 26, -45)
(1, 26, -46)
(0, 27, -45)
(0, 27, -44)
(0, 27, -43)
(1, 27, -43)
(1, 27, -42)
(0, 27, -41)
(0, 27, -40)
(0, 27, -39)
(1, 26, -39)
(0, 26, -39)
(1, 25, -39)
(0, 25, -39)
(1, 24, -39)
(0, 24, -39)
(1, 23, -39)
(1, 23, -38)
(0, 23, -37)
(1, 22, -38)
(1, 22, -39)
(1, 22, -40)
(0, 23, -40)
(0, 23, -41)
(1, 22, -42)
(0, 22, -41)
(1, 21, -42)
(0, 21, -42)
(0, 21, -43)
(1, 20, -44)
(0, 20, -43)
(1, 19, -43)
(0, 19, -43)
(1, 18, -44)
(1, 18, -45)
(0, 18, -45)
(1, 17, -46)
(1, 17, -47)
(0, 18, -47)
(1, 18, -47)
(0, 19, -46)
(1, 19, -46)
(0, 20, -46)
(1, 20, -46)
(0, 21, -46)
(0, 21, -47)
(0, 21, -48)
(0, 21, -49)
(1, 20, -50)
(1, 20, -51)
(0, 20, -51)
(1, 19, -52)
(0, 19, -52)
(0, 19, -53)
(1, 19, -54)
(0, 20, -53)
(1, 20, -53)
(0, 21, -53)
(1, 21, -54)
(1, 21, -55)
(0, 21, -55)
(1, 20, -55)
(0, 20, -55)
(0, 20, -56)
(0, 20, -57)
(0, 20, -58)
(1, 20, -59)
(1, 20, -60)
(0, 20, -60)
(1, 19, -60)
(0, 19, -60)
(1, 18, -60)
(1, 18, -59)
(1, 18, -58)
(1, 18, -57)
(1, 18, -56)
(0, 18, -55)
(0, 18, -54)
(0, 18, -53)
(1, 17, -53)
(0, 17, -52)
(1, 16, -53)
(0, 16, -52)
(1, 15, -53)
(0, 15, -53)
(0, 15, -54)
(0, 15, -55)
(0, 15, -56)
(0, 15, -57)
(0, 15, -58)
(1, 14, -59)
(1, 14, -60)
(1, 14, -61)
(0, 14, -61)
(1, 13, -61)
(1, 13, -60)
(1, 13, -59)
(0, 13, -58)
(1, 12, -59)
(0, 12, -58)
(0, 12, -57)
(1, 12, -57)
(1, 12, -56)
(1, 12, -55)
(0, 12, -54)
(1, 11, -54)
(0, 11, -54)
(0, 11, -55)
(0, 11, -56)
(0, 11, -57)
(0, 11, -58)
(1, 10, -59)
(0, 10, -58)
(1, 9, -58)
(0, 9, -57)
(1, 8, -58)
(0, 8, -58)
(1, 7, -59)
(0, 7, -59)
(0, 7, -60)
(1, 7, -61)
(0, 8, -61)
(1, 8, -61)
(1, 8, -60)
(0, 9, -59)
(1, 9, -60)
(0, 10, -60)
(1, 10, -61)
(1, 10, -62)
(0, 10, -62)
(1, 9, -63)
(0, 9, -62)
(1, 8, -63)
(1, 8, -64)
(0, 9, -64)
(1, 9, -65)
(1, 9, -66)
(0, 10, -66)
(1, 10, -67)
(0, 11, -66)
(1, 11, -66)
(0, 12, -65)
(1, 12, -65)
(0, 13, -65)
(0, 13, -66)
(1, 12, -67)
(0, 12, -67)
(0, 12, -68)
(0, 12, -69)
(1, 12, -70)
(0, 13, -70)
(1, 13, -70)
(0, 14, -70)
(1, 14, -71)
(0, 15, -70)
(1, 15, -71)
(0, 16, -70)
(1, 16, -70)
(0, 17, -69)
(1, 17, -70)
(0, 18, -69)
(1, 18, -70)
(0, 19, -69)
(1, 19, -70)
(1, 19, -71)
(0, 19, -71)
(1, 18, -72)
(0, 18, -72)
(0, 18, -73)
(0, 18, -74)
(1, 17, -75)
(1, 17, -76)
(0, 17, -76)
(0, 17, -77)
(0, 17, -78)
(1, 16, -79)
(0, 16, -78)
(1, 15, -79)
(1, 15, -80)
(0, 15, -80)
(1, 14, -80)
(0, 14, -80)
(1, 13, -80)
(0, 13, -79)
(0, 13, -78)
(0, 13, -77)
(0, 13, -76)
(1, 12, -76)
(1, 12, -75)
(1, 12, -74)
(1, 12, -73)
(0, 12, -72)
(1, 11, -72)
(0, 11, -71)
(1, 10, -71)
(0, 10, -71)
(1, 9, -72)
(0, 9, -72)
(1, 8, -73)
(1, 8, -74)
(0, 9, -74)
(1, 9, -75)
(1, 9, -76)
(0, 10, -76)
(0, 10, -77)
(1, 9, -78)
(1, 9, -79)
(1, 9, -80)
(0, 9, -80)
(0, 9, -81)
(1, 9, -82)
(0, 10, -81)
(1, 10, -82)
(0, 11, -81)
(1, 11, -82)
(0, 12, -81)
(1, 12, -82)
(0, 13, -82)
(0, 13, -83)
(0, 13, -84)
(1, 12, -85)
(1, 12, -86)
(1, 12, -87)
(1, 12, -88)
(0, 12, -88)
(1, 11, -89)
(0, 11, -88)
(1, 10, -88)
(0, 10, -88)
(0, 10, -89)
(0, 10, -90)
(1, 9, -91)
(1, 9, -92)
(0, 9, -92)
(1, 8, -92)
(1, 8, -91)
(1, 8, -90)
(0, 8, -89)
(1, 7, -90)
(1, 7, -91)
(0, 7, -91)
(1, 6, -91)
(0, 6, -91)
(1, 5, -91)
(0, 5, -91)
(0, 5, -92)
(1, 5, -93)
(1, 5, -94)
(0, 5, -94)
(1, 4, -94)
(0, 4, -93)
(0, 4, -92)
(1, 3, -92)
(1, 3, -91)
(1, 3, -90)
(0, 4, -89)
(1, 4, -89)
(0, 5, -89)
(1, 5, -89)
(0, 6, -89)
(1, 6, -89)
(1, 6, -88)
(0, 7, -87)
(0, 7, -86)
(1, 6, -86)
(0, 6, -86)
(1, 5, -86)
(1, 5, -85)
(1, 5, -84)
(0, 6, -83)
(0, 6, -82)
(1, 6, -82)
(0, 7, -81)
(0, 7, -80)
(1, 7, -80)
(0, 8, -79)
(0, 8, -78)
(1, 7, -78)
(0, 7, -77)
(1, 6, -77)
(0, 6, -77)
(1, 5, -78)
(1, 5, -79)
(0, 6, -79)
(0, 6, -80)
(1, 5, -81)
(0, 5, -80)
(1, 4, -80)
(1, 4, -79)
(0, 4, -78)
(1, 3, -79)
(0, 3, -79)
(1, 2, -80)
(1, 2, -81)
(0, 2, -81)
(1, 1, -82)
(1, 1, -83)
(1, 1, -84)
(0, 2, -84)
(0, 2, -85)
(1, 2, -86)
(1, 2, -87)
(1, 2, -88)
(1, 2, -89)
(1, 2, -90)
(0, 2, -90)
(0, 2, -91)
(0, 2, -92)
(1, 1, -93)
(0, 1, -92)
(1, 0, -92)
(1, 0, -91)
(1, 0, -90)
(0, 0, -89)
(1, -1, -90)
(0, -1, -89)
(0, -1, -88)
(1, -2, -88)
(0, -2, -88)
(1, -3, -88)
(0, -3, -88)
(1, -4, -88)
(1, -4, -87)
(0, -3, -86)
(0, -3, -85)
(1, -3, -85)
(0, -2, -85)
(1, -2, -86)
(0, -1, -85)
(1, -1, -85)
(0, 0, -84)
(1, 0, -84)
(1, 0, -83)
(0, 0, -82)
(1, -1, -83)
(0, -1, -83)
(1, -2, -84)
(0, -2, -83)
(0, -2, -82)
(1, -3, -82)
(0, -3, -81)
(1, -4, -81)
(1, -4, -80)
(0, -4, -79)
(0, -4, -78)
(1, -4, -78)
(1, -4, -77)
(0, -4, -76)
(1, -5, -76)
(0, -5, -76)
(0, -5, -77)
(1, -6, -78)
(0, -6, -78)
(1, -7, -78)
(0, -7, -77)
(1, -8, -78)
(0, -8, -77)
(0, -8, -76)
(1, -9, -76)
(0, -9, -75)
(1, -10, -76)
(1, -10, -77)
(0, -9, -77)
(0, -9, -78)
(1, -9, -79)
(0, -8, -79)
(1, -8, -80)
(0, -7, -80)
(1, -7, -81)
(0, -6, -81)
(0, -6, -82)
(1, -7, -83)
(0, -7, -83)
(1, -8, -84)
(0, -8, -83)
(1, -9, -84)
(1, -9, -85)
(0, -8, -85)
(1, -8, -86)
(0, -7, -85)
(1, -7, -86)
(0, -6, -85)
(1, -6, -86)
(0, -5, -85)
(1, -5, -86)
(1, -5, -87)
(0, -5, -87)
(0, -5, -88)
(1, -5, -89)
(0, -4, -89)
(1, -4, -90)
(1, -4, -91)
(1, -4, -92)
(1, -4, -93)
(1, -4, -94)
(1, -4, -95)
(0, -4, -95)
(1, -5, -95)
(1, -5, -94)
(0, -5, -93)
(1, -6, -93)
(0, -6, -93)
(1, -7, -93)
(1, -7, -92)
(0, -7, -91)
(1, -8, -91)
(0, -8, -90)
(1, -9, -90)
(0, -9, -89)
(1, -10, -90)
(0, -10, -89)
(1, -11, -89)
(1, -11, -88)
(0, -11, -87)
(1, -12, -87)
(0, -12, -87)
(1, -13, -88)
(0, -13, -88)
(1, -14, -89)
(0, -14, -89)
(1, -15, -90)
(0, -15, -90)
(0, -15, -91)
(1, -16, -92)
(0, -16, -91)
(0, -16, -90)
(0, -16, -89)
(1, -17, -89)
(0, -17, -89)
(0, -17, -90)
(1, -18, -91)
(1, -18, -92)
(0, -17, -92)
(1, -17, -93)
(1, -17, -94)
(1, -17, -95)
(0, -17, -95)
(0, -17, -96)
(0, -17, -97)
(1, -18, -98)
(0, -18, -98)
(1, -19, -99)
(1, -19, -100)
(1, -19, -101)
(1, -19, -102)
(0, -19, -102)
(0, -19, -103)
(1, -19, -104)
(0, -18, -103)
(1, -18, -104)
(0, -17, -103)
(0, -17, -102)
(0, -17, -101)
(1, -18, -101)
(1, -18, -100)
(0, -17, -99)
(1, -17, -100)
(0, -16, -99)
(1, -16, -99)
(1, -16, -98)
(0, -16, -97)
(0, -16, -96)
(1, -16, -96)
(1, -16, -95)
(0, -15, -94)
(1, -15, -94)
(1, -15, -93)
(0, -14, -92)
(0, -14, -91)
(1, -14, -91)
(0, -13, -90)
(1, -13, -91)
(0, -12, -90)
(1, -12, -90)
(0, -11, -90)
(1, -11, -91)
(1, -11, -92)
(1, -11, -93)
(0, -10, -93)
(0, -10, -94)
(0, -10, -95)
(1, -11, -96)
(1, -11, -97)
(0, -10, -97)
(1, -10, -98)
(0, -9, -98)
(1, -9, -99)
(0, -8, -99)
(1, -8, -99)
(0, -7, -99)
(1, -7, -100)
(0, -6, -100)
(1, -6, -100)
(0, -5, -100)
(1, -5, -100)
(0, -4, -99)
(0, -4, -98)
(1, -4, -98)
(0, -3, -98)
(1, -3, -98)
(1, -3, -97)
(0, -2, -96)
(0, -2, -95)
(1, -3, -95)
(1, -3, -94)
(1, -3, -93)
(0, -2, -92)
(1, -2, -93)
(0, -1, -92)
(1, -1, -93)
(0, 0, -93)
(1, 0, -94)
(1, 0, -95)
(1, 0, -96)
(0, 1, -96)
(1, 1, -96)
(0, 2, -95)
(1, 2, -96)
(0, 3, -96)
(1, 3, -96)
(0, 4, -95)
(1, 4, -96)
(1, 4, -97)
(1, 4, -98)
(1, 4, -99)
(1, 4, -100)
(1, 4, -101)
(0, 4, -101)
(0, 4, -102)
(1, 3, -103)
(1, 3, -104)
(0, 4, -104)
(1, 4, -105)
(0, 5, -105)
(1, 5, -105)
(0, 6, -105)
(0, 6, -106)
(1, 5, -107)
(1, 5, -108)
(0, 6, -108)
(0, 6, -109)
(1, 6, -110)
(0, 7, -110)
(1, 7, -110)
(0, 8, -110)
(1, 8, -111)
(0, 9, -111)
(1, 9, -112)
(0, 10, -112)
(1, 10, -113)
(0, 11, -113)
(1, 11, -113)
(0, 12, -113)
(0, 12, -114)
(0, 12, -115)
(1, 11, -116)
(1, 11, -117)
(0, 11, -117)
(1, 10, -117)
(1, 10, -116)
(1, 10, -115)
(0, 10, -114)
(1, 9, -114)
(0, 9, -114)
(1, 8, -115)
(0, 8, -114)
(1, 7, -114)
(0, 7, -114)
(1, 6, -114)
(1, 6, -113)
(1, 6, -112)
(0, 6, -111)
(1, 5, -112)
(0, 5, -111)
(0, 5, -110)
(1, 4, -110)
(0, 4, -109)
(1, 3, -109)
(0, 3, -108)
(1, 2, -108)
(1, 2, -107)
(1, 2, -106)
(0, 2, -105)
(0, 2, -104)
(1, 2, -104)
(1, 2, -103)
(1, 2, -102)
(0, 2, -101)
(1, 1, -101)
(0, 1, -101)
(0, 1, -102)
(1, 0, -103)
(0, 0, -103)
(1, -1, -104)
(1, -1, -105)
(0, 0, -105)
(0, 0, -106)
(1, -1, -107)
(0, -1, -106)
(1, -2, -107)
(0, -2, -106)
(1, -3, -107)
(0, -3, -106)
(1, -4, -107)
(0, -4, -107)
(0, -4, -108)
(1, -5, -109)
(0, -5, -108)
(1, -6, -108)
(0, -6, -108)
(0, -6, -109)
(1, -7, -110)
(0, -7, -109)
(0, -7, -108)
(0, -7, -107)
(1, -8, -107)
(1, -8, -106)
(0, -7, -105)
(0, -7, -104)
(1, -7, -104)
(0, -6, -104)
(1, -6, -104)
(0, -5, -104)
(0, -5, -105)
(1, -5, -106)
(0, -4, -105)
(0, -4, -104)
(1, -4, -104)
(0, -3, -104)
(1, -3, -105)
(0, -2, -104)
(0, -2, -103)
(0, -2, -102)
(1, -3, -102)
(0, -3, -101)
(1, -4, -101)
(0, -4, -101)
(0, -4, -102)
(1, -5, -103)
(0, -5, -102)
(1, -6, -102)
(0, -6, -102)
(1, -7, -102)
(0, -7, -102)
(1, -8, -102)
(0, -8, -101)
(1, -9, -102)
(0, -9, -101)
(0, -9, -100)
(1, -10, -100)
(0, -10, -100)
(1, -11, -100)
(1, -11, -99)
(0, -11, -98)
(1, -12, -99)
(0, -12, -99)
(1, -13, -99)
(1, -13, -98)
(0, -13, -97)
(0, -13, -96)
(1, -14, -96)
(0, -14, -96)
(0, -14, -97)
(1, -15, -98)
(1, -15, -99)
(1, -15, -100)
(0, -15, -100)
(0, -15, -101)
(1, -15, -102)
(0, -14, -101)
(1, -14, -101)
(0, -13, -101)
(1, -13, -102)
(0, -12, -101)
(1, -12, -102)
(0, -11, -102)
(1, -11, -103)
(0, -10, -102)
(1, -10, -103)
(1, -10, -104)
(0, -9, -104)
(0, -9, -105)
(1, -9, -106)
(1, -9, -107)
(1, -9, -108)
(0, -9, -108)
(0, -9, -109)
(1, -9, -110)
(1, -9, -111)
(0, -8, -111)
(1, -8, -112)
(0, -7, -112)
(1, -7, -113)
(0, -6, -113)
(1, -6, -113)
(0, -5, -113)
(1, -5, -113)
(1, -5, -112)
(1, -5, -111)
(0, -4, -110)
(1, -4, -111)
(0, -3, -111)
(1, -3, -112)
(0, -2, -112)
(0, -2, -113)
(0, -2, -114)
(0, -2, -115)
(1, -3, -116)
(0, -3, -115)
(1, -4, -116)
(1, -4, -117)
(0, -4, -117)
(1, -5, -118)
(0, -5, -117)
(0, -5, -116)
(1, -6, -116)
(0, -6, -116)
(1, -7, -116)
(0, -7, -115)
(0, -7, -114)
(1, -8, -114)
(0, -8, -114)
(1, -9, -115)
(0, -9, -115)
(0, -9, -116)
(1, -9, -117)
(0, -8, -117)
(1, -8, -117)
(0, -7, -117)
(0, -7, -118)
(1, -7, -119)
(1, -7, -120)
(1, -7, -121)
(1, -7, -122)
(0, -6, -122)
(0, -6, -123)
(0, -6, -124)
(1, -6, -125)
(1, -6, -126)
(0, -5, -126)
(1, -5, -126)
(0, -4, -125)
(1, -4, -126)
(1, -4, -127)
(0, -4, -127)
(1, -5, -128)
(0, -5, -128)
(0, -5, -129)
(0, -5, -130)
(1, -5, -131)
(0, -4, -131)
(1, -4, -131)
(1, -4, -130)
(1, -4, -129)
(0, -3, -128)
(1, -3, -128)
(0, -2, -128)
(1, -2, -129)
(1, -2, -130)
(1, -2, -131)
(1, -2, -132)
(0, -1, -132)
(1, -1, -133)
(1, -1, -134)
(0, 0, -134)
(0, 0, -135)
(1, 0, -136)
(0, 1, -135)
(1, 1, -135)
(0, 2, -134)
(0, 2, -133)
(0, 2, -132)
(1, 1, -132)
(0, 1, -131)
(1, 0, -132)
(0, 0, -131)
(0, 0, -130)
(1, 0, -130)
(1, 0, -129)
(0, 1, -128)
(1, 1, -128)
(0, 2, -127)
(0, 2, -126)
(1, 1, -126)
(0, 1, -126)
(1, 0, -127)
(0, 0, -126)
(0, 0, -125)
(1, -1, -125)
(1, -1, -124)
(1, -1, -123)
(0, 0, -122)
(1, 0, -123)
(0, 1, -122)
(0, 1, -121)
(1, 1, -121)
(0, 2, -120)
(0, 2, -119)
(0, 2, -118)
(1, 1, -118)
(0, 1, -117)
(0, 1, -116)
(1, 1, -116)
(0, 2, -115)
(1, 2, -115)
(0, 3, -114)
(1, 3, -114)
