(1, 66, 117)
(0, 66, 117)
(1, 65, 116)
(0, 65, 117)
(1, 64, 117)
(0, 64, 118)
(1, 63, 117)
(1, 63, 116)
(1, 63, 115)
(1, 63, 114)
(1, 63, 113)
(0, 63, 113)
(1, 62, 113)
(1, 62, 114)
(0, 62, 115)
(1, 61, 114)
(0, 61, 114)
(1, 60, 113)
(0, 60, 114)
(0, 60, 115)
(1, 59, 115)
(0, 59, 115)
(1, 58, 115)
(1, 58, 116)
(1, 58, 117)
(0, 59, 118)
(1, 59, 118)
(0, 60, 119)
(1, 60, 118)
(1, 60, 117)
(0, 61, 117)
(1, 61, 116)
(0, 62, 117)
(1, 62, 117)
(1, 62, 118)
(1, 62, 119)
(0, 62, 120)
(1, 61, 120)
(0, 61, 121)
(1, 60, 121)
(0, 60, 122)
(1, 59, 121)
(1, 59, 120)
(0, 59, 120)
(1, 58, 120)
(0, 58, 121)
(1, 57, 120)
(0, 57, 121)
(0, 57, 122)
(0, 57, 123)
(0, 57, 124)
(1, 56, 124)
(0, 56, 125)
(0, 56, 126)
(0, 56, 127)
(1, 56, 127)
(0, 57, 127)
(0, 57, 126)
(1, 57, 125)
(0, 58, 126)
(0, 58, 127)
(0, 58, 128)
(1, 57, 128)
(1, 57, 129)
(0, 58, 130)
(1, 58, 130)
(0, 59, 131)
(1, 59, 130)
(1, 59, 129)
(0, 59, 129)
(0, 59, 128)
(0, 59, 127)
(0, 59, 126)
(1, 59, 125)
(1, 59, 124)
(0, 60, 124)
(1, 60, 124)
(1, 60, 125)
(0, 61, 126)
(1, 61, 126)
(1, 61, 127)
(0, 62, 128)
(1, 62, 128)
(1, 62, 129)
(1, 62, 130)
(1, 62, 131)
(1, 62, 132)
(0, 62, 133)
(0, 62, 134)
(0, 62, 135)
(1, 61, 135)
(0, 61, 135)
(1, 60, 135)
(0, 60, 135)
(1, 59, 134)
(0, 59, 135)
(1, 58, 134)
(0, 58, 134)
(1, 57, 134)
(1, 57, 135)
(0, 58, 136)
(0, 58, 137)
(0, 58, 138)
(1, 58, 138)
(1, 58, 139)
(0, 58, 140)
(1, 57, 139)
(0, 57, 140)
(0, 57, 141)
(1, 57, 141)
(1, 57, 142)
(1, 57, 143)
(0, 57, 144)
(1, 56, 143)
(0, 56, 144)
(1, 55, 144)
(1, 55, 145)
(1, 55, 146)
(1, 55, 147)
(1, 55, 148)
(1, 55, 149)
(0, 56, 150)
(1, 56, 149)
(1, 56, 148)
(0, 57, 148)
(1, 57, 148)
(1, 57, 149)
(1, 57, 150)
(0, 57, 151)
(0, 57, 152)
(0, 57, 153)
(0, 57, 154)
(1, 56, 154)
(0, 56, 154)
(1, 55, 153)
(0, 55, 153)
(1, 54, 152)
(1, 54, 151)
(0, 54, 151)
(1, 53, 151)
(1, 53, 152)
(0, 53, 153)
(1, 52, 152)
(0, 52, 152)
(0, 52, 151)
(1, 51, 150)
(1, 51, 149)
(0, 51, 149)
(1, 50, 149)
(0, 50, 149)
(0, 50, 148)
(1, 49, 147)
(0, 49, 148)
(1, 48, 148)
(0, 48, 148)
(0, 48, 147)
(0, 48, 146)
(0, 48, 145)
(0, 48, 144)
(0, 48, 143)
(1, 48, 142)
(1, 48, 141)
(0, 48, 141)
(1, 47, 140)
(1, 47, 139)
(0, 47, 139)
(0, 47, 138)
(0, 47, 137)
(1, 46, 136)
(1, 46, 135)
(0, 47, 135)
(1, 47, 134)
(0, 48, 134)
(1, 48, 134)
(0, 49, 135)
(0, 49, 136)
(1, 49, 136)
(0, 50, 136)
(1, 50, 136)
(0, 51, 136)
(1, 51, 136)
(0, 52, 136)
(0, 52, 135)
(1, 51, 134)
(1, 51, 133)
(0, 52, 133)
(1, 52, 132)
(0, 53, 132)
(1, 53, 132)
(1, 53, 133)
(0, 53, 134)
(0, 53, 135)
(1, 53, 135)
(0, 54, 136)
(0, 54, 137)
(1, 54, 137)
(0, 55, 138)
(1, 55, 138)
(0, 56, 139)
(1, 56, 138)
(1, 56, 137)
(0, 56, 137)
(0, 56, 136)
(1, 56, 135)
(1, 56, 134)
(0, 56, 134)
(1, 55, 133)
(0, 55, 133)
(0, 55, 132)
(0, 55, 131)
(1, 54, 130)
(0, 54, 131)
(1, 53, 130)
(0, 53, 130)
(1, 52, 130)
(0, 52, 131)
(1, 51, 130)
(0, 51, 131)
(1, 50, 131)
(1, 50, 132)
(0, 50, 133)
(1, 49, 132)
(0, 49, 133)
(1, 48, 132)
(1, 48, 131)
(0, 49, 131)
(0, 49, 130)
(1, 49, 129)
(0, 50, 129)
(0, 50, 128)
(1, 50, 127)
(1, 50, 126)
(0, 50, 126)
(1, 49, 125)
(0, 49, 125)
(0, 49, 124)
(1, 49, 123)
(1, 49, 122)
(1, 49, 121)
(0, 49, 121)
(1, 48, 120)
(0, 48, 120)
(1, 47, 119)
(0, 47, 119)
(1, 46, 118)
(0, 46, 119)
(0, 46, 120)
(1, 45, 120)
(0, 45, 121)
(0, 45, 122)
(1, 45, 122)
(0, 46, 122)
(1, 46, 122)
(0, 47, 123)
(1, 47, 123)
(1, 47, 124)
(0, 48, 125)
(0, 48, 126)
(1, 48, 126)
(0, 49, 127)
(0, 49, 128)
(1, 48, 128)
(0, 48, 129)
(1, 47, 129)
(0, 47, 129)
(1, 46, 128)
(0, 46, 129)
(1, 45, 128)
(1, 45, 127)
(0, 46, 127)
(1, 46, 126)
(1, 46, 125)
(1, 46, 124)
(0, 46, 124)
(1, 45, 124)
(0, 45, 124)
(1, 44, 124)
(0, 44, 124)
(1, 43, 124)
(0, 43, 124)
(0, 43, 123)
(1, 43, 122)
(1, 43, 121)
(1, 43, 120)
(0, 44, 120)
(1, 44, 119)
(1, 44, 118)
(1, 44, 117)
(0, 45, 117)
(0, 45, 116)
(1, 45, 115)
(0, 46, 115)
(1, 46, 115)
(0, 47, 116)
(1, 47, 116)
(1, 47, 117)
(0, 48, 118)
(1, 48, 118)
(0, 49, 118)
(1, 49, 117)
(0, 50, 118)
(1, 50, 117)
(0, 51, 117)
(0, 51, 116)
(0, 51, 115)
(1, 50, 114)
(0, 50, 115)
(1, 49, 114)
(0, 49, 115)
(1, 48, 114)
(0, 48, 114)
(0, 48, 113)
(1, 47, 112)
(1, 47, 111)
(0, 48, 111)
(0, 48, 110)
(1, 47, 109)
(0, 47, 110)
(1, 46, 110)
(0, 46, 110)
(0, 46, 109)
(1, 45, 108)
(1, 45, 107)
(1, 45, 106)
(0, 46, 106)
(1, 46, 105)
(0, 47, 105)
(1, 47, 105)
(0, 48, 105)
(1, 48, 104)
(0, 49, 105)
(1, 49, 105)
(1, 49, 106)
(0, 50, 107)
(1, 50, 106)
(0, 51, 106)
(1, 51, 105)
(0, 52, 105)
(1, 52, 105)
(0, 53, 105)
(1, 53, 104)
(0, 54, 104)
(1, 54, 103)
(0, 55, 104)
(1, 55, 103)
(0, 56, 103)
(1, 56, 103)
(0, 57, 104)
(1, 57, 104)
(0, 58, 105)
(1, 58, 105)
(1, 58, 106)
(1, 58, 107)
(1, 58, 108)
(1, 58, 109)
(0, 59, 110)
(1, 59, 110)
(1, 59, 111)
(0, 60, 112)
(1, 60, 111)
(0, 61, 112)
(1, 61, 112)
(0, 62, 112)
(0, 62, 111)
(1, 61, 110)
(1, 61, 109)
(0, 61, 109)
(0, 61, 108)
(1, 60, 107)
(1, 60, 106)
(1, 60, 105)
(0, 61, 105)
(1, 61, 104)
(0, 62, 104)
(1, 62, 103)
(0, 63, 104)
(0, 63, 105)
(1, 63, 105)
(0, 64, 106)
(1, 64, 105)
(0, 65, 106)
(1, 65, 106)
(0, 66, 107)
(1, 66, 106)
(0, 67, 106)
(1, 67, 105)
(0, 68, 106)
(0, 68, 107)
(0, 68, 108)
(1, 67, 108)
(0, 67, 108)
(1, 66, 108)
(0, 66, 109)
(1, 65, 108)
(0, 65, 108)
(1, 64, 108)
(1, 64, 109)
(0, 64, 110)
(0, 64, 111)
(0, 64, 112)
(1, 64, 112)
(1, 64, 113)
(0, 65, 114)
(1, 65, 113)
(0, 66, 114)
(1, 66, 114)
(0, 67, 115)
(1, 67, 114)
(0, 68, 114)
(0, 68, 113)
(1, 68, 112)
(0, 69, 112)
(0, 69, 111)
(1, 68, 110)
(1, 68, 109)
(0, 69, 109)
(1, 69, 108)
(1, 69, 107)
(0, 70, 107)
(1, 70, 106)
(1, 70, 105)
(0, 70, 105)
(1, 69, 105)
(0, 69, 105)
(1, 68, 104)
(0, 68, 104)
(0, 68, 103)
(0, 68, 102)
(1, 68, 101)
(0, 69, 102)
(1, 69, 101)
(1, 69, 100)
(1, 69, 99)
(0, 69, 99)
(0, 69, 98)
(1, 68, 97)
(0, 68, 97)
(0, 68, 96)
(1, 67, 95)
(1, 67, 94)
(0, 68, 94)
(1, 68, 93)
(1, 68, 92)
(1, 68, 91)
(0, 68, 91)
(1, 67, 91)
(0, 67, 92)
(1, 66, 92)
(1, 66, 93)
(1, 66, 94)
(0, 66, 95)
(0, 66, 96)
(1, 65, 96)
(1, 65, 97)
(1, 65, 98)
(0, 65, 99)
(0, 65, 100)
(0, 65, 101)
(1, 64, 101)
(1, 64, 102)
(0, 64, 103)
(1, 63, 102)
(0, 63, 102)
(0, 63, 101)
(0, 63, 100)
(1, 62, 99)
(0, 62, 99)
(1, 61, 98)
(0, 61, 98)
(0, 61, 97)
(1, 60, 96)
(0, 60, 96)
(1, 59, 96)
(1, 59, 97)
(1, 59, 98)
(1, 59, 99)
(0, 59, 100)
(1, 58, 99)
(0, 58, 100)
(1, 57, 99)
(1, 57, 98)
(1, 57, 97)
(1, 57, 96)
(1, 57, 95)
(1, 57, 94)
(0, 58, 94)
(0, 58, 93)
(1, 57, 92)
(0, 57, 92)
(1, 56, 92)
(0, 56, 93)
(1, 55, 93)
(0, 55, 94)
(1, 54, 93)
(0, 54, 93)
(1, 53, 93)
(0, 53, 94)
(1, 52, 94)
(0, 52, 94)
(0, 52, 93)
(0, 52, 92)
(1, 51, 91)
(0, 51, 91)
(1, 50, 90)
(0, 50, 90)
(0, 50, 89)
(1, 49, 88)
(0, 49, 88)
(1, 48, 87)
(0, 48, 88)
(0, 48, 89)
(1, 47, 89)
(1, 47, 90)
(1, 47, 91)
(0, 47, 92)
(1, 46, 91)
(1, 46, 90)
(1, 46, 89)
(1, 46, 88)
(0, 47, 88)
(0, 47, 87)
(1, 47, 86)
(1, 47, 85)
(0, 47, 85)
(1, 46, 84)
(0, 46, 85)
(1, 45, 85)
(0, 45, 85)
(1, 44, 85)
(1, 44, 86)
(0, 45, 87)
(1, 45, 87)
(1, 45, 88)
(0, 45, 89)
(1, 44, 89)
(0, 44, 89)
(1, 43, 89)
(0, 43, 89)
(0, 43, 88)
(1, 43, 87)
(1, 43, 86)
(0, 43, 86)
(1, 42, 85)
(1, 42, 84)
(0, 43, 84)
(0, 43, 83)
(1, 43, 82)
(0, 44, 82)
(1, 44, 82)
(0, 45, 82)
(1, 45, 82)
(0, 46, 83)
(1, 46, 82)
(1, 46, 81)
(0, 46, 81)
(1, 45, 80)
(1, 45, 79)
(0, 45, 79)
(1, 44, 79)
(0, 44, 80)
(1, 43, 79)
(0, 43, 80)
(1, 42, 80)
(0, 42, 81)
(1, 41, 81)
(0, 41, 81)
(0, 41, 80)
(1, 40, 79)
(0, 40, 80)
(1, 39, 80)
(0, 39, 81)
(1, 38, 81)
(0, 38, 81)
(0, 38, 80)
(1, 38, 79)
(1, 38, 78)
(1, 38, 77)
(0, 38, 77)
(1, 37, 77)
(0, 37, 78)
(1, 36, 77)
(0, 36, 77)
(1, 35, 77)
(0, 35, 78)
(1, 34, 78)
(0, 34, 79)
(1, 33, 79)
(0, 33, 79)
(1, 32, 78)
(0, 32, 79)
(0, 32, 80)
(1, 32, 80)
(0, 33, 81)
(0, 33, 82)
(1, 32, 82)
(0, 32, 82)
(1, 31, 81)
(0, 31, 81)
(1, 30, 80)
(0, 30, 81)
(0, 30, 82)
(0, 30, 83)
(1, 30, 83)
(0, 31, 84)
(1, 31, 84)
(0, 32, 85)
(1, 32, 85)
(0, 33, 86)
(1, 33, 86)
(0, 34, 86)
(1, 34, 86)
(0, 35, 87)
(0, 35, 88)
(0, 35, 89)
(1, 34, 89)
(1, 34, 90)
(0, 35, 91)
(1, 35, 90)
(0, 36, 91)
(1, 36, 90)
(1, 36, 89)
(0, 37, 89)
(1, 37, 88)
(1, 37, 87)
(0, 38, 87)
(1, 38, 87)
(0, 39, 88)
(1, 39, 87)
(0, 40, 87)
(0, 40, 86)
(1, 39, 85)
(0, 39, 85)
(0, 39, 84)
(0, 39, 83)
(1, 39, 82)
(0, 40, 83)
(1, 40, 82)
(0, 41, 83)
(1, 41, 83)
(1, 41, 84)
(1, 41, 85)
(1, 41, 86)
(0, 41, 87)
(0, 41, 88)
(0, 41, 89)
(1, 41, 89)
(0, 42, 90)
(1, 42, 90)
(0, 43, 91)
(1, 43, 91)
(1, 43, 92)
(0, 43, 93)
(0, 43, 94)
(0, 43, 95)
(1, 42, 95)
(0, 42, 96)
(1, 41, 96)
(1, 41, 97)
(1, 41, 98)
(0, 42, 99)
(1, 42, 99)
(0, 43, 100)
(1, 43, 100)
(0, 44, 100)
(1, 44, 100)
(0, 45, 101)
(0, 45, 102)
(1, 45, 102)
(0, 46, 102)
(1, 46, 102)
(1, 46, 103)
(0, 46, 104)
(1, 45, 104)
(0, 45, 105)
(1, 44, 105)
(0, 44, 106)
(1, 43, 105)
(0, 43, 106)
(0, 43, 107)
(0, 43, 108)
(1, 43, 108)
(1, 43, 109)
(1, 43, 110)
(1, 43, 111)
(0, 44, 112)
(1, 44, 112)
(1, 44, 113)
(0, 44, 114)
(1, 43, 113)
(0, 43, 114)
(0, 43, 115)
(0, 43, 116)
(1, 43, 116)
(1, 43, 117)
(1, 43, 118)
(0, 43, 119)
(1, 42, 118)
(0, 42, 119)
(1, 41, 118)
(0, 41, 118)
(1, 40, 118)
(0, 40, 119)
(0, 40, 120)
(1, 40, 120)
(1, 40, 121)
(1, 40, 122)
(0, 40, 123)
(0, 40, 124)
(0, 40, 125)
(1, 40, 125)
(0, 41, 126)
(1, 41, 126)
(1, 41, 127)
(0, 42, 128)
(0, 42, 129)
(1, 41, 129)
(1, 41, 130)
(0, 41, 131)
(0, 41, 132)
(1, 40, 132)
(1, 40, 133)
(0, 40, 134)
(0, 40, 135)
(0, 40, 136)
(0, 40, 137)
(0, 40, 138)
(1, 40, 138)
(0, 41, 138)
(1, 41, 137)
(0, 42, 138)
(0, 42, 139)
(1, 42, 139)
(0, 43, 139)
(1, 43, 138)
(0, 44, 139)
(1, 44, 138)
(0, 45, 139)
(1, 45, 138)
(0, 46, 139)
(0, 46, 140)
(1, 45, 140)
(1, 45, 141)
(0, 45, 142)
(1, 44, 142)
(0, 44, 142)
(1, 43, 141)
(0, 43, 142)
(0, 43, 143)
(0, 43, 144)
(1, 43, 144)
(0, 44, 145)
(1, 44, 144)
(0, 45, 145)
(1, 45, 145)
(0, 46, 145)
(1, 46, 145)
(0, 47, 146)
(0, 47, 147)
(0, 47, 148)
(0, 47, 149)
(1, 46, 149)
(0, 46, 149)
(1, 45, 148)
(0, 45, 149)
(0, 45, 150)
(1, 44, 150)
(0, 44, 151)
(1, 43, 151)
(0, 43, 151)
(0, 43, 150)
(1, 42, 149)
(0, 42, 150)
(1, 41, 149)
(0, 41, 150)
(1, 40, 149)
(0, 40, 150)
(1, 39, 150)
(0, 39, 151)
(0, 39, 152)
(1, 38, 152)
(0, 38, 152)
(1, 37, 152)
(1, 37, 153)
(0, 37, 154)
(0, 37, 155)
(0, 37, 156)
(0, 37, 157)
(0, 37, 158)
(1, 37, 158)
(0, 38, 158)
(0, 38, 157)
(1, 38, 156)
(0, 39, 156)
(1, 39, 155)
(1, 39, 154)
(0, 40, 154)
(1, 40, 153)
(0, 41, 153)
(1, 41, 153)
(0, 42, 153)
(1, 42, 152)
(0, 43, 153)
(1, 43, 153)
(0, 44, 153)
(1, 44, 152)
(0, 45, 153)
(1, 45, 153)
(0, 46, 154)
(1, 46, 154)
(0, 47, 154)
(0, 47, 153)
(0, 47, 152)
(0, 47, 151)
(1, 47, 150)
(0, 48, 151)
(1, 48, 151)
(0, 49, 151)
(1, 49, 151)
(0, 50, 151)
(1, 50, 151)
(0, 51, 152)
(0, 51, 153)
(1, 50, 153)
(1, 50, 154)
(0, 51, 155)
(1, 51, 155)
(1, 51, 156)
(1, 51, 157)
(0, 51, 158)
(0, 51, 159)
(1, 50, 159)
(0, 50, 160)
(1, 49, 160)
(0, 49, 161)
(0, 49, 162)
(1, 49, 162)
(0, 50, 162)
(1, 50, 161)
(0, 51, 162)
(1, 51, 162)
(0, 52, 163)
(1, 52, 162)
(0, 53, 163)
(1, 53, 163)
(0, 54, 163)
(0, 54, 162)
(1, 54, 161)
(0, 55, 161)
(0, 55, 160)
(1, 55, 159)
(0, 56, 160)
(1, 56, 159)
(0, 57, 160)
(0, 57, 161)
(0, 57, 162)
(1, 57, 162)
(1, 57, 163)
(1, 57, 164)
(0, 57, 165)
(0, 57, 166)
(0, 57, 167)
(0, 57, 168)
(1, 57, 168)
(0, 58, 169)
(1, 58, 168)
(0, 59, 169)
(0, 59, 170)
(1, 59, 170)
(1, 59, 171)
(1, 59, 172)
(0, 59, 173)
(1, 58, 173)
(0, 58, 173)
(1, 57, 172)
(0, 57, 172)
(0, 57, 171)
(1, 56, 170)
(1, 56, 169)
(0, 56, 169)
(1, 55, 169)
(0, 55, 170)
(0, 55, 171)
(1, 54, 171)
(0, 54, 172)
(1, 53, 171)
(0, 53, 171)
(0, 53, 170)
(1, 52, 169)
(0, 52, 170)
(0, 52, 171)
(0, 52, 172)
(1, 51, 172)
(0, 51, 172)
(1, 50, 171)
(0, 50, 171)
(1, 49, 171)
(0, 49, 171)
(1, 48, 171)
(1, 48, 172)
(0, 49, 173)
(0, 49, 174)
(1, 48, 174)
(0, 48, 175)
(0, 48, 176)
(1, 48, 176)
(0, 49, 177)
(0, 49, 178)
(1, 48, 178)
(0, 48, 178)
(1, 47, 178)
(1, 47, 179)
(0, 48, 180)
(0, 48, 181)
(0, 48, 182)
(0, 48, 183)
(0, 48, 184)
(1, 48, 184)
(0, 49, 185)
(1, 49, 185)
(0, 50, 185)
(1, 50, 185)
(0, 51, 185)
(1, 51, 184)
(1, 51, 183)
(1, 51, 182)
(1, 51, 181)
(0, 51, 181)
(0, 51, 180)
(1, 51, 179)
(0, 52, 179)
(0, 52, 178)
(0, 52, 177)
(0, 52, 176)
(1, 52, 175)
(0, 53, 176)
(1, 53, 176)
(1, 53, 177)
(0, 53, 178)
(0, 53, 179)
(1, 53, 179)
(1, 53, 180)
(0, 54, 181)
(1, 54, 181)
(1, 54, 182)
(0, 55, 183)
(0, 55, 184)
(1, 54, 184)
(0, 54, 184)
(1, 53, 184)
(1, 53, 185)
(0, 53, 186)
(1, 52, 186)
(0, 52, 187)
(1, 51, 186)
(0, 51, 187)
(1, 50, 187)
(1, 50, 188)
(0, 51, 189)
(1, 51, 188)
(0, 52, 189)
(1, 52, 189)
(0, 53, 190)
(1, 53, 190)
(0, 54, 191)
(1, 54, 191)
(1, 54, 192)
(0, 55, 193)
(0, 55, 194)
(0, 55, 195)
(1, 55, 195)
(0, 56, 195)
(1, 56, 194)
(1, 56, 193)
(0, 57, 193)
(1, 57, 192)
(0, 58, 192)
(1, 58, 191)
(1, 58, 190)
(0, 59, 190)
(1, 59, 190)
(0, 60, 191)
(0, 60, 192)
(1, 59, 192)
(1, 59, 193)
(0, 59, 194)
(1, 58, 194)
(1, 58, 195)
(0, 58, 196)
(1, 57, 196)
(0, 57, 196)
(1, 56, 196)
(1, 56, 197)
(0, 57, 198)
(1, 57, 198)
(0, 58, 198)
(1, 58, 197)
(0, 59, 197)
(1, 59, 197)
(0, 60, 198)
(0, 60, 199)
(0, 60, 200)
(1, 59, 200)
(0, 59, 200)
(1, 58, 200)
(0, 58, 200)
(1, 57, 200)
(0, 57, 200)
(1, 56, 200)
(0, 56, 200)
(1, 55, 200)
(0, 55, 200)
(1, 54, 199)
(1, 54, 198)
(1, 54, 197)
(1, 54, 196)
(0, 54, 196)
(0, 54, 195)
(0, 54, 194)
(1, 53, 193)
(1, 53, 192)
(0, 53, 192)
(1, 52, 192)
(1, 52, 193)
(1, 52, 194)
(1, 52, 195)
(1, 52, 196)
(0, 52, 197)
(1, 51, 196)
(1, 51, 195)
(1, 51, 194)
(0, 51, 194)
(1, 50, 193)
(0, 50, 193)
(0, 50, 192)
(0, 50, 191)
(1, 49, 190)
(1, 49, 189)
(0, 49, 189)
(1, 48, 189)
(0, 48, 189)
(0, 48, 188)
(1, 47, 187)
(0, 47, 187)
(1, 46, 186)
(0, 46, 186)
(0, 46, 185)
(0, 46, 184)
(1, 46, 183)
(0, 47, 183)
(0, 47, 182)
(1, 46, 181)
(0, 46, 181)
(0, 46, 180)
(0, 46, 179)
(1, 45, 178)
(1, 45, 177)
(0, 46, 177)
(0, 46, 176)
(1, 46, 175)
(1, 46, 174)
(0, 46, 174)
(0, 46, 173)
(0, 46, 172)
(1, 46, 171)
(0, 47, 171)
(0, 47, 170)
(1, 47, 169)
(1, 47, 168)
(0, 48, 168)
(1, 48, 167)
(0, 49, 167)
(1, 49, 166)
(0, 50, 167)
(0, 50, 168)
(1, 50, 168)
(0, 51, 168)
(1, 51, 167)
(1, 51, 166)
(0, 52, 166)
(0, 52, 165)
(1, 51, 164)
(0, 51, 165)
(1, 50, 164)
(0, 50, 165)
(1, 49, 164)
(0, 49, 164)
(1, 48, 164)
(1, 48, 165)
(0, 48, 166)
(1, 47, 165)
(1, 47, 164)
(0, 47, 164)
(0, 47, 163)
(1, 46, 162)
(0, 46, 162)
(1, 45, 161)
(1, 45, 160)
(0, 45, 160)
(1, 44, 160)
(0, 44, 161)
(0, 44, 162)
(0, 44, 163)
(0, 44, 164)
(0, 44, 165)
(1, 43, 165)
(0, 43, 166)
(1, 42, 166)
(0, 42, 166)
(1, 41, 165)
(0, 41, 165)
(1, 40, 165)
(1, 40, 166)
(1, 40, 167)
(0, 41, 168)
(0, 41, 169)
(1, 41, 169)
(0, 42, 170)
(1, 42, 170)
(0, 43, 170)
(0, 43, 169)
(1, 43, 168)
(0, 44, 169)
(0, 44, 170)
(0, 44, 171)
(1, 43, 171)
(0, 43, 172)
(0, 43, 173)
(1, 42, 173)
(0, 42, 173)
(1, 41, 172)
(0, 41, 172)
(1, 40, 172)
(0, 40, 173)
(1, 39, 172)
(0, 39, 173)
(0, 39, 174)
(0, 39, 175)
(1, 39, 175)
(0, 40, 175)
(1, 40, 175)
(0, 41, 176)
(1, 41, 175)
(0, 42, 175)
(1, 42, 175)
(0, 43, 176)
(1, 43, 176)
(0, 44, 176)
(1, 44, 176)
(1, 44, 177)
(0, 44, 178)
(0, 44, 179)
(1, 44, 179)
(0, 45, 180)
(0, 45, 181)
(1, 44, 181)
(1, 44, 182)
(0, 45, 183)
(0, 45, 184)
(0, 45, 185)
(1, 44, 185)
(1, 44, 186)
(1, 44, 187)
(0, 45, 188)
(1, 45, 187)
(0, 46, 188)
(0, 46, 189)
(1, 45, 189)
(0, 45, 190)
(1, 44, 190)
(1, 44, 191)
(0, 44, 192)
(1, 43, 192)
(0, 43, 192)
(1, 42, 191)
(1, 42, 190)
(0, 42, 190)
(1, 41, 189)
(0, 41, 190)
(1, 40, 189)
(1, 40, 188)
(0, 41, 188)
(1, 41, 187)
(0, 42, 187)
(1, 42, 186)
(1, 42, 185)
(1, 42, 184)
(0, 43, 184)
(0, 43, 183)
(0, 43, 182)
(0, 43, 181)
(0, 43, 180)
(1, 42, 179)
(0, 42, 179)
(1, 41, 178)
(0, 41, 178)
(1, 40, 177)
(0, 40, 178)
(1, 39, 177)
(0, 39, 178)
(1, 38, 178)
(1, 38, 179)
(0, 38, 180)
(1, 37, 180)
(0, 37, 181)
(0, 37, 182)
(0, 37, 183)
(1, 36, 183)
(0, 36, 183)
(1, 35, 182)
(1, 35, 181)
(0, 36, 181)
(0, 36, 180)
(0, 36, 179)
(1, 35, 178)
(1, 35, 177)
(1, 35, 176)
(1, 35, 175)
(1, 35, 174)
(0, 36, 174)
(1, 36, 174)
(0, 37, 175)
(1, 37, 174)
(1, 37, 173)
(1, 37, 172)
(0, 38, 172)
(1, 38, 171)
(1, 38, 170)
(1, 38, 169)
(1, 38, 168)
(0, 38, 168)
(0, 38, 167)
(1, 37, 166)
(0, 37, 167)
(1, 36, 166)
(1, 36, 165)
(1, 36, 164)
(0, 36, 164)
(1, 35, 163)
(0, 35, 163)
(1, 34, 163)
(0, 34, 164)
(0, 34, 165)
(0, 34, 166)
(0, 34, 167)
(1, 33, 167)
(0, 33, 167)
(1, 32, 166)
(1, 32, 165)
(0, 33, 165)
(0, 33, 164)
(0, 33, 163)
(1, 33, 162)
(0, 34, 162)
(1, 34, 161)
(0, 35, 161)
(0, 35, 160)
(1, 35, 159)
(1, 35, 158)
(0, 36, 158)
(0, 36, 157)
(0, 36, 156)
(0, 36, 155)
(0, 36, 154)
(0, 36, 153)
(1, 35, 152)
(1, 35, 151)
(0, 35, 151)
(1, 34, 151)
(0, 34, 152)
(1, 33, 151)
(1, 33, 150)
(0, 33, 150)
(0, 33, 149)
(1, 33, 148)
(0, 34, 149)
(1, 34, 148)
(0, 35, 148)
(0, 35, 147)
(1, 35, 146)
(1, 35, 145)
(1, 35, 144)
(0, 36, 144)
(1, 36, 144)
(0, 37, 144)
(1, 37, 143)
(0, 38, 144)
(1, 38, 143)
(0, 39, 143)
(1, 39, 142)
(1, 39, 141)
(1, 39, 140)
(1, 39, 139)
(0, 39, 139)
(1, 38, 138)
(0, 38, 138)
(1, 37, 138)
(0, 37, 138)
(0, 37, 137)
(1, 36, 136)
(0, 36, 136)
(1, 35, 136)
(0, 35, 136)
(1, 34, 135)
(0, 34, 136)
(1, 33, 135)
(0, 33, 135)
(1, 32, 135)
(0, 32, 135)
(1, 31, 135)
(1, 31, 136)
(0, 32, 137)
(0, 32, 138)
(1, 32, 138)
(0, 33, 139)
(0, 33, 140)
(1, 32, 140)
(0, 32, 140)
(1, 31, 139)
(0, 31, 140)
(1, 30, 140)
(0, 30, 141)
(1, 29, 140)
(0, 29, 141)
(1, 28, 140)
(0, 28, 141)
(1, 27, 141)
(1, 27, 142)
(1, 27, 143)
(0, 28, 144)
(0, 28, 145)
(1, 28, 145)
(0, 29, 146)
(1, 29, 145)
(0, 30, 145)
(1, 30, 145)
(0, 31, 146)
(0, 31, 147)
(1, 31, 147)
(0, 32, 148)
(0, 32, 149)
(0, 32, 150)
(0, 32, 151)
(0, 32, 152)
(1, 31, 152)
(0, 31, 152)
(1, 30, 151)
(1, 30, 150)
(1, 30, 149)
(0, 30, 149)
(1, 29, 149)
(0, 29, 150)
(1, 28, 149)
(0, 28, 149)
(1, 27, 148)
(1, 27, 147)
(0, 27, 147)
(1, 26, 147)
(0, 26, 148)
(0, 26, 149)
(1, 26, 149)
(1, 26, 150)
(0, 27, 151)
(0, 27, 152)
(1, 26, 152)
(0, 26, 153)
(0, 26, 154)
(1, 25, 154)
(1, 25, 155)
(1, 25, 156)
(0, 26, 157)
(0, 26, 158)
(1, 26, 158)
(0, 27, 159)
(1, 27, 159)
(0, 28, 160)
(1, 28, 160)
(0, 29, 160)
(0, 29, 159)
(0, 29, 158)
(0, 29, 157)
(1, 29, 156)
(1, 29, 155)
(1, 29, 154)
(0, 29, 154)
(1, 28, 153)
(1, 28, 152)
(0, 29, 152)
(1, 29, 152)
(0, 30, 153)
(1, 30, 153)
(1, 30, 154)
(0, 31, 155)
(1, 31, 154)
(0, 32, 154)
(1, 32, 154)
(0, 33, 155)
(1, 33, 154)
(0, 34, 155)
(1, 34, 154)
(0, 35, 155)
(0, 35, 156)
(0, 35, 157)
(1, 34, 157)
(1, 34, 158)
(0, 34, 159)
(1, 33, 159)
(1, 33, 160)
(0, 33, 161)
(1, 32, 161)
(0, 32, 161)
(1, 31, 161)
(1, 31, 162)
(0, 31, 163)
(0, 31, 164)
(1, 30, 164)
(1, 30, 165)
(0, 31, 166)
(0, 31, 167)
(0, 31, 168)
(1, 31, 168)
(0, 32, 169)
(0, 32, 170)
(0, 32, 171)
(1, 31, 171)
(0, 31, 171)
(1, 30, 170)
(1, 30, 169)
(0, 30, 169)
(1, 29, 169)
(1, 29, 170)
(1, 29, 171)
(1, 29, 172)
(1, 29, 173)
(0, 29, 174)
(1, 28, 174)
(0, 28, 175)
(1, 27, 175)
(1, 27, 176)
(0, 28, 177)
(0, 28, 178)
(1, 28, 178)
(0, 29, 178)
(0, 29, 177)
(0, 29, 176)
(1, 29, 175)
(0, 30, 175)
(1, 30, 174)
(0, 31, 175)
(0, 31, 176)
(1, 31, 176)
(0, 32, 176)
(0, 32, 175)
(1, 32, 174)
(1, 32, 173)
(1, 32, 172)
(0, 33, 172)
(1, 33, 171)
(1, 33, 170)
(0, 34, 170)
(1, 34, 170)
(1, 34, 171)
(1, 34, 172)
(1, 34, 173)
(1, 34, 174)
(1, 34, 175)
(1, 34, 176)
(1, 34, 177)
(0, 34, 178)
(1, 33, 178)
(0, 33, 179)
(0, 33, 180)
(1, 33, 180)
(1, 33, 181)
(1, 33, 182)
(0, 33, 183)
(1, 32, 183)
(1, 32, 184)
(1, 32, 185)
(0, 32, 186)
(1, 31, 185)
(0, 31, 185)
(1, 30, 184)
(0, 30, 185)
(0, 30, 186)
(1, 29, 186)
(0, 29, 186)
(0, 29, 185)
(0, 29, 184)
(1, 28, 183)
(1, 28, 182)
(0, 28, 182)
(1, 27, 182)
(0, 27, 182)
(1, 26, 182)
(1, 26, 183)
(0, 26, 184)
(0, 26, 185)
(1, 25, 185)
(1, 25, 186)
(0, 26, 187)
(1, 26, 187)
(0, 27, 188)
(1, 27, 188)
(0, 28, 189)
(0, 28, 190)
(1, 28, 190)
(1, 28, 191)
(1, 28, 192)
(1, 28, 193)
(0, 28, 194)
(1, 27, 194)
(1, 27, 195)
(1, 27, 196)
(0, 28, 197)
(1, 28, 197)
(1, 28, 198)
(0, 29, 199)
(0, 29, 200)
(1, 28, 200)
(0, 28, 200)
(1, 27, 200)
(0, 27, 200)
(1, 26, 200)
(0, 26, 200)
(1, 25, 200)
(0, 25, 200)
(1, 24, 199)
(0, 24, 200)
(1, 23, 200)
(0, 23, 200)
(0, 23, 199)
(0, 23, 198)
(1, 22, 197)
(0, 22, 198)
(0, 22, 199)
(1, 21, 199)
(0, 21, 199)
(1, 20, 199)
(0, 20, 200)
(1, 19, 200)
(0, 19, 200)
(0, 19, 199)
(0, 19, 198)
(1, 18, 197)
(0, 18, 198)
(1, 17, 197)
(1, 17, 196)
(1, 17, 195)
(1, 17, 194)
(0, 17, 194)
(0, 17, 193)
(1, 17, 192)
(0, 18, 193)
(1, 18, 193)
(0, 19, 193)
(1, 19, 192)
(0, 20, 192)
(1, 20, 191)
(1, 20, 190)
(1, 20, 189)
(0, 21, 189)
(1, 21, 189)
(0, 22, 190)
(0, 22, 191)
(0, 22, 192)
(0, 22, 193)
(1, 22, 193)
(0, 23, 194)
(0, 23, 195)
(1, 23, 195)
(1, 23, 196)
(0, 24, 197)
(1, 24, 196)
(1, 24, 195)
(0, 25, 195)
(0, 25, 194)
(0, 25, 193)
(0, 25, 192)
(1, 24, 191)
(0, 24, 191)
(1, 23, 191)
(0, 23, 191)
(0, 23, 190)
(1, 23, 189)
(1, 23, 188)
(0, 23, 188)
(0, 23, 187)
(0, 23, 186)
(0, 23, 185)
(1, 22, 184)
(1, 22, 183)
(1, 22, 182)
(0, 23, 182)
(1, 23, 181)
(0, 24, 181)
(1, 24, 180)
(0, 25, 180)
(1, 25, 179)
(1, 25, 178)
(0, 26, 178)
(0, 26, 177)
(1, 25, 176)
(0, 25, 177)
(1, 24, 177)
(1, 24, 178)
(0, 24, 179)
(1, 23, 179)
(0, 23, 180)
(1, 22, 179)
(0, 22, 180)
(1, 21, 179)
(1, 21, 178)
(1, 21, 177)
(0, 22, 177)
(0, 22, 176)
(1, 21, 175)
(1, 21, 174)
(0, 22, 174)
(1, 22, 174)
(0, 23, 175)
(1, 23, 175)
(0, 24, 175)
(0, 24, 174)
(0, 24, 173)
(1, 23, 172)
(0, 23, 172)
(1, 22, 171)
(1, 22, 170)
(0, 23, 170)
(0, 23, 169)
(1, 22, 168)
(0, 22, 168)
(1, 21, 168)
(0, 21, 168)
(1, 20, 167)
(0, 20, 168)
(0, 20, 169)
(0, 20, 170)
(0, 20, 171)
(1, 20, 171)
(1, 20, 172)
(1, 20, 173)
(1, 20, 174)
(0, 20, 175)
(1, 19, 175)
(1, 19, 176)
(1, 19, 177)
(0, 19, 178)
(0, 19, 179)
(0, 19, 180)
(1, 18, 180)
(0, 18, 181)
(0, 18, 182)
(1, 18, 182)
(0, 19, 183)
(0, 19, 184)
(1, 18, 184)
(0, 18, 185)
(1, 17, 185)
(0, 17, 185)
(1, 16, 184)
(0, 16, 185)
(1, 15, 184)
(1, 15, 183)
(0, 16, 183)
(1, 16, 182)
(1, 16, 181)
(0, 17, 181)
(0, 17, 180)
(1, 17, 179)
(1, 17, 178)
(0, 17, 178)
(1, 16, 178)
(0, 16, 178)
(0, 16, 177)
(0, 16, 176)
(1, 15, 175)
(0, 15, 176)
(0, 15, 177)
(0, 15, 178)
(0, 15, 179)
(0, 15, 180)
(0, 15, 181)
(1, 14, 181)
(0, 14, 181)
(1, 13, 181)
(1, 13, 182)
(0, 14, 183)
(0, 14, 184)
(0, 14, 185)
(0, 14, 186)
(1, 13, 186)
(1, 13, 187)
(0, 13, 188)
(1, 12, 188)
(1, 12, 189)
(0, 12, 190)
(0, 12, 191)
(1, 11, 191)
(0, 11, 192)
(1, 10, 192)
(0, 10, 192)
(1, 9, 192)
(1, 9, 193)
(1, 9, 194)
(1, 9, 195)
(1, 9, 196)
(1, 9, 197)
(1, 9, 198)
(1, 9, 199)
(0, 9, 200)
(1, 8, 200)
(0, 8, 200)
(0, 8, 199)
(0, 8, 198)
(0, 8, 197)
(0, 8, 196)
(1, 7, 195)
(0, 7, 196)
(0, 7, 197)
(0, 7, 198)
(0, 7, 199)
(1, 6, 199)
(0, 6, 199)
(1, 5, 199)
(0, 5, 200)
(1, 4, 200)
(0, 4, 200)
(1, 3, 199)
(0, 3, 200)
(1, 2, 199)
(1, 2, 198)
(0, 3, 198)
(0, 3, 197)
(1, 2, 196)
(1, 2, 195)
(0, 2, 195)
(1, 1, 195)
(0, 1, 196)
(0, 1, 197)
(1, 1, 197)
(1, 1, 198)
(0, 1, 199)
(1, 0, 199)
(0, 0, 200)
(1, -1, 199)
(1, -1, 198)
(0, 0, 198)
(0, 0, 197)
(1, -1, 196)
(0, -1, 197)
(1, -2, 196)
(0, -2, 197)
(0, -2, 198)
(1, -2, 198)
(1, -2, 199)
(0, -2, 200)
(1, -3, 199)
(0, -3, 199)
(0, -3, 198)
(1, -4, 197)
(0, -4, 197)
(1, -5, 197)
(1, -5, 198)
(0, -4, 199)
(0, -4, 200)
(1, -5, 200)
(0, -5, 200)
(1, -6, 199)
(1, -6, 198)
(1, -6, 197)
(1, -6, 196)
(0, -6, 196)
(1, -7, 196)
(0, -7, 196)
(1, -8, 195)
(0, -8, 195)
(0, -8, 194)
(0, -8, 193)
(0, -8, 192)
(0, -8, 191)
(1, -9, 190)
(0, -9, 191)
(1, -10, 190)
(0, -10, 191)
(1, -11, 190)
(0, -11, 190)
(1, -12, 189)
(0, -12, 189)
(1, -13, 189)
(1, -13, 190)
(1, -13, 191)
(1, -13, 192)
(1, -13, 193)
(0, -12, 194)
(0, -12, 195)
(0, -12, 196)
(0, -12, 197)
(1, -13, 197)
(0, -13, 197)
(1, -14, 197)
(0, -14, 198)
(1, -15, 197)
(1, -15, 196)
(0, -15, 196)
(1, -16, 195)
(1, -16, 194)
(1, -16, 193)
(0, -15, 193)
(0, -15, 192)
(0, -15, 191)
(0, -15, 190)
(0, -15, 189)
(1, -16, 188)
(0, -16, 188)
(1, -17, 188)
(1, -17, 189)
(0, -17, 190)
(1, -18, 189)
(0, -18, 189)
(1, -19, 188)
(0, -19, 188)
(1, -20, 187)
(0, -20, 188)
(0, -20, 189)
(1, -21, 189)
(0, -21, 190)
(1, -22, 189)
(1, -22, 188)
(1, -22, 187)
(1, -22, 186)
(0, -21, 186)
(1, -21, 185)
(0, -20, 185)
(0, -20, 184)
(1, -21, 183)
(0, -21, 184)
(1, -22, 183)
(0, -22, 184)
(0, -22, 185)
(1, -23, 185)
(0, -23, 185)
(1, -24, 185)
(1, -24, 186)
(0, -23, 187)
(1, -23, 187)
(1, -23, 188)
(1, -23, 189)
(1, -23, 190)
(0, -23, 191)
(1, -24, 190)
(0, -24, 191)
(1, -25, 190)
(0, -25, 191)
(1, -26, 190)
(0, -26, 191)
(1, -27, 191)
(1, -27, 192)
(0, -26, 193)
(1, -26, 192)
(0, -25, 193)
(1, -25, 192)
(0, -24, 193)
(1, -24, 193)
(1, -24, 194)
(0, -24, 195)
(1, -25, 195)
(0, -25, 195)
(1, -26, 195)
(1, -26, 196)
(0, -25, 197)
(1, -25, 197)
(0, -24, 197)
(1, -24, 196)
(0, -23, 197)
(1, -23, 197)
(1, -23, 198)
(0, -23, 199)
(0, -23, 200)
(1, -24, 200)
(0, -24, 200)
(1, -25, 200)
(0, -25, 200)
(0, -25, 199)
(1, -26, 198)
(0, -26, 198)
(1, -27, 198)
(0, -27, 199)
(1, -28, 198)
(1, -28, 197)
(0, -27, 197)
(1, -27, 196)
(1, -27, 195)
(0, -27, 195)
(0, -27, 194)
(1, -28, 193)
(0, -28, 193)
(1, -29, 192)
(0, -29, 192)
(0, -29, 191)
(1, -29, 190)
(0, -28, 190)
(1, -28, 189)
(0, -27, 189)
(0, -27, 188)
(1, -27, 187)
(0, -26, 187)
(0, -26, 186)
(1, -26, 185)
(0, -25, 186)
(1, -25, 185)
(1, -25, 184)
(0, -25, 184)
(0, -25, 183)
(1, -26, 182)
(1, -26, 181)
(0, -25, 181)
(0, -25, 180)
(1, -26, 179)
(1, -26, 178)
(0, -25, 178)
(1, -25, 178)
(0, -24, 179)
(0, -24, 180)
(1, -24, 180)
(0, -23, 181)
(1, -23, 181)
(0, -22, 181)
(0, -22, 180)
(1, -22, 179)
(1, -22, 178)
(0, -21, 178)
(0, -21, 177)
(1, -22, 176)
(0, -22, 177)
(1, -23, 176)
(1, -23, 175)
(1, -23, 174)
(0, -23, 174)
(1, -24, 174)
(1, -24, 175)
(0, -24, 176)
(1, -25, 175)
(0, -25, 176)
(1, -26, 175)
(0, -26, 176)
(0, -26, 177)
(1, -27, 177)
(1, -27, 178)
(0, -27, 179)
(1, -28, 178)
(0, -28, 178)
(1, -29, 177)
(0, -29, 177)
(1, -30, 176)
(0, -30, 176)
(1, -31, 176)
(0, -31, 176)
(0, -31, 175)
(0, -31, 174)
(1, -32, 173)
(1, -32, 172)
(0, -31, 172)
(0, -31, 171)
(1, -31, 170)
(0, -30, 171)
(1, -30, 170)
(0, -29, 170)
(0, -29, 169)
(0, -29, 168)
(0, -29, 167)
(0, -29, 166)
(0, -29, 165)
(0, -29, 164)
(0, -29, 163)
(1, -30, 162)
(0, -30, 163)
(1, -31, 163)
(1, -31, 164)
(0, -31, 165)
(1, -32, 165)
(0, -32, 165)
(1, -33, 164)
(1, -33, 163)
(0, -32, 163)
(0, -32, 162)
(1, -32, 161)
(0, -31, 161)
(0, -31, 160)
(1, -31, 159)
(0, -30, 160)
(1, -30, 159)
(0, -29, 159)
(0, -29, 158)
(1, -30, 157)
(0, -30, 158)
(1, -31, 157)
(1, -31, 156)
(1, -31, 155)
(0, -30, 155)
(1, -30, 154)
(0, -29, 155)
(0, -29, 156)
(1, -29, 156)
(0, -28, 156)
(1, -28, 155)
(0, -27, 156)
(1, -27, 156)
(1, -27, 157)
(0, -27, 158)
(1, -28, 157)
(0, -28, 158)
(0, -28, 159)
(0, -28, 160)
(1, -29, 160)
(1, -29, 161)
(0, -28, 162)
(1, -28, 161)
(0, -27, 161)
(1, -27, 160)
(0, -26, 161)
(0, -26, 162)
(1, -27, 162)
(0, -27, 163)
(1, -28, 163)
(1, -28, 164)
(0, -28, 165)
(0, -28, 166)
(0, -28, 167)
(0, -28, 168)
(1, -28, 168)
(0, -27, 168)
(1, -27, 168)
(0, -26, 168)
(0, -26, 167)
(0, -26, 166)
(0, -26, 165)
(0, -26, 164)
(1, -26, 163)
(0, -25, 164)
(1, -25, 164)
(0, -24, 165)
(0, -24, 166)
(1, -25, 166)
(0, -25, 167)
(0, -25, 168)
(0, -25, 169)
(1, -25, 169)
(0, -24, 170)
(1, -24, 170)
(0, -23, 170)
(1, -23, 170)
(0, -22, 171)
(1, -22, 170)
(1, -22, 169)
(1, -22, 168)
(0, -21, 168)
(1, -21, 168)
(0, -20, 168)
(1, -20, 167)
(1, -20, 166)
(0, -19, 166)
(1, -19, 165)
(1, -19, 164)
(1, -19, 163)
(0, -19, 163)
(1, -20, 163)
(0, -20, 163)
(1, -21, 162)
(1, -21, 161)
(0, -20, 161)
(0, -20, 160)
(1, -20, 159)
(1, -20, 158)
(0, -19, 158)
(1, -19, 158)
(1, -19, 159)
(0, -18, 160)
(1, -18, 159)
(1, -18, 158)
(0, -17, 158)
(1, -17, 157)
(1, -17, 156)
(0, -16, 156)
(0, -16, 155)
(0, -16, 154)
(0, -16, 153)
(1, -16, 152)
(0, -15, 152)
(1, -15, 151)
(0, -14, 151)
(0, -14, 150)
(0, -14, 149)
(0, -14, 148)
(1, -14, 147)
(0, -13, 148)
(1, -13, 148)
(1, -13, 149)
(0, -12, 150)
(1, -12, 149)
(0, -11, 150)
(0, -11, 151)
(1, -11, 151)
(0, -10, 152)
(0, -10, 153)
(1, -11, 153)
(1, -11, 154)
(1, -11, 155)
(1, -11, 156)
(1, -11, 157)
(0, -10, 158)
(1, -10, 158)
(0, -9, 159)
(1, -9, 159)
(1, -9, 160)
(0, -9, 161)
(1, -10, 160)
(0, -10, 160)
(1, -11, 160)
(0, -11, 161)
(1, -12, 161)
(0, -12, 162)
(0, -12, 163)
(1, -12, 163)
(0, -11, 164)
(1, -11, 164)
(0, -10, 165)
(0, -10, 166)
(1, -11, 166)
(0, -11, 167)
(0, -11, 168)
(1, -12, 168)
(1, -12, 169)
(0, -11, 170)
(1, -11, 169)
(0, -10, 169)
(1, -10, 169)
(1, -10, 170)
(1, -10, 171)
(0, -10, 172)
(1, -11, 172)
(0, -11, 173)
(1, -12, 173)
(0, -12, 173)
(1, -13, 173)
(1, -13, 174)
(0, -13, 175)
(1, -14, 174)
(0, -14, 174)
(0, -14, 173)
(1, -14, 172)
(0, -13, 172)
(1, -13, 171)
(1, -13, 170)
(1, -13, 169)
(0, -13, 169)
(0, -13, 168)
(0, -13, 167)
(1, -14, 166)
(0, -14, 166)
(1, -15, 166)
(0, -15, 166)
(1, -16, 165)
(0, -16, 166)
(1, -17, 166)
(0, -17, 167)
(1, -18, 167)
(0, -18, 167)
(1, -19, 167)
(1, -19, 168)
(0, -19, 169)
(0, -19, 170)
(0, -19, 171)
(0, -19, 172)
(1, -19, 172)
(0, -18, 172)
(0, -18, 171)
(1, -18, 170)
(0, -17, 171)
(0, -17, 172)
(0, -17, 173)
(1, -18, 173)
(1, -18, 174)
(0, -18, 175)
(1, -19, 175)
(0, -19, 176)
(1, -20, 175)
(0, -20, 176)
(0, -20, 177)
(1, -20, 177)
(0, -19, 178)
(1, -19, 178)
(0, -18, 179)
(0, -18, 180)
(1, -19, 180)
(0, -19, 180)
(1, -20, 180)
(0, -20, 181)
(0, -20, 182)
(1, -20, 182)
(0, -19, 183)
(1, -19, 183)
(1, -19, 184)
(0, -18, 185)
(1, -18, 185)
(0, -17, 186)
(1, -17, 185)
(1, -17, 184)
(1, -17, 183)
(1, -17, 182)
(1, -17, 181)
(1, -17, 180)
(0, -17, 180)
(0, -17, 179)
(1, -17, 178)
(0, -16, 178)
(1, -16, 177)
(0, -15, 178)
(1, -15, 178)
(0, -14, 178)
(0, -14, 177)
(1, -14, 176)
(0, -13, 177)
(1, -13, 177)
(0, -12, 177)
(1, -12, 177)
(1, -12, 178)
(0, -12, 179)
(1, -13, 179)
(0, -13, 180)
(0, -13, 181)
(0, -13, 182)
(0, -13, 183)
(0, -13, 184)
(1, -14, 184)
(1, -14, 185)
(1, -14, 186)
(0, -13, 187)
(1, -13, 186)
(0, -12, 186)
(0, -12, 185)
(0, -12, 184)
(1, -12, 183)
(0, -11, 184)
(1, -11, 184)
(1, -11, 185)
(1, -11, 186)
(0, -11, 187)
(0, -11, 188)
(1, -11, 188)
(0, -10, 189)
(1, -10, 188)
(0, -9, 189)
(1, -9, 188)
(0, -8, 189)
(1, -8, 189)
(0, -7, 189)
(0, -7, 188)
(1, -7, 187)
(0, -6, 188)
(1, -6, 188)
(1, -6, 189)
(1, -6, 190)
(0, -6, 191)
(0, -6, 192)
(1, -6, 192)
(0, -5, 193)
(1, -5, 192)
(1, -5, 191)
(1, -5, 190)
(1, -5, 189)
(0, -4, 189)
(1, -4, 188)
(0, -3, 189)
(0, -3, 190)
(0, -3, 191)
(1, -3, 191)
(1, -3, 192)
(0, -3, 193)
(1, -4, 193)
(0, -4, 194)
(0, -4, 195)
(1, -4, 195)
(0, -3, 195)
(1, -3, 194)
(0, -2, 194)
(1, -2, 193)
(1, -2, 192)
(0, -1, 192)
(1, -1, 191)
(1, -1, 190)
(1, -1, 189)
(1, -1, 188)
(1, -1, 187)
(1, -1, 186)
(1, -1, 185)
(0, 0, 185)
(1, 0, 185)
(1, 0, 186)
(0, 1, 187)
(1, 1, 187)
(0, 2, 187)
(0, 2, 186)
(1, 1, 185)
(1, 1, 184)
(1, 1, 183)
(1, 1, 182)
(0, 2, 182)
(1, 2, 182)
(0, 3, 182)
(1, 3, 182)
(0, 4, 182)
(1, 4, 182)
(0, 5, 183)
(1, 5, 182)
(0, 6, 182)
(1, 6, 181)
(0, 7, 181)
(0, 7, 180)
(1, 7, 179)
(0, 8, 179)
(0, 8, 178)
(1, 7, 177)
(1, 7, 176)
(0, 7, 176)
(1, 6, 175)
(0, 6, 176)
(0, 6, 177)
(1, 6, 177)
(1, 6, 178)
(0, 6, 179)
(0, 6, 180)
(1, 5, 180)
(0, 5, 180)
(1, 4, 180)
(0, 4, 180)
(0, 4, 179)
(0, 4, 178)
(0, 4, 177)
(1, 3, 176)
(0, 3, 176)
(1, 2, 175)
(0, 2, 175)
(0, 2, 174)
(1, 2, 173)
(1, 2, 172)
(0, 3, 172)
(0, 3, 171)
(1, 3, 170)
(0, 4, 170)
(1, 4, 170)
(0, 5, 171)
(1, 5, 170)
(0, 6, 171)
(0, 6, 172)
(1, 6, 172)
(1, 6, 173)
(0, 7, 174)
(1, 7, 174)
(0, 8, 175)
(1, 8, 174)
(0, 9, 175)
(1, 9, 175)
(0, 10, 176)
(1, 10, 175)
(0, 11, 176)
(1, 11, 176)
(0, 12, 176)
(1, 12, 175)
(0, 13, 175)
(0, 13, 174)
(1, 12, 173)
(0, 12, 173)
(0, 12, 172)
(0, 12, 171)
(0, 12, 170)
(1, 12, 169)
(1, 12, 168)
(1, 12, 167)
(0, 13, 167)
(1, 13, 167)
(0, 14, 167)
(1, 14, 167)
(1, 14, 168)
(0, 15, 169)
(1, 15, 169)
(0, 16, 170)
(1, 16, 170)
(0, 17, 170)
(1, 17, 170)
(0, 18, 170)
(1, 18, 169)
(1, 18, 168)
(0, 19, 168)
(0, 19, 167)
(1, 18, 166)
(0, 18, 167)
(1, 17, 166)
(0, 17, 167)
(1, 16, 166)
(1, 16, 165)
(0, 17, 165)
(0, 17, 164)
(1, 17, 163)
(0, 18, 164)
(1, 18, 163)
(0, 19, 164)
(1, 19, 163)
(0, 20, 163)
(1, 20, 162)
(0, 21, 163)
(1, 21, 162)
(1, 21, 161)
(1, 21, 160)
(1, 21, 159)
(0, 21, 159)
(1, 20, 158)
(0, 20, 158)
(0, 20, 157)
(1, 20, 156)
(1, 20, 155)
(0, 21, 155)
(0, 21, 154)
(1, 20, 153)
(0, 20, 153)
(0, 20, 152)
(1, 19, 151)
(1, 19, 150)
(1, 19, 149)
(0, 20, 149)
(0, 20, 148)
(0, 20, 147)
(1, 19, 146)
(0, 19, 147)
(1, 18, 147)
(0, 18, 147)
(1, 17, 146)
(1, 17, 145)
(1, 17, 144)
(0, 17, 144)
(1, 16, 144)
(1, 16, 145)
(0, 16, 146)
(1, 15, 146)
(1, 15, 147)
(0, 16, 148)
(0, 16, 149)
(1, 16, 149)
(0, 17, 149)
(1, 17, 148)
(0, 18, 149)
(0, 18, 150)
(1, 18, 150)
(1, 18, 151)
(0, 18, 152)
(0, 18, 153)
(1, 18, 153)
(0, 19, 154)
(0, 19, 155)
(1, 18, 155)
(1, 18, 156)
(0, 18, 157)
(1, 17, 156)
(0, 17, 156)
(1, 16, 155)
(0, 16, 156)
(1, 15, 156)
(1, 15, 157)
(0, 16, 158)
(0, 16, 159)
(0, 16, 160)
(1, 15, 160)
(1, 15, 161)
(0, 16, 162)
(0, 16, 163)
(1, 15, 163)
(0, 15, 164)
(1, 14, 163)
(1, 14, 162)
(0, 14, 162)
(1, 13, 161)
(0, 13, 162)
(1, 12, 162)
(0, 12, 162)
(1, 11, 161)
(1, 11, 160)
(0, 12, 160)
(1, 12, 160)
(0, 13, 160)
(1, 13, 159)
(1, 13, 158)
(1, 13, 157)
(0, 13, 157)
(0, 13, 156)
(0, 13, 155)
(1, 12, 154)
(0, 12, 155)
(1, 11, 154)
(0, 11, 155)
(1, 10, 155)
(1, 10, 156)
(0, 10, 157)
(1, 9, 156)
(0, 9, 157)
(1, 8, 157)
(0, 8, 157)
(1, 7, 157)
(0, 7, 158)
(0, 7, 159)
(1, 7, 159)
(1, 7, 160)
(1, 7, 161)
(0, 7, 162)
(1, 6, 161)
(0, 6, 162)
(1, 5, 161)
(0, 5, 161)
(0, 5, 160)
(1, 4, 159)
(0, 4, 160)
(0, 4, 161)
(0, 4, 162)
(0, 4, 163)
(1, 4, 163)
(0, 5, 163)
(1, 5, 163)
(1, 5, 164)
(0, 6, 165)
(0, 6, 166)
(0, 6, 167)
(0, 6, 168)
(1, 5, 168)
(0, 5, 168)
(1, 4, 168)
(0, 4, 168)
(1, 3, 168)
(0, 3, 169)
(1, 2, 169)
(0, 2, 169)
(1, 1, 169)
(0, 1, 170)
(1, 0, 170)
(1, 0, 171)
(0, 0, 172)
(1, -1, 171)
(1, -1, 170)
(0, -1, 170)
(1, -2, 169)
(0, -2, 169)
(1, -3, 169)
(1, -3, 170)
(0, -3, 171)
(0, -3, 172)
(0, -3, 173)
(1, -4, 173)
(0, -4, 173)
(0, -4, 172)
(1, -5, 171)
(0, -5, 172)
(1, -6, 172)
(1, -6, 173)
(0, -6, 174)
(1, -7, 173)
(1, -7, 172)
(1, -7, 171)
(1, -7, 170)
(1, -7, 169)
(0, -6, 169)
(0, -6, 168)
(1, -6, 167)
(0, -5, 167)
(0, -5, 166)
(0, -5, 165)
(0, -5, 164)
(0, -5, 163)
(1, -5, 162)
(0, -4, 162)
(0, -4, 161)
(1, -4, 160)
(0, -3, 160)
(0, -3, 159)
(0, -3, 158)
(1, -4, 157)
(0, -4, 157)
(1, -5, 156)
(0, -5, 157)
(1, -6, 156)
(0, -6, 157)
(1, -7, 157)
(1, -7, 158)
(0, -6, 159)
(0, -6, 160)
(0, -6, 161)
(1, -7, 161)
(0, -7, 161)
(0, -7, 160)
(1, -8, 159)
(1, -8, 158)
(0, -8, 158)
(1, -9, 157)
(0, -9, 157)
(0, -9, 156)
(1, -9, 155)
(0, -8, 155)
(0, -8, 154)
(1, -9, 153)
(1, -9, 152)
(0, -9, 152)
(0, -9, 151)
(1, -10, 150)
(1, -10, 149)
(1, -10, 148)
(0, -10, 148)
(1, -11, 147)
(0, -11, 148)
(1, -12, 147)
(0, -12, 147)
(0, -12, 146)
(1, -13, 145)
(0, -13, 145)
(1, -14, 144)
(0, -14, 144)
(0, -14, 143)
(0, -14, 142)
(1, -15, 141)
(0, -15, 141)
(1, -16, 140)
(0, -16, 141)
(1, -17, 141)
(0, -17, 142)
(1, -18, 142)
(0, -18, 143)
(1, -19, 142)
(0, -19, 143)
(1, -20, 142)
(0, -20, 143)
(0, -20, 144)
(1, -21, 144)
(0, -21, 144)
(1, -22, 143)
(1, -22, 142)
(0, -22, 142)
(1, -23, 141)
(1, -23, 140)
(1, -23, 139)
(0, -22, 139)
(0, -22, 138)
(1, -23, 137)
(0, -23, 137)
(1, -24, 136)
(0, -24, 136)
(1, -25, 135)
(1, -25, 134)
(0, -24, 134)
(1, -24, 134)
(0, -23, 134)
(1, -23, 134)
(1, -23, 135)
(0, -22, 136)
(1, -22, 136)
(0, -21, 136)
(1, -21, 135)
(1, -21, 134)
(0, -20, 134)
(1, -20, 133)
(0, -19, 134)
(1, -19, 133)
(0, -18, 133)
(0, -18, 132)
(1, -19, 131)
(1, -19, 130)
(1, -19, 129)
(0, -19, 129)
(1, -20, 129)
(0, -20, 130)
(1, -21, 130)
(0, -21, 131)
(1, -22, 131)
(0, -22, 131)
(0, -22, 130)
(0, -22, 129)
(0, -22, 128)
(0, -22, 127)
(1, -22, 126)
(0, -21, 127)
(1, -21, 126)
(1, -21, 125)
(1, -21, 124)
(0, -20, 124)
(1, -20, 124)
(0, -19, 125)
(0, -19, 126)
(1, -19, 126)
(0, -18, 127)
(1, -18, 127)
(0, -17, 128)
(0, -17, 129)
(1, -17, 129)
(1, -17, 130)
(1, -17, 131)
(0, -17, 132)
(0, -17, 133)
(0, -17, 134)
(1, -17, 134)
(0, -16, 134)
(1, -16, 133)
(0, -15, 133)
(0, -15, 132)
(1, -15, 131)
(1, -15, 130)
(1, -15, 129)
(0, -15, 129)
(0, -15, 128)
(0, -15, 127)
(0, -15, 126)
(1, -16, 125)
(0, -16, 125)
(1, -17, 124)
(0, -17, 125)
(1, -18, 125)
(0, -18, 125)
(0, -18, 124)
(1, -19, 123)
(1, -19, 122)
(0, -19, 122)
(0, -19, 121)
(1, -20, 120)
(0, -20, 121)
(1, -21, 120)
(0, -21, 121)
(0, -21, 122)
(1, -22, 122)
(0, -22, 123)
(1, -23, 123)
(0, -23, 123)
(1, -24, 123)
(0, -24, 124)
(0, -24, 125)
(1, -24, 125)
(1, -24, 126)
(1, -24, 127)
(1, -24, 128)
(0, -24, 129)
(1, -25, 129)
(1, -25, 130)
(1, -25, 131)
(0, -25, 132)
(1, -26, 131)
(1, -26, 130)
(0, -26, 130)
(1, -27, 130)
(1, -27, 131)
(1, -27, 132)
(0, -26, 133)
(1, -26, 133)
(1, -26, 134)
(0, -26, 135)
(0, -26, 136)
(0, -26, 137)
(1, -26, 137)
(0, -25, 137)
(1, -25, 137)
(1, -25, 138)
(0, -25, 139)
(0, -25, 140)
(0, -25, 141)
(1, -26, 141)
(0, -26, 142)
(0, -26, 143)
(1, -27, 143)
(0, -27, 144)
(1, -28, 144)
(0, -28, 145)
(0, -28, 146)
(0, -28, 147)
(0, -28, 148)
(1, -28, 148)
(0, -27, 148)
(0, -27, 147)
(1, -27, 146)
(0, -26, 147)
(1, -26, 147)
(0, -25, 148)
(0, -25, 149)
(0, -25, 150)
(0, -25, 151)
(0, -25, 152)
(1, -26, 152)
(0, -26, 152)
(1, -27, 151)
(0, -27, 151)
(1, -28, 151)
(0, -28, 151)
(1, -29, 151)
(0, -29, 152)
(1, -30, 152)
(0, -30, 153)
(1, -31, 152)
(0, -31, 153)
(0, -31, 154)
(1, -32, 154)
(1, -32, 155)
(0, -32, 156)
(1, -33, 155)
(1, -33, 154)
(0, -33, 154)
(0, -33, 153)
(1, -33, 152)
(1, -33, 151)
(0, -33, 151)
(1, -34, 151)
(0, -34, 152)
(1, -35, 152)
(0, -35, 153)
(1, -36, 152)
(0, -36, 153)
(0, -36, 154)
(1, -37, 154)
(0, -37, 155)
(1, -38, 155)
(0, -38, 155)
(1, -39, 154)
(0, -39, 155)
(1, -40, 155)
(1, -40, 156)
(0, -40, 157)
(0, -40, 158)
(1, -40, 158)
(1, -40, 159)
(1, -40, 160)
(1, -40, 161)
(1, -40, 162)
(0, -39, 163)
(1, -39, 163)
(1, -39, 164)
(1, -39, 165)
(0, -38, 166)
(1, -38, 166)
(1, -38, 167)
(0, -37, 168)
(1, -37, 167)
(0, -36, 167)
(0, -36, 166)
(1, -36, 165)
(0, -35, 166)
(0, -35, 167)
(0, -35, 168)
(0, -35, 169)
(0, -35, 170)
(1, -36, 170)
(0, -36, 171)
(1, -37, 171)
(0, -37, 172)
(1, -38, 171)
(0, -38, 171)
(0, -38, 170)
(0, -38, 169)
(1, -39, 168)
(1, -39, 167)
(0, -39, 167)
(1, -40, 167)
(0, -40, 167)
(0, -40, 166)
(1, -40, 165)
(1, -40, 164)
(0, -40, 164)
(1, -41, 164)
(0, -41, 164)
(1, -42, 163)
(1, -42, 162)
(0, -41, 162)
(0, -41, 161)
(0, -41, 160)
(0, -41, 159)
(0, -41, 158)
(0, -41, 157)
(1, -42, 156)
(0, -42, 156)
(0, -42, 155)
(1, -42, 154)
(1, -42, 153)
(1, -42, 152)
(0, -42, 152)
(1, -43, 152)
(0, -43, 153)
(0, -43, 154)
(0, -43, 155)
(1, -44, 155)
(1, -44, 156)
(0, -44, 157)
(1, -45, 156)
(0, -45, 157)
(1, -46, 157)
(1, -46, 158)
(0, -45, 159)
(1, -45, 158)
(0, -44, 159)
(1, -44, 158)
(0, -43, 158)
(1, -43, 157)
(0, -42, 158)
(0, -42, 159)
(1, -43, 159)
(0, -43, 160)
(1, -44, 160)
(0, -44, 161)
(1, -45, 161)
(0, -45, 162)
(1, -46, 162)
(0, -46, 162)
(1, -47, 162)
(0, -47, 163)
(1, -48, 162)
(0, -48, 163)
(1, -49, 163)
(1, -49, 164)
(0, -49, 165)
(0, -49, 166)
(1, -50, 166)
(0, -50, 166)
(1, -51, 165)
(1, -51, 164)
(1, -51, 163)
(0, -50, 163)
(0, -50, 162)
(1, -50, 161)
(0, -49, 162)
(1, -49, 161)
(0, -48, 161)
(1, -48, 160)
(1, -48, 159)
(0, -48, 159)
(1, -49, 158)
(0, -49, 158)
(0, -49, 157)
(0, -49, 156)
(1, -49, 155)
(0, -48, 155)
(1, -48, 155)
(0, -47, 156)
(1, -47, 155)
(0, -46, 155)
(0, -46, 154)
(1, -47, 153)
(1, -47, 152)
(0, -47, 152)
(1, -48, 151)
(0, -48, 151)
(0, -48, 150)
(1, -49, 149)
(0, -49, 149)
(1, -50, 148)
(0, -50, 148)
(1, -51, 147)
(1, -51, 146)
(0, -50, 146)
(0, -50, 145)
(1, -50, 144)
(0, -49, 145)
(1, -49, 145)
(1, -49, 146)
(0, -48, 147)
(1, -48, 147)
(0, -47, 147)
(0, -47, 146)
(1, -48, 145)
(1, -48, 144)
(1, -48, 143)
(0, -48, 143)
(1, -49, 142)
(1, -49, 141)
(0, -49, 141)
(1, -50, 141)
(0, -50, 142)
(1, -51, 142)
(0, -51, 142)
(1, -52, 142)
(1, -52, 143)
(0, -52, 144)
(1, -53, 144)
(0, -53, 145)
(1, -54, 145)
(0, -54, 145)
(0, -54, 144)
(1, -55, 143)
(1, -55, 142)
(1, -55, 141)
(0, -54, 141)
(1, -54, 140)
(0, -53, 140)
(1, -53, 139)
(0, -52, 140)
(1, -52, 139)
(0, -51, 140)
(1, -51, 140)
(0, -50, 140)
(1, -50, 139)
(0, -49, 139)
(1, -49, 138)
(0, -48, 138)
(1, -48, 137)
(1, -48, 136)
(1, -48, 135)
(0, -47, 135)
(1, -47, 135)
(1, -47, 136)
(1, -47, 137)
(0, -46, 138)
(1, -46, 138)
(0, -45, 138)
(0, -45, 137)
(1, -45, 136)
(0, -44, 137)
(1, -44, 136)
(1, -44, 135)
(1, -44, 134)
(0, -43, 134)
(1, -43, 133)
(0, -42, 134)
(1, -42, 133)
(0, -41, 134)
(0, -41, 135)
(0, -41, 136)
(1, -41, 136)
(0, -40, 137)
(1, -40, 137)
(0, -39, 137)
(1, -39, 137)
(1, -39, 138)
(0, -39, 139)
(1, -40, 139)
(0, -40, 139)
(1, -41, 138)
(0, -41, 139)
(1, -42, 138)
(0, -42, 139)
(1, -43, 138)
(0, -43, 138)
(1, -44, 138)
(1, -44, 139)
(0, -43, 140)
(0, -43, 141)
(0, -43, 142)
(0, -43, 143)
(1, -44, 143)
(0, -44, 144)
(1, -45, 143)
(1, -45, 142)
(1, -45, 141)
(1, -45, 140)
(0, -45, 140)
(1, -46, 140)
(1, -46, 141)
(0, -46, 142)
(0, -46, 143)
(1, -46, 143)
(1, -46, 144)
(0, -46, 145)
(0, -46, 146)
(0, -46, 147)
(0, -46, 148)
(1, -47, 148)
(0, -47, 149)
(0, -47, 150)
(1, -47, 150)
(0, -46, 151)
(1, -46, 150)
(0, -45, 151)
(1, -45, 151)
(0, -44, 151)
(1, -44, 150)
(0, -43, 150)
(1, -43, 149)
(0, -42, 149)
(0, -42, 148)
(1, -43, 147)
(1, -43, 146)
(0, -42, 146)
(1, -42, 146)
(0, -41, 147)
(1, -41, 146)
(0, -40, 146)
(0, -40, 145)
(1, -41, 144)
(0, -41, 145)
(1, -42, 144)
(1, -42, 143)
(0, -42, 143)
(0, -42, 142)
(0, -42, 141)
(1, -42, 140)
(0, -41, 141)
(0, -41, 142)
(1, -41, 142)
(0, -40, 143)
(1, -40, 142)
(0, -39, 143)
(1, -39, 143)
(0, -38, 143)
(1, -38, 142)
(0, -37, 143)
(1, -37, 142)
(0, -36, 142)
(1, -36, 141)
(0, -35, 141)
(1, -35, 141)
(0, -34, 141)
(1, -34, 141)
(0, -33, 141)
(1, -33, 141)
(0, -32, 141)
(1, -32, 140)
(0, -31, 141)
(1, -31, 141)
(0, -30, 142)
(1, -30, 141)
(0, -29, 141)
(0, -29, 140)
(1, -30, 139)
(0, -30, 140)
(1, -31, 139)
(1, -31, 138)
(1, -31, 137)
(0, -31, 137)
(1, -32, 137)
(0, -32, 138)
(1, -33, 138)
(0, -33, 139)
(1, -34, 139)
(0, -34, 139)
(1, -35, 138)
(0, -35, 138)
(1, -36, 138)
(0, -36, 138)
(1, -37, 138)
(0, -37, 138)
(0, -37, 137)
(0, -37, 136)
(1, -38, 135)
(1, -38, 134)
(1, -38, 133)
(1, -38, 132)
(0, -38, 132)
(0, -38, 131)
(0, -38, 130)
(0, -38, 129)
(1, -38, 128)
(0, -37, 129)
(1, -37, 129)
(0, -36, 130)
(1, -36, 129)
(1, -36, 128)
(0, -36, 128)
(0, -36, 127)
(1, -37, 126)
(1, -37, 125)
(0, -37, 125)
(0, -37, 124)
(0, -37, 123)
(1, -38, 122)
(0, -38, 122)
(1, -39, 122)
(1, -39, 123)
(1, -39, 124)
(1, -39, 125)
(1, -39, 126)
(0, -39, 127)
(0, -39, 128)
(0, -39, 129)
(1, -40, 129)
(1, -40, 130)
(0, -40, 131)
(1, -41, 130)
(0, -41, 131)
(1, -42, 131)
(0, -42, 131)
(1, -43, 131)
(0, -43, 132)
(1, -44, 132)
(0, -44, 132)
(1, -45, 131)
(0, -45, 132)
(1, -46, 132)
(0, -46, 133)
(1, -47, 133)
(0, -47, 133)
(0, -47, 132)
(1, -48, 131)
(0, -48, 132)
(0, -48, 133)
(0, -48, 134)
(1, -49, 134)
(0, -49, 135)
(1, -50, 134)
(1, -50, 133)
(0, -50, 133)
(0, -50, 132)
(1, -51, 131)
(0, -51, 131)
(0, -51, 130)
(1, -52, 129)
(1, -52, 128)
(0, -52, 128)
(1, -53, 127)
(0, -53, 127)
(0, -53, 126)
(0, -53, 125)
(0, -53, 124)
(0, -53, 123)
(1, -53, 122)
(1, -53, 121)
(1, -53, 120)
(0, -52, 120)
(1, -52, 120)
(0, -51, 120)
(1, -51, 119)
(0, -50, 120)
(1, -50, 120)
(0, -49, 120)
(0, -49, 119)
(1, -50, 118)
(1, -50, 117)
(0, -49, 117)
(0, -49, 116)
(0, -49, 115)
(1, -50, 114)
(0, -50, 115)
(0, -50, 116)
(1, -51, 116)
(0, -51, 116)
(1, -52, 116)
(0, -52, 116)
(1, -53, 115)
(0, -53, 116)
(1, -54, 116)
(0, -54, 116)
(1, -55, 116)
(1, -55, 117)
(0, -54, 118)
(0, -54, 119)
(1, -54, 119)
(1, -54, 120)
(0, -54, 121)
(1, -55, 121)
(0, -55, 122)
(1, -56, 121)
(1, -56, 120)
(1, -56, 119)
(0, -56, 119)
(0, -56, 118)
(1, -57, 117)
(1, -57, 116)
(0, -57, 116)
(0, -57, 115)
(1, -57, 114)
(1, -57, 113)
(0, -57, 113)
(1, -58, 112)
(0, -58, 113)
(1, -59, 112)
(1, -59, 111)
(0, -58, 111)
(1, -58, 110)
(1, -58, 109)
(0, -58, 109)
(1, -59, 108)
(0, -59, 108)
(0, -59, 107)
(0, -59, 106)
(1, -59, 105)
(1, -59, 104)
(0, -59, 104)
(1, -60, 103)
(0, -60, 104)
(1, -61, 103)
(1, -61, 102)
(1, -61, 101)
(0, -61, 101)
(0, -61, 100)
(0, -61, 99)
(1, -61, 98)
(1, -61, 97)
(0, -60, 97)
(1, -60, 96)
(0, -59, 96)
(1, -59, 96)
(0, -58, 96)
(0, -58, 95)
(1, -58, 94)
(0, -57, 95)
(1, -57, 95)
(0, -56, 96)
(1, -56, 96)
(1, -56, 97)
(0, -55, 98)
(0, -55, 99)
(0, -55, 100)
(1, -55, 100)
(1, -55, 101)
(0, -55, 102)
(1, -56, 102)
(1, -56, 103)
(0, -55, 104)
(0, -55, 105)
(0, -55, 106)
(1, -56, 106)
(1, -56, 107)
(0, -56, 108)
(0, -56, 109)
(1, -57, 109)
(1, -57, 110)
(0, -56, 111)
(1, -56, 110)
(0, -55, 111)
(1, -55, 111)
(0, -54, 111)
(0, -54, 110)
(0, -54, 109)
(0, -54, 108)
(0, -54, 107)
(0, -54, 106)
(1, -54, 105)
(0, -53, 106)
(0, -53, 107)
(1, -53, 107)
(0, -52, 108)
(0, -52, 109)
(1, -52, 109)
(0, -51, 110)
(1, -51, 110)
(0, -50, 111)
(1, -50, 111)
(1, -50, 112)
(0, -49, 113)
(1, -49, 113)
(0, -48, 113)
(0, -48, 112)
(1, -49, 111)
(1, -49, 110)
(1, -49, 109)
(0, -49, 109)
(0, -49, 108)
(1, -49, 107)
(0, -48, 108)
(1, -48, 107)
(0, -47, 107)
(1, -47, 106)
(0, -46, 106)
(0, -46, 105)
(1, -46, 104)
(0, -45, 105)
(1, -45, 104)
(1, -45, 103)
(0, -44, 103)
(0, -44, 102)
(0, -44, 101)
(0, -44, 100)
(1, -45, 99)
(0, -45, 100)
(0, -45, 101)
(0, -45, 102)
(1, -46, 102)
(0, -46, 102)
(1, -47, 101)
(0, -47, 102)
(0, -47, 103)
(0, -47, 104)
(0, -47, 105)
(1, -48, 105)
(0, -48, 106)
(1, -49, 105)
(0, -49, 106)
(1, -50, 106)
(0, -50, 106)
(1, -51, 106)
(0, -51, 107)
(1, -52, 106)
(1, -52, 105)
(0, -52, 105)
(1, -53, 104)
(0, -53, 104)
(0, -53, 103)
(1, -53, 102)
(0, -52, 103)
(1, -52, 103)
(0, -51, 103)
(0, -51, 102)
(1, -51, 101)
(0, -50, 101)
(1, -50, 101)
(1, -50, 102)
(0, -49, 103)
(1, -49, 103)
(0, -48, 103)
(0, -48, 102)
(0, -48, 101)
(1, -48, 100)
(0, -47, 100)
(1, -47, 99)
(0, -46, 99)
(0, -46, 98)
(1, -46, 97)
(0, -45, 97)
(1, -45, 96)
(0, -44, 96)
(1, -44, 95)
(1, -44, 94)
(1, -44, 93)
(0, -43, 93)
(1, -43, 93)
(1, -43, 94)
(1, -43, 95)
(0, -42, 96)
(1, -42, 95)
(1, -42, 94)
(0, -41, 94)
(1, -41, 94)
(0, -40, 94)
(1, -40, 94)
(0, -39, 94)
(0, -39, 93)
(0, -39, 92)
(1, -39, 91)
(0, -38, 91)
(1, -38, 91)
(0, -37, 92)
(1, -37, 91)
(1, -37, 90)
(0, -37, 90)
(0, -37, 89)
(0, -37, 88)
(1, -37, 87)
(0, -36, 87)
(1, -36, 87)
(0, -35, 88)
(1, -35, 87)
(1, -35, 86)
(0, -34, 86)
(1, -34, 85)
(0, -33, 86)
(1, -33, 86)
(0, -32, 86)
(0, -32, 85)
(1, -32, 84)
(0, -31, 85)
(0, -31, 86)
(0, -31, 87)
(1, -31, 87)
(0, -30, 88)
(1, -30, 87)
(1, -30, 86)
(0, -30, 86)
(0, -30, 85)
(0, -30, 84)
(0, -30, 83)
(0, -30, 82)
(0, -30, 81)
(1, -31, 80)
(1, -31, 79)
(0, -30, 79)
(0, -30, 78)
(0, -30, 77)
(1, -31, 76)
(0, -31, 76)
(0, -31, 75)
(1, -31, 74)
(1, -31, 73)
(0, -30, 73)
(0, -30, 72)
(1, -30, 71)
(0, -29, 72)
(1, -29, 72)
(1, -29, 73)
(1, -29, 74)
(0, -29, 75)
(0, -29, 76)
(0, -29, 77)
(0, -29, 78)
(1, -29, 78)
(1, -29, 79)
(0, -28, 80)
(1, -28, 79)
(0, -27, 79)
(0, -27, 78)
(0, -27, 77)
(1, -27, 76)
(0, -26, 76)
(0, -26, 75)
(1, -26, 74)
(0, -25, 75)
(0, -25, 76)
(1, -25, 76)
(0, -24, 77)
(1, -24, 76)
(0, -23, 76)
(0, -23, 75)
(1, -24, 74)
(0, -24, 74)
(0, -24, 73)
(1, -25, 72)
(1, -25, 71)
(0, -25, 71)
(1, -26, 70)
(0, -26, 71)
(0, -26, 72)
(1, -27, 72)
(0, -27, 72)
(0, -27, 71)
(1, -28, 70)
(1, -28, 69)
(0, -28, 69)
(1, -29, 69)
(0, -29, 70)
(1, -30, 69)
(1, -30, 68)
(0, -30, 68)
(1, -31, 68)
(0, -31, 69)
(1, -32, 68)
(0, -32, 68)
(1, -33, 67)
(0, -33, 67)
(1, -34, 66)
(0, -34, 66)
(1, -35, 66)
(1, -35, 67)
(0, -35, 68)
(1, -36, 67)
(1, -36, 66)
(1, -36, 65)
(0, -36, 65)
(1, -37, 65)
(1, -37, 66)
(0, -37, 67)
(1, -38, 67)
(0, -38, 68)
(1, -39, 68)
(1, -39, 69)
(0, -38, 70)
(1, -38, 69)
(0, -37, 70)
(1, -37, 70)
(0, -36, 70)
(1, -36, 70)
(0, -35, 70)
(1, -35, 70)
(1, -35, 71)
(1, -35, 72)
(1, -35, 73)
(0, -34, 74)
(0, -34, 75)
(0, -34, 76)
(0, -34, 77)
(1, -35, 77)
(0, -35, 77)
(1, -36, 77)
(1, -36, 78)
(1, -36, 79)
(0, -36, 80)
(1, -37, 79)
(0, -37, 80)
(0, -37, 81)
(1, -37, 81)
(0, -36, 82)
(1, -36, 82)
(0, -35, 82)
(0, -35, 81)
(1, -35, 80)
(0, -34, 81)
(1, -34, 80)
(1, -34, 79)
(1, -34, 78)
(0, -33, 78)
(1, -33, 77)
(0, -32, 78)
(0, -32, 79)
(1, -32, 79)
(1, -32, 80)
(1, -32, 81)
(0, -32, 82)
(1, -33, 81)
(0, -33, 82)
(1, -34, 82)
(0, -34, 83)
(1, -35, 83)
(1, -35, 84)
(0, -35, 85)
(1, -36, 84)
(0, -36, 84)
(1, -37, 84)
(1, -37, 85)
(0, -37, 86)
(1, -38, 85)
(0, -38, 85)
(1, -39, 85)
(1, -39, 86)
(0, -38, 87)
(0, -38, 88)
(0, -38, 89)
(1, -39, 89)
(0, -39, 90)
(1, -40, 89)
(0, -40, 90)
(1, -41, 90)
(0, -41, 91)
(0, -41, 92)
(1, -42, 92)
(0, -42, 92)
(0, -42, 91)
(0, -42, 90)
(1, -42, 89)
(1, -42, 88)
(0, -41, 88)
(0, -41, 87)
(0, -41, 86)
(1, -41, 85)
(1, -41, 84)
(0, -41, 84)
(1, -42, 83)
(1, -42, 82)
(0, -41, 82)
(1, -41, 82)
(0, -40, 82)
(0, -40, 81)
(1, -40, 80)
(0, -39, 80)
(0, -39, 79)
(0, -39, 78)
(1, -40, 77)
(0, -40, 77)
(0, -40, 76)
(1, -40, 75)
(0, -39, 76)
(1, -39, 76)
(0, -38, 77)
(1, -38, 76)
(1, -38, 75)
(0, -37, 75)
(0, -37, 74)
(1, -38, 73)
(1, -38, 72)
(0, -38, 72)
(1, -39, 71)
(0, -39, 71)
(1, -40, 70)
(1, -40, 69)
(1, -40, 68)
(0, -40, 68)
(0, -40, 67)
(1, -40, 66)
(1, -40, 65)
(0, -39, 65)
(1, -39, 65)
(0, -38, 65)
(1, -38, 64)
(1, -38, 63)
(1, -38, 62)
(0, -38, 62)
(1, -39, 61)
(1, -39, 60)
(0, -39, 60)
(0, -39, 59)
(1, -40, 58)
(0, -40, 59)
(0, -40, 60)
(0, -40, 61)
(1, -40, 61)
(1, -40, 62)
(0, -40, 63)
(1, -41, 62)
(0, -41, 62)
(0, -41, 61)
(0, -41, 60)
(1, -42, 59)
(0, -42, 60)
(0, -42, 61)
(1, -43, 61)
(1, -43, 62)
(0, -43, 63)
(1, -44, 62)
(1, -44, 61)
(1, -44, 60)
(1, -44, 59)
(1, -44, 58)
(1, -44, 57)
(0, -44, 57)
(1, -45, 57)
(1, -45, 58)
(0, -45, 59)
(0, -45, 60)
(1, -45, 60)
(1, -45, 61)
(1, -45, 62)
(0, -45, 63)
(1, -46, 62)
(0, -46, 62)
(1, -47, 62)
(0, -47, 62)
(1, -48, 62)
(0, -48, 62)
(1, -49, 62)
(1, -49, 63)
(0, -49, 64)
(1, -50, 63)
(1, -50, 62)
(1, -50, 61)
(1, -50, 60)
(0, -49, 60)
(0, -49, 59)
(1, -49, 58)
(1, -49, 57)
(0, -49, 57)
(1, -50, 56)
(0, -50, 57)
(1, -51, 57)
(0, -51, 57)
(1, -52, 57)
(1, -52, 58)
(0, -51, 59)
(1, -51, 59)
(1, -51, 60)
(0, -51, 61)
(1, -52, 61)
(0, -52, 61)
(1, -53, 61)
(0, -53, 62)
(1, -54, 61)
(0, -54, 62)
(0, -54, 63)
(1, -54, 63)
(1, -54, 64)
(0, -54, 65)
(1, -55, 64)
(0, -55, 64)
(0, -55, 63)
(1, -56, 62)
(1, -56, 61)
(0, -56, 61)
(1, -57, 60)
(0, -57, 60)
(0, -57, 59)
(0, -57, 58)
(1, -57, 57)
(0, -56, 58)
(1, -56, 58)
(0, -55, 58)
(1, -55, 57)
(0, -54, 57)
(0, -54, 56)
(1, -55, 55)
(0, -55, 55)
(0, -55, 54)
(0, -55, 53)
(1, -56, 52)
(1, -56, 51)
(1, -56, 50)
(0, -56, 50)
(1, -57, 50)
(1, -57, 51)
(0, -57, 52)
(1, -58, 52)
(0, -58, 53)
(1, -59, 52)
(0, -59, 53)
(1, -60, 52)
(1, -60, 51)
(1, -60, 50)
(0, -60, 50)
(0, -60, 49)
(1, -61, 48)
(1, -61, 47)
(1, -61, 46)
(0, -61, 46)
(1, -62, 45)
(1, -62, 44)
(0, -61, 44)
(1, -61, 44)
(0, -60, 44)
(1, -60, 43)
(1, -60, 42)
(1, -60, 41)
(1, -60, 40)
(1, -60, 39)
(0, -60, 39)
(1, -61, 38)
(1, -61, 37)
(0, -60, 37)
(1, -60, 36)
(0, -59, 36)
(1, -59, 36)
(0, -58, 37)
(0, -58, 38)
(1, -59, 38)
(1, -59, 39)
(1, -59, 40)
(1, -59, 41)
(1, -59, 42)
(0, -58, 43)
(0, -58, 44)
(1, -59, 44)
(0, -59, 45)
(0, -59, 46)
(1, -59, 46)
(1, -59, 47)
(1, -59, 48)
(1, -59, 49)
(1, -59, 50)
(0, -58, 51)
(1, -58, 50)
(1, -58, 49)
(1, -58, 48)
(0, -57, 48)
(1, -57, 47)
(0, -56, 47)
(1, -56, 47)
(0, -55, 47)
(1, -55, 46)
(1, -55, 45)
(1, -55, 44)
(1, -55, 43)
(0, -54, 43)
(1, -54, 43)
(0, -53, 44)
(1, -53, 43)
(1, -53, 42)
(1, -53, 41)
(1, -53, 40)
(0, -52, 40)
(0, -52, 39)
(0, -52, 38)
(1, -53, 37)
(0, -53, 38)
(1, -54, 37)
(0, -54, 37)
(0, -54, 36)
(0, -54, 35)
(1, -55, 34)
(1, -55, 33)
(1, -55, 32)
(1, -55, 31)
(0, -55, 31)
(1, -56, 30)
(0, -56, 31)
(0, -56, 32)
(1, -56, 32)
(1, -56, 33)
(1, -56, 34)
(0, -56, 35)
(1, -57, 35)
(0, -57, 35)
(1, -58, 35)
(0, -58, 35)
(1, -59, 34)
(0, -59, 34)
(1, -60, 34)
(0, -60, 35)
(1, -61, 34)
(0, -61, 35)
(1, -62, 35)
(1, -62, 36)
(1, -62, 37)
(0, -62, 38)
(1, -63, 38)
(0, -63, 38)
(1, -64, 37)
(0, -64, 37)
(1, -65, 36)
(0, -65, 37)
(1, -66, 36)
(0, -66, 36)
(1, -67, 36)
(0, -67, 36)
(0, -67, 35)
(0, -67, 34)
(0, -67, 33)
(1, -67, 32)
(0, -66, 33)
(1, -66, 33)
(0, -65, 34)
(1, -65, 33)
(0, -64, 34)
(1, -64, 33)
(0, -63, 34)
(1, -63, 33)
(0, -62, 34)
(1, -62, 33)
(1, -62, 32)
(0, -62, 32)
(0, -62, 31)
(1, -62, 30)
(0, -61, 31)
(1, -61, 31)
(1, -61, 32)
(0, -60, 33)
(1, -60, 32)
(1, -60, 31)
(1, -60, 30)
(1, -60, 29)
(0, -60, 29)
(0, -60, 28)
(1, -60, 27)
(0, -59, 28)
(1, -59, 28)
(0, -58, 29)
(1, -58, 28)
(0, -57, 28)
(1, -57, 27)
(0, -56, 28)
(1, -56, 27)
(0, -55, 28)
(1, -55, 27)
(1, -55, 26)
(0, -54, 26)
(0, -54, 25)
(1, -54, 24)
(1, -54, 23)
(1, -54, 22)
(0, -53, 22)
(1, -53, 21)
(0, -52, 22)
(1, -52, 22)
(1, -52, 23)
(1, -52, 24)
(0, -51, 25)
(0, -51, 26)
(0, -51, 27)
(1, -51, 27)
(0, -50, 28)
(0, -50, 29)
(1, -51, 29)
(0, -51, 30)
(1, -52, 29)
(0, -52, 29)
(1, -53, 29)
(0, -53, 30)
(0, -53, 31)
(1, -53, 31)
(0, -52, 31)
(1, -52, 31)
(1, -52, 32)
(1, -52, 33)
(1, -52, 34)
(1, -52, 35)
(0, -51, 36)
(0, -51, 37)
(0, -51, 38)
(0, -51, 39)
(0, -51, 40)
(0, -51, 41)
(1, -51, 41)
(1, -51, 42)
(0, -51, 43)
(1, -52, 43)
(1, -52, 44)
(0, -52, 45)
(0, -52, 46)
(1, -52, 46)
(0, -51, 46)
(1, -51, 46)
(0, -50, 46)
(0, -50, 45)
(1, -50, 44)
(1, -50, 43)
(1, -50, 42)
(0, -49, 42)
(1, -49, 42)
(1, -49, 43)
(1, -49, 44)
(0, -48, 45)
(1, -48, 45)
(0, -47, 46)
(1, -47, 45)
(0, -46, 46)
(0, -46, 47)
(1, -47, 47)
(0, -47, 48)
(1, -48, 47)
(0, -48, 48)
(1, -49, 48)
(1, -49, 49)
(0, -49, 50)
(1, -50, 49)
(0, -50, 49)
(1, -51, 49)
(0, -51, 49)
(1, -52, 48)
(0, -52, 49)
(1, -53, 49)
(1, -53, 50)
(0, -53, 51)
(0, -53, 52)
(1, -53, 52)
(0, -52, 53)
(1, -52, 53)
(0, -51, 54)
(1, -51, 53)
(0, -50, 54)
(1, -50, 53)
(0, -49, 53)
(1, -49, 53)
(0, -48, 54)
(0, -48, 55)
(0, -48, 56)
(1, -48, 56)
(0, -47, 57)
(1, -47, 56)
(0, -46, 56)
(0, -46, 55)
(0, -46, 54)
(0, -46, 53)
(1, -47, 52)
(0, -47, 52)
(1, -48, 51)
(1, -48, 50)
(0, -47, 50)
(1, -47, 49)
(0, -46, 49)
(1, -46, 48)
(0, -45, 49)
(1, -45, 48)
(1, -45, 47)
(0, -45, 47)
(0, -45, 46)
(1, -45, 45)
(0, -44, 45)
(1, -44, 44)
(0, -43, 44)
(1, -43, 43)
(1, -43, 42)
(0, -43, 42)
(0, -43, 41)
(1, -43, 40)
(1, -43, 39)
(1, -43, 38)
(0, -43, 38)
(1, -44, 38)
(0, -44, 39)
(0, -44, 40)
(1, -45, 40)
(1, -45, 41)
(1, -45, 42)
(1, -45, 43)
(0, -45, 44)
(1, -46, 44)
(0, -46, 44)
(0, -46, 43)
(1, -46, 42)
(1, -46, 41)
(1, -46, 40)
(0, -46, 40)
(0, -46, 39)
(1, -47, 38)
(0, -47, 39)
(0, -47, 40)
(1, -48, 40)
(0, -48, 41)
(1, -49, 40)
(1, -49, 39)
(1, -49, 38)
(1, -49, 37)
(1, -49, 36)
(1, -49, 35)
(0, -48, 35)
(1, -48, 35)
(1, -48, 36)
(0, -47, 37)
(1, -47, 36)
(1, -47, 35)
(1, -47, 34)
(0, -46, 34)
(1, -46, 34)
(0, -45, 34)
(0, -45, 33)
(0, -45, 32)
(0, -45, 31)
(1, -46, 30)
(0, -46, 30)
(0, -46, 29)
(1, -46, 28)
(0, -45, 28)
(0, -45, 27)
(1, -45, 26)
(0, -44, 27)
(0, -44, 28)
(1, -44, 28)
(0, -43, 29)
(1, -43, 29)
(0, -42, 29)
(1, -42, 28)
(0, -41, 29)
(1, -41, 28)
(0, -40, 29)
(1, -40, 29)
(1, -40, 30)
(0, -39, 31)
(0, -39, 32)
(1, -39, 32)
(1, -39, 33)
(0, -38, 34)
(1, -38, 34)
(1, -38, 35)
(0, -37, 36)
(1, -37, 36)
(1, -37, 37)
(0, -37, 38)
(0, -37, 39)
(1, -37, 39)
(0, -36, 40)
(1, -36, 40)
(0, -35, 40)
(0, -35, 39)
(1, -35, 38)
(0, -34, 39)
(1, -34, 38)
(0, -33, 38)
(1, -33, 38)
(1, -33, 39)
(1, -33, 40)
(0, -32, 41)
(1, -32, 41)
(0, -31, 41)
(1, -31, 41)
(0, -30, 41)
(1, -30, 40)
(0, -29, 40)
(1, -29, 40)
(1, -29, 41)
(0, -29, 42)
(0, -29, 43)
(1, -29, 43)
(0, -28, 43)
(1, -28, 42)
(0, -27, 42)
(1, -27, 42)
(1, -27, 43)
(0, -27, 44)
(1, -28, 44)
(1, -28, 45)
(0, -28, 46)
(1, -29, 46)
(0, -29, 46)
(1, -30, 45)
(0, -30, 45)
(1, -31, 45)
(0, -31, 45)
(1, -32, 44)
(0, -32, 44)
(0, -32, 43)
(1, -33, 42)
(0, -33, 42)
(1, -34, 42)
(0, -34, 43)
(1, -35, 43)
(1, -35, 44)
(0, -34, 45)
(0, -34, 46)
(0, -34, 47)
(1, -34, 47)
(0, -33, 48)
(0, -33, 49)
(0, -33, 50)
(1, -34, 50)
(0, -34, 50)
(1, -35, 50)
(0, -35, 51)
(1, -36, 50)
(0, -36, 51)
(1, -37, 51)
(0, -37, 52)
(1, -38, 51)
(0, -38, 52)
(1, -39, 51)
(0, -39, 51)
(0, -39, 50)
(0, -39, 49)
(1, -40, 48)
(1, -40, 47)
(0, -40, 47)
(0, -40, 46)
(0, -40, 45)
(1, -40, 44)
(0, -39, 45)
(1, -39, 45)
(0, -38, 45)
(1, -38, 45)
(0, -37, 45)
(1, -37, 45)
(0, -36, 45)
(0, -36, 44)
(0, -36, 43)
(0, -36, 42)
(1, -37, 41)
(0, -37, 42)
(1, -38, 42)
(0, -38, 43)
(1, -39, 43)
(0, -39, 43)
(0, -39, 42)
(0, -39, 41)
(1, -40, 40)
(0, -40, 41)
(1, -41, 40)
(0, -41, 40)
(1, -42, 40)
(1, -42, 41)
(0, -41, 42)
(1, -41, 42)
(1, -41, 43)
(0, -41, 44)
(0, -41, 45)
(0, -41, 46)
(0, -41, 47)
(0, -41, 48)
(1, -42, 48)
(0, -42, 49)
(1, -43, 49)
(1, -43, 50)
(0, -43, 51)
(1, -44, 51)
(1, -44, 52)
(0, -43, 53)
(1, -43, 53)
(0, -42, 53)
(1, -42, 53)
(1, -42, 54)
(0, -42, 55)
(0, -42, 56)
(1, -43, 56)
(1, -43, 57)
(0, -42, 58)
(1, -42, 57)
(0, -41, 58)
(1, -41, 57)
(0, -40, 57)
(0, -40, 56)
(0, -40, 55)
(0, -40, 54)
(1, -40, 53)
(0, -39, 53)
(1, -39, 53)
(0, -38, 54)
(0, -38, 55)
(1, -38, 55)
(0, -37, 55)
(0, -37, 54)
(1, -37, 53)
(0, -36, 54)
(1, -36, 54)
(0, -35, 54)
(0, -35, 53)
(1, -35, 52)
(0, -34, 53)
(1, -34, 53)
(0, -33, 54)
(1, -33, 54)
(1, -33, 55)
(1, -33, 56)
(1, -33, 57)
(0, -32, 58)
(0, -32, 59)
(0, -32, 60)
(0, -32, 61)
(0, -32, 62)
(1, -33, 62)
(1, -33, 63)
(0, -33, 64)
(0, -33, 65)
(1, -33, 65)
(0, -32, 65)
(1, -32, 65)
(0, -31, 66)
(1, -31, 66)
(0, -30, 66)
(1, -30, 66)
(0, -29, 67)
(1, -29, 67)
(0, -28, 67)
(0, -28, 66)
(0, -28, 65)
(1, -28, 64)
(1, -28, 63)
(0, -27, 63)
(1, -27, 62)
(0, -26, 62)
(1, -26, 61)
(1, -26, 60)
(0, -26, 60)
(1, -27, 59)
(0, -27, 60)
(1, -28, 60)
(0, -28, 60)
(1, -29, 59)
(0, -29, 60)
(1, -30, 60)
(0, -30, 60)
(1, -31, 60)
(0, -31, 60)
(0, -31, 59)
(1, -31, 58)
(0, -30, 58)
(0, -30, 57)
(1, -31, 56)
(0, -31, 57)
(1, -32, 56)
(1, -32, 55)
(0, -31, 55)
(1, -31, 54)
(0, -30, 55)
(1, -30, 54)
(0, -29, 55)
(1, -29, 55)
(0, -28, 56)
(1, -28, 56)
(0, -27, 57)
(1, -27, 57)
(0, -26, 57)
(1, -26, 56)
(1, -26, 55)
(0, -26, 55)
(0, -26, 54)
(0, -26, 53)
(1, -27, 52)
(0, -27, 52)
(0, -27, 51)
(0, -27, 50)
(0, -27, 49)
(1, -27, 48)
(0, -26, 49)
(0, -26, 50)
(1, -26, 50)
(0, -25, 51)
(0, -25, 52)
(1, -25, 52)
(1, -25, 53)
(1, -25, 54)
(0, -24, 55)
(0, -24, 56)
(0, -24, 57)
(0, -24, 58)
(0, -24, 59)
(0, -24, 60)
(0, -24, 61)
(0, -24, 62)
(1, -25, 62)
(0, -25, 63)
(1, -26, 63)
(1, -26, 64)
(0, -26, 65)
(1, -27, 65)
(0, -27, 66)
(0, -27, 67)
(1, -27, 67)
(0, -26, 68)
(1, -26, 68)
(0, -25, 68)
(1, -25, 68)
(1, -25, 69)
(0, -24, 70)
(1, -24, 70)
(0, -23, 70)
(1, -23, 70)
(1, -23, 71)
(0, -23, 72)
(0, -23, 73)
(1, -23, 73)
(0, -22, 74)
(0, -22, 75)
(1, -22, 75)
(1, -22, 76)
(0, -22, 77)
(1, -23, 77)
(0, -23, 78)
(0, -23, 79)
(1, -24, 79)
(0, -24, 80)
(1, -25, 80)
(0, -25, 81)
(1, -26, 80)
(0, -26, 81)
(1, -27, 81)
(0, -27, 82)
(1, -28, 81)
(0, -28, 82)
(1, -29, 82)
(1, -29, 83)
(1, -29, 84)
(1, -29, 85)
(1, -29, 86)
(1, -29, 87)
(1, -29, 88)
(1, -29, 89)
(0, -29, 90)
(1, -30, 90)
(0, -30, 91)
(1, -31, 90)
(1, -31, 89)
(0, -31, 89)
(1, -32, 88)
(0, -32, 88)
(1, -33, 88)
(0, -33, 89)
(1, -34, 89)
(0, -34, 89)
(1, -35, 89)
(0, -35, 90)
(1, -36, 90)
(1, -36, 91)
(1, -36, 92)
(1, -36, 93)
(0, -36, 94)
(0, -36, 95)
(1, -36, 95)
(0, -35, 95)
(1, -35, 95)
(1, -35, 96)
(0, -34, 97)
(1, -34, 97)
(0, -33, 98)
(0, -33, 99)
(0, -33, 100)
(1, -33, 100)
(0, -32, 100)
(1, -32, 99)
(1, -32, 98)
(0, -31, 98)
(0, -31, 97)
(1, -31, 96)
(0, -30, 96)
(1, -30, 96)
(1, -30, 97)
(1, -30, 98)
(1, -30, 99)
(0, -29, 100)
(1, -29, 99)
(0, -28, 100)
(1, -28, 100)
(1, -28, 101)
(0, -27, 102)
(1, -27, 101)
(0, -26, 101)
(1, -26, 100)
(0, -25, 100)
(1, -25, 99)
(0, -24, 99)
(1, -24, 98)
(0, -23, 99)
(1, -23, 98)
(1, -23, 97)
(1, -23, 96)
(0, -23, 96)
(1, -24, 95)
(1, -24, 94)
(0, -24, 94)
(1, -25, 93)
(0, -25, 94)
(0, -25, 95)
(0, -25, 96)
(1, -26, 96)
(0, -26, 96)
(0, -26, 95)
(1, -27, 94)
(0, -27, 95)
(1, -28, 94)
(0, -28, 95)
(1, -29, 95)
(0, -29, 95)
(1, -30, 94)
(1, -30, 93)
(0, -29, 93)
(1, -29, 93)
(0, -28, 93)
(1, -28, 92)
(0, -27, 92)
(0, -27, 91)
(1, -27, 90)
(1, -27, 89)
(1, -27, 88)
(1, -27, 87)
(0, -26, 87)
(1, -26, 86)
(0, -25, 87)
(0, -25, 88)
(0, -25, 89)
(1, -26, 89)
(1, -26, 90)
(0, -25, 91)
(1, -25, 91)
(0, -24, 92)
(1, -24, 92)
(0, -23, 93)
(1, -23, 92)
(1, -23, 91)
(0, -22, 91)
(1, -22, 90)
(1, -22, 89)
(1, -22, 88)
(0, -21, 88)
(1, -21, 87)
(1, -21, 86)
(0, -20, 86)
(1, -20, 85)
(1, -20, 84)
(1, -20, 83)
(1, -20, 82)
(0, -19, 82)
(1, -19, 81)
(1, -19, 80)
(1, -19, 79)
(0, -18, 79)
(0, -18, 78)
(1, -19, 77)
(0, -19, 77)
(0, -19, 76)
(0, -19, 75)
(1, -19, 74)
(0, -18, 75)
(1, -18, 75)
(0, -17, 75)
(1, -17, 74)
(1, -17, 73)
(1, -17, 72)
(0, -16, 72)
(1, -16, 71)
(1, -16, 70)
(0, -16, 70)
(1, -17, 70)
(0, -17, 71)
(1, -18, 71)
(1, -18, 72)
(0, -18, 73)
(1, -19, 72)
(0, -19, 73)
(1, -20, 72)
(0, -20, 72)
(1, -21, 72)
(0, -21, 72)
(1, -22, 71)
(1, -22, 70)
(0, -21, 70)
(1, -21, 69)
(0, -20, 70)
(1, -20, 69)
(0, -19, 69)
(1, -19, 68)
(0, -18, 68)
(1, -18, 67)
(1, -18, 66)
(0, -17, 66)
(0, -17, 65)
(1, -17, 64)
(1, -17, 63)
(0, -16, 63)
(0, -16, 62)
(0, -16, 61)
(1, -16, 60)
(0, -15, 60)
(1, -15, 60)
(0, -14, 61)
(1, -14, 61)
(1, -14, 62)
(0, -14, 63)
(0, -14, 64)
(1, -14, 64)
(0, -13, 65)
(1, -13, 65)
(1, -13, 66)
(0, -13, 67)
(0, -13, 68)
(0, -13, 69)
(0, -13, 70)
(0, -13, 71)
(1, -14, 71)
(1, -14, 72)
(1, -14, 73)
(0, -13, 74)
(1, -13, 74)
(1, -13, 75)
(0, -12, 76)
(1, -12, 76)
(0, -11, 76)
(1, -11, 75)
(0, -10, 76)
(1, -10, 76)
(0, -9, 76)
(0, -9, 75)
(1, -10, 74)
(1, -10, 73)
(0, -9, 73)
(0, -9, 72)
(1, -9, 71)
(0, -8, 71)
(0, -8, 70)
(0, -8, 69)
(1, -9, 68)
(0, -9, 69)
(1, -10, 68)
(0, -10, 69)
(0, -10, 70)
(0, -10, 71)
(1, -11, 71)
(1, -11, 72)
(0, -11, 73)
(1, -12, 72)
(0, -12, 72)
(0, -12, 71)
(1, -12, 70)
(1, -12, 69)
(1, -12, 68)
(1, -12, 67)
(0, -11, 67)
(1, -11, 66)
(1, -11, 65)
(0, -11, 65)
(0, -11, 64)
(1, -12, 63)
(1, -12, 62)
(0, -12, 62)
(0, -12, 61)
(1, -13, 60)
(1, -13, 59)
(0, -12, 59)
(0, -12, 58)
(1, -12, 57)
(1, -12, 56)
(1, -12, 55)
(1, -12, 54)
(1, -12, 53)
(1, -12, 52)
(0, -11, 52)
(1, -11, 52)
(1, -11, 53)
(0, -10, 54)
(0, -10, 55)
(1, -10, 55)
(0, -9, 55)
(1, -9, 55)
(1, -9, 56)
(0, -8, 57)
(1, -8, 57)
(1, -8, 58)
(1, -8, 59)
(1, -8, 60)
(0, -8, 61)
(0, -8, 62)
(1, -9, 62)
(1, -9, 63)
(0, -8, 64)
(1, -8, 64)
(0, -7, 64)
(1, -7, 63)
(1, -7, 62)
(0, -6, 62)
(1, -6, 61)
(1, -6, 60)
(0, -6, 60)
(1, -7, 59)
(1, -7, 58)
(1, -7, 57)
(1, -7, 56)
(0, -6, 56)
(1, -6, 55)
(0, -5, 56)
(1, -5, 56)
(1, -5, 57)
(0, -4, 58)
(1, -4, 57)
(0, -3, 58)
(1, -3, 57)
(0, -2, 57)
(0, -2, 56)
(1, -2, 55)
(0, -1, 55)
(1, -1, 55)
(1, -1, 56)
(0, 0, 57)
(1, 0, 57)
(0, 1, 58)
(1, 1, 57)
(0, 2, 58)
(1, 2, 58)
(0, 3, 58)
(1, 3, 57)
(1, 3, 56)
(0, 4, 56)
(1, 4, 55)
(0, 5, 55)
(1, 5, 55)
(0, 6, 56)
(1, 6, 55)
(1, 6, 54)
(0, 6, 54)
(0, 6, 53)
(1, 5, 52)
(1, 5, 51)
(1, 5, 50)
(0, 5, 50)
(0, 5, 49)
(1, 5, 48)
(0, 6, 48)
(1, 6, 48)
(0, 7, 49)
(0, 7, 50)
(0, 7, 51)
(0, 7, 52)
(0, 7, 53)
(1, 7, 53)
(1, 7, 54)
(1, 7, 55)
(0, 8, 56)
(1, 8, 55)
(0, 9, 56)
(1, 9, 56)
(0, 10, 57)
(1, 10, 56)
(0, 11, 56)
(1, 11, 56)
(1, 11, 57)
(0, 11, 58)
(0, 11, 59)
(1, 11, 59)
(1, 11, 60)
(1, 11, 61)
(0, 12, 62)
(1, 12, 62)
(0, 13, 63)
(1, 13, 63)
(0, 14, 63)
(0, 14, 62)
(1, 14, 61)
(1, 14, 60)
(0, 15, 60)
(1, 15, 59)
(0, 16, 59)
(1, 16, 58)
(0, 17, 58)
(1, 17, 57)
(0, 18, 58)
(0, 18, 59)
(1, 17, 59)
(0, 17, 60)
(0, 17, 61)
(0, 17, 62)
(1, 17, 62)
(1, 17, 63)
(0, 18, 64)
(1, 18, 64)
(0, 19, 65)
(0, 19, 66)
(1, 19, 66)
(1, 19, 67)
(0, 20, 68)
(1, 20, 67)
(0, 21, 68)
(1, 21, 68)
(0, 22, 69)
(1, 22, 68)
(1, 22, 67)
(0, 23, 67)
(1, 23, 67)
(0, 24, 68)
(0, 24, 69)
(1, 24, 69)
(1, 24, 70)
(0, 25, 71)
(1, 25, 71)
(0, 26, 72)
(1, 26, 71)
(1, 26, 70)
(0, 27, 70)
(1, 27, 70)
(0, 28, 71)
(0, 28, 72)
(1, 27, 72)
(1, 27, 73)
(1, 27, 74)
(0, 28, 75)
(1, 28, 75)
(0, 29, 75)
(1, 29, 75)
(0, 30, 75)
(0, 30, 74)
(1, 29, 73)
(1, 29, 72)
(0, 30, 72)
(0, 30, 71)
(1, 29, 70)
(1, 29, 69)
(1, 29, 68)
(0, 30, 68)
(0, 30, 67)
(0, 30, 66)
(1, 29, 65)
(0, 29, 66)
(1, 28, 65)
(0, 28, 66)
(1, 27, 66)
(1, 27, 67)
(0, 27, 68)
(1, 26, 68)
(0, 26, 68)
(0, 26, 67)
(1, 25, 66)
(0, 25, 66)
(1, 24, 66)
(0, 24, 66)
(0, 24, 65)
(1, 23, 64)
(1, 23, 63)
(1, 23, 62)
(0, 24, 62)
(1, 24, 62)
(0, 25, 63)
(1, 25, 63)
(1, 25, 64)
(0, 26, 65)
(1, 26, 65)
(0, 27, 65)
(0, 27, 64)
(1, 27, 63)
(0, 28, 63)
(1, 28, 62)
(0, 29, 62)
(1, 29, 62)
(0, 30, 62)
(1, 30, 62)
(0, 31, 63)
(0, 31, 64)
(1, 31, 64)
(0, 32, 65)
(1, 32, 64)
(1, 32, 63)
(0, 33, 63)
(1, 33, 62)
(0, 34, 63)
(1, 34, 63)
(0, 35, 63)
(1, 35, 62)
(0, 36, 62)
(0, 36, 61)
(1, 35, 60)
(0, 35, 61)
(1, 34, 61)
(0, 34, 61)
(1, 33, 60)
(0, 33, 60)
(1, 32, 60)
(0, 32, 60)
(0, 32, 59)
(1, 31, 58)
(0, 31, 59)
(1, 30, 58)
(1, 30, 57)
(0, 31, 57)
(0, 31, 56)
(1, 31, 55)
(0, 32, 56)
(0, 32, 57)
(1, 32, 57)
(0, 33, 57)
(1, 33, 56)
(0, 34, 56)
(0, 34, 55)
(1, 34, 54)
(0, 35, 55)
(1, 35, 54)
(0, 36, 54)
(1, 36, 53)
(0, 37, 54)
(1, 37, 54)
(1, 37, 55)
(0, 37, 56)
(1, 36, 55)
(0, 36, 56)
(0, 36, 57)
(0, 36, 58)
(1, 36, 58)
(0, 37, 58)
(1, 37, 57)
(0, 38, 57)
(1, 38, 56)
(1, 38, 55)
(0, 39, 55)
(1, 39, 54)
(0, 40, 54)
(1, 40, 53)
(1, 40, 52)
(0, 40, 52)
(0, 40, 51)
(0, 40, 50)
(1, 40, 49)
(0, 41, 50)
(1, 41, 50)
(1, 41, 51)
(0, 42, 52)
(1, 42, 51)
(0, 43, 51)
(1, 43, 51)
(0, 44, 52)
(1, 44, 51)
(0, 45, 52)
(0, 45, 53)
(1, 45, 53)
(1, 45, 54)
(0, 45, 55)
(1, 44, 54)
(0, 44, 55)
(0, 44, 56)
(1, 43, 56)
(0, 43, 56)
(1, 42, 56)
(1, 42, 57)
(0, 42, 58)
(1, 41, 57)
(0, 41, 57)
(0, 41, 56)
(1, 40, 55)
(0, 40, 56)
(0, 40, 57)
(1, 39, 57)
(0, 39, 58)
(1, 38, 58)
(0, 38, 59)
(1, 37, 59)
(1, 37, 60)
(0, 38, 61)
(1, 38, 60)
(0, 39, 61)
(1, 39, 61)
(0, 40, 62)
(1, 40, 61)
(0, 41, 62)
(1, 41, 61)
(1, 41, 60)
(0, 42, 60)
(1, 42, 60)
(0, 43, 60)
(1, 43, 59)
(0, 44, 59)
(0, 44, 58)
(1, 44, 57)
(0, 45, 57)
(1, 45, 57)
(1, 45, 58)
(0, 46, 59)
(1, 46, 58)
(0, 47, 59)
(1, 47, 58)
(1, 47, 57)
(0, 48, 57)
(1, 48, 56)
(1, 48, 55)
(0, 48, 55)
(0, 48, 54)
(1, 48, 53)
(0, 49, 54)
(1, 49, 53)
(1, 49, 52)
(1, 49, 51)
(1, 49, 50)
(0, 50, 50)
(0, 50, 49)
(0, 50, 48)
(1, 49, 47)
(0, 49, 47)
(1, 48, 46)
(0, 48, 46)
(0, 48, 45)
(1, 48, 44)
(0, 49, 44)
(1, 49, 44)
(1, 49, 45)
(0, 50, 46)
(1, 50, 46)
(0, 51, 47)
(1, 51, 46)
(0, 52, 47)
(1, 52, 46)
(0, 53, 47)
(1, 53, 46)
