(0, -19, 145)
(1, -20, 145)
(0, -20, 145)
(1, -21, 145)
(0, -21, 146)
(1, -22, 145)
(0, -22, 145)
(0, -22, 144)
(0, -22, 143)
(1, -22, 142)
(1, -22, 141)
(0, -21, 141)
(0, -21, 140)
(0, -21, 139)
(1, -22, 138)
(0, -22, 139)
(0, -22, 140)
(1, -23, 140)
(0, -23, 141)
(0, -23, 142)
(0, -23, 143)
(1, -24, 143)
(0, -24, 143)
(0, -24, 142)
(1, -25, 141)
(0, -25, 141)
(1, -26, 141)
(0, -26, 141)
(1, -27, 141)
(0, -27, 142)
(0, -27, 143)
(1, -27, 143)
(0, -26, 143)
(1, -26, 143)
(0, -25, 144)
(1, -25, 144)
(1, -25, 145)
(1, -25, 146)
(0, -24, 147)
(1, -24, 147)
(0, -23, 148)
(1, -23, 147)
(0, -22, 148)
(0, -22, 149)
(1, -22, 149)
(0, -21, 149)
(1, -21, 149)
(1, -21, 150)
(0, -21, 151)
(1, -22, 151)
(1, -22, 152)
(0, -22, 153)
(0, -22, 154)
(1, -22, 154)
(0, -21, 154)
(1, -21, 154)
(1, -21, 155)
(0, -20, 156)
(1, -20, 155)
(1, -20, 154)
(0, -19, 154)
(1, -19, 153)
(0, -18, 154)
(1, -18, 154)
(0, -17, 154)
(0, -17, 153)
(1, -18, 152)
(0, -18, 152)
(0, -18, 151)
(1, -19, 150)
(1, -19, 149)
(0, -19, 149)
(0, -19, 148)
(0, -19, 147)
(1, -19, 146)
(0, -18, 146)
(1, -18, 145)
(0, -17, 146)
(1, -17, 145)
(1, -17, 144)
(0, -17, 144)
(0, -17, 143)
(0, -17, 142)
(0, -17, 141)
(0, -17, 140)
(0, -17, 139)
(1, -17, 138)
(0, -16, 139)
(1, -16, 139)
(1, -16, 140)
(0, -15, 141)
(1, -15, 140)
(0, -14, 140)
(1, -14, 139)
(1, -14, 138)
(1, -14, 137)
(1, -14, 136)
(0, -13, 136)
(1, -13, 136)
(1, -13, 137)
(1, -13, 138)
(0, -12, 139)
(1, -12, 139)
(1, -12, 140)
(1, -12, 141)
(1, -12, 142)
(1, -12, 143)
(1, -12, 144)
(0, -11, 145)
(1, -11, 144)
(0, -10, 144)
(1, -10, 143)
(0, -9, 143)
(1, -9, 143)
(0, -8, 144)
(1, -8, 143)
(1, -8, 142)
(0, -7, 142)
(1, -7, 142)
(0, -6, 142)
(1, -6, 142)
(0, -5, 143)
(1, -5, 143)
(0, -4, 144)
(0, -4, 145)
(1, -5, 145)
(1, -5, 146)
(0, -5, 147)
(1, -6, 146)
(1, -6, 145)
(1, -6, 144)
(0, -6, 144)
(1, -7, 144)
(1, -7, 145)
(1, -7, 146)
(1, -7, 147)
(0, -7, 148)
(1, -8, 148)
(1, -8, 149)
(1, -8, 150)
(0, -7, 151)
(1, -7, 150)
(0, -6, 150)
(0, -6, 149)
(1, -6, 148)
(0, -5, 149)
(0, -5, 150)
(0, -5, 151)
(1, -5, 151)
(0, -4, 152)
(0, -4, 153)
(1, -5, 153)
(1, -5, 154)
(0, -4, 155)
(1, -4, 154)
(0, -3, 155)
(0, -3, 156)
(1, -4, 156)
(1, -4, 157)
(0, -4, 158)
(1, -5, 157)
(1, -5, 156)
(0, -5, 156)
(1, -6, 156)
(0, -6, 157)
(1, -7, 156)
(1, -7, 155)
(1, -7, 154)
(1, -7, 153)
(0, -7, 153)
(1, -8, 153)
(0, -8, 153)
(0, -8, 152)
(1, -9, 151)
(0, -9, 152)
(0, -9, 153)
(1, -10, 153)
(1, -10, 154)
(0, -9, 155)
(0, -9, 156)
(1, -9, 156)
(1, -9, 157)
(0, -8, 158)
(1, -8, 157)
(0, -7, 158)
(0, -7, 159)
(0, -7, 160)
(0, -7, 161)
(1, -8, 161)
(1, -8, 162)
(0, -8, 163)
(1, -9, 162)
(0, -9, 163)
(1, -10, 163)
(0, -10, 163)
(1, -11, 163)
(1, -11, 164)
(0, -11, 165)
(1, -12, 164)
(1, -12, 163)
(0, -12, 163)
(1, -13, 163)
(1, -13, 164)
(0, -13, 165)
(1, -14, 164)
(0, -14, 164)
(1, -15, 164)
(1, -15, 165)
(1, -15, 166)
(0, -14, 167)
(1, -14, 166)
(0, -13, 167)
(1, -13, 166)
(0, -12, 167)
(1, -12, 167)
(1, -12, 168)
(0, -11, 169)
(0, -11, 170)
(0, -11, 171)
(1, -12, 171)
(1, -12, 172)
(1, -12, 173)
(1, -12, 174)
(0, -12, 175)
(1, -13, 174)
(1, -13, 173)
(0, -13, 173)
(1, -14, 173)
(1, -14, 174)
(0, -14, 175)
(0, -14, 176)
(1, -15, 176)
(0, -15, 176)
(1, -16, 176)
(1, -16, 177)
(1, -16, 178)
(0, -16, 179)
(1, -17, 179)
(1, -17, 180)
(1, -17, 181)
(1, -17, 182)
(0, -16, 183)
(0, -16, 184)
(0, -16, 185)
(0, -16, 186)
(1, -16, 186)
(1, -16, 187)
(0, -15, 188)
(1, -15, 188)
(0, -14, 188)
(0, -14, 187)
(1, -14, 186)
(0, -13, 186)
(1, -13, 186)
(1, -13, 187)
(1, -13, 188)
(0, -13, 189)
(1, -14, 189)
(1, -14, 190)
(0, -13, 191)
(1, -13, 191)
(1, -13, 192)
(0, -12, 193)
(0, -12, 194)
(1, -13, 194)
(0, -13, 194)
(1, -14, 193)
(0, -14, 194)
(0, -14, 195)
(1, -14, 195)
(0, -13, 196)
(1, -13, 196)
(0, -12, 196)
(1, -12, 196)
(0, -11, 197)
(1, -11, 197)
(0, -10, 197)
(1, -10, 197)
(0, -9, 197)
(1, -9, 196)
(1, -9, 195)
(0, -8, 195)
(0, -8, 194)
(1, -9, 193)
(0, -9, 193)
(1, -10, 193)
(0, -10, 194)
(1, -11, 194)
(0, -11, 194)
(0, -11, 193)
(1, -11, 192)
(1, -11, 191)
(0, -11, 191)
(1, -12, 190)
(1, -12, 189)
(0, -11, 189)
(0, -11, 188)
(1, -11, 187)
(1, -11, 186)
(0, -10, 186)
(0, -10, 185)
(1, -11, 184)
(1, -11, 183)
(1, -11, 182)
(0, -10, 182)
(0, -10, 181)
(1, -10, 180)
(1, -10, 179)
(0, -10, 179)
(1, -11, 179)
(0, -11, 179)
(0, -11, 178)
(0, -11, 177)
(1, -11, 176)
(0, -10, 177)
(1, -10, 177)
(0, -9, 177)
(1, -9, 176)
(0, -8, 177)
(0, -8, 178)
(1, -9, 178)
(1, -9, 179)
(0, -8, 180)
(1, -8, 180)
(1, -8, 181)
(1, -8, 182)
(1, -8, 183)
(0, -8, 184)
(1, -9, 184)
(1, -9, 185)
(1, -9, 186)
(0, -8, 187)
(0, -8, 188)
(1, -9, 188)
(1, -9, 189)
(0, -8, 190)
(1, -8, 190)
(1, -8, 191)
(0, -7, 192)
(1, -7, 191)
(0, -6, 191)
(1, -6, 191)
(0, -5, 191)
(0, -5, 190)
(1, -6, 189)
(1, -6, 188)
(1, -6, 187)
(0, -5, 187)
(1, -5, 187)
(0, -4, 187)
(0, -4, 186)
(1, -4, 185)
(0, -3, 186)
(1, -3, 186)
(1, -3, 187)
(0, -2, 188)
(1, -2, 187)
(0, -1, 187)
(0, -1, 186)
(1, -2, 185)
(0, -2, 185)
(1, -3, 184)
(1, -3, 183)
(1, -3, 182)
(0, -3, 182)
(1, -4, 182)
(1, -4, 183)
(0, -4, 184)
(1, -5, 184)
(0, -5, 184)
(1, -6, 183)
(1, -6, 182)
(0, -5, 182)
(0, -5, 181)
(1, -5, 180)
(0, -4, 180)
(1, -4, 179)
(0, -3, 179)
(1, -3, 179)
(1, -3, 180)
(0, -2, 181)
(1, -2, 180)
(0, -1, 180)
(0, -1, 179)
(1, -2, 178)
(0, -2, 178)
(0, -2, 177)
(1, -2, 176)
(0, -1, 177)
(1, -1, 177)
(0, 0, 177)
(0, 0, 176)
(1, 0, 175)
(0, 1, 176)
(1, 1, 176)
(1, 1, 177)
(0, 1, 178)
(0, 1, 179)
(0, 1, 180)
(0, 1, 181)
(1, 0, 181)
(0, 0, 182)
(0, 0, 183)
(1, 0, 183)
(0, 1, 183)
(1, 1, 182)
(0, 2, 182)
(1, 2, 181)
(0, 3, 182)
(1, 3, 181)
(0, 4, 181)
(1, 4, 181)
(0, 5, 182)
(1, 5, 181)
(1, 5, 180)
(0, 6, 180)
(1, 6, 179)
(1, 6, 178)
(1, 6, 177)
(1, 6, 176)
(0, 6, 176)
(0, 6, 175)
(1, 6, 174)
(0, 7, 174)
(1, 7, 173)
(0, 8, 174)
(0, 8, 175)
(0, 8, 176)
(0, 8, 177)
(0, 8, 178)
(1, 8, 178)
(0, 9, 179)
(1, 9, 179)
(0, 10, 179)
(1, 10, 179)
(0, 11, 179)
(0, 11, 178)
(1, 11, 177)
(0, 12, 177)
(0, 12, 176)
(1, 12, 175)
(1, 12, 174)
(0, 13, 174)
(1, 13, 173)
(0, 14, 173)
(0, 14, 172)
(1, 13, 171)
(0, 13, 171)
(1, 12, 171)
(0, 12, 172)
(1, 11, 172)
(0, 11, 172)
(0, 11, 171)
(1, 11, 170)
(0, 12, 170)
(0, 12, 169)
(0, 12, 168)
(1, 12, 167)
(0, 13, 168)
(1, 13, 167)
(0, 14, 168)
(0, 14, 169)
(1, 14, 169)
(0, 15, 169)
(1, 15, 168)
(1, 15, 167)
(1, 15, 166)
(1, 15, 165)
(1, 15, 164)
(1, 15, 163)
(0, 15, 163)
(1, 14, 163)
(1, 14, 164)
(1, 14, 165)
(0, 14, 166)
(1, 13, 165)
(0, 13, 165)
(1, 12, 165)
(0, 12, 166)
(1, 11, 166)
(0, 11, 166)
(0, 11, 165)
(1, 11, 164)
(1, 11, 163)
(1, 11, 162)
(0, 12, 162)
(1, 12, 161)
(0, 13, 161)
(1, 13, 160)
(1, 13, 159)
(1, 13, 158)
(0, 13, 158)
(1, 12, 158)
(1, 12, 159)
(0, 12, 160)
(1, 11, 159)
(1, 11, 158)
(0, 11, 158)
(1, 10, 157)
(1, 10, 156)
(0, 10, 156)
(1, 9, 155)
(1, 9, 154)
(1, 9, 153)
(0, 10, 153)
(1, 10, 152)
(1, 10, 151)
(0, 10, 151)
(1, 9, 150)
(0, 9, 151)
(0, 9, 152)
(1, 8, 152)
(0, 8, 152)
(0, 8, 151)
(1, 7, 150)
(0, 7, 151)
(0, 7, 152)
(0, 7, 153)
(1, 7, 153)
(1, 7, 154)
(0, 8, 155)
(0, 8, 156)
(0, 8, 157)
(1, 8, 157)
(0, 9, 158)
(1, 9, 158)
(0, 10, 159)
(1, 10, 159)
(1, 10, 160)
(0, 10, 161)
(1, 9, 160)
(0, 9, 160)
(1, 8, 160)
(0, 8, 161)
(1, 7, 161)
(1, 7, 162)
(1, 7, 163)
(1, 7, 164)
(0, 7, 165)
(1, 6, 165)
(0, 6, 166)
(0, 6, 167)
(1, 5, 167)
(0, 5, 167)
(1, 4, 167)
(0, 4, 168)
(1, 3, 167)
(0, 3, 168)
(1, 2, 168)
(0, 2, 168)
(0, 2, 167)
(1, 1, 166)
(0, 1, 167)
(1, 0, 167)
(0, 0, 167)
(1, -1, 166)
(0, -1, 166)
(1, -2, 166)
(0, -2, 167)
(0, -2, 168)
(1, -2, 168)
(0, -1, 169)
(1, -1, 169)
(0, 0, 169)
(1, 0, 169)
(0, 1, 170)
(0, 1, 171)
(0, 1, 172)
(1, 0, 172)
(0, 0, 173)
(1, -1, 172)
(0, -1, 173)
(1, -2, 172)
(0, -2, 173)
(1, -3, 172)
(0, -3, 173)
(1, -4, 173)
(1, -4, 174)
(0, -4, 175)
(1, -5, 174)
(1, -5, 173)
(1, -5, 172)
(0, -5, 172)
(1, -6, 172)
(0, -6, 172)
(1, -7, 171)
(1, -7, 170)
(0, -6, 170)
(1, -6, 169)
(0, -5, 169)
(1, -5, 169)
(0, -4, 169)
(1, -4, 169)
(0, -3, 169)
(0, -3, 168)
(0, -3, 167)
(0, -3, 166)
(0, -3, 165)
(1, -4, 164)
(0, -4, 165)
(1, -5, 165)
(0, -5, 166)
(1, -6, 166)
(0, -6, 166)
(0, -6, 165)
(1, -6, 164)
(0, -5, 164)
(1, -5, 163)
(0, -4, 163)
(1, -4, 162)
(0, -3, 162)
(0, -3, 161)
(0, -3, 160)
(1, -3, 159)
(0, -2, 160)
(1, -2, 159)
(0, -1, 159)
(1, -1, 159)
(1, -1, 160)
(0, -1, 161)
(1, -2, 161)
(1, -2, 162)
(0, -1, 163)
(1, -1, 162)
(0, 0, 162)
(1, 0, 162)
(0, 1, 162)
(1, 1, 162)
(1, 1, 163)
(1, 1, 164)
(0, 2, 165)
(1, 2, 164)
(0, 3, 164)
(0, 3, 163)
(1, 3, 162)
(0, 4, 162)
(1, 4, 161)
(0, 5, 161)
(1, 5, 161)
(1, 5, 162)
(1, 5, 163)
(0, 6, 164)
(1, 6, 163)
(1, 6, 162)
(1, 6, 161)
(1, 6, 160)
(0, 7, 160)
(0, 7, 159)
(0, 7, 158)
(0, 7, 157)
(1, 6, 156)
(0, 6, 156)
(1, 5, 156)
(0, 5, 156)
(1, 4, 156)
(0, 4, 157)
(0, 4, 158)
(0, 4, 159)
(0, 4, 160)
(1, 3, 160)
(0, 3, 161)
(1, 2, 160)
(0, 2, 160)
(0, 2, 159)
(1, 1, 158)
(0, 1, 159)
(1, 0, 158)
(0, 0, 158)
(1, -1, 157)
(0, -1, 157)
(1, -2, 156)
(1, -2, 155)
(1, -2, 154)
(0, -2, 154)
(1, -3, 153)
(0, -3, 153)
(0, -3, 152)
(0, -3, 151)
(1, -3, 150)
(0, -2, 151)
(1, -2, 151)
(0, -1, 151)
(0, -1, 150)
(0, -1, 149)
(1, -1, 148)
(1, -1, 147)
(0, -1, 147)
(1, -2, 146)
(1, -2, 145)
(0, -1, 145)
(0, -1, 144)
(1, -1, 143)
(1, -1, 142)
(1, -1, 141)
(0, -1, 141)
(0, -1, 140)
(1, -1, 139)
(0, 0, 139)
(1, 0, 138)
(0, 1, 139)
(0, 1, 140)
(0, 1, 141)
(1, 1, 141)
(0, 2, 141)
(1, 2, 140)
(0, 3, 140)
(1, 3, 139)
(0, 4, 140)
(0, 4, 141)
(1, 4, 141)
(0, 5, 142)
(1, 5, 141)
(0, 6, 142)
(1, 6, 141)
(0, 7, 141)
(1, 7, 141)
(0, 8, 142)
(1, 8, 141)
(1, 8, 140)
(0, 9, 140)
(1, 9, 140)
(0, 10, 140)
(1, 10, 139)
(0, 11, 139)
(0, 11, 138)
(1, 10, 137)
(0, 10, 138)
(1, 9, 137)
(1, 9, 136)
(1, 9, 135)
(0, 9, 135)
(1, 8, 135)
(1, 8, 136)
(1, 8, 137)
(0, 8, 138)
(0, 8, 139)
(1, 7, 139)
(0, 7, 139)
(1, 6, 138)
(1, 6, 137)
(0, 7, 137)
(0, 7, 136)
(1, 6, 135)
(1, 6, 134)
(1, 6, 133)
(0, 7, 133)
(1, 7, 132)
(1, 7, 131)
(0, 7, 131)
(0, 7, 130)
(0, 7, 129)
(1, 7, 128)
(0, 8, 128)
(1, 8, 128)
(0, 9, 129)
(1, 9, 128)
(0, 10, 129)
(0, 10, 130)
(1, 9, 130)
(0, 9, 131)
(0, 9, 132)
(1, 9, 132)
(0, 10, 132)
(1, 10, 131)
(0, 11, 132)
(1, 11, 132)
(1, 11, 133)
(0, 12, 134)
(0, 12, 135)
(1, 12, 135)
(1, 12, 136)
(1, 12, 137)
(0, 13, 138)
(1, 13, 138)
(0, 14, 138)
(1, 14, 138)
(0, 15, 139)
(1, 15, 138)
(0, 16, 139)
(0, 16, 140)
(0, 16, 141)
(1, 15, 141)
(1, 15, 142)
(0, 15, 143)
(0, 15, 144)
(0, 15, 145)
(1, 15, 145)
(0, 16, 146)
(1, 16, 145)
(1, 16, 144)
(1, 16, 143)
(1, 16, 142)
(0, 17, 142)
(0, 17, 141)
(0, 17, 140)
(1, 17, 139)
(0, 18, 139)
(1, 18, 139)
(1, 18, 140)
(0, 19, 141)
(0, 19, 142)
(1, 18, 142)
(1, 18, 143)
(0, 19, 144)
(0, 19, 145)
(1, 19, 145)
(1, 19, 146)
(1, 19, 147)
(1, 19, 148)
(1, 19, 149)
(1, 19, 150)
(1, 19, 151)
(0, 19, 152)
(0, 19, 153)
(1, 19, 153)
(1, 19, 154)
(0, 20, 155)
(1, 20, 154)
(0, 21, 154)
(0, 21, 153)
(1, 20, 152)
(1, 20, 151)
(1, 20, 150)
(1, 20, 149)
(0, 21, 149)
(0, 21, 148)
(1, 20, 147)
(1, 20, 146)
(1, 20, 145)
(0, 21, 145)
(0, 21, 144)
(1, 21, 143)
(0, 22, 143)
(0, 22, 142)
(1, 22, 141)
(0, 23, 142)
(0, 23, 143)
(0, 23, 144)
(0, 23, 145)
(1, 22, 145)
(0, 22, 146)
(0, 22, 147)
(0, 22, 148)
(0, 22, 149)
(0, 22, 150)
(1, 22, 150)
(0, 23, 150)
(0, 23, 149)
(1, 23, 148)
(0, 24, 148)
(0, 24, 147)
(0, 24, 146)
(1, 24, 145)
(0, 25, 145)
(1, 25, 145)
(0, 26, 146)
(1, 26, 145)
(0, 27, 146)
(1, 27, 146)
(0, 28, 147)
(1, 28, 147)
(1, 28, 148)
(0, 29, 149)
(1, 29, 148)
(1, 29, 147)
(0, 30, 147)
(0, 30, 146)
(1, 29, 145)
(0, 29, 146)
(1, 28, 145)
(0, 28, 145)
(0, 28, 144)
(1, 27, 143)
(0, 27, 144)
(1, 26, 143)
(0, 26, 144)
(1, 25, 143)
(0, 25, 143)
(0, 25, 142)
(1, 24, 141)
(0, 24, 141)
(1, 23, 140)
(0, 23, 140)
(1, 22, 139)
(0, 22, 139)
(1, 21, 139)
(0, 21, 139)
(1, 20, 138)
(0, 20, 138)
(1, 19, 137)
(0, 19, 137)
(1, 18, 137)
(0, 18, 137)
(0, 18, 136)
(0, 18, 135)
(0, 18, 134)
(1, 17, 133)
(0, 17, 134)
(1, 16, 134)
(0, 16, 134)
(1, 15, 134)
(1, 15, 135)
(0, 15, 136)
(1, 14, 135)
(0, 14, 135)
(0, 14, 134)
(1, 14, 133)
(1, 14, 132)
(0, 15, 132)
(1, 15, 132)
(0, 16, 132)
(0, 16, 131)
(0, 16, 130)
(1, 15, 129)
(0, 15, 129)
(1, 14, 128)
(1, 14, 127)
(1, 14, 126)
(0, 14, 126)
(1, 13, 126)
(0, 13, 126)
(1, 12, 126)
(0, 12, 127)
(0, 12, 128)
(1, 12, 128)
(0, 13, 129)
(1, 13, 129)
(1, 13, 130)
(0, 13, 131)
(1, 12, 130)
(0, 12, 131)
(1, 11, 130)
(1, 11, 129)
(0, 11, 129)
(0, 11, 128)
(1, 10, 127)
(0, 10, 127)
(1, 9, 126)
(0, 9, 127)
(1, 8, 126)
(1, 8, 125)
(0, 9, 125)
(1, 9, 124)
(1, 9, 123)
(1, 9, 122)
(0, 10, 122)
(0, 10, 121)
(0, 10, 120)
(0, 10, 119)
(1, 10, 118)
(1, 10, 117)
(0, 11, 117)
(0, 11, 116)
(0, 11, 115)
(1, 10, 114)
(0, 10, 114)
(0, 10, 113)
(1, 9, 112)
(0, 9, 113)
(0, 9, 114)
(1, 8, 114)
(1, 8, 115)
(0, 8, 116)
(1, 7, 116)
(0, 7, 116)
(1, 6, 115)
(0, 6, 115)
(1, 5, 114)
(0, 5, 114)
(1, 4, 113)
(0, 4, 113)
(0, 4, 112)
(0, 4, 111)
(1, 3, 110)
(1, 3, 109)
(0, 4, 109)
(1, 4, 108)
(0, 5, 109)
(1, 5, 109)
(0, 6, 110)
(1, 6, 109)
(0, 7, 109)
(1, 7, 108)
(1, 7, 107)
(1, 7, 106)
(0, 8, 106)
(0, 8, 105)
(1, 8, 104)
(0, 9, 104)
(1, 9, 103)
(0, 10, 104)
(1, 10, 104)
(0, 11, 105)
(0, 11, 106)
(1, 10, 106)
(0, 10, 107)
(0, 10, 108)
(0, 10, 109)
(1, 10, 109)
(1, 10, 110)
(0, 11, 111)
(1, 11, 110)
(1, 11, 109)
(0, 12, 109)
(1, 12, 108)
(0, 13, 108)
(1, 13, 107)
(1, 13, 106)
(0, 13, 106)
(1, 12, 106)
(0, 12, 106)
(0, 12, 105)
(0, 12, 104)
(1, 12, 103)
(0, 13, 104)
(1, 13, 104)
(0, 14, 104)
(0, 14, 103)
(1, 13, 102)
(1, 13, 101)
(0, 14, 101)
(1, 14, 100)
(1, 14, 99)
(0, 14, 99)
(1, 13, 99)
(0, 13, 99)
(1, 12, 99)
(0, 12, 100)
(0, 12, 101)
(1, 11, 101)
(0, 11, 101)
(1, 10, 100)
(1, 10, 99)
(1, 10, 98)
(0, 10, 98)
(1, 9, 97)
(0, 9, 97)
(0, 9, 96)
(0, 9, 95)
(1, 9, 94)
(1, 9, 93)
(0, 10, 93)
(0, 10, 92)
(0, 10, 91)
(0, 10, 90)
(1, 9, 89)
(1, 9, 88)
(0, 10, 88)
(1, 10, 87)
(0, 11, 88)
(1, 11, 87)
(0, 12, 88)
(0, 12, 89)
(0, 12, 90)
(1, 11, 90)
(1, 11, 91)
(0, 11, 92)
(0, 11, 93)
(0, 11, 94)
(0, 11, 95)
(1, 11, 95)
(0, 12, 96)
(1, 12, 95)
(0, 13, 95)
(1, 13, 95)
(0, 14, 96)
(0, 14, 97)
(1, 14, 97)
(0, 15, 98)
(1, 15, 98)
(1, 15, 99)
(0, 16, 100)
(1, 16, 100)
(1, 16, 101)
(0, 16, 102)
(1, 15, 102)
(1, 15, 103)
(0, 16, 104)
(1, 16, 103)
(0, 17, 103)
(1, 17, 103)
(0, 18, 104)
(1, 18, 103)
(0, 19, 104)
(1, 19, 103)
(1, 19, 102)
(0, 19, 102)
(0, 19, 101)
(0, 19, 100)
(1, 19, 99)
(1, 19, 98)
(0, 19, 98)
(0, 19, 97)
(1, 19, 96)
(1, 19, 95)
(0, 20, 95)
(0, 20, 94)
(0, 20, 93)
(1, 20, 92)
(1, 20, 91)
(1, 20, 90)
(0, 21, 90)
(0, 21, 89)
(0, 21, 88)
(1, 20, 87)
(0, 20, 88)
(1, 19, 87)
(0, 19, 87)
(1, 18, 86)
(1, 18, 85)
(0, 18, 85)
(0, 18, 84)
(1, 17, 83)
(0, 17, 84)
(1, 16, 83)
(0, 16, 84)
(0, 16, 85)
(1, 16, 85)
(1, 16, 86)
(0, 17, 87)
(0, 17, 88)
(0, 17, 89)
(0, 17, 90)
(1, 17, 90)
(1, 17, 91)
(1, 17, 92)
(1, 17, 93)
(0, 17, 94)
(1, 16, 93)
(0, 16, 94)
(0, 16, 95)
(1, 16, 95)
(1, 16, 96)
(0, 16, 97)
(1, 15, 96)
(0, 15, 96)
(0, 15, 95)
(1, 14, 94)
(1, 14, 93)
(0, 14, 93)
(0, 14, 92)
(0, 14, 91)
(0, 14, 90)
(0, 14, 89)
(0, 14, 88)
(1, 13, 87)
(1, 13, 86)
(0, 14, 86)
(1, 14, 85)
(0, 15, 85)
(0, 15, 84)
(1, 14, 83)
(0, 14, 84)
(1, 13, 84)
(0, 13, 84)
(0, 13, 83)
(1, 12, 82)
(0, 12, 83)
(0, 12, 84)
(1, 11, 84)
(1, 11, 85)
(0, 11, 86)
(1, 10, 85)
(0, 10, 86)
(1, 9, 85)
(0, 9, 86)
(1, 8, 85)
(0, 8, 85)
(1, 7, 84)
(1, 7, 83)
(1, 7, 82)
(0, 8, 82)
(1, 8, 82)
(0, 9, 82)
(0, 9, 81)
(1, 9, 80)
(0, 10, 80)
(1, 10, 80)
(0, 11, 81)
(1, 11, 80)
(0, 12, 80)
(1, 12, 79)
(0, 13, 80)
(0, 13, 81)
(1, 13, 81)
(0, 14, 81)
(1, 14, 81)
(0, 15, 82)
(1, 15, 81)
(0, 16, 82)
(1, 16, 81)
(1, 16, 80)
(0, 16, 80)
(0, 16, 79)
(1, 16, 78)
(0, 17, 78)
(1, 17, 78)
(1, 17, 79)
(1, 17, 80)
(0, 18, 81)
(1, 18, 81)
(0, 19, 82)
(1, 19, 81)
(1, 19, 80)
(0, 20, 80)
(1, 20, 79)
(0, 21, 80)
(0, 21, 81)
(1, 21, 81)
(0, 22, 81)
(1, 22, 81)
(1, 22, 82)
(0, 23, 83)
(1, 23, 82)
(1, 23, 81)
(1, 23, 80)
(0, 24, 80)
(1, 24, 80)
(0, 25, 81)
(1, 25, 81)
(0, 26, 81)
(0, 26, 80)
(0, 26, 79)
(1, 26, 78)
(0, 27, 79)
(0, 27, 80)
(1, 27, 80)
(0, 28, 81)
(1, 28, 80)
(0, 29, 80)
(0, 29, 79)
(1, 28, 78)
(1, 28, 77)
(1, 28, 76)
(0, 29, 76)
(1, 29, 75)
(0, 30, 76)
(1, 30, 75)
(0, 31, 76)
(1, 31, 76)
(0, 32, 76)
(1, 32, 75)
(0, 33, 76)
(1, 33, 76)
(0, 34, 77)
(1, 34, 77)
(1, 34, 78)
(0, 35, 79)
(0, 35, 80)
(0, 35, 81)
(1, 35, 81)
(0, 36, 81)
(1, 36, 81)
(1, 36, 82)
(1, 36, 83)
(1, 36, 84)
(0, 36, 85)
(1, 35, 84)
(0, 35, 85)
(1, 34, 84)
(0, 34, 84)
(1, 33, 83)
(1, 33, 82)
(1, 33, 81)
(0, 33, 81)
(1, 32, 81)
(1, 32, 82)
(1, 32, 83)
(0, 32, 84)
(1, 31, 84)
(0, 31, 85)
(1, 30, 84)
(0, 30, 84)
(1, 29, 84)
(0, 29, 85)
(1, 28, 85)
(0, 28, 86)
(0, 28, 87)
(1, 27, 87)
(1, 27, 88)
(1, 27, 89)
(1, 27, 90)
(0, 27, 91)
(0, 27, 92)
(1, 26, 92)
(0, 26, 93)
(0, 26, 94)
(1, 25, 94)
(0, 25, 95)
(1, 24, 95)
(0, 24, 96)
(0, 24, 97)
(1, 23, 97)
(0, 23, 98)
(0, 23, 99)
(1, 22, 99)
(0, 22, 100)
(1, 21, 100)
(1, 21, 101)
(0, 22, 102)
(0, 22, 103)
(1, 21, 103)
(1, 21, 104)
(1, 21, 105)
(0, 21, 106)
(1, 20, 105)
(0, 20, 105)
(1, 19, 105)
(1, 19, 106)
(0, 20, 107)
(0, 20, 108)
(1, 19, 108)
(0, 19, 108)
(1, 18, 108)
(0, 18, 109)
(0, 18, 110)
(1, 17, 110)
(1, 17, 111)
(0, 18, 112)
(0, 18, 113)
(0, 18, 114)
(1, 17, 114)
(1, 17, 115)
(0, 17, 116)
(1, 16, 116)
(0, 16, 116)
(0, 16, 115)
(1, 16, 114)
(1, 16, 113)
(1, 16, 112)
(0, 16, 112)
(1, 15, 112)
(1, 15, 113)
(0, 15, 114)
(1, 14, 113)
(0, 14, 114)
(0, 14, 115)
(1, 14, 115)
(1, 14, 116)
(0, 14, 117)
(0, 14, 118)
(1, 14, 118)
(1, 14, 119)
(0, 14, 120)
(1, 13, 120)
(1, 13, 121)
(0, 14, 122)
(1, 14, 122)
(0, 15, 123)
(1, 15, 123)
(0, 16, 123)
(0, 16, 122)
(0, 16, 121)
(0, 16, 120)
(0, 16, 119)
(1, 16, 118)
(0, 17, 118)
(1, 17, 117)
(0, 18, 118)
(0, 18, 119)
(1, 18, 119)
(0, 19, 119)
(1, 19, 118)
(1, 19, 117)
(0, 19, 117)
(1, 18, 116)
(1, 18, 115)
(0, 19, 115)
(1, 19, 115)
(0, 20, 115)
(1, 20, 115)
(0, 21, 116)
(1, 21, 116)
(0, 22, 117)
(0, 22, 118)
(0, 22, 119)
(0, 22, 120)
(0, 22, 121)
(1, 21, 121)
(1, 21, 122)
(1, 21, 123)
(0, 21, 124)
(0, 21, 125)
(1, 21, 125)
(0, 22, 125)
(1, 22, 124)
(1, 22, 123)
(0, 23, 123)
(1, 23, 123)
(1, 23, 124)
(0, 24, 125)
(0, 24, 126)
(1, 24, 126)
(0, 25, 126)
(1, 25, 126)
(1, 25, 127)
(0, 25, 128)
(1, 24, 128)
(0, 24, 128)
(1, 23, 128)
(0, 23, 128)
(1, 22, 128)
(0, 22, 129)
(1, 21, 128)
(0, 21, 128)
(1, 20, 128)
(0, 20, 129)
(0, 20, 130)
(1, 20, 130)
(1, 20, 131)
(0, 20, 132)
(1, 19, 132)
(1, 19, 133)
(0, 20, 134)
(1, 20, 134)
(0, 21, 135)
(0, 21, 136)
(1, 21, 136)
(0, 22, 137)
(1, 22, 136)
(1, 22, 135)
(1, 22, 134)
(0, 23, 134)
(1, 23, 134)
(0, 24, 135)
(1, 24, 134)
(0, 25, 135)
(1, 25, 135)
(0, 26, 136)
(1, 26, 136)
(0, 27, 137)
(0, 27, 138)
(1, 27, 138)
(0, 28, 138)
(0, 28, 137)
(1, 28, 136)
(1, 28, 135)
(1, 28, 134)
(0, 29, 134)
(1, 29, 133)
(0, 30, 134)
(1, 30, 133)
(0, 31, 134)
(0, 31, 135)
(0, 31, 136)
(1, 30, 136)
(0, 30, 136)
(1, 29, 136)
(1, 29, 137)
(0, 29, 138)
(0, 29, 139)
(1, 28, 139)
(0, 28, 140)
(0, 28, 141)
(0, 28, 142)
(1, 28, 142)
(0, 29, 142)
(0, 29, 141)
(1, 29, 140)
(0, 30, 140)
(1, 30, 139)
(0, 31, 140)
(1, 31, 140)
(0, 32, 141)
(1, 32, 141)
(0, 33, 142)
(1, 33, 141)
(0, 34, 142)
(1, 34, 141)
(1, 34, 140)
(1, 34, 139)
(1, 34, 138)
(1, 34, 137)
(0, 35, 137)
(1, 35, 137)
(0, 36, 137)
(0, 36, 136)
(1, 36, 135)
(0, 37, 136)
(1, 37, 135)
(0, 38, 136)
(1, 38, 136)
(0, 39, 136)
(0, 39, 135)
(0, 39, 134)
(0, 39, 133)
(0, 39, 132)
(0, 39, 131)
(0, 39, 130)
(0, 39, 129)
(0, 39, 128)
(1, 39, 127)
(1, 39, 126)
(1, 39, 125)
(0, 39, 125)
(1, 38, 124)
(0, 38, 125)
(1, 37, 124)
(0, 37, 124)
(0, 37, 123)
(1, 37, 122)
(0, 38, 123)
(1, 38, 122)
(0, 39, 122)
(1, 39, 121)
(0, 40, 121)
(1, 40, 120)
(1, 40, 119)
(0, 41, 119)
(1, 41, 119)
(1, 41, 120)
(0, 42, 121)
(0, 42, 122)
(1, 41, 122)
(0, 41, 122)
(1, 40, 122)
(1, 40, 123)
(1, 40, 124)
(1, 40, 125)
(1, 40, 126)
(1, 40, 127)
(1, 40, 128)
(0, 40, 129)
(0, 40, 130)
(1, 40, 130)
(0, 41, 131)
(0, 41, 132)
(0, 41, 133)
(1, 41, 133)
(0, 42, 134)
(1, 42, 134)
(1, 42, 135)
(0, 43, 136)
(1, 43, 135)
(1, 43, 134)
(1, 43, 133)
(1, 43, 132)
(0, 43, 132)
(1, 42, 131)
(1, 42, 130)
(0, 42, 130)
(0, 42, 129)
(1, 41, 128)
(1, 41, 127)
(0, 42, 127)
(1, 42, 127)
(0, 43, 128)
(1, 43, 127)
(0, 44, 127)
(1, 44, 127)
(0, 45, 128)
(1, 45, 128)
(0, 46, 129)
(1, 46, 128)
(0, 47, 129)
(1, 47, 129)
(1, 47, 130)
(0, 48, 131)
(1, 48, 130)
(1, 48, 129)
(1, 48, 128)
(0, 49, 128)
(1, 49, 127)
(0, 50, 128)
(0, 50, 129)
(1, 49, 129)
(1, 49, 130)
(1, 49, 131)
(1, 49, 132)
(1, 49, 133)
(0, 49, 134)
(0, 49, 135)
(1, 48, 135)
(1, 48, 136)
(0, 49, 137)
(0, 49, 138)
(1, 49, 138)
(0, 50, 138)
(1, 50, 137)
(0, 51, 138)
(1, 51, 137)
(1, 51, 136)
(1, 51, 135)
(0, 52, 135)
(1, 52, 135)
(0, 53, 136)
(0, 53, 137)
(0, 53, 138)
(0, 53, 139)
(0, 53, 140)
(1, 53, 140)
(0, 54, 140)
(0, 54, 139)
(0, 54, 138)
(0, 54, 137)
(1, 54, 136)
(0, 55, 137)
(0, 55, 138)
(1, 55, 138)
(0, 56, 139)
(1, 56, 138)
(1, 56, 137)
(1, 56, 136)
(1, 56, 135)
(1, 56, 134)
(1, 56, 133)
(0, 57, 133)
(1, 57, 132)
(0, 58, 132)
(1, 58, 132)
(0, 59, 133)
(1, 59, 133)
(0, 60, 134)
(0, 60, 135)
(1, 59, 135)
(0, 59, 136)
(1, 58, 135)
(1, 58, 134)
(0, 58, 134)
(1, 57, 134)
(1, 57, 135)
(1, 57, 136)
(1, 57, 137)
(0, 58, 138)
(1, 58, 138)
(0, 59, 139)
(1, 59, 139)
(0, 60, 139)
(1, 60, 138)
(0, 61, 139)
(1, 61, 138)
(0, 62, 139)
(1, 62, 139)
(0, 63, 139)
(1, 63, 138)
(0, 64, 138)
(1, 64, 138)
(0, 65, 139)
(0, 65, 140)
(1, 65, 140)
(0, 66, 141)
(0, 66, 142)
(1, 66, 142)
(0, 67, 142)
(0, 67, 141)
(1, 67, 140)
(1, 67, 139)
(0, 67, 139)
(1, 66, 139)
(0, 66, 139)
(0, 66, 138)
(1, 65, 137)
(0, 65, 137)
(0, 65, 136)
(1, 64, 135)
(1, 64, 134)
(1, 64, 133)
(0, 64, 133)
(1, 63, 133)
(0, 63, 134)
(0, 63, 135)
(0, 63, 136)
(0, 63, 137)
(1, 62, 137)
(0, 62, 137)
(0, 62, 136)
(0, 62, 135)
(0, 62, 134)
(1, 61, 133)
(1, 61, 132)
(0, 62, 132)
(0, 62, 131)
(1, 62, 130)
(0, 63, 131)
(1, 63, 130)
(0, 64, 130)
(1, 64, 130)
(1, 64, 131)
(0, 65, 132)
(1, 65, 131)
(0, 66, 131)
(0, 66, 130)
(1, 65, 129)
(1, 65, 128)
(0, 65, 128)
(1, 64, 127)
(0, 64, 128)
(1, 63, 127)
(0, 63, 127)
(1, 62, 127)
(0, 62, 128)
(1, 61, 127)
(0, 61, 127)
(0, 61, 126)
(0, 61, 125)
(1, 60, 124)
(1, 60, 123)
(0, 61, 123)
(1, 61, 123)
(0, 62, 123)
(0, 62, 122)
(0, 62, 121)
(0, 62, 120)
(1, 62, 119)
(1, 62, 118)
(0, 63, 118)
(1, 63, 118)
(0, 64, 118)
(1, 64, 117)
(1, 64, 116)
(0, 64, 116)
(1, 63, 115)
(1, 63, 114)
(0, 64, 114)
(1, 64, 113)
(1, 64, 112)
(0, 65, 112)
(1, 65, 111)
(1, 65, 110)
(0, 65, 110)
(1, 64, 110)
(0, 64, 111)
(1, 63, 111)
(0, 63, 111)
(1, 62, 110)
(1, 62, 109)
(1, 62, 108)
(0, 62, 108)
(1, 61, 107)
(0, 61, 108)
(1, 60, 107)
(0, 60, 108)
(1, 59, 107)
(0, 59, 108)
(1, 58, 107)
(0, 58, 108)
(0, 58, 109)
(1, 57, 109)
(0, 57, 109)
(1, 56, 109)
(0, 56, 110)
(0, 56, 111)
(0, 56, 112)
(1, 56, 112)
(1, 56, 113)
(1, 56, 114)
(1, 56, 115)
(1, 56, 116)
(0, 57, 117)
(1, 57, 116)
(1, 57, 115)
(1, 57, 114)
(1, 57, 113)
(1, 57, 112)
(0, 58, 112)
(1, 58, 112)
(0, 59, 113)
(1, 59, 113)
(1, 59, 114)
(0, 59, 115)
(1, 58, 115)
(1, 58, 116)
(0, 59, 117)
(1, 59, 116)
(0, 60, 116)
(1, 60, 115)
(0, 61, 116)
(1, 61, 116)
(1, 61, 117)
(0, 61, 118)
(1, 60, 117)
(0, 60, 118)
(0, 60, 119)
(1, 59, 119)
(0, 59, 120)
(1, 58, 119)
(0, 58, 119)
(1, 57, 118)
(0, 57, 119)
(0, 57, 120)
(0, 57, 121)
(1, 57, 121)
(1, 57, 122)
(1, 57, 123)
(1, 57, 124)
(1, 57, 125)
(0, 58, 126)
(1, 58, 125)
(1, 58, 124)
(0, 59, 124)
(1, 59, 124)
(1, 59, 125)
(0, 60, 126)
(0, 60, 127)
(1, 59, 127)
(0, 59, 127)
(1, 58, 127)
(0, 58, 128)
(0, 58, 129)
(1, 57, 129)
(1, 57, 130)
(0, 57, 131)
(1, 56, 131)
(0, 56, 131)
(1, 55, 131)
(1, 55, 132)
(1, 55, 133)
(0, 55, 134)
(1, 54, 133)
(1, 54, 132)
(0, 54, 132)
(1, 53, 131)
(0, 53, 132)
(0, 53, 133)
(1, 52, 133)
(0, 52, 133)
(0, 52, 132)
(1, 51, 131)
(1, 51, 130)
(0, 52, 130)
(1, 52, 129)
(0, 53, 130)
(1, 53, 129)
(0, 54, 129)
(0, 54, 128)
(0, 54, 127)
(0, 54, 126)
(1, 53, 125)
(1, 53, 124)
(0, 54, 124)
(1, 54, 123)
(1, 54, 122)
(0, 55, 122)
(0, 55, 121)
(1, 54, 120)
(1, 54, 119)
(0, 54, 119)
(0, 54, 118)
(0, 54, 117)
(1, 53, 116)
(0, 53, 116)
(1, 52, 115)
(0, 52, 116)
(1, 51, 116)
(0, 51, 116)
(1, 50, 115)
(0, 50, 115)
(1, 49, 114)
(1, 49, 113)
(0, 50, 113)
(0, 50, 112)
(0, 50, 111)
(1, 50, 110)
(0, 51, 110)
(0, 51, 109)
(1, 50, 108)
(1, 50, 107)
(1, 50, 106)
(1, 50, 105)
(0, 51, 105)
(0, 51, 104)
(1, 51, 103)
(0, 52, 104)
(1, 52, 103)
(0, 53, 104)
(1, 53, 103)
(0, 54, 104)
(1, 54, 104)
(1, 54, 105)
(0, 55, 106)
(1, 55, 106)
(0, 56, 106)
(1, 56, 106)
(0, 57, 106)
(1, 57, 106)
(0, 58, 106)
(1, 58, 105)
(0, 59, 105)
(1, 59, 105)
(0, 60, 105)
(0, 60, 104)
(0, 60, 103)
(1, 60, 102)
(1, 60, 101)
(0, 61, 101)
(0, 61, 100)
(1, 60, 99)
(0, 60, 100)
(1, 59, 100)
(0, 59, 100)
(0, 59, 99)
(1, 58, 98)
(1, 58, 97)
(0, 59, 97)
(1, 59, 97)
(0, 60, 97)
(1, 60, 97)
(0, 61, 97)
(1, 61, 96)
(1, 61, 95)
(1, 61, 94)
(0, 62, 94)
(1, 62, 94)
(1, 62, 95)
(0, 63, 96)
(0, 63, 97)
(0, 63, 98)
(1, 62, 98)
(1, 62, 99)
(0, 63, 100)
(1, 63, 100)
(1, 63, 101)
(1, 63, 102)
(1, 63, 103)
(0, 63, 104)
(0, 63, 105)
(0, 63, 106)
(1, 63, 106)
(0, 64, 106)
(1, 64, 106)
(0, 65, 107)
(1, 65, 106)
(0, 66, 107)
(1, 66, 106)
(0, 67, 107)
(1, 67, 107)
(0, 68, 107)
(0, 68, 106)
(1, 67, 105)
(0, 67, 105)
(1, 66, 104)
(0, 66, 105)
(1, 65, 104)
(1, 65, 103)
(0, 65, 103)
(1, 64, 102)
(1, 64, 101)
(0, 65, 101)
(0, 65, 100)
(1, 65, 99)
(1, 65, 98)
(0, 66, 98)
(1, 66, 98)
(0, 67, 98)
(0, 67, 97)
(0, 67, 96)
(1, 66, 95)
(1, 66, 94)
(0, 67, 94)
(0, 67, 93)
(0, 67, 92)
(0, 67, 91)
(0, 67, 90)
(1, 67, 89)
(1, 67, 88)
(0, 67, 88)
(0, 67, 87)
(0, 67, 86)
(0, 67, 85)
(0, 67, 84)
(1, 67, 83)
(0, 68, 84)
(0, 68, 85)
(0, 68, 86)
(1, 68, 86)
(0, 69, 87)
(1, 69, 86)
(0, 70, 86)
(1, 70, 85)
(0, 71, 85)
(1, 71, 85)
(0, 72, 85)
(0, 72, 84)
(1, 72, 83)
(0, 73, 83)
(1, 73, 83)
(0, 74, 83)
(1, 74, 83)
(0, 75, 84)
(0, 75, 85)
(1, 75, 85)
(1, 75, 86)
(0, 75, 87)
(1, 74, 86)
(0, 74, 87)
(1, 73, 86)
(0, 73, 87)
(0, 73, 88)
(1, 73, 88)
(1, 73, 89)
(0, 74, 90)
(1, 74, 90)
(0, 75, 90)
(1, 75, 89)
(0, 76, 89)
(0, 76, 88)
(1, 76, 87)
(0, 77, 87)
(0, 77, 86)
(0, 77, 85)
(1, 76, 84)
(1, 76, 83)
(0, 76, 83)
(1, 75, 82)
(1, 75, 81)
(0, 75, 81)
(1, 74, 80)
(0, 74, 81)
(1, 73, 81)
(0, 73, 81)
(0, 73, 80)
(1, 73, 79)
(1, 73, 78)
(1, 73, 77)
(0, 73, 77)
(1, 72, 77)
(1, 72, 78)
(0, 72, 79)
(0, 72, 80)
(1, 71, 80)
(1, 71, 81)
(0, 71, 82)
(1, 70, 81)
(0, 70, 81)
(1, 69, 80)
(1, 69, 79)
(0, 69, 79)
(1, 68, 78)
(0, 68, 79)
(1, 67, 79)
(0, 67, 80)
(1, 66, 80)
(0, 66, 81)
(1, 65, 81)
(0, 65, 82)
(1, 64, 81)
(0, 64, 81)
(1, 63, 81)
(0, 63, 82)
(1, 62, 82)
(0, 62, 83)
(1, 61, 83)
(0, 61, 84)
(0, 61, 85)
(1, 61, 85)
(0, 62, 86)
(1, 62, 86)
(0, 63, 87)
(1, 63, 87)
(1, 63, 88)
(0, 64, 89)
(0, 64, 90)
(1, 63, 90)
(0, 63, 90)
(1, 62, 89)
(0, 62, 89)
(1, 61, 88)
(1, 61, 87)
(0, 61, 87)
(1, 60, 87)
(0, 60, 88)
(1, 59, 87)
(0, 59, 88)
(1, 58, 88)
(0, 58, 89)
(0, 58, 90)
(1, 57, 90)
(0, 57, 90)
(1, 56, 90)
(1, 56, 91)
(0, 57, 92)
(1, 57, 92)
(0, 58, 92)
(1, 58, 92)
(0, 59, 93)
(1, 59, 93)
(0, 60, 93)
(1, 60, 93)
(1, 60, 94)
(0, 60, 95)
(1, 59, 95)
(0, 59, 95)
(1, 58, 95)
(0, 58, 95)
(1, 57, 95)
(0, 57, 95)
(1, 56, 94)
(1, 56, 93)
(0, 56, 93)
(1, 55, 93)
(0, 55, 94)
(0, 55, 95)
(0, 55, 96)
(0, 55, 97)
(1, 54, 97)
(0, 54, 98)
(1, 53, 97)
(0, 53, 98)
(0, 53, 99)
(1, 53, 99)
(1, 53, 100)
(0, 53, 101)
(1, 52, 100)
(0, 52, 100)
(1, 51, 100)
(0, 51, 101)
(1, 50, 101)
(1, 50, 102)
(0, 50, 103)
(1, 49, 103)
(0, 49, 103)
(1, 48, 103)
(0, 48, 104)
(0, 48, 105)
(1, 47, 105)
(0, 47, 105)
(0, 47, 104)
(0, 47, 103)
(1, 47, 102)
(0, 48, 102)
(0, 48, 101)
(0, 48, 100)
(0, 48, 99)
(1, 47, 98)
(0, 47, 98)
(1, 46, 98)
(0, 46, 98)
(1, 45, 97)
(0, 45, 98)
(0, 45, 99)
(0, 45, 100)
(1, 44, 100)
(0, 44, 100)
(1, 43, 100)
(0, 43, 101)
(0, 43, 102)
(1, 42, 102)
(1, 42, 103)
(1, 42, 104)
(0, 43, 105)
(1, 43, 105)
(0, 44, 106)
(0, 44, 107)
(1, 43, 107)
(0, 43, 108)
(1, 42, 107)
(0, 42, 108)
(0, 42, 109)
(1, 41, 109)
(0, 41, 110)
(1, 40, 109)
(0, 40, 110)
(0, 40, 111)
(1, 39, 111)
(1, 39, 112)
(0, 39, 113)
(0, 39, 114)
(0, 39, 115)
(1, 39, 115)
(1, 39, 116)
(1, 39, 117)
(0, 39, 118)
(1, 38, 118)
(1, 38, 119)
(1, 38, 120)
(0, 38, 121)
(1, 37, 120)
(0, 37, 121)
(1, 36, 121)
(0, 36, 121)
(1, 35, 120)
(0, 35, 120)
(1, 34, 120)
(0, 34, 120)
(0, 34, 119)
(0, 34, 118)
(0, 34, 117)
(1, 33, 116)
(0, 33, 116)
(1, 32, 115)
(0, 32, 116)
(0, 32, 117)
(1, 32, 117)
(0, 33, 118)
(0, 33, 119)
(1, 32, 119)
(0, 32, 120)
(1, 31, 120)
(1, 31, 121)
(0, 32, 122)
(1, 32, 121)
(0, 33, 121)
(1, 33, 121)
(1, 33, 122)
(1, 33, 123)
(0, 34, 124)
(0, 34, 125)
(1, 34, 125)
(1, 34, 126)
(0, 34, 127)
(1, 33, 126)
(0, 33, 127)
(1, 32, 126)
(0, 32, 127)
(1, 31, 126)
(0, 31, 127)
(0, 31, 128)
(0, 31, 129)
(1, 30, 129)
(1, 30, 130)
(0, 30, 131)
(1, 29, 131)
(0, 29, 131)
(1, 28, 131)
(0, 28, 131)
(1, 27, 131)
(1, 27, 132)
(1, 27, 133)
(1, 27, 134)
(0, 27, 135)
(1, 26, 134)
(0, 26, 134)
(0, 26, 133)
(1, 25, 132)
(0, 25, 133)
(1, 24, 132)
(1, 24, 131)
(1, 24, 130)
(0, 25, 130)
(1, 25, 129)
(0, 26, 130)
(1, 26, 129)
(1, 26, 128)
(1, 26, 127)
(0, 27, 127)
(1, 27, 126)
(0, 28, 127)
(1, 28, 127)
(0, 29, 128)
(1, 29, 128)
(0, 30, 128)
(0, 30, 127)
(1, 29, 126)
(1, 29, 125)
(1, 29, 124)
(0, 29, 124)
(1, 28, 124)
(0, 28, 124)
(0, 28, 123)
(1, 27, 122)
(0, 27, 122)
(1, 26, 122)
(0, 26, 123)
(1, 25, 122)
(0, 25, 122)
(1, 24, 122)
(0, 24, 122)
(0, 24, 121)
(1, 23, 120)
(1, 23, 119)
(1, 23, 118)
(0, 23, 118)
(0, 23, 117)
(0, 23, 116)
(1, 22, 115)
(1, 22, 114)
(0, 22, 114)
(1, 21, 113)
(1, 21, 112)
(0, 22, 112)
(1, 22, 112)
(0, 23, 113)
(1, 23, 112)
(0, 24, 113)
(0, 24, 114)
(1, 24, 114)
(0, 25, 115)
(1, 25, 114)
(0, 26, 114)
(1, 26, 113)
(1, 26, 112)
(0, 26, 112)
(0, 26, 111)
(1, 26, 110)
(0, 27, 110)
(1, 27, 109)
(0, 28, 109)
(1, 28, 108)
(0, 29, 108)
(1, 29, 108)
(0, 30, 109)
(0, 30, 110)
(1, 30, 110)
(0, 31, 110)
(1, 31, 110)
(0, 32, 110)
(1, 32, 110)
(0, 33, 111)
(0, 33, 112)
(1, 33, 112)
(0, 34, 113)
(0, 34, 114)
(1, 34, 114)
(0, 35, 115)
(1, 35, 114)
(0, 36, 115)
(1, 36, 114)
(0, 37, 114)
(1, 37, 114)
(0, 38, 114)
(0, 38, 113)
(1, 37, 112)
(1, 37, 111)
(0, 38, 111)
(0, 38, 110)
(1, 38, 109)
(1, 38, 108)
(1, 38, 107)
(0, 38, 107)
(1, 37, 107)
(1, 37, 108)
(0, 37, 109)
(0, 37, 110)
(1, 36, 110)
(0, 36, 110)
(1, 35, 110)
(0, 35, 110)
(1, 34, 109)
(0, 34, 109)
(1, 33, 108)
(1, 33, 107)
(0, 34, 107)
(1, 34, 106)
(0, 35, 106)
(1, 35, 106)
(0, 36, 107)
(1, 36, 106)
(1, 36, 105)
(1, 36, 104)
(1, 36, 103)
(0, 37, 103)
(1, 37, 102)
(1, 37, 101)
(1, 37, 100)
(0, 38, 100)
(0, 38, 99)
(0, 38, 98)
(1, 37, 97)
(1, 37, 96)
(1, 37, 95)
(1, 37, 94)
(0, 38, 94)
(1, 38, 94)
(0, 39, 95)
(1, 39, 95)
(0, 40, 95)
(1, 40, 94)
(0, 41, 95)
(1, 41, 95)
(1, 41, 96)
(1, 41, 97)
(1, 41, 98)
(1, 41, 99)
(0, 42, 100)
(1, 42, 99)
(1, 42, 98)
(1, 42, 97)
(0, 43, 97)
(1, 43, 96)
(0, 44, 96)
(1, 44, 96)
(0, 45, 96)
(1, 45, 95)
(0, 46, 96)
(1, 46, 95)
(1, 46, 94)
(0, 47, 94)
(1, 47, 94)
(1, 47, 95)
(1, 47, 96)
(0, 48, 97)
(1, 48, 97)
(0, 49, 97)
(0, 49, 96)
(0, 49, 95)
(0, 49, 94)
(1, 48, 93)
(1, 48, 92)
(1, 48, 91)
(1, 48, 90)
(0, 48, 90)
(0, 48, 89)
(0, 48, 88)
(0, 48, 87)
(0, 48, 86)
(1, 47, 85)
(0, 47, 85)
(1, 46, 85)
(0, 46, 85)
(1, 45, 84)
(0, 45, 84)
(1, 44, 83)
(1, 44, 82)
(0, 45, 82)
(1, 45, 82)
(0, 46, 82)
(1, 46, 81)
(1, 46, 80)
(0, 46, 80)
(1, 45, 79)
(1, 45, 78)
(0, 45, 78)
(1, 44, 77)
(0, 44, 77)
(1, 43, 77)
(0, 43, 78)
(0, 43, 79)
(0, 43, 80)
(0, 43, 81)
(0, 43, 82)
(1, 42, 82)
(0, 42, 82)
(0, 42, 81)
(1, 41, 80)
(0, 41, 81)
(1, 40, 80)
(0, 40, 81)
(1, 39, 80)
(1, 39, 79)
(1, 39, 78)
(1, 39, 77)
(0, 39, 77)
(0, 39, 76)
(1, 39, 75)
(1, 39, 74)
(1, 39, 73)
(0, 40, 73)
(1, 40, 73)
(1, 40, 74)
(1, 40, 75)
(1, 40, 76)
(0, 41, 77)
(1, 41, 76)
(1, 41, 75)
(0, 42, 75)
(0, 42, 74)
(1, 41, 73)
(1, 41, 72)
(0, 41, 72)
(0, 41, 71)
(1, 40, 70)
(0, 40, 70)
(1, 39, 69)
(0, 39, 70)
(1, 38, 70)
(0, 38, 71)
(0, 38, 72)
(0, 38, 73)
(1, 37, 73)
(1, 37, 74)
(0, 37, 75)
(0, 37, 76)
(1, 37, 76)
(1, 37, 77)
(0, 37, 78)
(1, 36, 77)
(0, 36, 77)
(1, 35, 76)
(0, 35, 76)
(1, 34, 75)
(0, 34, 75)
(1, 33, 74)
(1, 33, 73)
(0, 33, 73)
(1, 32, 73)
(0, 32, 74)
(1, 31, 73)
(1, 31, 72)
(0, 32, 72)
(0, 32, 71)
(1, 31, 70)
(0, 31, 71)
(1, 30, 70)
(0, 30, 71)
(1, 29, 70)
(1, 29, 69)
(1, 29, 68)
(1, 29, 67)
(0, 30, 67)
(1, 30, 66)
(0, 31, 66)
(1, 31, 66)
(0, 32, 66)
(0, 32, 65)
(1, 31, 64)
(0, 31, 64)
(1, 30, 64)
(0, 30, 65)
(1, 29, 65)
(0, 29, 66)
(1, 28, 65)
(0, 28, 66)
(1, 27, 66)
(0, 27, 67)
(0, 27, 68)
(1, 27, 68)
(1, 27, 69)
(0, 27, 70)
(1, 26, 70)
(0, 26, 70)
(1, 25, 70)
(0, 25, 71)
(1, 24, 70)
(1, 24, 69)
(0, 25, 69)
(1, 25, 68)
(1, 25, 67)
(0, 25, 67)
(1, 24, 67)
(0, 24, 68)
(1, 23, 68)
(1, 23, 69)
(1, 23, 70)
(1, 23, 71)
(0, 23, 72)
(1, 22, 71)
(1, 22, 70)
(0, 22, 70)
(1, 21, 69)
(1, 21, 68)
(0, 21, 68)
(0, 21, 67)
(1, 20, 66)
(0, 20, 66)
(1, 19, 66)
(1, 19, 67)
(1, 19, 68)
(0, 20, 69)
(1, 20, 69)
(1, 20, 70)
(1, 20, 71)
(0, 21, 72)
(1, 21, 72)
(1, 21, 73)
(1, 21, 74)
(0, 22, 75)
(0, 22, 76)
(0, 22, 77)
(0, 22, 78)
(1, 21, 78)
(0, 21, 78)
(0, 21, 77)
(0, 21, 76)
(1, 20, 75)
(1, 20, 74)
(0, 20, 74)
(0, 20, 73)
(1, 19, 72)
(1, 19, 71)
(0, 19, 71)
(1, 18, 70)
(0, 18, 70)
(0, 18, 69)
(1, 17, 68)
(1, 17, 67)
(1, 17, 66)
(0, 18, 66)
(0, 18, 65)
(0, 18, 64)
(0, 18, 63)
(1, 18, 62)
(1, 18, 61)
(0, 19, 61)
(1, 19, 60)
(0, 20, 60)
(1, 20, 60)
(1, 20, 61)
(1, 20, 62)
(1, 20, 63)
(1, 20, 64)
(0, 21, 65)
(1, 21, 64)
(1, 21, 63)
(0, 22, 63)
(1, 22, 62)
(1, 22, 61)
(1, 22, 60)
(1, 22, 59)
(0, 22, 59)
(1, 21, 58)
(0, 21, 59)
(1, 20, 58)
(1, 20, 57)
(1, 20, 56)
(0, 20, 56)
(1, 19, 56)
(0, 19, 56)
(1, 18, 56)
(0, 18, 56)
(1, 17, 56)
(0, 17, 57)
(1, 16, 56)
(1, 16, 55)
(1, 16, 54)
(1, 16, 53)
(0, 17, 53)
(1, 17, 52)
(0, 18, 53)
(1, 18, 53)
(0, 19, 54)
(1, 19, 54)
(0, 20, 54)
(1, 20, 54)
(0, 21, 54)
(0, 21, 53)
(0, 21, 52)
(1, 21, 51)
(0, 22, 52)
(1, 22, 51)
(0, 23, 51)
(1, 23, 50)
(1, 23, 49)
(0, 24, 49)
(1, 24, 49)
(1, 24, 50)
(0, 25, 51)
(1, 25, 50)
(0, 26, 51)
(0, 26, 52)
(1, 25, 52)
(0, 25, 53)
(1, 24, 53)
(0, 24, 53)
(1, 23, 52)
(0, 23, 53)
(0, 23, 54)
(1, 23, 54)
(1, 23, 55)
(0, 23, 56)
(1, 22, 56)
(1, 22, 57)
(0, 23, 58)
(1, 23, 57)
(0, 24, 57)
(1, 24, 57)
(0, 25, 57)
(1, 25, 56)
(1, 25, 55)
(1, 25, 54)
(0, 26, 54)
(1, 26, 54)
(0, 27, 54)
(1, 27, 53)
(0, 28, 53)
(0, 28, 52)
(0, 28, 51)
(1, 27, 50)
(1, 27, 49)
(0, 28, 49)
(1, 28, 48)
(0, 29, 49)
(1, 29, 48)
(0, 30, 48)
(1, 30, 48)
(0, 31, 49)
(0, 31, 50)
(0, 31, 51)
(1, 31, 51)
(1, 31, 52)
(0, 31, 53)
(1, 30, 52)
(0, 30, 53)
(1, 29, 53)
(0, 29, 54)
(1, 28, 54)
(0, 28, 55)
(1, 27, 55)
(1, 27, 56)
(0, 28, 57)
(1, 28, 56)
(0, 29, 56)
(1, 29, 56)
(0, 30, 56)
(1, 30, 55)
(0, 31, 55)
(1, 31, 54)
(0, 32, 54)
(1, 32, 54)
(1, 32, 55)
(0, 33, 56)
(1, 33, 55)
(1, 33, 54)
(1, 33, 53)
(0, 33, 53)
(0, 33, 52)
(1, 33, 51)
(0, 34, 51)
(1, 34, 51)
(0, 35, 51)
(0, 35, 50)
(1, 35, 49)
(0, 36, 50)
(1, 36, 49)
(0, 37, 50)
(1, 37, 49)
(0, 38, 49)
(1, 38, 48)
(1, 38, 47)
(1, 38, 46)
(0, 39, 46)
(0, 39, 45)
(1, 39, 44)
(0, 40, 44)
(1, 40, 43)
(1, 40, 42)
(0, 40, 42)
(0, 40, 41)
(0, 40, 40)
(0, 40, 39)
(1, 39, 38)
(0, 39, 39)
(1, 38, 38)
(1, 38, 37)
(0, 39, 37)
(1, 39, 36)
(0, 40, 36)
(1, 40, 36)
(0, 41, 36)
(1, 41, 35)
(1, 41, 34)
(0, 41, 34)
(0, 41, 33)
(1, 41, 32)
(0, 42, 33)
(1, 42, 33)
(0, 43, 34)
(1, 43, 33)
(0, 44, 33)
(0, 44, 32)
(1, 44, 31)
(0, 45, 32)
(0, 45, 33)
(1, 45, 33)
(0, 46, 33)
(0, 46, 32)
(1, 46, 31)
(0, 47, 32)
(0, 47, 33)
(1, 47, 33)
(1, 47, 34)
(0, 48, 35)
(1, 48, 34)
(1, 48, 33)
(0, 49, 33)
(1, 49, 33)
(0, 50, 33)
(1, 50, 33)
(0, 51, 34)
(1, 51, 33)
(0, 52, 34)
(1, 52, 34)
(0, 53, 35)
(0, 53, 36)
(0, 53, 37)
(0, 53, 38)
(0, 53, 39)
(1, 53, 39)
(0, 54, 39)
(1, 54, 39)
(0, 55, 40)
(1, 55, 39)
(1, 55, 38)
(1, 55, 37)
(0, 56, 37)
(0, 56, 36)
(1, 56, 35)
(0, 57, 35)
(1, 57, 35)
(0, 58, 35)
(1, 58, 35)
(1, 58, 36)
(0, 58, 37)
(1, 57, 37)
(0, 57, 38)
(1, 56, 38)
(1, 56, 39)
(0, 57, 40)
(0, 57, 41)
(1, 57, 41)
(1, 57, 42)
(0, 57, 43)
(0, 57, 44)
(1, 57, 44)
(0, 58, 44)
(1, 58, 44)
(0, 59, 44)
(0, 59, 43)
(1, 59, 42)
(1, 59, 41)
(0, 60, 41)
(1, 60, 41)
(1, 60, 42)
(1, 60, 43)
(0, 61, 44)
(1, 61, 43)
(1, 61, 42)
(1, 61, 41)
(1, 61, 40)
(1, 61, 39)
(0, 62, 39)
(1, 62, 38)
(0, 63, 39)
(1, 63, 38)
(0, 64, 39)
(1, 64, 39)
(0, 65, 39)
(0, 65, 38)
(1, 64, 37)
(0, 64, 37)
(0, 64, 36)
(0, 64, 35)
(1, 63, 34)
(0, 63, 35)
(1, 62, 34)
(0, 62, 35)
(1, 61, 35)
(0, 61, 35)
(0, 61, 34)
(1, 61, 33)
(1, 61, 32)
(1, 61, 31)
(0, 61, 31)
(1, 60, 30)
(1, 60, 29)
(0, 61, 29)
(1, 61, 28)
(1, 61, 27)
(0, 61, 27)
(1, 60, 27)
(0, 60, 27)
(0, 60, 26)
(1, 59, 25)
(0, 59, 25)
(1, 58, 24)
(1, 58, 23)
(1, 58, 22)
(1, 58, 21)
(0, 59, 21)
(1, 59, 20)
(0, 60, 20)
(1, 60, 20)
(0, 61, 21)
(0, 61, 22)
(1, 61, 22)
(0, 62, 22)
(1, 62, 22)
(0, 63, 22)
(0, 63, 21)
(0, 63, 20)
(0, 63, 19)
(1, 62, 18)
(0, 62, 19)
(1, 61, 18)
(0, 61, 18)
(1, 60, 17)
(0, 60, 17)
(0, 60, 16)
(0, 60, 15)
(0, 60, 14)
(1, 60, 13)
(1, 60, 12)
(1, 60, 11)
(0, 61, 11)
(1, 61, 10)
(1, 61, 9)
(0, 62, 9)
(1, 62, 9)
(1, 62, 10)
(1, 62, 11)
(0, 63, 12)
(1, 63, 12)
(0, 64, 12)
(1, 64, 11)
(1, 64, 10)
(0, 64, 10)
(0, 64, 9)
(1, 63, 8)
(1, 63, 7)
(1, 63, 6)
(0, 63, 6)
(1, 62, 5)
(0, 62, 6)
(1, 61, 5)
(0, 61, 6)
(1, 60, 6)
(1, 60, 7)
(0, 60, 8)
(1, 59, 7)
(0, 59, 8)
(1, 58, 7)
(0, 58, 7)
(0, 58, 6)
(1, 57, 5)
(1, 57, 4)
(0, 57, 4)
(1, 56, 4)
(0, 56, 5)
(1, 55, 5)
(1, 55, 6)
(0, 55, 7)
(0, 55, 8)
(0, 55, 9)
(1, 54, 9)
(0, 54, 9)
(1, 53, 8)
(0, 53, 9)
(0, 53, 10)
(0, 53, 11)
(1, 53, 11)
(0, 54, 11)
(1, 54, 11)
(0, 55, 11)
(1, 55, 11)
(1, 55, 12)
(0, 56, 13)
(1, 56, 12)
(1, 56, 11)
(1, 56, 10)
(0, 57, 10)
(1, 57, 10)
(0, 58, 11)
(1, 58, 11)
(0, 59, 11)
(1, 59, 11)
(1, 59, 12)
(0, 59, 13)
(0, 59, 14)
(0, 59, 15)
(0, 59, 16)
(1, 58, 16)
(1, 58, 17)
(1, 58, 18)
(0, 58, 19)
(1, 57, 19)
(0, 57, 20)
(1, 56, 19)
(1, 56, 18)
(1, 56, 17)
(1, 56, 16)
(0, 56, 16)
(1, 55, 15)
(1, 55, 14)
(0, 55, 14)
(1, 54, 14)
(1, 54, 15)
(1, 54, 16)
(1, 54, 17)
(0, 54, 18)
(1, 53, 17)
(0, 53, 18)
(1, 52, 18)
(1, 52, 19)
(0, 53, 20)
(0, 53, 21)
(1, 52, 21)
(0, 52, 21)
(1, 51, 20)
(0, 51, 20)
(0, 51, 19)
(1, 50, 18)
(0, 50, 19)
(1, 49, 18)
(0, 49, 18)
(1, 48, 18)
(0, 48, 18)
(0, 48, 17)
(0, 48, 16)
(0, 48, 15)
(0, 48, 14)
(1, 48, 13)
(0, 49, 14)
(0, 49, 15)
(1, 49, 15)
(1, 49, 16)
(0, 50, 17)
(1, 50, 16)
(0, 51, 17)
(1, 51, 16)
(1, 51, 15)
(0, 51, 15)
(0, 51, 14)
(0, 51, 13)
(0, 51, 12)
(1, 51, 11)
(1, 51, 10)
(0, 51, 10)
(1, 50, 9)
(0, 50, 9)
(1, 49, 9)
(1, 49, 10)
(1, 49, 11)
(0, 49, 12)
(1, 48, 11)
(0, 48, 11)
(0, 48, 10)
(1, 47, 9)
(0, 47, 10)
(1, 46, 9)
(0, 46, 10)
(0, 46, 11)
(1, 46, 11)
(1, 46, 12)
(1, 46, 13)
(1, 46, 14)
(1, 46, 15)
(0, 46, 16)
(1, 45, 15)
(1, 45, 14)
(1, 45, 13)
(1, 45, 12)
(0, 45, 12)
(0, 45, 11)
(1, 44, 10)
(1, 44, 9)
(1, 44, 8)
(0, 44, 8)
(1, 43, 8)
(0, 43, 8)
(0, 43, 7)
(1, 42, 6)
(1, 42, 5)
(0, 43, 5)
(0, 43, 4)
(1, 42, 3)
(0, 42, 3)
(1, 41, 2)
(0, 41, 3)
(0, 41, 4)
(1, 40, 4)
(0, 40, 5)
(1, 39, 4)
(0, 39, 4)
(1, 38, 3)
(0, 38, 4)
(1, 37, 3)
(0, 37, 3)
(0, 37, 2)
(1, 36, 1)
(1, 36, 0)
(0, 36, 0)
(0, 36, -1)
(0, 36, -2)
(0, 36, -3)
(0, 36, -4)
(1, 36, -5)
(0, 37, -5)
(1, 37, -6)
(1, 37, -7)
(1, 37, -8)
(0, 37, -8)
(0, 37, -9)
(1, 37, -10)
(0, 38, -10)
(1, 38, -10)
(1, 38, -9)
(1, 38, -8)
(1, 38, -7)
(0, 39, -6)
(1, 39, -6)
(0, 40, -6)
(0, 40, -7)
(1, 39, -8)
(1, 39, -9)
(0, 40, -9)
(1, 40, -9)
(0, 41, -8)
(1, 41, -8)
(1, 41, -7)
(1, 41, -6)
(0, 42, -5)
(1, 42, -5)
(0, 43, -4)
(1, 43, -4)
(0, 44, -4)
(1, 44, -4)
(1, 44, -3)
(0, 44, -2)
(0, 44, -1)
(0, 44, 0)
(0, 44, 1)
(1, 44, 1)
(0, 45, 2)
(1, 45, 1)
(0, 46, 2)
(0, 46, 3)
(1, 45, 3)
(1, 45, 4)
(1, 45, 5)
(0, 46, 6)
(0, 46, 7)
(1, 46, 7)
(0, 47, 8)
(1, 47, 7)
(0, 48, 7)
(0, 48, 6)
(0, 48, 5)
(0, 48, 4)
(1, 48, 3)
(0, 49, 4)
(0, 49, 5)
(0, 49, 6)
(0, 49, 7)
(1, 49, 7)
(0, 50, 7)
(1, 50, 6)
(1, 50, 5)
(1, 50, 4)
(0, 50, 4)
(0, 50, 3)
(1, 49, 2)
(1, 49, 1)
(0, 49, 1)
(1, 48, 0)
(0, 48, 0)
(1, 47, -1)
(1, 47, -2)
(0, 48, -2)
(1, 48, -2)
(0, 49, -2)
(1, 49, -3)
(1, 49, -4)
(1, 49, -5)
(0, 49, -5)
(1, 48, -6)
(1, 48, -7)
(0, 48, -7)
(0, 48, -8)
(1, 47, -9)
(0, 47, -8)
(1, 46, -9)
(0, 46, -8)
(1, 45, -8)
(1, 45, -7)
(0, 46, -6)
(1, 46, -7)
(0, 47, -6)
(1, 47, -6)
(1, 47, -5)
(1, 47, -4)
(0, 47, -3)
(1, 46, -4)
(0, 46, -3)
(1, 45, -4)
(1, 45, -5)
(0, 45, -5)
(1, 44, -6)
(1, 44, -7)
(1, 44, -8)
(1, 44, -9)
(0, 45, -9)
(0, 45, -10)
(1, 44, -11)
(0, 44, -10)
(1, 43, -11)
(0, 43, -11)
(1, 42, -12)
(0, 42, -12)
(1, 41, -13)
(0, 41, -13)
(1, 40, -14)
(0, 40, -13)
(1, 39, -13)
(0, 39, -12)
(1, 38, -13)
(0, 38, -13)
(0, 38, -14)
(1, 37, -15)
(0, 37, -15)
(0, 37, -16)
(1, 37, -17)
(1, 37, -18)
(0, 37, -18)
(1, 36, -18)
(0, 36, -17)
(1, 35, -18)
(1, 35, -19)
(0, 35, -19)
(0, 35, -20)
(1, 34, -21)
(0, 34, -20)
(0, 34, -19)
(0, 34, -18)
(0, 34, -17)
(1, 34, -17)
(1, 34, -16)
(1, 34, -15)
(0, 35, -14)
(1, 35, -14)
(0, 36, -14)
(1, 36, -14)
(0, 37, -13)
(0, 37, -12)
(1, 36, -12)
(0, 36, -12)
(1, 35, -12)
(0, 35, -11)
(1, 34, -12)
(0, 34, -12)
(0, 34, -13)
(1, 33, -14)
(0, 33, -13)
(0, 33, -12)
(0, 33, -11)
(1, 33, -11)
(0, 34, -10)
(1, 34, -10)
(0, 35, -9)
(1, 35, -9)
(1, 35, -8)
(0, 35, -7)
(1, 34, -7)
(0, 34, -7)
(0, 34, -8)
(1, 33, -9)
(0, 33, -8)
(0, 33, -7)
(0, 33, -6)
(1, 33, -6)
(0, 34, -5)
(0, 34, -4)
(0, 34, -3)
(1, 34, -3)
(1, 34, -2)
(0, 34, -1)
(0, 34, 0)
(0, 34, 1)
(0, 34, 2)
(0, 34, 3)
(0, 34, 4)
(1, 33, 4)
(0, 33, 4)
(0, 33, 3)
(1, 32, 2)
(1, 32, 1)
(0, 33, 1)
(0, 33, 0)
(1, 32, -1)
(1, 32, -2)
(0, 32, -2)
(1, 31, -2)
(1, 31, -1)
(0, 31, 0)
(0, 31, 1)
(1, 31, 1)
(1, 31, 2)
(0, 31, 3)
(1, 30, 2)
(0, 30, 2)
(1, 29, 1)
(0, 29, 2)
(0, 29, 3)
(1, 28, 3)
(0, 28, 4)
(1, 27, 4)
(1, 27, 5)
(0, 27, 6)
(1, 26, 6)
(0, 26, 6)
(1, 25, 5)
(1, 25, 4)
(0, 26, 4)
(1, 26, 3)
(0, 27, 3)
(0, 27, 2)
(1, 27, 1)
(1, 27, 0)
(0, 28, 0)
(1, 28, -1)
(0, 29, -1)
(1, 29, -2)
(1, 29, -3)
(0, 29, -3)
(1, 28, -3)
(0, 28, -3)
(1, 27, -4)
(0, 27, -4)
(1, 26, -4)
(0, 26, -4)
(1, 25, -5)
(0, 25, -5)
(1, 24, -5)
(1, 24, -4)
(1, 24, -3)
(1, 24, -2)
(1, 24, -1)
(0, 25, 0)
(0, 25, 1)
(1, 24, 1)
(0, 24, 2)
(0, 24, 3)
(0, 24, 4)
(1, 24, 4)
(1, 24, 5)
(0, 24, 6)
(1, 23, 5)
(0, 23, 5)
(0, 23, 4)
(0, 23, 3)
(0, 23, 2)
(0, 23, 1)
(0, 23, 0)
(1, 22, -1)
(0, 22, -1)
(1, 21, -1)
(0, 21, 0)
(1, 20, 0)
(1, 20, 1)
(1, 20, 2)
(0, 20, 3)
(0, 20, 4)
(0, 20, 5)
(0, 20, 6)
(1, 20, 6)
(1, 20, 7)
(0, 20, 8)
(1, 19, 8)
(0, 19, 9)
(1, 18, 9)
(0, 18, 9)
(0, 18, 8)
(1, 18, 7)
(1, 18, 6)
(0, 19, 6)
(0, 19, 5)
(0, 19, 4)
(0, 19, 3)
(0, 19, 2)
(1, 19, 1)
(1, 19, 0)
(0, 19, 0)
(0, 19, -1)
(1, 18, -2)
(0, 18, -1)
(0, 18, 0)
(1, 17, 0)
(1, 17, 1)
(0, 18, 2)
(0, 18, 3)
(1, 17, 3)
(0, 17, 4)
(1, 16, 3)
(1, 16, 2)
(0, 16, 2)
(1, 15, 1)
(1, 15, 0)
(0, 15, 0)
(0, 15, -1)
(1, 15, -2)
(0, 16, -1)
(1, 16, -2)
(1, 16, -3)
(0, 17, -3)
(1, 17, -4)
(0, 18, -4)
(0, 18, -5)
(0, 18, -6)
(1, 17, -7)
(0, 17, -7)
(1, 16, -8)
(0, 16, -7)
(1, 15, -8)
(0, 15, -7)
(0, 15, -6)
(1, 14, -6)
(1, 14, -5)
(1, 14, -4)
(1, 14, -3)
(0, 14, -2)
(1, 13, -2)
(1, 13, -1)
(0, 13, 0)
(0, 13, 1)
(0, 13, 2)
(1, 13, 2)
(0, 14, 3)
(1, 14, 3)
(0, 15, 3)
(1, 15, 3)
(1, 15, 4)
(0, 16, 5)
(0, 16, 6)
(0, 16, 7)
(1, 15, 7)
(0, 15, 8)
(1, 14, 8)
(1, 14, 9)
(0, 15, 10)
(0, 15, 11)
(1, 14, 11)
(1, 14, 12)
(0, 14, 13)
(0, 14, 14)
(1, 13, 14)
(0, 13, 15)
(1, 12, 14)
(0, 12, 14)
(0, 12, 13)
(1, 11, 12)
(0, 11, 12)
(0, 11, 11)
(1, 11, 10)
(0, 12, 11)
(1, 12, 10)
(0, 13, 10)
(0, 13, 9)
(1, 13, 8)
(1, 13, 7)
(0, 13, 7)
(1, 12, 7)
(0, 12, 7)
(1, 11, 7)
(0, 11, 8)
(1, 10, 7)
(1, 10, 6)
(0, 10, 6)
(1, 9, 6)
(0, 9, 6)
(0, 9, 5)
(1, 8, 4)
(1, 8, 3)
(0, 9, 3)
(1, 9, 2)
(1, 9, 1)
(1, 9, 0)
(0, 10, 0)
(0, 10, -1)
(1, 10, -2)
(0, 11, -1)
(1, 11, -2)
(1, 11, -3)
(0, 11, -3)
(1, 10, -4)
(0, 10, -4)
(1, 9, -5)
(0, 9, -4)
(1, 8, -5)
(1, 8, -6)
(0, 8, -6)
(1, 7, -7)
(1, 7, -8)
(0, 8, -8)
(1, 8, -8)
(0, 9, -7)
(1, 9, -7)
(0, 10, -7)
(1, 10, -7)
(0, 11, -6)
(1, 11, -7)
(0, 12, -7)
(1, 12, -8)
(1, 12, -9)
(0, 12, -9)
(0, 12, -10)
(1, 11, -11)
(0, 11, -10)
(1, 10, -11)
(0, 10, -10)
(1, 9, -10)
(0, 9, -9)
(1, 8, -10)
(1, 8, -11)
(0, 9, -11)
(1, 9, -12)
(0, 10, -12)
(1, 10, -13)
(1, 10, -14)
(0, 10, -14)
(1, 9, -15)
(0, 9, -15)
(0, 9, -16)
(1, 8, -17)
(1, 8, -18)
(0, 8, -18)
(0, 8, -19)
(0, 8, -20)
(1, 8, -21)
(1, 8, -22)
(1, 8, -23)
(1, 8, -24)
(0, 9, -24)
(0, 9, -25)
(1, 8, -26)
(1, 8, -27)
(1, 8, -28)
(0, 8, -28)
(1, 7, -29)
(0, 7, -29)
(1, 6, -30)
(0, 6, -30)
(0, 6, -31)
(0, 6, -32)
(0, 6, -33)
(1, 5, -34)
(1, 5, -35)
(0, 6, -35)
(1, 6, -35)
(0, 7, -34)
(0, 7, -33)
(0, 7, -32)
(1, 7, -32)
(0, 8, -31)
(1, 8, -32)
(0, 9, -32)
(0, 9, -33)
(0, 9, -34)
(1, 9, -35)
(0, 10, -35)
(0, 10, -36)
(0, 10, -37)
(1, 9, -38)
(1, 9, -39)
(1, 9, -40)
(0, 10, -40)
(1, 10, -41)
(0, 11, -40)
(1, 11, -40)
(0, 12, -40)
(1, 12, -40)
(1, 12, -39)
(0, 12, -38)
(1, 11, -38)
(0, 11, -37)
(0, 11, -36)
(1, 11, -36)
(0, 12, -36)
(1, 12, -37)
(0, 13, -36)
(1, 13, -36)
(0, 14, -36)
(1, 14, -36)
(0, 15, -36)
(1, 15, -37)
(1, 15, -38)
(1, 15, -39)
(0, 15, -39)
(0, 15, -40)
(1, 15, -41)
(0, 16, -40)
(1, 16, -41)
(0, 17, -41)
(1, 17, -42)
(0, 18, -41)
(1, 18, -42)
(0, 19, -41)
(1, 19, -41)
(0, 20, -41)
(1, 20, -41)
(1, 20, -40)
(0, 20, -39)
(1, 19, -39)
(0, 19, -39)
(1, 18, -40)
(0, 18, -39)
(1, 17, -39)
(0, 17, -39)
(1, 16, -39)
(1, 16, -38)
(0, 17, -37)
(1, 17, -37)
(1, 17, -36)
(1, 17, -35)
(1, 17, -34)
(1, 17, -33)
(1, 17, -32)
(0, 18, -31)
(0, 18, -30)
(1, 17, -30)
(1, 17, -29)
(0, 17, -28)
(0, 17, -27)
(1, 16, -27)
(1, 16, -26)
(1, 16, -25)
(0, 16, -24)
(0, 16, -23)
(1, 16, -23)
(0, 17, -22)
(1, 17, -22)
(0, 18, -21)
(1, 18, -21)
(0, 19, -21)
(1, 19, -21)
(0, 20, -20)
(1, 20, -21)
(0, 21, -20)
(0, 21, -19)
(1, 21, -19)
(0, 22, -18)
(1, 22, -19)
(0, 23, -19)
(0, 23, -20)
(0, 23, -21)
(1, 23, -22)
(0, 24, -21)
(1, 24, -21)
(1, 24, -20)
(0, 24, -19)
(0, 24, -18)
(1, 23, -18)
(1, 23, -17)
(0, 23, -16)
(0, 23, -15)
(0, 23, -14)
(0, 23, -13)
(1, 22, -13)
(1, 22, -12)
(0, 22, -11)
(1, 21, -12)
(0, 21, -11)
(1, 20, -12)
(0, 20, -12)
(1, 19, -13)
(1, 19, -14)
(0, 20, -14)
(1, 20, -14)
(0, 21, -14)
(1, 21, -14)
(0, 22, -14)
(0, 22, -15)
(1, 21, -16)
(1, 21, -17)
(0, 21, -17)
(1, 20, -17)
(0, 20, -17)
(1, 19, -18)
(1, 19, -19)
(0, 19, -19)
(1, 18, -19)
(0, 18, -18)
(1, 17, -18)
(0, 17, -17)
(1, 16, -17)
(0, 16, -16)
(0, 16, -15)
(1, 15, -15)
(0, 15, -14)
(0, 15, -13)
(1, 14, -13)
(1, 14, -12)
(0, 15, -11)
(1, 15, -12)
(0, 16, -11)
(0, 16, -10)
(1, 16, -10)
(0, 17, -10)
(1, 17, -11)
(1, 17, -12)
(1, 17, -13)
(1, 17, -14)
(0, 18, -14)
(1, 18, -14)
(1, 18, -13)
(1, 18, -12)
(0, 19, -11)
(0, 19, -10)
(1, 19, -10)
(0, 20, -9)
(1, 20, -10)
(0, 21, -9)
(1, 21, -10)
(0, 22, -9)
(1, 22, -9)
(0, 23, -9)
(0, 23, -10)
(1, 23, -11)
(0, 24, -11)
(1, 24, -11)
(0, 25, -10)
(1, 25, -11)
(1, 25, -12)
(1, 25, -13)
(0, 26, -13)
(1, 26, -14)
(0, 27, -13)
(1, 27, -13)
(0, 28, -12)
(0, 28, -11)
(1, 28, -11)
(1, 28, -10)
(0, 28, -9)
(0, 28, -8)
(0, 28, -7)
(0, 28, -6)
(0, 28, -5)
(1, 28, -5)
(0, 29, -5)
(1, 29, -6)
(1, 29, -7)
(1, 29, -8)
(1, 29, -9)
(1, 29, -10)
(0, 30, -10)
(1, 30, -11)
(0, 31, -10)
(1, 31, -11)
(1, 31, -12)
(0, 32, -12)
(0, 32, -13)
(0, 32, -14)
(1, 31, -15)
(1, 31, -16)
(1, 31, -17)
(1, 31, -18)
(0, 32, -18)
(0, 32, -19)
(0, 32, -20)
(1, 31, -21)
(0, 31, -20)
(1, 30, -21)
(1, 30, -22)
(0, 30, -22)
(0, 30, -23)
(1, 29, -24)
(1, 29, -25)
(0, 30, -25)
(0, 30, -26)
(1, 29, -27)
(0, 29, -26)
(1, 28, -26)
(1, 28, -25)
(1, 28, -24)
(1, 28, -23)
(0, 29, -22)
(0, 29, -21)
(1, 29, -21)
(1, 29, -20)
(1, 29, -19)
(1, 29, -18)
(0, 29, -17)
(0, 29, -16)
(1, 29, -16)
(1, 29, -15)
(0, 29, -14)
(1, 28, -14)
(0, 28, -14)
(0, 28, -15)
(1, 27, -16)
(0, 27, -15)
(1, 26, -16)
(0, 26, -16)
(0, 26, -17)
(1, 25, -18)
(1, 25, -19)
(0, 26, -19)
(1, 26, -19)
(0, 27, -19)
(0, 27, -20)
(1, 26, -21)
(1, 26, -22)
(1, 26, -23)
(1, 26, -24)
(0, 26, -24)
(1, 25, -24)
(0, 25, -23)
(1, 24, -23)
(0, 24, -23)
(1, 23, -24)
(0, 23, -24)
(1, 22, -25)
(1, 22, -26)
(1, 22, -27)
(1, 22, -28)
(0, 23, -28)
(1, 23, -28)
(0, 24, -27)
(1, 24, -28)
(0, 25, -28)
(0, 25, -29)
(1, 24, -30)
(0, 24, -30)
(1, 23, -31)
(1, 23, -32)
(0, 24, -32)
(1, 24, -33)
(0, 25, -33)
(1, 25, -33)
(0, 26, -33)
(0, 26, -34)
(1, 25, -35)
(0, 25, -35)
(0, 25, -36)
(0, 25, -37)
(1, 25, -38)
(0, 26, -37)
(0, 26, -36)
(1, 26, -36)
(0, 27, -35)
(0, 27, -34)
(1, 27, -34)
(0, 28, -34)
(0, 28, -35)
(0, 28, -36)
(1, 28, -37)
(0, 29, -37)
(1, 29, -37)
(0, 30, -37)
(0, 30, -38)
(0, 30, -39)
(1, 30, -40)
(0, 31, -39)
(1, 31, -40)
(0, 32, -40)
(1, 32, -41)
(0, 33, -41)
(1, 33, -41)
(1, 33, -40)
(1, 33, -39)
(0, 34, -38)
(1, 34, -38)
(0, 35, -37)
(1, 35, -38)
(0, 36, -37)
(0, 36, -36)
(1, 35, -36)
(0, 35, -35)
(0, 35, -34)
(1, 35, -34)
(1, 35, -33)
(1, 35, -32)
(1, 35, -31)
(1, 35, -30)
(1, 35, -29)
(0, 35, -28)
(1, 34, -28)
(0, 34, -28)
(1, 33, -28)
(1, 33, -27)
(0, 34, -26)
(1, 34, -26)
(0, 35, -25)
(1, 35, -26)
(0, 36, -26)
(1, 36, -26)
(0, 37, -25)
(0, 37, -24)
(1, 36, -24)
(0, 36, -23)
(1, 35, -23)
(1, 35, -22)
(0, 36, -21)
(1, 36, -22)
(0, 37, -22)
(1, 37, -23)
(0, 38, -23)
(0, 38, -24)
(0, 38, -25)
(1, 38, -26)
(0, 39, -26)
(1, 39, -27)
(0, 40, -26)
(0, 40, -25)
(1, 40, -25)
(1, 40, -24)
(0, 40, -23)
(1, 39, -23)
(0, 39, -22)
(1, 38, -22)
(1, 38, -21)
(0, 39, -20)
(1, 39, -21)
(0, 40, -20)
(1, 40, -20)
(1, 40, -19)
(0, 40, -18)
(0, 40, -17)
(1, 40, -17)
(0, 41, -16)
(1, 41, -17)
(0, 42, -17)
(0, 42, -18)
(1, 42, -19)
(0, 43, -18)
(1, 43, -18)
(1, 43, -17)
(0, 44, -16)
(1, 44, -17)
(1, 44, -18)
(1, 44, -19)
(1, 44, -20)
(0, 45, -20)
(0, 45, -21)
(0, 45, -22)
(0, 45, -23)
(1, 44, -24)
(1, 44, -25)
(0, 44, -25)
(1, 43, -26)
(0, 43, -26)
(0, 43, -27)
(0, 43, -28)
(1, 42, -29)
(1, 42, -30)
(1, 42, -31)
(1, 42, -32)
(0, 43, -32)
(0, 43, -33)
(1, 42, -34)
(1, 42, -35)
(1, 42, -36)
(0, 42, -36)
(1, 41, -37)
(0, 41, -37)
(1, 40, -38)
(0, 40, -37)
(1, 39, -37)
(0, 39, -37)
(0, 39, -38)
(1, 39, -39)
(1, 39, -40)
(0, 39, -40)
(1, 38, -41)
(1, 38, -42)
(0, 38, -42)
(1, 37, -42)
(0, 37, -41)
(1, 36, -41)
(0, 36, -40)
(1, 35, -41)
(1, 35, -42)
(0, 36, -42)
(1, 36, -43)
(0, 37, -43)
(1, 37, -44)
(1, 37, -45)
(0, 37, -45)
(1, 36, -45)
(0, 36, -44)
(1, 35, -45)
(0, 35, -45)
(1, 34, -46)
(1, 34, -47)
(1, 34, -48)
(0, 35, -48)
(1, 35, -49)
(1, 35, -50)
(0, 36, -50)
(0, 36, -51)
(0, 36, -52)
(1, 35, -53)
(0, 35, -53)
(1, 34, -54)
(0, 34, -53)
(1, 33, -54)
(0, 33, -54)
(0, 33, -55)
(1, 32, -56)
(1, 32, -57)
(0, 32, -57)
(0, 32, -58)
(1, 31, -59)
(0, 31, -59)
(0, 31, -60)
(1, 30, -61)
(0, 30, -60)
(1, 29, -60)
(0, 29, -60)
(1, 28, -61)
(0, 28, -61)
(0, 28, -62)
(0, 28, -63)
(1, 27, -64)
(0, 27, -63)
(1, 26, -63)
(0, 26, -63)
(1, 25, -63)
(1, 25, -62)
(1, 25, -61)
(1, 25, -60)
(0, 25, -59)
(1, 24, -60)
(1, 24, -61)
(1, 24, -62)
(1, 24, -63)
(1, 24, -64)
(0, 25, -64)
(1, 25, -65)
(1, 25, -66)
(0, 26, -66)
(1, 26, -67)
(0, 27, -67)
(1, 27, -67)
(1, 27, -66)
(0, 28, -65)
(1, 28, -66)
(0, 29, -65)
(1, 29, -66)
(0, 30, -65)
(0, 30, -64)
(1, 30, -64)
(0, 31, -63)
(1, 31, -63)
(0, 32, -62)
(1, 32, -62)
(0, 33, -61)
(0, 33, -60)
(1, 33, -60)
(0, 34, -59)
(1, 34, -60)
(0, 35, -60)
(1, 35, -60)
(0, 36, -60)
(0, 36, -61)
(1, 35, -62)
(0, 35, -62)
(0, 35, -63)
(1, 35, -64)
(0, 36, -63)
(1, 36, -64)
(1, 36, -65)
(1, 36, -66)
(0, 36, -66)
(1, 35, -66)
(0, 35, -66)
(0, 35, -67)
(1, 35, -68)
(1, 35, -69)
(1, 35, -70)
(0, 36, -70)
(1, 36, -70)
(0, 37, -69)
(1, 37, -70)
(0, 38, -69)
(1, 38, -70)
(1, 38, -71)
(1, 38, -72)
(1, 38, -73)
(0, 39, -73)
(1, 39, -73)
(0, 40, -72)
(0, 40, -71)
(0, 40, -70)
(1, 39, -70)
(1, 39, -69)
(1, 39, -68)
(0, 39, -67)
(0, 39, -66)
(1, 38, -66)
(1, 38, -65)
(1, 38, -64)
(0, 39, -63)
(1, 39, -63)
(0, 40, -62)
(1, 40, -62)
(0, 41, -61)
(1, 41, -61)
(0, 42, -60)
(1, 42, -61)
(1, 42, -62)
(0, 42, -62)
(0, 42, -63)
(0, 42, -64)
(0, 42, -65)
(1, 42, -66)
(1, 42, -67)
(0, 42, -67)
(1, 41, -67)
(0, 41, -67)
(0, 41, -68)
(0, 41, -69)
(1, 41, -70)
(0, 42, -70)
(1, 42, -71)
(0, 43, -71)
(1, 43, -72)
(0, 44, -71)
(1, 44, -71)
(0, 45, -70)
(1, 45, -70)
(0, 46, -69)
(0, 46, -68)
(0, 46, -67)
(1, 46, -67)
(0, 47, -67)
(1, 47, -68)
(0, 48, -68)
(1, 48, -68)
(0, 49, -67)
(1, 49, -67)
(0, 50, -67)
(0, 50, -68)
(1, 49, -69)
(0, 49, -69)
(1, 48, -70)
(0, 48, -70)
(0, 48, -71)
(1, 47, -72)
(1, 47, -73)
(1, 47, -74)
(1, 47, -75)
(0, 47, -75)
(1, 46, -76)
(0, 46, -75)
(1, 45, -76)
(0, 45, -76)
(1, 44, -77)
(0, 44, -77)
(1, 43, -78)
(1, 43, -79)
(1, 43, -80)
(1, 43, -81)
(1, 43, -82)
(1, 43, -83)
(0, 44, -83)
(1, 44, -84)
(1, 44, -85)
(0, 44, -85)
(1, 43, -85)
(0, 43, -85)
(1, 42, -85)
(0, 42, -85)
(1, 41, -86)
(0, 41, -86)
(1, 40, -86)
(1, 40, -85)
(0, 40, -84)
(1, 39, -85)
(0, 39, -85)
(1, 38, -85)
(0, 38, -84)
(1, 37, -84)
(1, 37, -83)
(0, 38, -82)
(1, 38, -82)
(0, 39, -82)
(1, 39, -82)
(1, 39, -81)
(0, 40, -80)
(0, 40, -79)
(0, 40, -78)
(0, 40, -77)
(0, 40, -76)
(1, 39, -76)
(0, 39, -75)
(1, 38, -75)
(0, 38, -74)
(1, 37, -74)
(0, 37, -74)
(1, 36, -74)
(0, 36, -74)
(1, 35, -75)
(1, 35, -76)
(0, 35, -76)
(1, 34, -76)
(0, 34, -76)
(0, 34, -77)
(1, 33, -78)
(0, 33, -78)
(1, 32, -78)
(0, 32, -78)
(1, 31, -79)
(1, 31, -80)
(0, 32, -80)
(1, 32, -81)
(0, 33, -81)
(1, 33, -81)
(0, 34, -80)
(0, 34, -79)
(1, 34, -79)
(0, 35, -79)
(1, 35, -79)
(0, 36, -79)
(1, 36, -80)
(1, 36, -81)
(1, 36, -82)
(0, 36, -82)
(0, 36, -83)
(1, 35, -84)
(0, 35, -83)
(1, 34, -83)
(0, 34, -82)
(1, 33, -83)
(1, 33, -84)
(1, 33, -85)
(0, 33, -85)
(1, 32, -85)
(0, 32, -84)
(0, 32, -83)
(1, 31, -83)
(0, 31, -83)
(1, 30, -83)
(0, 30, -82)
(1, 29, -83)
(0, 29, -82)
(1, 28, -83)
(1, 28, -84)
(0, 28, -84)
(0, 28, -85)
(0, 28, -86)
(1, 28, -87)
(0, 29, -87)
(1, 29, -87)
(0, 30, -87)
(1, 30, -87)
(0, 31, -87)
(0, 31, -88)
(1, 30, -89)
(1, 30, -90)
(0, 30, -90)
(1, 29, -91)
(0, 29, -90)
(1, 28, -90)
(0, 28, -90)
(1, 27, -90)
(0, 27, -89)
(1, 26, -90)
(0, 26, -89)
(0, 26, -88)
(0, 26, -87)
(0, 26, -86)
(0, 26, -85)
(0, 26, -84)
(1, 25, -84)
(0, 25, -83)
(1, 24, -84)
(0, 24, -84)
(1, 23, -84)
(0, 23, -83)
(1, 22, -84)
(0, 22, -84)
(0, 22, -85)
(0, 22, -86)
(1, 22, -87)
(0, 23, -87)
(0, 23, -88)
(1, 23, -89)
(0, 24, -88)
(1, 24, -88)
(0, 25, -88)
(0, 25, -89)
(0, 25, -90)
(1, 24, -91)
(0, 24, -91)
(1, 23, -92)
(0, 23, -91)
(0, 23, -90)
(1, 22, -90)
(0, 22, -90)
(0, 22, -91)
(1, 21, -92)
(0, 21, -91)
(1, 20, -92)
(0, 20, -92)
(0, 20, -93)
(1, 19, -94)
(1, 19, -95)
(0, 19, -95)
(0, 19, -96)
(1, 19, -97)
(1, 19, -98)
(0, 20, -98)
(0, 20, -99)
(1, 19, -100)
(0, 19, -99)
(1, 18, -99)
(0, 18, -99)
(1, 17, -100)
(0, 17, -100)
(1, 16, -100)
(1, 16, -99)
(0, 16, -98)
(0, 16, -97)
(1, 15, -97)
(0, 15, -96)
(0, 15, -95)
(0, 15, -94)
(1, 14, -94)
(0, 14, -94)
(1, 13, -94)
(1, 13, -93)
(0, 13, -92)
(1, 12, -92)
(0, 12, -92)
(0, 12, -93)
(0, 12, -94)
(1, 11, -95)
(0, 11, -94)
(1, 10, -94)
(0, 10, -93)
(1, 9, -94)
(0, 9, -93)
(1, 8, -93)
(0, 8, -92)
(1, 7, -92)
(1, 7, -91)
(0, 8, -90)
(1, 8, -90)
(0, 9, -90)
(1, 9, -90)
(0, 10, -90)
(1, 10, -91)
(0, 11, -91)
(1, 11, -91)
(1, 11, -90)
(1, 11, -89)
(1, 11, -88)
(1, 11, -87)
(0, 11, -86)
(1, 10, -87)
(0, 10, -86)
(0, 10, -85)
(1, 9, -85)
(0, 9, -85)
(1, 8, -85)
(1, 8, -84)
(1, 8, -83)
(1, 8, -82)
(0, 9, -81)
(0, 9, -80)
(1, 9, -80)
(0, 10, -79)
(1, 10, -79)
(0, 11, -79)
(1, 11, -80)
(1, 11, -81)
(0, 12, -81)
(1, 12, -82)
(0, 13, -82)
(0, 13, -83)
(1, 12, -84)
(1, 12, -85)
(0, 13, -85)
(0, 13, -86)
(1, 13, -87)
(0, 14, -87)
(1, 14, -87)
(0, 15, -86)
(1, 15, -87)
(0, 16, -87)
(1, 16, -87)
(1, 16, -86)
(1, 16, -85)
(0, 16, -84)
(1, 15, -84)
(0, 15, -84)
(1, 14, -84)
(1, 14, -83)
(1, 14, -82)
(0, 15, -81)
(1, 15, -81)
(0, 16, -81)
(1, 16, -81)
(1, 16, -80)
(0, 17, -79)
(1, 17, -79)
(0, 18, -78)
(1, 18, -78)
(0, 19, -78)
(1, 19, -78)
(1, 19, -77)
(0, 20, -76)
(1, 20, -76)
(0, 21, -75)
(1, 21, -75)
(1, 21, -74)
(1, 21, -73)
(1, 21, -72)
(1, 21, -71)
(0, 21, -70)
(0, 21, -69)
(1, 21, -69)
(1, 21, -68)
(0, 21, -67)
(1, 20, -68)
(0, 20, -68)
(1, 19, -68)
(0, 19, -67)
(1, 18, -68)
(0, 18, -67)
(1, 17, -68)
(0, 17, -68)
(0, 17, -69)
(0, 17, -70)
(0, 17, -71)
(1, 16, -72)
(0, 16, -71)
(1, 15, -71)
(0, 15, -71)
(1, 14, -72)
(0, 14, -71)
(0, 14, -70)
(1, 14, -70)
(1, 14, -69)
(1, 14, -68)
(1, 14, -67)
(1, 14, -66)
(1, 14, -65)
(0, 14, -64)
(0, 14, -63)
(1, 13, -63)
(0, 13, -62)
(0, 13, -61)
(1, 13, -61)
(1, 13, -60)
(0, 13, -59)
(1, 12, -60)
(0, 12, -59)
(1, 11, -59)
(0, 11, -58)
(1, 10, -58)
(0, 10, -57)
(1, 9, -58)
(0, 9, -58)
(0, 9, -59)
(0, 9, -60)
(1, 8, -61)
(1, 8, -62)
(0, 8, -62)
(0, 8, -63)
(1, 7, -64)
(0, 7, -63)
(0, 7, -62)
(1, 6, -62)
(0, 6, -61)
(0, 6, -60)
(1, 6, -60)
(0, 7, -60)
(1, 7, -60)
(1, 7, -59)
(1, 7, -58)
(0, 7, -57)
(0, 7, -56)
(1, 7, -56)
(0, 8, -55)
(1, 8, -56)
(0, 9, -55)
(1, 9, -55)
(0, 10, -55)
(1, 10, -55)
(1, 10, -54)
(0, 10, -53)
(1, 9, -53)
(1, 9, -52)
(0, 9, -51)
(0, 9, -50)
(1, 9, -50)
(0, 10, -49)
(1, 10, -50)
(1, 10, -51)
(0, 11, -51)
(1, 11, -51)
(0, 12, -51)
(0, 12, -52)
(0, 12, -53)
(1, 12, -54)
(0, 13, -53)
(1, 13, -53)
(0, 14, -52)
(1, 14, -52)
(1, 14, -51)
(1, 14, -50)
(0, 14, -49)
(1, 13, -49)
(0, 13, -48)
(1, 12, -48)
(0, 12, -48)
(1, 11, -48)
(1, 11, -47)
(1, 11, -46)
(0, 11, -45)
(1, 10, -46)
(1, 10, -47)
(0, 10, -47)
(1, 9, -48)
(0, 9, -47)
(1, 8, -48)
(0, 8, -47)
(1, 7, -47)
(0, 7, -46)
(1, 6, -47)
(1, 6, -48)
(0, 6, -48)
(0, 6, -49)
(0, 6, -50)
(1, 6, -51)
(1, 6, -52)
(0, 6, -52)
(1, 5, -53)
(0, 5, -53)
(0, 5, -54)
(1, 5, -55)
(1, 5, -56)
(0, 6, -56)
(0, 6, -57)
(1, 5, -58)
(0, 5, -58)
(1, 4, -58)
(0, 4, -57)
(0, 4, -56)
(0, 4, -55)
(1, 3, -55)
(1, 3, -54)
(0, 3, -53)
(0, 3, -52)
(1, 3, -52)
(1, 3, -51)
(0, 3, -50)
(0, 3, -49)
(1, 3, -49)
(0, 4, -49)
(1, 4, -49)
(0, 5, -48)
(0, 5, -47)
(1, 5, -47)
(1, 5, -46)
(0, 5, -45)
(1, 4, -46)
(0, 4, -46)
(1, 3, -46)
(1, 3, -45)
(0, 4, -44)
(1, 4, -44)
(1, 4, -43)
(1, 4, -42)
(1, 4, -41)
(0, 4, -40)
(1, 3, -41)
(1, 3, -42)
(0, 3, -42)
(1, 2, -42)
(0, 2, -41)
(0, 2, -40)
(1, 1, -40)
(0, 1, -39)
(0, 1, -38)
(1, 0, -38)
(0, 0, -38)
(1, -1, -39)
(0, -1, -38)
(0, -1, -37)
(1, -1, -37)
(1, -1, -36)
(1, -1, -35)
(0, -1, -34)
(1, -2, -35)
(0, -2, -35)
(1, -3, -35)
(0, -3, -35)
(1, -4, -36)
(1, -4, -37)
(1, -4, -38)
(1, -4, -39)
(1, -4, -40)
(0, -3, -40)
(1, -3, -40)
(0, -2, -40)
(1, -2, -41)
(1, -2, -42)
(0, -2, -42)
(0, -2, -43)
(1, -2, -44)
(0, -1, -44)
(1, -1, -44)
(0, 0, -44)
(0, 0, -45)
(1, -1, -46)
(1, -1, -47)
(1, -1, -48)
(0, 0, -48)
(1, 0, -49)
(0, 1, -49)
(1, 1, -50)
(0, 2, -50)
(0, 2, -51)
(1, 1, -52)
(0, 1, -52)
(0, 1, -53)
(0, 1, -54)
(1, 0, -55)
(0, 0, -55)
(1, -1, -56)
(0, -1, -55)
(0, -1, -54)
(0, -1, -53)
(1, -2, -53)
(0, -2, -53)
(1, -3, -54)
(0, -3, -54)
(1, -4, -55)
(0, -4, -55)
(0, -4, -56)
(1, -5, -57)
(0, -5, -56)
(1, -6, -56)
(0, -6, -56)
(0, -6, -57)
(1, -6, -58)
(1, -6, -59)
(1, -6, -60)
(0, -5, -60)
(1, -5, -61)
(0, -4, -60)
(1, -4, -60)
(0, -3, -60)
(1, -3, -61)
(1, -3, -62)
(0, -2, -62)
(1, -2, -63)
(0, -1, -63)
(1, -1, -63)
(0, 0, -63)
(0, 0, -64)
(1, -1, -65)
(0, -1, -65)
(0, -1, -66)
(1, -2, -67)
(0, -2, -66)
(1, -3, -66)
(1, -3, -65)
(0, -3, -64)
(1, -4, -64)
(0, -4, -63)
(1, -5, -64)
(0, -5, -63)
(0, -5, -62)
(1, -6, -62)
(0, -6, -61)
(1, -7, -61)
(1, -7, -60)
(1, -7, -59)
(0, -7, -58)
(0, -7, -57)
(1, -8, -57)
(1, -8, -56)
(0, -7, -55)
(0, -7, -54)
(0, -7, -53)
(1, -8, -53)
(0, -8, -52)
(1, -9, -53)
(0, -9, -52)
(1, -10, -53)
(0, -10, -53)
(1, -11, -54)
(0, -11, -54)
(0, -11, -55)
(1, -12, -56)
(0, -12, -55)
(1, -13, -55)
(0, -13, -54)
(1, -14, -54)
(0, -14, -54)
(0, -14, -55)
(0, -14, -56)
(1, -15, -57)
(1, -15, -58)
(0, -14, -58)
(0, -14, -59)
(1, -15, -60)
(1, -15, -61)
(0, -15, -61)
(0, -15, -62)
(1, -16, -63)
(1, -16, -64)
(0, -16, -64)
(0, -16, -65)
(0, -16, -66)
(1, -17, -67)
(0, -17, -66)
(0, -17, -65)
(1, -18, -65)
(0, -18, -64)
(0, -18, -63)
(1, -19, -63)
(0, -19, -62)
(0, -19, -61)
(0, -19, -60)
(1, -19, -60)
(1, -19, -59)
(0, -19, -58)
(1, -20, -58)
(0, -20, -58)
(1, -21, -59)
(1, -21, -60)
(1, -21, -61)
(0, -21, -61)
(0, -21, -62)
(1, -21, -63)
(0, -20, -63)
(1, -20, -64)
(1, -20, -65)
(1, -20, -66)
(0, -20, -66)
(1, -21, -67)
(0, -21, -66)
(1, -22, -67)
(0, -22, -66)
(1, -23, -67)
(1, -23, -68)
(0, -23, -68)
(1, -24, -68)
(0, -24, -68)
(1, -25, -69)
(0, -25, -68)
(1, -26, -68)
(1, -26, -67)
(0, -26, -66)
(1, -27, -67)
(0, -27, -66)
(0, -27, -65)
(0, -27, -64)
(1, -28, -64)
(1, -28, -63)
(1, -28, -62)
(1, -28, -61)
(0, -27, -60)
(1, -27, -61)
(0, -26, -60)
(0, -26, -59)
(0, -26, -58)
(1, -27, -58)
(0, -27, -58)
(1, -28, -58)
(1, -28, -57)
(1, -28, -56)
(0, -28, -55)
(1, -29, -55)
(0, -29, -55)
(1, -30, -55)
(0, -30, -54)
(1, -31, -55)
(1, -31, -56)
(1, -31, -57)
(1, -31, -58)
(0, -30, -58)
(0, -30, -59)
(0, -30, -60)
(0, -30, -61)
(1, -31, -62)
(1, -31, -63)
(1, -31, -64)
(0, -31, -64)
(1, -32, -65)
(0, -32, -65)
(1, -33, -65)
(0, -33, -65)
(0, -33, -66)
(0, -33, -67)
(1, -33, -68)
(1, -33, -69)
(1, -33, -70)
(0, -33, -70)
(1, -34, -70)
(0, -34, -69)
(0, -34, -68)
(0, -34, -67)
(1, -35, -67)
(1, -35, -66)
(1, -35, -65)
(0, -35, -64)
(1, -36, -64)
(1, -36, -63)
(0, -35, -62)
(1, -35, -63)
(0, -34, -62)
(0, -34, -61)
(1, -35, -61)
(0, -35, -60)
(1, -36, -61)
(0, -36, -60)
(0, -36, -59)
(1, -36, -59)
(0, -35, -58)
(1, -35, -59)
(0, -34, -59)
(1, -34, -59)
(0, -33, -59)
(0, -33, -60)
(1, -33, -61)
(0, -32, -60)
(1, -32, -60)
(1, -32, -59)
(0, -32, -58)
(1, -33, -58)
(1, -33, -57)
(0, -32, -56)
(0, -32, -55)
(1, -32, -55)
(1, -32, -54)
(0, -31, -53)
(1, -31, -53)
(1, -31, -52)
(1, -31, -51)
(0, -30, -50)
(1, -30, -50)
(1, -30, -49)
(1, -30, -48)
(0, -30, -47)
(1, -31, -48)
(0, -31, -47)
(0, -31, -46)
(1, -31, -46)
(1, -31, -45)
(0, -30, -44)
(0, -30, -43)
(0, -30, -42)
(1, -31, -42)
(1, -31, -41)
(0, -30, -40)
(1, -30, -40)
(1, -30, -39)
(1, -30, -38)
(0, -29, -37)
(0, -29, -36)
(0, -29, -35)
(1, -30, -35)
(1, -30, -34)
(0, -30, -33)
(1, -31, -33)
(0, -31, -33)
(1, -32, -33)
(0, -32, -32)
(1, -33, -33)
(1, -33, -34)
(0, -33, -34)
(0, -33, -35)
(0, -33, -36)
(0, -33, -37)
(1, -34, -38)
(0, -34, -38)
(0, -34, -39)
(1, -34, -40)
(0, -33, -39)
(1, -33, -40)
(1, -33, -41)
(0, -33, -41)
(1, -34, -42)
(0, -34, -42)
(0, -34, -43)
(0, -34, -44)
(1, -34, -45)
(1, -34, -46)
(0, -34, -46)
(1, -35, -47)
(0, -35, -47)
(0, -35, -48)
(0, -35, -49)
(0, -35, -50)
(1, -35, -51)
(1, -35, -52)
(1, -35, -53)
(0, -34, -53)
(0, -34, -54)
(1, -35, -55)
(1, -35, -56)
(0, -35, -56)
(1, -36, -56)
(0, -36, -55)
(1, -37, -56)
(1, -37, -57)
(0, -37, -57)
(1, -38, -58)
(0, -38, -58)
(1, -39, -59)
(0, -39, -59)
(1, -40, -60)
(0, -40, -60)
(1, -41, -60)
(1, -41, -59)
(1, -41, -58)
(0, -41, -57)
(1, -42, -58)
(0, -42, -57)
(1, -43, -58)
(1, -43, -59)
(0, -43, -59)
(0, -43, -60)
(1, -43, -61)
(0, -42, -60)
(1, -42, -61)
(1, -42, -62)
(0, -42, -62)
(0, -42, -63)
(1, -43, -64)
(0, -43, -63)
(1, -44, -63)
(0, -44, -63)
(1, -45, -63)
(1, -45, -62)
(1, -45, -61)
(1, -45, -60)
(1, -45, -59)
(1, -45, -58)
(0, -44, -57)
(0, -44, -56)
(0, -44, -55)
(0, -44, -54)
(0, -44, -53)
(1, -44, -53)
(0, -43, -53)
(1, -43, -54)
(0, -42, -53)
(1, -42, -54)
(1, -42, -55)
(0, -41, -55)
(1, -41, -55)
(0, -40, -55)
(1, -40, -55)
(0, -39, -54)
(0, -39, -53)
(1, -39, -53)
(1, -39, -52)
(1, -39, -51)
(1, -39, -50)
(0, -39, -49)
(1, -40, -49)
(1, -40, -48)
(0, -39, -47)
(1, -39, -48)
(0, -38, -47)
(1, -38, -47)
(0, -37, -46)
(1, -37, -46)
(1, -37, -45)
(0, -36, -44)
(1, -36, -44)
(1, -36, -43)
(0, -36, -42)
(1, -37, -43)
(0, -37, -42)
(1, -38, -42)
(1, -38, -41)
(0, -38, -40)
(0, -38, -39)
(1, -39, -39)
(1, -39, -38)
(0, -39, -37)
(0, -39, -36)
(0, -39, -35)
(1, -39, -35)
(0, -38, -34)
(1, -38, -35)
(1, -38, -36)
(0, -37, -36)
(1, -37, -37)
(0, -36, -36)
(0, -36, -35)
(0, -36, -34)
(1, -37, -34)
(0, -37, -33)
(0, -37, -32)
(1, -38, -32)
(0, -38, -31)
(1, -39, -32)
(0, -39, -32)
(1, -40, -32)
(1, -40, -31)
(0, -39, -30)
(0, -39, -29)
(1, -40, -29)
(1, -40, -28)
(1, -40, -27)
(0, -39, -26)
(0, -39, -25)
(1, -40, -25)
(0, -40, -24)
(1, -41, -24)
(0, -41, -23)
(0, -41, -22)
(1, -42, -22)
(1, -42, -21)
(0, -42, -20)
(1, -43, -20)
(0, -43, -20)
(1, -44, -20)
(1, -44, -19)
(0, -44, -18)
(1, -45, -18)
(0, -45, -17)
(1, -46, -18)
(0, -46, -18)
(1, -47, -18)
(0, -47, -18)
(1, -48, -19)
(1, -48, -20)
(1, -48, -21)
(0, -47, -21)
(1, -47, -22)
(1, -47, -23)
(1, -47, -24)
(0, -46, -24)
(1, -46, -25)
(1, -46, -26)
(0, -45, -26)
(0, -45, -27)
(1, -45, -28)
(0, -44, -27)
(1, -44, -27)
(1, -44, -26)
(0, -43, -25)
(1, -43, -26)
(0, -42, -25)
(1, -42, -26)
(0, -41, -25)
(1, -41, -26)
(1, -41, -27)
(0, -41, -27)
(1, -42, -28)
(0, -42, -27)
(1, -43, -28)
(1, -43, -29)
(0, -42, -29)
(1, -42, -30)
(1, -42, -31)
(1, -42, -32)
(1, -42, -33)
(0, -41, -33)
(0, -41, -34)
(0, -41, -35)
(1, -41, -36)
(1, -41, -37)
(0, -40, -37)
(0, -40, -38)
(1, -40, -39)
(1, -40, -40)
(0, -39, -40)
(0, -39, -41)
(1, -40, -42)
(0, -40, -41)
(1, -41, -41)
(0, -41, -41)
(0, -41, -42)
(1, -41, -43)
(0, -40, -43)
(0, -40, -44)
(0, -40, -45)
(1, -41, -46)
(1, -41, -47)
(1, -41, -48)
(0, -41, -48)
(0, -41, -49)
(1, -42, -50)
(0, -42, -49)
(1, -43, -50)
(0, -43, -49)
(1, -44, -50)
(0, -44, -49)
(1, -45, -49)
(1, -45, -48)
(0, -45, -47)
(1, -46, -48)
(1, -46, -49)
(0, -46, -49)
(1, -47, -50)
(0, -47, -49)
(0, -47, -48)
(0, -47, -47)
(0, -47, -46)
(1, -47, -46)
(0, -46, -45)
(1, -46, -46)
(0, -45, -45)
(1, -45, -45)
(0, -44, -44)
(0, -44, -43)
(0, -44, -42)
(1, -45, -42)
(0, -45, -41)
(1, -46, -42)
(0, -46, -42)
(1, -47, -42)
(0, -47, -42)
(0, -47, -43)
(1, -48, -44)
(1, -48, -45)
(0, -48, -45)
(1, -49, -45)
(0, -49, -45)
(1, -50, -45)
(0, -50, -45)
(1, -51, -46)
(0, -51, -46)
(1, -52, -46)
(0, -52, -45)
(1, -53, -46)
(0, -53, -45)
(0, -53, -44)
(1, -53, -44)
(0, -52, -43)
(1, -52, -43)
(1, -52, -42)
(0, -51, -41)
(1, -51, -41)
(1, -51, -40)
(0, -51, -39)
(1, -52, -40)
(0, -52, -40)
(1, -53, -41)
(0, -53, -41)
(0, -53, -42)
(1, -54, -43)
(0, -54, -43)
(1, -55, -44)
(0, -55, -43)
(1, -56, -43)
(1, -56, -42)
(0, -55, -41)
(1, -55, -41)
(1, -55, -40)
(1, -55, -39)
(0, -54, -38)
(0, -54, -37)
(0, -54, -36)
(1, -54, -36)
(0, -53, -35)
(1, -53, -35)
(0, -52, -35)
(1, -52, -36)
(0, -51, -36)
(1, -51, -37)
(0, -50, -37)
(1, -50, -37)
(1, -50, -36)
(1, -50, -35)
(0, -50, -34)
(1, -51, -34)
(0, -51, -34)
(1, -52, -34)
(1, -52, -33)
(0, -52, -32)
(1, -53, -33)
(0, -53, -32)
(0, -53, -31)
(0, -53, -30)
(1, -54, -30)
(0, -54, -30)
(1, -55, -31)
(0, -55, -31)
(1, -56, -31)
(0, -56, -30)
(1, -57, -31)
(0, -57, -31)
(0, -57, -32)
(1, -58, -33)
(0, -58, -33)
(1, -59, -33)
(0, -59, -32)
(1, -60, -33)
(0, -60, -32)
(1, -61, -33)
(1, -61, -34)
(1, -61, -35)
(1, -61, -36)
(0, -61, -36)
(0, -61, -37)
(1, -61, -38)
(1, -61, -39)
(0, -61, -39)
(1, -62, -40)
(1, -62, -41)
(1, -62, -42)
(1, -62, -43)
(1, -62, -44)
(0, -61, -44)
(1, -61, -45)
(0, -60, -44)
(1, -60, -44)
(1, -60, -43)
(0, -60, -42)
(0, -60, -41)
(1, -60, -41)
(0, -59, -41)
(1, -59, -42)
(0, -58, -41)
(1, -58, -41)
(0, -57, -41)
(0, -57, -42)
(1, -58, -43)
(1, -58, -44)
(0, -57, -44)
(1, -57, -45)
(0, -56, -44)
(1, -56, -45)
(0, -55, -45)
(1, -55, -46)
(1, -55, -47)
(1, -55, -48)
(0, -55, -48)
(1, -56, -49)
(0, -56, -48)
(1, -57, -49)
(1, -57, -50)
(0, -57, -50)
(1, -58, -50)
(0, -58, -49)
(1, -59, -50)
(0, -59, -50)
(1, -60, -50)
(0, -60, -49)
(1, -61, -50)
(0, -61, -49)
(1, -62, -49)
(0, -62, -48)
(1, -63, -49)
(0, -63, -49)
(0, -63, -50)
(0, -63, -51)
(1, -63, -52)
(0, -62, -52)
(0, -62, -53)
(1, -63, -54)
(0, -63, -54)
(1, -64, -54)
(1, -64, -53)
(0, -64, -52)
(1, -65, -53)
(0, -65, -52)
(0, -65, -51)
(0, -65, -50)
(0, -65, -49)
(1, -65, -49)
(0, -64, -48)
(0, -64, -47)
(1, -64, -47)
(0, -63, -46)
(0, -63, -45)
(1, -64, -45)
(1, -64, -44)
(1, -64, -43)
(0, -63, -42)
(1, -63, -42)
(1, -63, -41)
(0, -63, -40)
(1, -64, -40)
(0, -64, -39)
(1, -65, -40)
(0, -65, -40)
(0, -65, -41)
(1, -65, -42)
(1, -65, -43)
(1, -65, -44)
(0, -65, -44)
(1, -66, -44)
(0, -66, -44)
(0, -66, -45)
(0, -66, -46)
(1, -66, -47)
(1, -66, -48)
(0, -66, -48)
(0, -66, -49)
(0, -66, -50)
(1, -67, -51)
(0, -67, -50)
(1, -68, -50)
(0, -68, -49)
(1, -69, -50)
(0, -69, -50)
(1, -70, -50)
(0, -70, -49)
(1, -71, -49)
(1, -71, -48)
(0, -71, -47)
(1, -72, -47)
(1, -72, -46)
(0, -71, -45)
(0, -71, -44)
(1, -71, -44)
(1, -71, -43)
(0, -71, -42)
(1, -72, -42)
(0, -72, -41)
(0, -72, -40)
(1, -72, -40)
(1, -72, -39)
(0, -71, -38)
(1, -71, -39)
(1, -71, -40)
(0, -70, -40)
(0, -70, -41)
(1, -70, -42)
(0, -69, -42)
(1, -69, -43)
(0, -68, -43)
(0, -68, -44)
(0, -68, -45)
(1, -68, -46)
(0, -67, -45)
(0, -67, -44)
(0, -67, -43)
(0, -67, -42)
(1, -68, -42)
(0, -68, -41)
(1, -69, -41)
(0, -69, -40)
(0, -69, -39)
(1, -70, -39)
(1, -70, -38)
(1, -70, -37)
(1, -70, -36)
(0, -70, -35)
(0, -70, -34)
(1, -70, -34)
(0, -69, -34)
(1, -69, -34)
(1, -69, -33)
(0, -68, -32)
(1, -68, -33)
(0, -67, -33)
(1, -67, -34)
(0, -66, -34)
(0, -66, -35)
(1, -67, -36)
(1, -67, -37)
(0, -66, -37)
(1, -66, -37)
(0, -65, -36)
(0, -65, -35)
(0, -65, -34)
(0, -65, -33)
(0, -65, -32)
(1, -65, -32)
(1, -65, -31)
(0, -65, -30)
(0, -65, -29)
(1, -66, -29)
(1, -66, -28)
(0, -65, -27)
(1, -65, -27)
(0, -64, -27)
(0, -64, -28)
(1, -64, -29)
(0, -63, -29)
(0, -63, -30)
(1, -63, -31)
(0, -62, -31)
(1, -62, -32)
(0, -61, -31)
(1, -61, -31)
(0, -60, -30)
(1, -60, -30)
