(0, 42, -73)
(1, 42, -73)
(0, 43, -73)
(1, 43, -73)
(0, 44, -72)
(0, 44, -71)
(1, 44, -71)
(0, 45, -70)
(1, 45, -71)
(1, 45, -72)
(0, 45, -72)
(0, 45, -73)
(1, 45, -74)
(1, 45, -75)
(1, 45, -76)
(1, 45, -77)
(0, 46, -77)
(0, 46, -78)
(0, 46, -79)
(0, 46, -80)
(1, 45, -81)
(0, 45, -81)
(0, 45, -82)
(1, 44, -83)
(0, 44, -83)
(1, 43, -84)
(0, 43, -84)
(1, 42, -84)
(1, 42, -83)
(1, 42, -82)
(0, 42, -81)
(1, 41, -81)
(0, 41, -81)
(0, 41, -82)
(1, 41, -83)
(1, 41, -84)
(1, 41, -85)
(1, 41, -86)
(0, 41, -86)
(1, 40, -87)
(1, 40, -88)
(0, 41, -88)
(1, 41, -88)
(0, 42, -88)
(1, 42, -89)
(0, 43, -88)
(1, 43, -89)
(0, 44, -89)
(1, 44, -90)
(0, 45, -90)
(1, 45, -91)
(1, 45, -92)
(0, 46, -92)
(1, 46, -93)
(0, 47, -92)
(1, 47, -92)
(1, 47, -91)
(0, 48, -90)
(1, 48, -91)
(1, 48, -92)
(1, 48, -93)
(0, 49, -93)
(1, 49, -93)
(0, 50, -92)
(1, 50, -92)
(1, 50, -91)
(0, 51, -90)
(1, 51, -91)
(1, 51, -92)
(1, 51, -93)
(0, 51, -93)
(1, 50, -94)
(0, 50, -94)
(1, 49, -95)
(1, 49, -96)
(1, 49, -97)
(0, 49, -97)
(1, 48, -98)
(0, 48, -98)
(0, 48, -99)
(1, 47, -100)
(1, 47, -101)
(0, 48, -101)
(0, 48, -102)
(1, 48, -103)
(0, 49, -103)
(0, 49, -104)
(1, 48, -105)
(1, 48, -106)
(1, 48, -107)
(1, 48, -108)
(1, 48, -109)
(0, 49, -109)
(1, 49, -110)
(1, 49, -111)
(0, 50, -111)
(1, 50, -112)
(1, 50, -113)
(0, 51, -113)
(0, 51, -114)
(0, 51, -115)
(1, 50, -116)
(0, 50, -116)
(0, 50, -117)
(1, 49, -118)
(0, 49, -117)
(0, 49, -116)
(1, 48, -116)
(0, 48, -116)
(1, 47, -117)
(1, 47, -118)
(1, 47, -119)
(0, 48, -119)
(1, 48, -120)
(1, 48, -121)
(0, 49, -121)
(0, 49, -122)
(1, 49, -123)
(1, 49, -124)
(1, 49, -125)
(0, 49, -125)
(1, 48, -125)
(1, 48, -124)
(0, 48, -123)
(0, 48, -122)
(1, 47, -122)
(1, 47, -121)
(0, 47, -120)
(1, 46, -120)
(0, 46, -120)
(1, 45, -120)
(0, 45, -119)
(1, 44, -120)
(0, 44, -120)
(1, 43, -120)
(0, 43, -119)
(1, 42, -119)
(0, 42, -118)
(0, 42, -117)
(0, 42, -116)
(1, 41, -116)
(0, 41, -116)
(1, 40, -117)
(0, 40, -116)
(1, 39, -116)
(0, 39, -115)
(0, 39, -114)
(0, 39, -113)
(1, 39, -113)
(0, 40, -113)
(0, 40, -114)
(1, 40, -115)
(0, 41, -114)
(0, 41, -113)
(1, 41, -113)
(0, 42, -113)
(0, 42, -114)
(1, 42, -115)
(0, 43, -114)
(1, 43, -115)
(0, 44, -115)
(1, 44, -116)
(0, 45, -116)
(1, 45, -117)
(0, 46, -116)
(0, 46, -115)
(0, 46, -114)
(0, 46, -113)
(0, 46, -112)
(1, 46, -112)
(0, 47, -112)
(1, 47, -112)
(0, 48, -111)
(0, 48, -110)
(1, 47, -110)
(1, 47, -109)
(0, 47, -108)
(1, 46, -109)
(0, 46, -108)
(1, 45, -109)
(1, 45, -110)
(0, 45, -110)
(0, 45, -111)
(0, 45, -112)
(1, 44, -113)
(0, 44, -112)
(1, 43, -113)
(0, 43, -112)
(1, 42, -112)
(1, 42, -111)
(1, 42, -110)
(0, 43, -109)
(0, 43, -108)
(1, 43, -108)
(1, 43, -107)
(0, 43, -106)
(0, 43, -105)
(1, 42, -105)
(0, 42, -105)
(0, 42, -106)
(0, 42, -107)
(0, 42, -108)
(1, 41, -109)
(0, 41, -109)
(1, 40, -109)
(0, 40, -109)
(1, 39, -110)
(0, 39, -110)
(1, 38, -110)
(0, 38, -109)
(1, 37, -109)
(0, 37, -109)
(0, 37, -110)
(1, 37, -111)
(1, 37, -112)
(0, 37, -112)
(0, 37, -113)
(1, 37, -114)
(0, 38, -114)
(0, 38, -115)
(0, 38, -116)
(0, 38, -117)
(0, 38, -118)
(0, 38, -119)
(1, 37, -120)
(1, 37, -121)
(1, 37, -122)
(0, 38, -122)
(0, 38, -123)
(0, 38, -124)
(1, 38, -125)
(0, 39, -125)
(0, 39, -126)
(0, 39, -127)
(1, 38, -128)
(0, 38, -127)
(0, 38, -126)
(1, 37, -126)
(0, 37, -126)
(1, 36, -127)
(0, 36, -126)
(1, 35, -126)
(1, 35, -125)
(0, 36, -124)
(1, 36, -124)
(1, 36, -123)
(0, 36, -122)
(1, 35, -123)
(0, 35, -123)
(1, 34, -123)
(0, 34, -123)
(1, 33, -123)
(0, 33, -122)
(1, 32, -122)
(0, 32, -121)
(1, 31, -122)
(1, 31, -123)
(0, 31, -123)
(1, 30, -124)
(0, 30, -123)
(1, 29, -123)
(1, 29, -122)
(0, 29, -121)
(1, 28, -122)
(0, 28, -122)
(1, 27, -122)
(0, 27, -121)
(1, 26, -122)
(1, 26, -123)
(0, 27, -123)
(1, 27, -124)
(0, 28, -124)
(1, 28, -124)
(0, 29, -124)
(0, 29, -125)
(1, 29, -126)
(0, 30, -126)
(1, 30, -127)
(0, 31, -127)
(1, 31, -127)
(1, 31, -126)
(1, 31, -125)
(0, 32, -124)
(1, 32, -124)
(0, 33, -124)
(1, 33, -125)
(1, 33, -126)
(1, 33, -127)
(0, 34, -127)
(1, 34, -127)
(0, 35, -127)
(0, 35, -128)
(1, 34, -129)
(1, 34, -130)
(1, 34, -131)
(0, 35, -131)
(0, 35, -132)
(1, 34, -133)
(1, 34, -134)
(0, 34, -134)
(1, 33, -135)
(0, 33, -135)
(1, 32, -135)
(0, 32, -134)
(1, 31, -134)
(0, 31, -133)
(1, 30, -133)
(0, 30, -133)
(0, 30, -134)
(1, 29, -135)
(0, 29, -135)
(1, 28, -136)
(0, 28, -136)
(1, 27, -136)
(0, 27, -136)
(0, 27, -137)
(0, 27, -138)
(1, 27, -139)
(0, 28, -139)
(1, 28, -139)
(0, 29, -139)
(0, 29, -140)
(1, 29, -141)
(0, 30, -140)
(1, 30, -141)
(0, 31, -141)
(0, 31, -142)
(1, 31, -143)
(0, 32, -142)
(1, 32, -143)
(0, 33, -143)
(1, 33, -143)
(0, 34, -143)
(1, 34, -143)
(0, 35, -142)
(1, 35, -142)
(0, 36, -141)
(0, 36, -140)
(1, 36, -140)
(0, 37, -140)
(1, 37, -141)
(0, 38, -141)
(1, 38, -142)
(0, 39, -141)
(0, 39, -140)
(1, 39, -140)
(0, 40, -139)
(1, 40, -140)
(0, 41, -139)
(0, 41, -138)
(0, 41, -137)
(1, 41, -137)
(1, 41, -136)
(0, 42, -135)
(1, 42, -136)
(1, 42, -137)
(1, 42, -138)
(1, 42, -139)
(0, 43, -139)
(0, 43, -140)
(1, 42, -141)
(0, 42, -141)
(0, 42, -142)
(1, 42, -143)
(0, 43, -142)
(1, 43, -143)
(0, 44, -143)
(0, 44, -144)
(1, 43, -145)
(0, 43, -144)
(1, 42, -145)
(0, 42, -145)
(0, 42, -146)
(1, 42, -147)
(0, 43, -147)
(1, 43, -148)
(0, 44, -147)
(1, 44, -147)
(0, 45, -147)
(0, 45, -148)
(1, 45, -149)
(1, 45, -150)
(0, 46, -150)
(1, 46, -150)
(1, 46, -149)
(0, 47, -148)
(1, 47, -148)
(0, 48, -148)
(1, 48, -149)
(1, 48, -150)
(0, 48, -150)
(0, 48, -151)
(0, 48, -152)
(1, 48, -153)
(1, 48, -154)
(1, 48, -155)
(0, 48, -155)
(0, 48, -156)
(1, 47, -157)
(1, 47, -158)
(0, 48, -158)
(1, 48, -158)
(0, 49, -158)
(0, 49, -159)
(1, 48, -160)
(0, 48, -160)
(1, 47, -160)
(0, 47, -160)
(1, 46, -160)
(0, 46, -159)
(0, 46, -158)
(0, 46, -157)
(1, 46, -157)
(1, 46, -156)
(0, 47, -155)
(0, 47, -154)
(0, 47, -153)
(0, 47, -152)
(1, 46, -152)
(0, 46, -152)
(0, 46, -153)
(1, 45, -154)
(0, 45, -153)
(1, 44, -154)
(0, 44, -153)
(0, 44, -152)
(1, 43, -152)
(0, 43, -151)
(1, 42, -152)
(0, 42, -152)
(0, 42, -153)
(1, 41, -154)
(0, 41, -154)
(0, 41, -155)
(0, 41, -156)
(1, 40, -157)
(0, 40, -157)
(1, 39, -158)
(1, 39, -159)
(0, 40, -159)
(1, 40, -159)
(0, 41, -159)
(1, 41, -160)
(0, 42, -159)
(1, 42, -160)
(0, 43, -160)
(0, 43, -161)
(1, 43, -162)
(0, 44, -162)
(1, 44, -162)
(0, 45, -162)
(1, 45, -162)
(0, 46, -162)
(0, 46, -163)
(0, 46, -164)
(1, 46, -165)
(0, 47, -164)
(0, 47, -163)
(0, 47, -162)
(1, 47, -162)
(0, 48, -162)
(1, 48, -162)
(0, 49, -161)
(1, 49, -161)
(0, 50, -161)
(1, 50, -161)
(1, 50, -160)
(1, 50, -159)
(0, 50, -158)
(0, 50, -157)
(1, 49, -157)
(1, 49, -156)
(0, 50, -155)
(1, 50, -156)
(0, 51, -156)
(1, 51, -157)
(1, 51, -158)
(1, 51, -159)
(0, 52, -159)
(1, 52, -160)
(0, 53, -160)
(1, 53, -160)
(0, 54, -159)
(1, 54, -159)
(1, 54, -158)
(0, 54, -157)
(1, 53, -158)
(0, 53, -158)
(1, 52, -158)
(1, 52, -157)
(1, 52, -156)
(1, 52, -155)
(0, 52, -154)
(1, 51, -155)
(0, 51, -154)
(1, 50, -154)
(1, 50, -153)
(1, 50, -152)
(0, 51, -151)
(1, 51, -152)
(0, 52, -151)
(1, 52, -151)
(0, 53, -151)
(1, 53, -152)
(0, 54, -152)
(1, 54, -152)
(1, 54, -151)
(0, 54, -150)
(0, 54, -149)
(0, 54, -148)
(1, 53, -148)
(0, 53, -147)
(0, 53, -146)
(1, 52, -146)
(0, 52, -145)
(1, 51, -145)
(0, 51, -145)
(1, 50, -146)
(0, 50, -146)
(1, 49, -147)
(0, 49, -147)
(1, 48, -147)
(1, 48, -146)
(0, 49, -145)
(0, 49, -144)
(1, 49, -144)
(0, 50, -144)
(1, 50, -144)
(0, 51, -143)
(1, 51, -143)
(0, 52, -142)
(0, 52, -141)
(1, 51, -141)
(0, 51, -140)
(1, 50, -140)
(0, 50, -139)
(1, 49, -139)
(0, 49, -139)
(1, 48, -140)
(0, 48, -139)
(0, 48, -138)
(0, 48, -137)
(1, 47, -137)
(0, 47, -137)
(0, 47, -138)
(0, 47, -139)
(1, 46, -140)
(0, 46, -140)
(1, 45, -140)
(0, 45, -139)
(0, 45, -138)
(0, 45, -137)
(0, 45, -136)
(1, 44, -136)
(1, 44, -135)
(0, 45, -134)
(0, 45, -133)
(0, 45, -132)
(0, 45, -131)
(1, 44, -131)
(0, 44, -130)
(0, 44, -129)
(1, 44, -129)
(0, 45, -129)
(1, 45, -130)
(0, 46, -130)
(0, 46, -131)
(1, 46, -132)
(0, 47, -131)
(1, 47, -131)
(0, 48, -130)
(1, 48, -130)
(1, 48, -129)
(0, 48, -128)
(1, 47, -128)
(1, 47, -127)
(0, 48, -126)
(1, 48, -127)
(0, 49, -127)
(1, 49, -128)
(0, 50, -128)
(0, 50, -129)
(1, 50, -130)
(0, 51, -129)
(1, 51, -130)
(0, 52, -129)
(1, 52, -130)
(0, 53, -129)
(1, 53, -130)
(0, 54, -130)
(0, 54, -131)
(1, 53, -132)
(1, 53, -133)
(0, 53, -133)
(1, 52, -133)
(0, 52, -132)
(1, 51, -133)
(0, 51, -132)
(1, 50, -133)
(1, 50, -134)
(1, 50, -135)
(1, 50, -136)
(0, 51, -136)
(1, 51, -137)
(0, 52, -137)
(1, 52, -137)
(0, 53, -136)
(1, 53, -136)
(0, 54, -136)
(0, 54, -137)
(1, 54, -138)
(0, 55, -137)
(1, 55, -138)
(1, 55, -139)
(0, 55, -139)
(0, 55, -140)
(0, 55, -141)
(1, 54, -142)
(0, 54, -141)
(1, 53, -142)
(1, 53, -143)
(0, 54, -143)
(1, 54, -144)
(0, 55, -143)
(1, 55, -143)
(0, 56, -142)
(0, 56, -141)
(1, 56, -141)
(1, 56, -140)
(0, 57, -139)
(1, 57, -140)
(0, 58, -140)
(1, 58, -140)
(0, 59, -140)
(1, 59, -141)
(1, 59, -142)
(0, 60, -142)
(1, 60, -142)
(0, 61, -142)
(1, 61, -142)
(1, 61, -141)
(0, 61, -140)
(1, 60, -140)
(1, 60, -139)
(0, 61, -138)
(0, 61, -137)
(0, 61, -136)
(1, 61, -136)
(0, 62, -135)
(1, 62, -136)
(1, 62, -137)
(0, 62, -137)
(0, 62, -138)
(1, 62, -139)
(0, 63, -139)
(1, 63, -140)
(0, 64, -139)
(0, 64, -138)
(1, 63, -138)
(1, 63, -137)
(1, 63, -136)
(1, 63, -135)
(0, 63, -134)
(1, 62, -134)
(0, 62, -133)
(0, 62, -132)
(1, 62, -132)
(0, 63, -131)
(0, 63, -130)
(0, 63, -129)
(1, 62, -129)
(0, 62, -129)
(0, 62, -130)
(1, 61, -131)
(0, 61, -131)
(1, 60, -132)
(1, 60, -133)
(0, 60, -133)
(1, 59, -134)
(0, 59, -133)
(0, 59, -132)
(1, 58, -132)
(0, 58, -132)
(0, 58, -133)
(1, 57, -134)
(0, 57, -133)
(1, 56, -134)
(0, 56, -133)
(0, 56, -132)
(0, 56, -131)
(1, 55, -131)
(1, 55, -130)
(1, 55, -129)
(1, 55, -128)
(0, 56, -127)
(0, 56, -126)
(1, 56, -126)
(0, 57, -126)
(1, 57, -127)
(1, 57, -128)
(0, 58, -128)
(0, 58, -129)
(1, 58, -130)
(0, 59, -130)
(1, 59, -130)
(1, 59, -129)
(1, 59, -128)
(0, 60, -127)
(1, 60, -128)
(0, 61, -127)
(0, 61, -126)
(1, 61, -126)
(1, 61, -125)
(1, 61, -124)
(0, 62, -123)
(0, 62, -122)
(1, 61, -122)
(1, 61, -121)
(0, 61, -120)
(0, 61, -119)
(1, 60, -119)
(0, 60, -118)
(1, 59, -118)
(0, 59, -118)
(0, 59, -119)
(0, 59, -120)
(1, 59, -121)
(1, 59, -122)
(0, 59, -122)
(1, 58, -123)
(0, 58, -123)
(0, 58, -124)
(1, 57, -125)
(0, 57, -124)
(0, 57, -123)
(1, 56, -123)
(0, 56, -123)
(1, 55, -124)
(1, 55, -125)
(0, 55, -125)
(0, 55, -126)
(1, 54, -127)
(0, 54, -127)
(1, 53, -128)
(0, 53, -127)
(0, 53, -126)
(1, 52, -126)
(0, 52, -125)
(1, 51, -126)
(0, 51, -126)
(1, 50, -126)
(1, 50, -125)
(0, 51, -124)
(0, 51, -123)
(1, 51, -123)
(0, 52, -122)
(1, 52, -123)
(1, 52, -124)
(0, 53, -124)
(1, 53, -125)
(0, 54, -124)
(0, 54, -123)
(1, 53, -123)
(1, 53, -122)
(0, 53, -121)
(1, 52, -121)
(1, 52, -120)
(0, 53, -119)
(0, 53, -118)
(0, 53, -117)
(0, 53, -116)
(1, 53, -116)
(1, 53, -115)
(0, 53, -114)
(1, 52, -115)
(0, 52, -114)
(0, 52, -113)
(1, 52, -113)
(1, 52, -112)
(0, 53, -111)
(1, 53, -112)
(0, 54, -112)
(1, 54, -112)
(1, 54, -111)
(0, 55, -110)
(0, 55, -109)
(0, 55, -108)
(1, 54, -108)
(0, 54, -107)
(1, 53, -108)
(0, 53, -108)
(1, 52, -108)
(0, 52, -108)
(0, 52, -109)
(1, 51, -110)
(0, 51, -109)
(0, 51, -108)
(0, 51, -107)
(1, 51, -107)
(1, 51, -106)
(0, 51, -105)
(1, 50, -105)
(1, 50, -104)
(1, 50, -103)
(1, 50, -102)
(0, 50, -101)
(0, 50, -100)
(0, 50, -99)
(0, 50, -98)
(1, 50, -98)
(0, 51, -98)
(0, 51, -99)
(1, 51, -100)
(1, 51, -101)
(1, 51, -102)
(0, 52, -102)
(1, 52, -103)
(0, 53, -103)
(1, 53, -104)
(1, 53, -105)
(0, 54, -105)
(1, 54, -105)
(0, 55, -105)
(0, 55, -106)
(1, 55, -107)
(0, 56, -106)
(1, 56, -106)
(0, 57, -105)
(1, 57, -105)
(0, 58, -104)
(1, 58, -104)
(0, 59, -104)
(0, 59, -105)
(1, 59, -106)
(0, 60, -106)
(1, 60, -106)
(1, 60, -105)
(1, 60, -104)
(0, 61, -103)
(1, 61, -103)
(0, 62, -103)
(0, 62, -104)
(0, 62, -105)
(1, 62, -106)
(1, 62, -107)
(1, 62, -108)
(1, 62, -109)
(1, 62, -110)
(0, 62, -110)
(1, 61, -111)
(1, 61, -112)
(0, 61, -112)
(0, 61, -113)
(1, 60, -114)
(0, 60, -113)
(1, 59, -113)
(1, 59, -112)
(0, 60, -111)
(1, 60, -111)
(1, 60, -110)
(0, 60, -109)
(1, 59, -109)
(0, 59, -108)
(0, 59, -107)
(1, 58, -107)
(0, 58, -106)
(1, 57, -107)
(0, 57, -107)
(1, 56, -108)
(0, 56, -108)
(0, 56, -109)
(0, 56, -110)
(0, 56, -111)
(1, 56, -112)
(1, 56, -113)
(1, 56, -114)
(0, 57, -114)
(1, 57, -115)
(0, 58, -114)
(1, 58, -115)
(0, 59, -115)
(1, 59, -115)
(0, 60, -115)
(1, 60, -116)
(1, 60, -117)
(0, 61, -117)
(1, 61, -117)
(1, 61, -116)
(0, 62, -115)
(0, 62, -114)
(0, 62, -113)
(1, 62, -113)
(1, 62, -112)
(0, 63, -111)
(1, 63, -112)
(1, 63, -113)
(0, 64, -113)
(1, 64, -114)
(0, 65, -113)
(1, 65, -114)
(0, 66, -114)
(1, 66, -114)
(0, 67, -113)
(1, 67, -114)
(0, 68, -114)
(0, 68, -115)
(1, 68, -116)
(1, 68, -117)
(0, 69, -117)
(1, 69, -118)
(0, 70, -118)
(1, 70, -119)
(1, 70, -120)
(0, 71, -120)
(1, 71, -121)
(1, 71, -122)
(1, 71, -123)
(0, 71, -123)
(0, 71, -124)
(1, 70, -125)
(1, 70, -126)
(0, 71, -126)
(1, 71, -126)
(0, 72, -126)
(0, 72, -127)
(0, 72, -128)
(1, 71, -129)
(0, 71, -129)
(1, 70, -129)
(1, 70, -128)
(0, 70, -127)
(1, 69, -128)
(0, 69, -128)
(0, 69, -129)
(1, 68, -130)
(0, 68, -130)
(1, 67, -130)
(0, 67, -129)
(1, 66, -129)
(0, 66, -128)
(0, 66, -127)
(1, 66, -127)
(1, 66, -126)
(0, 66, -125)
(0, 66, -124)
(1, 65, -124)
(0, 65, -124)
(0, 65, -125)
(0, 65, -126)
(0, 65, -127)
(0, 65, -128)
(1, 64, -129)
(0, 64, -129)
(0, 64, -130)
(1, 64, -131)
(1, 64, -132)
(1, 64, -133)
(1, 64, -134)
(1, 64, -135)
(1, 64, -136)
(1, 64, -137)
(0, 65, -137)
(1, 65, -137)
(0, 66, -137)
(0, 66, -138)
(1, 66, -139)
(0, 67, -139)
(1, 67, -139)
(0, 68, -139)
(1, 68, -140)
(0, 69, -139)
(1, 69, -139)
(1, 69, -138)
(0, 70, -137)
(0, 70, -136)
(0, 70, -135)
(1, 70, -135)
(0, 71, -135)
(1, 71, -136)
(0, 72, -135)
(0, 72, -134)
(1, 72, -134)
(1, 72, -133)
(0, 73, -132)
(1, 73, -132)
(1, 73, -131)
(0, 74, -130)
(1, 74, -130)
(0, 75, -129)
(1, 75, -129)
(0, 76, -129)
(1, 76, -129)
(1, 76, -128)
(0, 76, -127)
(1, 75, -127)
(0, 75, -127)
(1, 74, -127)
(1, 74, -126)
(0, 74, -125)
(1, 73, -126)
(0, 73, -125)
(0, 73, -124)
(1, 72, -124)
(1, 72, -123)
(1, 72, -122)
(0, 73, -121)
(1, 73, -122)
(0, 74, -121)
(1, 74, -121)
(1, 74, -120)
(0, 75, -119)
(0, 75, -118)
(1, 74, -118)
(1, 74, -117)
(0, 75, -116)
(0, 75, -115)
(1, 74, -115)
(0, 74, -114)
(1, 73, -115)
(1, 73, -116)
(1, 73, -117)
(0, 73, -117)
(1, 72, -117)
(0, 72, -117)
(1, 71, -118)
(0, 71, -117)
(0, 71, -116)
(1, 71, -116)
(0, 72, -115)
(0, 72, -114)
(1, 72, -114)
(0, 73, -113)
(1, 73, -113)
(1, 73, -112)
(0, 73, -111)
(1, 72, -111)
(0, 72, -110)
(0, 72, -109)
(0, 72, -108)
(1, 72, -108)
(0, 73, -108)
(1, 73, -108)
(0, 74, -107)
(1, 74, -107)
(0, 75, -107)
(0, 75, -108)
(1, 74, -109)
(1, 74, -110)
(1, 74, -111)
(1, 74, -112)
(0, 75, -112)
(0, 75, -113)
(1, 75, -114)
(0, 76, -113)
(1, 76, -114)
(0, 77, -113)
(1, 77, -113)
(1, 77, -112)
(0, 78, -111)
(1, 78, -111)
(1, 78, -110)
(0, 79, -109)
(1, 79, -110)
(1, 79, -111)
(0, 80, -111)
(0, 80, -112)
(1, 80, -113)
(0, 81, -112)
(0, 81, -111)
(0, 81, -110)
(1, 80, -110)
(1, 80, -109)
(1, 80, -108)
(0, 81, -107)
(1, 81, -108)
(0, 82, -107)
(0, 82, -106)
(0, 82, -105)
(1, 81, -105)
(0, 81, -104)
(1, 80, -104)
(0, 80, -104)
(0, 80, -105)
(1, 79, -106)
(1, 79, -107)
(0, 79, -107)
(1, 78, -108)
(0, 78, -108)
(1, 77, -108)
(1, 77, -107)
(0, 77, -106)
(0, 77, -105)
(0, 77, -104)
(1, 77, -104)
(0, 78, -103)
(1, 78, -104)
(0, 79, -103)
(0, 79, -102)
(1, 78, -102)
(1, 78, -101)
(0, 79, -100)
(1, 79, -101)
(0, 80, -100)
(0, 80, -99)
(1, 80, -99)
(0, 81, -99)
(1, 81, -100)
(0, 82, -99)
(0, 82, -98)
(0, 82, -97)
(0, 82, -96)
(1, 82, -96)
(0, 83, -95)
(1, 83, -96)
(0, 84, -96)
(1, 84, -97)
(0, 85, -96)
(1, 85, -97)
(0, 86, -96)
(1, 86, -97)
(1, 86, -98)
(0, 87, -98)
(0, 87, -99)
(1, 86, -100)
(1, 86, -101)
(0, 86, -101)
(1, 85, -102)
(1, 85, -103)
(0, 86, -103)
(0, 86, -104)
(0, 86, -105)
(1, 86, -106)
(0, 87, -105)
(0, 87, -104)
(0, 87, -103)
(0, 87, -102)
(1, 87, -102)
(1, 87, -101)
(0, 88, -100)
(0, 88, -99)
(0, 88, -98)
(0, 88, -97)
(1, 87, -97)
(1, 87, -96)
(0, 87, -95)
(1, 86, -95)
(1, 86, -94)
(0, 87, -93)
(1, 87, -93)
(1, 87, -92)
(0, 87, -91)
(1, 86, -92)
(0, 86, -92)
(1, 85, -93)
(1, 85, -94)
(0, 85, -94)
(1, 84, -95)
(0, 84, -94)
(0, 84, -93)
(1, 84, -93)
(1, 84, -92)
(0, 85, -91)
(0, 85, -90)
(1, 85, -90)
(0, 86, -89)
(0, 86, -88)
(1, 86, -88)
(0, 87, -88)
(1, 87, -89)
(0, 88, -88)
(0, 88, -87)
(0, 88, -86)
(1, 88, -86)
(0, 89, -86)
(0, 89, -87)
(1, 89, -88)
(0, 90, -88)
(1, 90, -88)
(0, 91, -87)
(0, 91, -86)
(0, 91, -85)
(1, 91, -85)
(0, 92, -85)
(1, 92, -85)
(0, 93, -84)
(0, 93, -83)
(1, 92, -83)
(1, 92, -82)
(0, 93, -81)
(0, 93, -80)
(1, 92, -80)
(0, 92, -79)
(1, 91, -80)
(1, 91, -81)
(1, 91, -82)
(0, 91, -82)
(1, 90, -83)
(1, 90, -84)
(0, 90, -84)
(1, 89, -84)
(1, 89, -83)
(0, 89, -82)
(1, 88, -83)
(1, 88, -84)
(0, 88, -84)
(1, 87, -84)
(0, 87, -84)
(1, 86, -85)
(1, 86, -86)
(0, 86, -86)
(1, 85, -86)
(1, 85, -85)
(1, 85, -84)
(1, 85, -83)
(0, 85, -82)
(0, 85, -81)
(0, 85, -80)
(1, 85, -80)
(0, 86, -79)
(1, 86, -80)
(0, 87, -80)
(1, 87, -80)
(0, 88, -79)
(1, 88, -80)
(0, 89, -80)
(1, 89, -81)
(0, 90, -80)
(0, 90, -79)
(1, 90, -79)
(0, 91, -78)
(1, 91, -78)
(1, 91, -77)
(0, 91, -76)
(1, 90, -77)
(0, 90, -77)
(1, 89, -78)
(0, 89, -77)
(0, 89, -76)
(0, 89, -75)
(0, 89, -74)
(1, 88, -74)
(0, 88, -74)
(0, 88, -75)
(0, 88, -76)
(1, 87, -77)
(0, 87, -77)
(1, 86, -77)
(0, 86, -77)
(1, 85, -77)
(1, 85, -76)
(0, 85, -75)
(0, 85, -74)
(1, 84, -74)
(0, 84, -74)
(1, 83, -75)
(0, 83, -74)
(1, 82, -74)
(0, 82, -73)
(0, 82, -72)
(0, 82, -71)
(0, 82, -70)
(1, 82, -70)
(1, 82, -69)
(0, 82, -68)
(1, 81, -69)
(0, 81, -69)
(1, 80, -69)
(1, 80, -68)
(1, 80, -67)
(1, 80, -66)
(1, 80, -65)
(0, 80, -64)
(1, 79, -65)
(0, 79, -65)
(0, 79, -66)
(1, 78, -67)
(0, 78, -66)
(1, 77, -67)
(0, 77, -66)
(0, 77, -65)
(1, 77, -65)
(0, 78, -64)
(0, 78, -63)
(0, 78, -62)
(1, 77, -62)
(0, 77, -62)
(1, 76, -62)
(0, 76, -61)
(1, 75, -61)
(0, 75, -61)
(1, 74, -62)
(0, 74, -61)
(0, 74, -60)
(0, 74, -59)
(1, 74, -59)
(0, 75, -59)
(1, 75, -59)
(1, 75, -58)
(0, 75, -57)
(0, 75, -56)
(0, 75, -55)
(0, 75, -54)
(0, 75, -53)
(0, 75, -52)
(1, 75, -52)
(1, 75, -51)
(0, 75, -50)
(0, 75, -49)
(1, 75, -49)
(0, 76, -49)
(1, 76, -49)
(1, 76, -48)
(1, 76, -47)
(1, 76, -46)
(1, 76, -45)
(1, 76, -44)
(1, 76, -43)
(0, 77, -42)
(0, 77, -41)
(1, 76, -41)
(0, 76, -40)
(1, 75, -41)
(1, 75, -42)
(0, 75, -42)
(0, 75, -43)
(1, 75, -44)
(1, 75, -45)
(1, 75, -46)
(0, 75, -46)
(0, 75, -47)
(1, 74, -48)
(0, 74, -47)
(1, 73, -48)
(0, 73, -48)
(1, 72, -48)
(0, 72, -47)
(1, 71, -48)
(0, 71, -48)
(1, 70, -49)
(0, 70, -49)
(0, 70, -50)
(1, 69, -51)
(1, 69, -52)
(0, 69, -52)
(1, 68, -52)
(0, 68, -52)
(1, 67, -53)
(0, 67, -53)
(0, 67, -54)
(0, 67, -55)
(1, 67, -56)
(0, 68, -55)
(1, 68, -55)
(0, 69, -55)
(1, 69, -56)
(0, 70, -55)
(1, 70, -56)
(1, 70, -57)
(1, 70, -58)
(0, 71, -58)
(1, 71, -59)
(0, 72, -58)
(1, 72, -59)
(1, 72, -60)
(0, 73, -60)
(0, 73, -61)
(0, 73, -62)
(1, 72, -63)
(0, 72, -63)
(1, 71, -64)
(0, 71, -63)
(1, 70, -64)
(0, 70, -64)
(0, 70, -65)
(0, 70, -66)
(1, 70, -67)
(1, 70, -68)
(0, 70, -68)
(1, 69, -69)
(0, 69, -69)
(1, 68, -70)
(0, 68, -69)
(1, 67, -69)
(0, 67, -69)
(0, 67, -70)
(0, 67, -71)
(0, 67, -72)
(1, 67, -73)
(1, 67, -74)
(0, 68, -74)
(0, 68, -75)
(0, 68, -76)
(1, 68, -77)
(1, 68, -78)
(1, 68, -79)
(1, 68, -80)
(1, 68, -81)
(1, 68, -82)
(0, 68, -82)
(1, 67, -82)
(1, 67, -81)
(0, 67, -80)
(1, 66, -81)
(1, 66, -82)
(1, 66, -83)
(0, 67, -83)
(1, 67, -84)
(1, 67, -85)
(0, 68, -85)
(1, 68, -85)
(1, 68, -84)
(0, 69, -83)
(1, 69, -83)
(0, 70, -83)
(1, 70, -84)
(1, 70, -85)
(1, 70, -86)
(1, 70, -87)
(1, 70, -88)
(0, 71, -88)
(0, 71, -89)
(1, 70, -90)
(1, 70, -91)
(0, 70, -91)
(1, 69, -92)
(0, 69, -92)
(1, 68, -92)
(0, 68, -91)
(1, 67, -91)
(1, 67, -90)
(0, 67, -89)
(0, 67, -88)
(0, 67, -87)
(1, 66, -87)
(1, 66, -86)
(1, 66, -85)
(0, 66, -84)
(1, 65, -84)
(0, 65, -83)
(1, 64, -84)
(0, 64, -83)
(1, 63, -83)
(1, 63, -82)
(0, 63, -81)
(1, 62, -82)
(0, 62, -82)
(1, 61, -83)
(1, 61, -84)
(1, 61, -85)
(1, 61, -86)
(0, 61, -86)
(1, 60, -87)
(0, 60, -87)
(0, 60, -88)
(0, 60, -89)
(1, 59, -90)
(1, 59, -91)
(0, 59, -91)
(1, 58, -91)
(0, 58, -90)
(1, 57, -91)
(0, 57, -90)
(1, 56, -90)
(1, 56, -89)
(0, 57, -88)
(1, 57, -88)
(0, 58, -87)
(0, 58, -86)
(1, 57, -86)
(0, 57, -85)
(1, 56, -86)
(0, 56, -85)
(1, 55, -85)
(0, 55, -84)
(1, 54, -85)
(0, 54, -85)
(0, 54, -86)
(1, 53, -87)
(0, 53, -86)
(1, 52, -87)
(1, 52, -88)
(0, 52, -88)
(1, 51, -88)
(0, 51, -87)
(1, 50, -87)
(0, 50, -87)
(0, 50, -88)
(1, 49, -89)
(0, 49, -88)
(1, 48, -88)
(1, 48, -87)
(1, 48, -86)
(0, 49, -85)
(1, 49, -86)
(0, 50, -85)
(1, 50, -85)
(0, 51, -84)
(1, 51, -84)
(1, 51, -83)
(0, 51, -82)
(0, 51, -81)
(1, 51, -81)
(0, 52, -80)
(1, 52, -81)
(1, 52, -82)
(0, 53, -82)
(1, 53, -83)
(0, 54, -83)
(1, 54, -83)
(1, 54, -82)
(0, 55, -81)
(0, 55, -80)
(1, 54, -80)
(1, 54, -79)
(0, 54, -78)
(0, 54, -77)
(1, 53, -77)
(1, 53, -76)
(0, 54, -75)
(0, 54, -74)
(0, 54, -73)
(1, 54, -73)
(0, 55, -73)
(0, 55, -74)
(1, 55, -75)
(0, 56, -75)
(0, 56, -76)
(1, 55, -77)
(1, 55, -78)
(0, 56, -78)
(1, 56, -78)
(0, 57, -78)
(1, 57, -79)
(1, 57, -80)
(1, 57, -81)
(1, 57, -82)
(1, 57, -83)
(1, 57, -84)
(0, 58, -84)
(1, 58, -84)
(0, 59, -84)
(1, 59, -84)
(0, 60, -83)
(1, 60, -83)
(1, 60, -82)
(0, 61, -81)
(0, 61, -80)
(1, 60, -80)
(0, 60, -80)
(1, 59, -80)
(1, 59, -79)
(0, 59, -78)
(1, 58, -78)
(0, 58, -77)
(1, 57, -77)
(1, 57, -76)
(0, 57, -75)
(0, 57, -74)
(1, 56, -74)
(1, 56, -73)
(1, 56, -72)
(1, 56, -71)
(0, 56, -70)
(0, 56, -69)
(1, 55, -69)
(0, 55, -69)
(1, 54, -69)
(0, 54, -69)
(1, 53, -70)
(1, 53, -71)
(0, 53, -71)
(0, 53, -72)
(0, 53, -73)
(1, 52, -74)
(0, 52, -74)
(0, 52, -75)
(1, 51, -76)
(0, 51, -76)
(0, 51, -77)
(0, 51, -78)
(0, 51, -79)
(1, 50, -80)
(0, 50, -79)
(1, 49, -79)
(0, 49, -79)
(0, 49, -80)
(1, 49, -81)
(0, 50, -81)
(0, 50, -82)
(0, 50, -83)
(1, 49, -84)
(0, 49, -83)
(1, 48, -83)
(0, 48, -82)
(1, 47, -82)
(0, 47, -81)
(0, 47, -80)
(1, 47, -80)
(1, 47, -79)
(0, 48, -78)
(1, 48, -78)
(0, 49, -77)
(0, 49, -76)
(0, 49, -75)
(0, 49, -74)
(1, 49, -74)
(0, 50, -74)
(1, 50, -74)
(0, 51, -73)
(1, 51, -73)
(1, 51, -72)
(1, 51, -71)
(0, 52, -70)
(1, 52, -70)
(1, 52, -69)
(0, 52, -68)
(1, 51, -69)
(0, 51, -68)
(1, 50, -69)
(1, 50, -70)
(0, 50, -70)
(1, 49, -70)
(0, 49, -69)
(1, 48, -70)
(0, 48, -69)
(0, 48, -68)
(0, 48, -67)
(1, 48, -67)
(0, 49, -66)
(0, 49, -65)
(0, 49, -64)
(0, 49, -63)
(0, 49, -62)
(1, 49, -62)
(0, 50, -62)
(1, 50, -62)
(1, 50, -61)
(0, 51, -60)
(1, 51, -60)
(0, 52, -59)
(1, 52, -60)
(0, 53, -60)
(1, 53, -60)
(1, 53, -59)
(1, 53, -58)
(0, 54, -57)
(0, 54, -56)
(1, 54, -56)
(0, 55, -55)
(1, 55, -56)
(0, 56, -55)
(1, 56, -56)
(1, 56, -57)
(0, 57, -57)
(1, 57, -57)
(1, 57, -56)
(1, 57, -55)
(1, 57, -54)
(0, 58, -53)
(0, 58, -52)
(1, 58, -52)
(0, 59, -52)
(1, 59, -53)
(0, 60, -53)
(0, 60, -54)
(1, 59, -55)
(0, 59, -55)
(0, 59, -56)
(0, 59, -57)
(1, 58, -58)
(0, 58, -58)
(0, 58, -59)
(1, 58, -60)
(0, 59, -60)
(0, 59, -61)
(1, 58, -62)
(0, 58, -61)
(1, 57, -62)
(1, 57, -63)
(0, 58, -63)
(1, 58, -64)
(1, 58, -65)
(1, 58, -66)
(0, 59, -66)
(0, 59, -67)
(0, 59, -68)
(1, 58, -69)
(0, 58, -69)
(1, 57, -70)
(1, 57, -71)
(0, 58, -71)
(0, 58, -72)
(1, 58, -73)
(0, 59, -73)
(0, 59, -74)
(0, 59, -75)
(1, 59, -76)
(0, 60, -76)
(1, 60, -77)
(0, 61, -77)
(1, 61, -78)
(0, 62, -77)
(1, 62, -77)
(0, 63, -76)
(0, 63, -75)
(1, 63, -75)
(0, 64, -74)
(1, 64, -75)
(0, 65, -74)
(1, 65, -75)
(0, 66, -75)
(1, 66, -75)
(1, 66, -74)
(0, 66, -73)
(1, 65, -73)
(1, 65, -72)
(1, 65, -71)
(0, 66, -70)
(0, 66, -69)
(1, 65, -69)
(0, 65, -69)
(1, 64, -70)
(0, 64, -69)
(1, 63, -69)
(0, 63, -68)
(1, 62, -69)
(1, 62, -70)
(0, 62, -70)
(1, 61, -71)
(0, 61, -71)
(1, 60, -71)
(1, 60, -70)
(1, 60, -69)
(0, 61, -68)
(0, 61, -67)
(1, 61, -67)
(0, 62, -67)
(1, 62, -67)
(0, 63, -66)
(0, 63, -65)
(1, 63, -65)
(1, 63, -64)
(0, 63, -63)
(1, 62, -63)
(1, 62, -62)
(0, 62, -61)
(0, 62, -60)
(1, 62, -60)
(1, 62, -59)
(1, 62, -58)
(0, 62, -57)
(0, 62, -56)
(0, 62, -55)
(1, 61, -55)
(0, 61, -54)
(0, 61, -53)
(0, 61, -52)
(1, 61, -52)
(0, 62, -52)
(1, 62, -53)
(0, 63, -53)
(0, 63, -54)
(1, 63, -55)
(1, 63, -56)
(1, 63, -57)
(1, 63, -58)
(1, 63, -59)
(1, 63, -60)
(1, 63, -61)
(0, 64, -61)
(1, 64, -62)
(0, 65, -61)
(1, 65, -62)
(1, 65, -63)
(1, 65, -64)
(1, 65, -65)
(1, 65, -66)
(0, 66, -66)
(1, 66, -66)
(1, 66, -65)
(0, 67, -64)
(0, 67, -63)
(1, 67, -63)
(1, 67, -62)
(0, 68, -61)
(1, 68, -62)
(0, 69, -61)
(1, 69, -62)
(0, 70, -61)
(1, 70, -62)
(0, 71, -61)
(0, 71, -60)
(1, 70, -60)
(0, 70, -59)
(1, 69, -59)
(0, 69, -59)
(1, 68, -60)
(0, 68, -59)
(1, 67, -59)
(0, 67, -58)
(1, 66, -58)
(0, 66, -57)
(1, 65, -57)
(1, 65, -56)
(0, 66, -55)
(0, 66, -54)
(1, 65, -54)
(0, 65, -53)
(0, 65, -52)
(1, 64, -52)
(1, 64, -51)
(0, 64, -50)
(1, 63, -51)
(0, 63, -51)
(1, 62, -51)
(1, 62, -50)
(0, 63, -49)
(0, 63, -48)
(1, 63, -48)
(0, 64, -48)
(1, 64, -49)
(0, 65, -48)
(0, 65, -47)
(1, 65, -47)
(1, 65, -46)
(1, 65, -45)
(1, 65, -44)
(1, 65, -43)
(0, 66, -42)
(1, 66, -43)
(0, 67, -43)
(0, 67, -44)
(1, 66, -45)
(1, 66, -46)
(1, 66, -47)
(0, 67, -47)
(1, 67, -48)
(0, 68, -48)
(1, 68, -49)
(0, 69, -48)
(1, 69, -48)
(0, 70, -47)
(1, 70, -47)
(1, 70, -46)
(1, 70, -45)
(0, 70, -44)
(0, 70, -43)
(0, 70, -42)
(1, 70, -42)
(0, 71, -42)
(1, 71, -43)
(0, 72, -43)
(1, 72, -43)
(1, 72, -42)
(0, 72, -41)
(0, 72, -40)
(1, 72, -40)
(0, 73, -39)
(1, 73, -40)
(0, 74, -40)
(1, 74, -40)
(0, 75, -39)
(0, 75, -38)
(0, 75, -37)
(0, 75, -36)
(0, 75, -35)
(1, 75, -35)
(0, 76, -35)
(0, 76, -36)
(0, 76, -37)
(0, 76, -38)
(1, 76, -39)
(0, 77, -39)
(1, 77, -39)
(0, 78, -39)
(0, 78, -40)
(0, 78, -41)
(0, 78, -42)
(0, 78, -43)
(1, 77, -44)
(1, 77, -45)
(0, 78, -45)
(0, 78, -46)
(0, 78, -47)
(1, 78, -48)
(0, 79, -48)
(1, 79, -49)
(0, 80, -48)
(1, 80, -48)
(1, 80, -47)
(0, 81, -46)
(0, 81, -45)
(1, 81, -45)
(0, 82, -45)
(1, 82, -45)
(0, 83, -45)
(1, 83, -46)
(1, 83, -47)
(0, 83, -47)
(1, 82, -48)
(0, 82, -48)
(1, 81, -49)
(0, 81, -49)
(1, 80, -50)
(1, 80, -51)
(0, 80, -51)
(0, 80, -52)
(1, 80, -53)
(0, 81, -53)
(1, 81, -53)
(1, 81, -52)
(0, 82, -51)
(1, 82, -51)
(0, 83, -51)
(1, 83, -52)
(1, 83, -53)
(1, 83, -54)
(0, 83, -54)
(1, 82, -55)
(0, 82, -55)
(1, 81, -55)
(0, 81, -55)
(0, 81, -56)
(0, 81, -57)
(1, 80, -58)
(1, 80, -59)
(0, 80, -59)
(0, 80, -60)
(0, 80, -61)
(0, 80, -62)
(1, 80, -63)
(0, 81, -62)
(1, 81, -63)
(0, 82, -63)
(0, 82, -64)
(0, 82, -65)
(1, 82, -66)
(0, 83, -66)
(1, 83, -67)
(0, 84, -66)
(1, 84, -66)
(0, 85, -66)
(1, 85, -67)
(1, 85, -68)
(1, 85, -69)
(0, 85, -69)
(0, 85, -70)
(1, 85, -71)
(0, 86, -70)
(1, 86, -71)
(1, 86, -72)
(0, 87, -72)
(1, 87, -73)
(0, 88, -72)
(0, 88, -71)
(0, 88, -70)
(1, 87, -70)
(1, 87, -69)
(0, 87, -68)
(0, 87, -67)
(1, 86, -67)
(1, 86, -66)
(0, 86, -65)
(1, 85, -65)
(1, 85, -64)
(0, 86, -63)
(1, 86, -63)
(1, 86, -62)
(0, 87, -61)
(1, 87, -61)
(0, 88, -60)
(1, 88, -61)
(0, 89, -61)
(1, 89, -61)
(0, 90, -61)
(1, 90, -61)
(0, 91, -61)
(1, 91, -62)
(0, 92, -61)
(1, 92, -62)
(1, 92, -63)
(0, 93, -63)
(1, 93, -64)
(1, 93, -65)
(0, 93, -65)
(1, 92, -66)
(1, 92, -67)
(0, 92, -67)
(0, 92, -68)
(1, 92, -69)
(0, 93, -68)
(1, 93, -68)
(1, 93, -67)
(0, 94, -66)
(1, 94, -66)
(0, 95, -66)
(0, 95, -67)
(1, 95, -68)
(1, 95, -69)
(0, 96, -69)
(1, 96, -70)
(1, 96, -71)
(0, 96, -71)
(0, 96, -72)
(1, 96, -73)
(1, 96, -74)
(0, 96, -74)
(0, 96, -75)
(1, 95, -76)
(1, 95, -77)
(0, 95, -77)
(1, 94, -78)
(0, 94, -78)
(0, 94, -79)
(0, 94, -80)
(1, 94, -81)
(1, 94, -82)
(0, 95, -82)
(0, 95, -83)
(1, 95, -84)
(0, 96, -83)
(1, 96, -84)
(0, 97, -84)
(0, 97, -85)
(1, 97, -86)
(0, 98, -86)
(1, 98, -86)
(0, 99, -85)
(1, 99, -86)
(0, 100, -86)
(1, 100, -87)
(1, 100, -88)
(1, 100, -89)
(1, 100, -90)
(0, 100, -90)
(0, 100, -91)
(1, 100, -92)
(1, 100, -93)
(1, 100, -94)
(0, 100, -94)
(1, 99, -94)
(0, 99, -94)
(0, 99, -95)
(0, 99, -96)
(1, 99, -97)
(1, 99, -98)
(0, 99, -98)
(1, 98, -99)
(1, 98, -100)
(0, 99, -100)
(0, 99, -101)
(1, 99, -102)
(0, 100, -102)
(0, 100, -103)
(1, 100, -104)
(1, 100, -105)
(0, 100, -105)
(0, 100, -106)
(1, 99, -107)
(0, 99, -106)
(1, 98, -106)
(0, 98, -105)
(0, 98, -104)
(1, 97, -104)
(0, 97, -103)
(1, 96, -104)
(1, 96, -105)
(1, 96, -106)
(1, 96, -107)
(0, 96, -107)
(1, 95, -107)
(0, 95, -106)
(1, 94, -107)
(1, 94, -108)
(0, 94, -108)
(1, 93, -109)
(0, 93, -109)
(0, 93, -110)
(1, 92, -111)
(1, 92, -112)
(0, 92, -112)
(0, 92, -113)
(1, 91, -114)
(0, 91, -113)
(1, 90, -114)
(0, 90, -114)
(1, 89, -114)
(0, 89, -113)
(0, 89, -112)
(1, 88, -112)
(1, 88, -111)
(0, 88, -110)
(1, 87, -110)
(0, 87, -110)
(0, 87, -111)
(1, 86, -112)
(1, 86, -113)
(0, 86, -113)
(1, 85, -114)
(0, 85, -113)
(1, 84, -113)
(1, 84, -112)
(0, 85, -111)
(0, 85, -110)
(1, 84, -110)
(0, 84, -110)
(1, 83, -110)
(0, 83, -109)
(1, 82, -110)
(1, 82, -111)
(0, 82, -111)
(0, 82, -112)
(1, 82, -113)
(1, 82, -114)
(1, 82, -115)
(0, 83, -115)
(1, 83, -116)
(0, 84, -116)
(1, 84, -116)
(0, 85, -115)
(1, 85, -116)
(0, 86, -116)
(1, 86, -116)
(1, 86, -115)
(0, 87, -114)
(1, 87, -115)
(0, 88, -114)
(1, 88, -115)
(1, 88, -116)
(1, 88, -117)
(1, 88, -118)
(0, 89, -118)
(1, 89, -118)
(0, 90, -117)
(0, 90, -116)
(1, 90, -116)
(0, 91, -115)
(1, 91, -116)
(0, 92, -116)
(1, 92, -116)
(0, 93, -116)
(1, 93, -117)
(0, 94, -116)
(1, 94, -117)
(1, 94, -118)
(0, 94, -118)
(0, 94, -119)
(1, 93, -120)
(0, 93, -120)
(0, 93, -121)
(1, 93, -122)
(1, 93, -123)
(1, 93, -124)
(0, 93, -124)
(1, 92, -124)
(0, 92, -123)
(1, 91, -123)
(0, 91, -123)
(1, 90, -123)
(0, 90, -122)
(1, 89, -122)
(0, 89, -121)
(1, 88, -121)
(1, 88, -120)
(0, 88, -119)
(1, 87, -120)
(0, 87, -120)
(1, 86, -120)
(0, 86, -119)
(1, 85, -119)
(0, 85, -118)
(1, 84, -118)
(0, 84, -118)
(1, 83, -118)
(0, 83, -117)
(1, 82, -118)
(1, 82, -119)
(1, 82, -120)
(0, 82, -120)
(0, 82, -121)
(1, 82, -122)
(0, 83, -121)
(1, 83, -122)
(0, 84, -122)
(1, 84, -123)
(0, 85, -123)
(1, 85, -123)
(0, 86, -123)
(1, 86, -124)
(1, 86, -125)
(0, 86, -125)
(1, 85, -126)
(1, 85, -127)
(0, 85, -127)
(0, 85, -128)
(1, 85, -129)
(0, 86, -128)
(1, 86, -128)
(0, 87, -128)
(0, 87, -129)
(0, 87, -130)
(1, 86, -131)
(0, 86, -131)
(1, 85, -132)
(0, 85, -132)
(1, 84, -133)
(0, 84, -132)
(0, 84, -131)
(0, 84, -130)
(1, 83, -130)
(0, 83, -130)
(0, 83, -131)
(0, 83, -132)
(0, 83, -133)
(1, 82, -134)
(0, 82, -133)
(1, 81, -134)
(1, 81, -135)
(0, 82, -135)
(1, 82, -136)
(1, 82, -137)
(0, 82, -137)
(1, 81, -138)
(0, 81, -138)
(1, 80, -138)
(0, 80, -137)
(0, 80, -136)
(1, 79, -136)
(0, 79, -136)
(0, 79, -137)
(1, 78, -138)
(0, 78, -137)
(1, 77, -138)
(0, 77, -137)
(0, 77, -136)
(0, 77, -135)
(1, 77, -135)
(0, 78, -134)
(0, 78, -133)
(1, 77, -133)
(0, 77, -132)
(0, 77, -131)
(1, 76, -131)
(0, 76, -131)
(0, 76, -132)
(1, 75, -133)
(1, 75, -134)
(1, 75, -135)
(0, 76, -135)
(0, 76, -136)
(1, 75, -137)
(0, 75, -136)
(1, 74, -137)
(0, 74, -137)
(1, 73, -137)
(0, 73, -136)
(1, 72, -137)
(1, 72, -138)
(0, 73, -138)
(0, 73, -139)
(0, 73, -140)
(0, 73, -141)
(1, 72, -142)
(0, 72, -142)
(1, 71, -143)
(0, 71, -142)
(1, 70, -142)
(0, 70, -141)
(1, 69, -142)
(0, 69, -142)
(1, 68, -142)
(0, 68, -141)
(1, 67, -142)
(1, 67, -143)
(1, 67, -144)
(1, 67, -145)
(0, 67, -145)
(1, 66, -146)
(1, 66, -147)
(1, 66, -148)
(0, 67, -148)
(1, 67, -149)
(0, 68, -148)
(1, 68, -148)
(0, 69, -147)
(1, 69, -148)
(1, 69, -149)
(0, 70, -149)
(0, 70, -150)
(0, 70, -151)
(1, 69, -152)
(0, 69, -151)
(1, 68, -151)
(0, 68, -151)
(0, 68, -152)
(1, 67, -153)
(0, 67, -152)
(0, 67, -151)
(1, 66, -151)
(1, 66, -150)
(0, 66, -149)
(1, 65, -150)
(1, 65, -151)
(1, 65, -152)
(0, 65, -152)
(1, 64, -153)
(1, 64, -154)
(0, 64, -154)
(1, 63, -154)
(1, 63, -153)
(0, 63, -152)
(0, 63, -151)
(1, 62, -151)
(1, 62, -150)
(0, 63, -149)
(1, 63, -149)
(0, 64, -148)
(1, 64, -149)
(0, 65, -148)
(1, 65, -148)
(1, 65, -147)
(0, 65, -146)
(0, 65, -145)
(0, 65, -144)
(0, 65, -143)
(0, 65, -142)
(0, 65, -141)
(1, 64, -141)
(0, 64, -141)
(0, 64, -142)
(1, 63, -143)
(1, 63, -144)
(1, 63, -145)
(0, 64, -145)
(0, 64, -146)
(1, 63, -147)
(0, 63, -146)
(1, 62, -147)
(0, 62, -147)
(1, 61, -147)
(0, 61, -146)
(1, 60, -146)
(0, 60, -145)
(0, 60, -144)
(1, 59, -144)
(0, 59, -144)
(0, 59, -145)
(0, 59, -146)
(1, 59, -147)
(1, 59, -148)
(0, 60, -148)
(1, 60, -149)
(1, 60, -150)
(0, 61, -150)
(0, 61, -151)
(1, 60, -152)
(0, 60, -152)
(1, 59, -153)
(0, 59, -153)
(0, 59, -154)
(1, 58, -155)
(0, 58, -154)
(1, 57, -155)
(0, 57, -155)
(0, 57, -156)
(1, 56, -157)
(1, 56, -158)
(0, 56, -158)
(0, 56, -159)
(0, 56, -160)
(1, 55, -161)
(1, 55, -162)
(0, 55, -162)
(1, 54, -162)
(0, 54, -162)
(1, 53, -162)
(0, 53, -162)
(1, 52, -162)
(0, 52, -161)
(1, 51, -162)
(1, 51, -163)
(0, 51, -163)
(0, 51, -164)
(0, 51, -165)
(0, 51, -166)
(1, 50, -167)
(0, 50, -167)
(0, 50, -168)
(1, 50, -169)
(0, 51, -168)
(1, 51, -168)
(0, 52, -168)
(1, 52, -168)
(1, 52, -167)
(0, 53, -166)
(1, 53, -167)
(0, 54, -167)
(1, 54, -167)
(0, 55, -167)
(1, 55, -168)
(0, 56, -167)
(1, 56, -168)
(1, 56, -169)
(1, 56, -170)
(1, 56, -171)
(1, 56, -172)
(0, 57, -172)
(0, 57, -173)
(1, 57, -174)
(0, 58, -174)
(1, 58, -174)
(0, 59, -173)
(0, 59, -172)
(1, 58, -172)
(0, 58, -171)
(1, 57, -171)
(1, 57, -170)
(0, 58, -169)
(1, 58, -169)
(0, 59, -169)
(1, 59, -170)
(0, 60, -170)
(1, 60, -171)
(1, 60, -172)
(0, 60, -172)
(0, 60, -173)
(1, 60, -174)
(1, 60, -175)
(0, 60, -175)
(1, 59, -175)
(0, 59, -175)
(0, 59, -176)
(0, 59, -177)
(1, 59, -178)
(1, 59, -179)
(0, 59, -179)
(1, 58, -180)
(0, 58, -180)
(1, 57, -181)
(0, 57, -181)
(0, 57, -182)
(1, 56, -183)
(0, 56, -183)
(1, 55, -184)
(0, 55, -183)
(1, 54, -184)
(0, 54, -183)
(1, 53, -183)
(0, 53, -182)
(1, 52, -182)
(0, 52, -182)
(0, 52, -183)
(0, 52, -184)
(1, 52, -185)
(0, 53, -184)
(1, 53, -185)
(1, 53, -186)
(0, 53, -186)
(0, 53, -187)
(1, 53, -188)
(0, 54, -187)
(1, 54, -188)
(1, 54, -189)
(1, 54, -190)
(1, 54, -191)
(0, 55, -191)
(0, 55, -192)
(0, 55, -193)
(1, 55, -194)
(1, 55, -195)
(0, 56, -195)
(1, 56, -196)
(0, 57, -196)
(0, 57, -197)
(0, 57, -198)
(1, 56, -199)
(0, 56, -199)
(1, 55, -200)
(0, 55, -200)
(1, 54, -200)
(0, 54, -199)
(1, 53, -200)
(0, 53, -200)
(1, 52, -200)
(1, 52, -199)
(0, 53, -198)
(0, 53, -197)
(1, 52, -197)
(0, 52, -196)
(1, 51, -197)
(0, 51, -197)
(0, 51, -198)
(1, 50, -199)
(0, 50, -199)
(1, 49, -200)
(0, 49, -199)
(1, 48, -199)
(0, 48, -199)
(1, 47, -199)
(0, 47, -199)
(1, 46, -199)
(0, 46, -199)
(1, 45, -199)
(0, 45, -199)
(1, 44, -199)
(0, 44, -199)
(1, 43, -199)
(1, 43, -198)
(0, 43, -197)
(1, 42, -198)
(0, 42, -198)
(1, 41, -198)
(0, 41, -198)
(1, 40, -198)
(0, 40, -197)
(1, 39, -197)
(0, 39, -197)
(1, 38, -197)
(0, 38, -197)
(1, 37, -198)
(0, 37, -197)
(1, 36, -197)
(0, 36, -196)
(0, 36, -195)
(1, 35, -195)
(0, 35, -195)
(0, 35, -196)
(1, 34, -197)
(0, 34, -196)
(0, 34, -195)
(1, 33, -195)
(0, 33, -194)
(0, 33, -193)
(1, 32, -193)
(0, 32, -193)
(1, 31, -193)
(1, 31, -192)
(0, 31, -191)
(0, 31, -190)
(0, 31, -189)
(1, 31, -189)
(0, 32, -189)
(1, 32, -190)
(0, 33, -190)
(1, 33, -190)
(0, 34, -189)
(1, 34, -189)
(0, 35, -188)
(1, 35, -188)
(1, 35, -187)
(0, 36, -186)
(1, 36, -187)
(0, 37, -187)
(0, 37, -188)
(0, 37, -189)
(1, 36, -190)
(1, 36, -191)
(0, 37, -191)
(0, 37, -192)
(1, 36, -193)
(1, 36, -194)
(0, 37, -194)
(0, 37, -195)
(1, 37, -196)
(0, 38, -195)
(0, 38, -194)
(0, 38, -193)
(1, 38, -193)
(0, 39, -192)
(1, 39, -193)
(0, 40, -192)
(1, 40, -192)
(0, 41, -192)
(0, 41, -193)
(1, 40, -194)
(1, 40, -195)
(0, 41, -195)
(1, 41, -196)
(0, 42, -196)
(1, 42, -196)
(1, 42, -195)
(0, 42, -194)
(0, 42, -193)
(0, 42, -192)
(1, 42, -192)
(0, 43, -192)
(1, 43, -192)
(1, 43, -191)
(0, 44, -190)
(1, 44, -191)
(0, 45, -191)
(1, 45, -192)
(0, 46, -191)
(1, 46, -192)
(1, 46, -193)
(0, 47, -193)
(1, 47, -194)
(0, 48, -194)
(1, 48, -194)
(0, 49, -194)
(0, 49, -195)
(0, 49, -196)
(0, 49, -197)
(1, 49, -198)
(0, 50, -197)
(0, 50, -196)
(1, 50, -196)
(0, 51, -195)
(1, 51, -195)
(0, 52, -194)
(0, 52, -193)
(1, 52, -193)
(0, 53, -192)
(1, 53, -192)
(1, 53, -191)
(0, 53, -190)
(1, 52, -190)
(0, 52, -189)
(1, 51, -190)
(0, 51, -190)
(1, 50, -191)
(0, 50, -190)
(0, 50, -189)
(1, 49, -189)
(0, 49, -188)
(1, 48, -188)
(0, 48, -187)
(1, 47, -187)
(1, 47, -186)
(0, 48, -185)
(0, 48, -184)
(1, 47, -184)
(1, 47, -183)
(1, 47, -182)
(0, 48, -181)
(1, 48, -182)
(0, 49, -182)
(1, 49, -183)
(0, 50, -182)
(0, 50, -181)
(0, 50, -180)
(1, 50, -180)
(0, 51, -180)
(1, 51, -180)
(1, 51, -179)
(1, 51, -178)
(1, 51, -177)
(0, 52, -176)
(1, 52, -177)
(0, 53, -177)
(1, 53, -177)
(0, 54, -177)
(1, 54, -178)
(1, 54, -179)
(0, 54, -179)
(1, 53, -180)
(1, 53, -181)
(0, 54, -181)
(1, 54, -181)
(0, 55, -181)
(1, 55, -182)
(0, 56, -181)
(0, 56, -180)
(0, 56, -179)
(1, 56, -179)
(0, 57, -178)
(0, 57, -177)
(0, 57, -176)
(1, 56, -176)
(0, 56, -176)
(1, 55, -176)
(1, 55, -175)
(1, 55, -174)
(1, 55, -173)
(0, 55, -172)
(1, 54, -173)
(0, 54, -173)
(1, 53, -174)
(0, 53, -174)
(1, 52, -175)
(0, 52, -174)
(1, 51, -174)
(0, 51, -173)
(1, 50, -174)
(1, 50, -175)
(0, 50, -175)
(0, 50, -176)
(1, 49, -177)
(0, 49, -176)
(1, 48, -176)
(0, 48, -175)
(0, 48, -174)
(0, 48, -173)
(1, 47, -173)
(1, 47, -172)
(0, 47, -171)
(0, 47, -170)
(1, 47, -170)
(0, 48, -170)
(1, 48, -170)
(0, 49, -169)
(0, 49, -168)
(1, 48, -168)
(0, 48, -168)
(1, 47, -168)
(0, 47, -168)
(1, 46, -168)
(0, 46, -167)
(1, 45, -167)
(0, 45, -167)
(0, 45, -168)
(1, 45, -169)
(1, 45, -170)
(0, 45, -170)
(1, 44, -170)
(0, 44, -169)
(1, 43, -169)
(1, 43, -168)
(1, 43, -167)
(0, 43, -166)
(0, 43, -165)
(1, 43, -165)
(1, 43, -164)
(0, 43, -163)
(1, 42, -164)
(0, 42, -164)
(1, 41, -165)
(1, 41, -166)
(1, 41, -167)
(1, 41, -168)
(0, 41, -168)
(0, 41, -169)
(0, 41, -170)
(1, 41, -171)
(0, 42, -171)
(0, 42, -172)
(1, 41, -173)
(0, 41, -172)
(1, 40, -172)
(0, 40, -172)
(1, 39, -173)
(0, 39, -172)
(1, 38, -173)
(0, 38, -173)
(0, 38, -174)
(0, 38, -175)
(0, 38, -176)
(1, 37, -177)
(0, 37, -176)
(1, 36, -177)
(0, 36, -176)
(1, 35, -177)
(0, 35, -176)
(1, 34, -176)
(0, 34, -175)
(1, 33, -175)
(0, 33, -175)
(0, 33, -176)
(1, 32, -177)
(0, 32, -177)
(1, 31, -177)
(1, 31, -176)
(1, 31, -175)
(0, 31, -174)
(0, 31, -173)
(1, 31, -173)
(0, 32, -172)
(1, 32, -172)
(0, 33, -171)
(0, 33, -170)
(1, 32, -170)
(0, 32, -170)
(1, 31, -170)
(0, 31, -169)
(1, 30, -169)
(1, 30, -168)
(0, 31, -167)
(0, 31, -166)
(1, 30, -166)
(0, 30, -166)
(1, 29, -166)
(1, 29, -165)
(0, 29, -164)
(1, 28, -165)
(0, 28, -165)
(1, 27, -166)
(0, 27, -166)
(0, 27, -167)
(1, 26, -168)
(1, 26, -169)
(0, 27, -169)
(1, 27, -169)
(0, 28, -168)
(0, 28, -167)
(1, 28, -167)
(0, 29, -167)
(1, 29, -168)
(1, 29, -169)
(1, 29, -170)
(1, 29, -171)
(0, 29, -171)
(0, 29, -172)
(1, 28, -173)
(0, 28, -173)
(1, 27, -173)
(0, 27, -172)
(1, 26, -172)
(0, 26, -171)
(1, 25, -172)
(0, 25, -171)
(0, 25, -170)
(1, 25, -170)
(1, 25, -169)
(0, 25, -168)
(1, 24, -168)
(0, 24, -168)
(1, 23, -168)
(0, 23, -168)
(1, 22, -168)
(0, 22, -168)
(0, 22, -169)
(1, 21, -170)
(1, 21, -171)
(0, 22, -171)
(1, 22, -171)
(0, 23, -171)
(1, 23, -171)
(0, 24, -171)
(0, 24, -172)
(1, 24, -173)
(0, 25, -173)
(1, 25, -174)
(1, 25, -175)
(0, 26, -175)
(0, 26, -176)
(1, 25, -177)
(1, 25, -178)
(0, 25, -178)
(1, 24, -178)
(1, 24, -177)
(1, 24, -176)
(1, 24, -175)
(0, 24, -174)
(1, 23, -174)
(0, 23, -174)
(1, 22, -175)
(0, 22, -174)
(1, 21, -175)
(1, 21, -176)
(0, 21, -176)
(0, 21, -177)
(0, 21, -178)
(0, 21, -179)
(0, 21, -180)
(0, 21, -181)
(0, 21, -182)
(1, 20, -183)
(0, 20, -182)
(1, 19, -182)
(0, 19, -182)
(1, 18, -183)
(0, 18, -183)
(0, 18, -184)
(1, 17, -185)
(0, 17, -185)
(1, 16, -186)
(0, 16, -186)
(1, 15, -186)
(0, 15, -186)
(0, 15, -187)
(1, 15, -188)
(0, 16, -188)
(1, 16, -188)
(0, 17, -187)
(1, 17, -187)
(0, 18, -187)
(1, 18, -187)
(1, 18, -186)
(0, 19, -185)
(0, 19, -184)
(1, 19, -184)
(0, 20, -184)
(1, 20, -185)
(1, 20, -186)
(0, 20, -186)
(1, 19, -187)
(1, 19, -188)
(0, 19, -188)
(0, 19, -189)
(0, 19, -190)
(1, 18, -191)
(0, 18, -190)
(1, 17, -191)
(1, 17, -192)
(0, 17, -192)
(0, 17, -193)
(1, 17, -194)
(1, 17, -195)
(0, 18, -195)
(1, 18, -196)
(0, 19, -196)
(1, 19, -196)
(0, 20, -196)
(1, 20, -196)
(1, 20, -195)
(0, 20, -194)
(1, 19, -194)
(1, 19, -193)
(0, 20, -192)
(1, 20, -193)
(0, 21, -192)
(1, 21, -193)
(0, 22, -192)
(0, 22, -191)
(1, 22, -191)
(0, 23, -190)
(0, 23, -189)
(0, 23, -188)
(1, 22, -188)
(1, 22, -187)
(1, 22, -186)
(0, 23, -185)
(0, 23, -184)
(1, 23, -184)
(0, 24, -183)
(1, 24, -184)
(0, 25, -184)
(1, 25, -184)
(0, 26, -184)
(0, 26, -185)
(0, 26, -186)
(1, 26, -187)
(0, 27, -186)
(0, 27, -185)
(0, 27, -184)
(1, 27, -184)
(0, 28, -184)
(1, 28, -184)
(1, 28, -183)
(0, 28, -182)
(1, 27, -182)
(1, 27, -181)
(1, 27, -180)
(0, 28, -179)
(1, 28, -180)
(1, 28, -181)
(0, 29, -181)
(1, 29, -182)
(1, 29, -183)
(0, 30, -183)
(0, 30, -184)
(0, 30, -185)
(1, 30, -186)
(1, 30, -187)
(1, 30, -188)
(0, 30, -188)
(1, 29, -188)
(1, 29, -187)
(0, 29, -186)
(1, 28, -187)
(0, 28, -187)
(0, 28, -188)
(1, 28, -189)
(1, 28, -190)
(1, 28, -191)
(0, 28, -191)
(0, 28, -192)
(0, 28, -193)
(1, 28, -194)
(0, 29, -193)
(1, 29, -194)
(0, 30, -193)
(1, 30, -194)
(1, 30, -195)
(1, 30, -196)
(0, 31, -196)
(1, 31, -197)
(1, 31, -198)
(0, 31, -198)
(1, 30, -199)
(0, 30, -199)
(1, 29, -200)
(0, 29, -200)
(1, 28, -200)
(0, 28, -200)
(1, 27, -200)
(1, 27, -199)
(0, 28, -198)
(1, 28, -198)
(1, 28, -197)
(1, 28, -196)
(0, 28, -195)
(1, 27, -196)
(0, 27, -195)
(1, 26, -196)
(1, 26, -197)
(1, 26, -198)
(0, 26, -198)
(1, 25, -198)
(0, 25, -198)
(1, 24, -199)
(0, 24, -199)
(1, 23, -199)
(0, 23, -198)
(1, 22, -199)
(0, 22, -199)
(1, 21, -199)
(0, 21, -199)
(1, 20, -200)
(0, 20, -200)
(1, 19, -200)
(1, 19, -199)
(0, 19, -198)
(1, 18, -199)
(0, 18, -198)
(1, 17, -198)
(1, 17, -197)
(0, 17, -196)
(1, 16, -196)
(1, 16, -195)
(0, 16, -194)
(0, 16, -193)
(0, 16, -192)
(1, 15, -192)
(1, 15, -191)
(1, 15, -190)
(0, 15, -189)
(1, 14, -190)
(0, 14, -190)
(1, 13, -190)
(0, 13, -189)
(1, 12, -190)
(1, 12, -191)
(0, 13, -191)
(1, 13, -192)
(1, 13, -193)
(1, 13, -194)
(1, 13, -195)
(0, 14, -195)
(0, 14, -196)
(1, 13, -197)
(0, 13, -196)
(1, 12, -196)
(1, 12, -195)
(0, 12, -194)
(1, 11, -195)
(0, 11, -195)
(1, 10, -196)
(1, 10, -197)
(0, 10, -197)
(0, 10, -198)
(1, 9, -199)
(0, 9, -198)
(1, 8, -199)
(0, 8, -199)
(1, 7, -200)
(0, 7, -199)
(1, 6, -200)
(0, 6, -199)
(0, 6, -198)
(0, 6, -197)
(1, 5, -197)
(0, 5, -197)
(1, 4, -197)
(0, 4, -197)
(1, 3, -198)
(0, 3, -198)
(1, 2, -198)
(1, 2, -197)
(0, 3, -196)
(1, 3, -196)
(1, 3, -195)
(1, 3, -194)
(1, 3, -193)
(0, 4, -192)
(1, 4, -193)
(0, 5, -193)
(0, 5, -194)
(1, 5, -195)
(0, 6, -195)
(1, 6, -195)
(0, 7, -194)
(1, 7, -195)
(0, 8, -194)
(1, 8, -195)
(0, 9, -195)
(1, 9, -195)
(1, 9, -194)
(0, 10, -193)
(0, 10, -192)
(0, 10, -191)
(1, 10, -191)
(0, 11, -191)
(1, 11, -191)
(1, 11, -190)
(0, 11, -189)
(0, 11, -188)
(1, 10, -188)
(0, 10, -188)
(1, 9, -188)
(0, 9, -187)
(0, 9, -186)
(1, 8, -186)
(0, 8, -186)
(1, 7, -187)
(1, 7, -188)
(1, 7, -189)
(0, 8, -189)
(1, 8, -189)
(0, 9, -189)
(0, 9, -190)
(0, 9, -191)
(1, 8, -192)
(0, 8, -192)
(1, 7, -192)
(1, 7, -191)
(0, 7, -190)
(1, 6, -191)
(0, 6, -191)
(1, 5, -191)
(0, 5, -190)
(1, 4, -190)
(0, 4, -190)
(1, 3, -191)
(0, 3, -191)
(1, 2, -192)
(0, 2, -192)
(0, 2, -193)
(0, 2, -194)
(1, 1, -195)
(0, 1, -195)
(1, 0, -195)
(0, 0, -195)
(1, -1, -196)
(1, -1, -197)
(0, 0, -197)
(1, 0, -197)
(0, 1, -197)
(0, 1, -198)
(1, 0, -199)
(0, 0, -199)
(1, -1, -199)
(0, -1, -199)
(1, -2, -199)
(0, -2, -199)
(1, -3, -199)
(0, -3, -199)
(1, -4, -199)
(1, -4, -198)
(0, -4, -197)
(1, -5, -198)
(0, -5, -197)
(1, -6, -197)
(0, -6, -196)
(1, -7, -196)
(0, -7, -196)
(0, -7, -197)
(1, -7, -198)
(0, -6, -198)
(0, -6, -199)
(1, -7, -200)
(0, -7, -199)
(1, -8, -199)
(0, -8, -199)
(1, -9, -200)
(0, -9, -200)
(1, -10, -200)
(0, -10, -200)
(1, -11, -200)
(1, -11, -199)
(1, -11, -198)
(0, -11, -197)
(1, -12, -198)
(1, -12, -199)
(0, -12, -199)
(1, -13, -199)
(0, -13, -199)
(1, -14, -199)
(0, -14, -199)
(1, -15, -200)
(0, -15, -199)
(1, -16, -200)
(0, -16, -200)
(1, -17, -200)
(1, -17, -199)
(0, -16, -198)
(0, -16, -197)
(0, -16, -196)
(1, -17, -196)
(0, -17, -196)
(1, -18, -197)
(0, -18, -197)
(1, -19, -198)
(0, -19, -197)
(1, -20, -198)
(0, -20, -198)
(1, -21, -198)
(0, -21, -198)
(1, -22, -198)
(0, -22, -197)
(1, -23, -197)
(1, -23, -196)
(0, -23, -195)
(1, -24, -196)
(0, -24, -196)
(1, -25, -196)
(1, -25, -195)
(0, -25, -194)
(1, -26, -195)
(0, -26, -195)
(1, -27, -195)
(0, -27, -195)
(1, -28, -196)
(0, -28, -196)
(1, -29, -196)
(0, -29, -196)
(1, -30, -197)
(0, -30, -196)
(1, -31, -196)
(1, -31, -195)
(0, -30, -194)
(0, -30, -193)
(0, -30, -192)
(1, -30, -192)
(0, -29, -191)
(1, -29, -192)
(0, -28, -191)
(1, -28, -191)
(0, -27, -190)
(1, -27, -190)
(0, -26, -190)
(0, -26, -191)
(1, -26, -192)
(0, -25, -192)
(1, -25, -192)
(1, -25, -191)
(0, -24, -190)
(1, -24, -190)
(1, -24, -189)
(1, -24, -188)
(0, -24, -187)
(1, -25, -187)
(0, -25, -186)
(1, -26, -187)
(1, -26, -188)
(0, -26, -188)
(1, -27, -188)
(0, -27, -188)
(1, -28, -189)
(0, -28, -188)
(1, -29, -188)
(1, -29, -187)
(0, -29, -186)
(0, -29, -185)
(1, -30, -185)
(1, -30, -184)
(0, -30, -183)
(1, -31, -184)
(0, -31, -183)
(1, -32, -184)
(0, -32, -184)
(0, -32, -185)
(1, -32, -186)
(1, -32, -187)
(1, -32, -188)
(1, -32, -189)
(0, -32, -189)
(1, -33, -190)
(1, -33, -191)
(0, -32, -191)
(1, -32, -192)
(1, -32, -193)
(0, -32, -193)
(0, -32, -194)
(0, -32, -195)
(1, -32, -196)
(1, -32, -197)
(0, -32, -197)
(0, -32, -198)
(1, -33, -199)
(0, -33, -198)
(1, -34, -199)
(0, -34, -199)
(1, -35, -199)
(1, -35, -198)
(0, -34, -197)
(1, -34, -197)
(0, -33, -196)
(0, -33, -195)
(0, -33, -194)
(1, -34, -194)
(0, -34, -194)
(0, -34, -195)
(1, -35, -196)
(0, -35, -195)
(0, -35, -194)
(0, -35, -193)
(1, -35, -193)
(0, -34, -192)
(1, -34, -192)
(1, -34, -191)
(0, -34, -190)
(1, -35, -190)
(1, -35, -189)
(0, -34, -188)
(0, -34, -187)
(1, -34, -187)
(1, -34, -186)
(1, -34, -185)
(0, -34, -184)
(1, -35, -185)
(0, -35, -185)
(1, -36, -185)
(0, -36, -185)
(0, -36, -186)
(1, -37, -187)
(0, -37, -186)
(1, -38, -186)
(1, -38, -185)
(1, -38, -184)
(0, -37, -183)
(1, -37, -183)
(0, -36, -182)
(0, -36, -181)
(1, -36, -181)
(1, -36, -180)
(0, -35, -179)
(1, -35, -179)
(0, -34, -179)
(1, -34, -179)
(1, -34, -178)
(1, -34, -177)
(0, -33, -176)
(0, -33, -175)
(1, -34, -175)
(1, -34, -174)
(0, -33, -173)
(1, -33, -173)
(0, -32, -172)
(0, -32, -171)
(1, -33, -171)
(0, -33, -170)
(1, -34, -170)
(0, -34, -169)
(1, -35, -169)
(0, -35, -168)
(0, -35, -167)
(1, -35, -167)
(0, -34, -166)
(1, -34, -166)
(0, -33, -165)
(1, -33, -165)
(1, -33, -164)
(1, -33, -163)
(0, -33, -162)
(1, -34, -163)
(1, -34, -164)
(0, -34, -164)
(1, -35, -165)
(0, -35, -164)
(1, -36, -164)
(1, -36, -163)
(0, -35, -162)
(1, -35, -162)
(1, -35, -161)
(1, -35, -160)
(0, -34, -159)
(1, -34, -160)
(0, -33, -159)
(0, -33, -158)
(0, -33, -157)
(0, -33, -156)
(1, -33, -156)
(0, -32, -156)
(1, -32, -156)
(1, -32, -155)
(0, -32, -154)
(1, -33, -154)
(1, -33, -153)
(0, -33, -152)
(1, -34, -152)
(0, -34, -151)
(1, -35, -151)
(0, -35, -151)
(0, -35, -152)
(0, -35, -153)
(1, -36, -154)
(0, -36, -153)
(0, -36, -152)
(0, -36, -151)
(0, -36, -150)
(1, -36, -150)
(0, -35, -149)
(0, -35, -148)
(0, -35, -147)
(1, -36, -147)
(0, -36, -146)
(1, -37, -147)
(0, -37, -147)
(1, -38, -148)
(0, -38, -148)
(1, -39, -148)
(0, -39, -148)
(1, -40, -149)
(1, -40, -150)
(0, -40, -150)
(0, -40, -151)
(1, -41, -152)
(0, -41, -151)
(1, -42, -152)
(1, -42, -153)
(0, -41, -153)
(1, -41, -154)
(0, -40, -154)
(0, -40, -155)
(1, -40, -156)
(1, -40, -157)
(0, -39, -157)
(1, -39, -157)
(1, -39, -156)
(1, -39, -155)
(0, -39, -154)
(0, -39, -153)
(0, -39, -152)
(1, -39, -152)
(0, -38, -151)
(1, -38, -152)
(1, -38, -153)
(1, -38, -154)
(0, -37, -154)
(1, -37, -155)
(0, -36, -155)
(1, -36, -156)
(1, -36, -157)
(1, -36, -158)
(0, -36, -158)
(0, -36, -159)
(1, -37, -160)
(0, -37, -159)
(1, -38, -160)
(0, -38, -159)
(1, -39, -159)
(0, -39, -159)
(1, -40, -160)
(1, -40, -161)
(0, -39, -161)
(1, -39, -161)
(0, -38, -161)
(0, -38, -162)
(1, -38, -163)
(0, -37, -162)
(1, -37, -163)
(1, -37, -164)
(0, -37, -164)
(0, -37, -165)
(0, -37, -166)
(1, -38, -167)
(1, -38, -168)
(0, -38, -168)
(1, -39, -168)
(0, -39, -168)
(1, -40, -169)
(0, -40, -168)
(0, -40, -167)
(1, -40, -167)
(0, -39, -166)
(0, -39, -165)
(0, -39, -164)
(1, -40, -164)
(0, -40, -163)
(0, -40, -162)
(1, -41, -162)
(0, -41, -162)
(0, -41, -163)
(0, -41, -164)
(1, -42, -165)
(0, -42, -164)
(1, -43, -165)
(0, -43, -165)
(1, -44, -166)
(0, -44, -166)
(1, -45, -166)
(0, -45, -166)
(0, -45, -167)
(1, -45, -168)
(1, -45, -169)
(1, -45, -170)
(1, -45, -171)
(1, -45, -172)
(0, -44, -172)
(0, -44, -173)
(0, -44, -174)
(0, -44, -175)
(0, -44, -176)
(1, -45, -177)
(1, -45, -178)
(0, -45, -178)
(0, -45, -179)
(1, -46, -180)
(1, -46, -181)
(1, -46, -182)
(1, -46, -183)
(1, -46, -184)
(1, -46, -185)
(1, -46, -186)
(1, -46, -187)
(1, -46, -188)
(0, -46, -188)
(0, -46, -189)
(1, -46, -190)
(0, -45, -190)
(1, -45, -191)
(1, -45, -192)
(1, -45, -193)
(0, -45, -193)
(0, -45, -194)
(1, -46, -195)
(1, -46, -196)
(0, -45, -196)
(0, -45, -197)
(1, -46, -198)
(0, -46, -197)
(1, -47, -198)
(0, -47, -197)
(1, -48, -197)
(0, -48, -196)
(1, -49, -197)
(0, -49, -197)
(1, -50, -197)
(0, -50, -197)
(0, -50, -198)
(1, -51, -199)
(0, -51, -199)
(1, -52, -200)
(0, -52, -199)
(1, -53, -199)
(0, -53, -199)
(1, -54, -199)
(1, -54, -198)
(0, -53, -197)
(1, -53, -197)
(0, -52, -197)
(1, -52, -197)
(0, -51, -196)
(1, -51, -196)
(0, -50, -195)
(0, -50, -194)
(1, -51, -194)
(0, -51, -194)
(1, -52, -195)
(0, -52, -194)
(0, -52, -193)
(0, -52, -192)
(1, -53, -192)
(0, -53, -191)
(1, -54, -191)
(1, -54, -190)
(0, -53, -189)
(0, -53, -188)
(1, -54, -188)
(0, -54, -188)
(1, -55, -188)
(1, -55, -187)
(0, -55, -186)
(1, -56, -186)
(0, -56, -185)
(0, -56, -184)
(1, -57, -184)
(1, -57, -183)
(0, -56, -182)
(1, -56, -182)
(1, -56, -181)
(0, -56, -180)
(1, -57, -180)
(0, -57, -179)
(1, -58, -180)
(0, -58, -180)
(1, -59, -181)
(1, -59, -182)
(0, -58, -182)
(0, -58, -183)
(0, -58, -184)
(1, -59, -185)
(0, -59, -185)
(1, -60, -186)
(0, -60, -186)
(1, -61, -187)
(1, -61, -188)
(0, -60, -188)
(0, -60, -189)
(1, -60, -190)
(1, -60, -191)
(0, -59, -191)
(0, -59, -192)
(1, -60, -193)
(1, -60, -194)
(0, -60, -194)
(1, -61, -194)
(1, -61, -193)
(0, -61, -192)
(0, -61, -191)
(1, -62, -191)
(0, -62, -191)
(1, -63, -191)
(0, -63, -190)
(1, -64, -191)
(0, -64, -191)
(0, -64, -192)
(0, -64, -193)
(1, -64, -194)
(0, -63, -194)
(1, -63, -194)
(0, -62, -194)
(0, -62, -195)
(1, -62, -196)
(1, -62, -197)
(0, -62, -197)
(1, -63, -197)
(0, -63, -197)
(1, -64, -197)
(1, -64, -196)
(0, -64, -195)
(1, -65, -195)
(0, -65, -194)
(1, -66, -194)
(0, -66, -194)
(1, -67, -194)
(0, -67, -193)
(1, -68, -193)
(0, -68, -193)
(0, -68, -194)
(1, -68, -195)
(1, -68, -196)
(0, -67, -196)
(0, -67, -197)
(1, -67, -198)
(1, -67, -199)
(0, -67, -199)
(1, -68, -199)
(0, -68, -198)
(0, -68, -197)
(1, -69, -197)
(0, -69, -196)
(0, -69, -195)
(0, -69, -194)
(1, -70, -194)
(1, -70, -193)
(1, -70, -192)
(1, -70, -191)
(1, -70, -190)
(0, -69, -189)
(1, -69, -190)
(1, -69, -191)
(0, -68, -191)
(1, -68, -191)
(1, -68, -190)
(0, -67, -189)
(0, -67, -188)
(1, -67, -188)
(1, -67, -187)
(0, -67, -186)
(1, -68, -187)
(0, -68, -186)
(1, -69, -187)
(0, -69, -186)
(1, -70, -187)
(0, -70, -186)
(1, -71, -187)
(0, -71, -186)
(1, -72, -187)
(0, -72, -187)
(1, -73, -187)
(0, -73, -186)
(1, -74, -186)
(1, -74, -185)
(0, -73, -184)
(1, -73, -184)
(1, -73, -183)
(0, -72, -182)
(0, -72, -181)
(1, -73, -181)
(0, -73, -181)
(1, -74, -181)
(0, -74, -181)
(1, -75, -182)
(0, -75, -181)
(1, -76, -181)
(1, -76, -180)
(1, -76, -179)
(0, -76, -178)
(1, -77, -178)
(0, -77, -177)
(1, -78, -178)
(0, -78, -177)
(1, -79, -177)
(0, -79, -176)
(1, -80, -177)
(0, -80, -177)
(1, -81, -177)
(1, -81, -176)
(0, -81, -175)
(1, -82, -176)
(0, -82, -176)
(0, -82, -177)
(1, -82, -178)
(1, -82, -179)
(0, -82, -179)
(1, -83, -180)
(0, -83, -180)
(0, -83, -181)
(1, -83, -182)
(1, -83, -183)
(0, -82, -183)
(0, -82, -184)
(1, -82, -185)
(0, -81, -185)
(0, -81, -186)
(1, -82, -187)
(0, -82, -186)
(1, -83, -187)
(1, -83, -188)
(1, -83, -189)
(1, -83, -190)
(1, -83, -191)
(0, -83, -191)
(1, -84, -191)
(0, -84, -191)
(0, -84, -192)
(1, -85, -193)
(0, -85, -192)
(1, -86, -192)
(0, -86, -192)
(1, -87, -192)
(0, -87, -191)
(1, -88, -192)
(0, -88, -192)
(0, -88, -193)
(0, -88, -194)
(1, -89, -195)
(1, -89, -196)
(1, -89, -197)
(0, -88, -197)
(1, -88, -198)
(0, -87, -197)
(1, -87, -198)
(0, -86, -197)
(0, -86, -196)
(0, -86, -195)
(1, -86, -195)
(0, -85, -195)
(1, -85, -196)
(0, -84, -195)
(0, -84, -194)
(1, -84, -194)
(0, -83, -193)
(1, -83, -194)
(0, -82, -194)
(1, -82, -195)
(0, -81, -195)
(0, -81, -196)
(1, -81, -197)
(0, -80, -197)
(0, -80, -198)
(1, -81, -199)
(1, -81, -200)
