(0, 10, -180)
(1, 10, -180)
(0, 11, -180)
(1, 11, -180)
(0, 12, -180)
(1, 12, -180)
(0, 13, -179)
(1, 13, -179)
(0, 14, -178)
(1, 14, -179)
(0, 15, -179)
(0, 15, -180)
(1, 14, -181)
(0, 14, -180)
(1, 13, -181)
(1, 13, -182)
(0, 14, -182)
(1, 14, -183)
(0, 15, -183)
(1, 15, -184)
(0, 16, -183)
(1, 16, -184)
(1, 16, -185)
(0, 17, -185)
(1, 17, -186)
(1, 17, -187)
(0, 17, -187)
(0, 17, -188)
(1, 17, -189)
(0, 18, -188)
(1, 18, -188)
(1, 18, -187)
(0, 19, -186)
(0, 19, -185)
(0, 19, -184)
(1, 19, -184)
(0, 20, -184)
(0, 20, -185)
(1, 20, -186)
(0, 21, -185)
(1, 21, -186)
(0, 22, -186)
(0, 22, -187)
(0, 22, -188)
(1, 21, -189)
(0, 21, -188)
(1, 20, -189)
(1, 20, -190)
(0, 20, -190)
(1, 19, -191)
(0, 19, -190)
(1, 18, -191)
(0, 18, -191)
(1, 17, -192)
(0, 17, -191)
(1, 16, -192)
(1, 16, -193)
(1, 16, -194)
(0, 17, -194)
(1, 17, -194)
(0, 18, -194)
(0, 18, -195)
(1, 17, -196)
(1, 17, -197)
(0, 18, -197)
(1, 18, -197)
(0, 19, -197)
(1, 19, -197)
(0, 20, -197)
(0, 20, -198)
(1, 19, -199)
(0, 19, -199)
(1, 18, -200)
(0, 18, -200)
(1, 17, -200)
(0, 17, -200)
(1, 16, -200)
(0, 16, -199)
(0, 16, -198)
(1, 15, -198)
(0, 15, -198)
(1, 14, -199)
(0, 14, -198)
(1, 13, -199)
(1, 13, -200)
(0, 13, -200)
(1, 12, -200)
(0, 12, -199)
(1, 11, -200)
(0, 11, -200)
(1, 10, -200)
(0, 10, -200)
(1, 9, -200)
(1, 9, -199)
(0, 10, -198)
(1, 10, -198)
(0, 11, -198)
(1, 11, -198)
(1, 11, -197)
(0, 11, -196)
(1, 10, -196)
(0, 10, -196)
(1, 9, -196)
(0, 9, -195)
(1, 8, -196)
(0, 8, -195)
(1, 7, -195)
(0, 7, -194)
(0, 7, -193)
(0, 7, -192)
(1, 6, -192)
(0, 6, -192)
(0, 6, -193)
(0, 6, -194)
(0, 6, -195)
(1, 6, -196)
(1, 6, -197)
(1, 6, -198)
(0, 6, -198)
(1, 5, -198)
(0, 5, -198)
(0, 5, -199)
(1, 4, -200)
(0, 4, -199)
(1, 3, -200)
(0, 3, -200)
(1, 2, -200)
(1, 2, -199)
(0, 2, -198)
(0, 2, -197)
(1, 1, -197)
(0, 1, -196)
(1, 0, -196)
(0, 0, -196)
(1, -1, -196)
(0, -1, -196)
(1, -2, -196)
(0, -2, -195)
(1, -3, -195)
(1, -3, -194)
(1, -3, -193)
(1, -3, -192)
(0, -3, -191)
(1, -4, -192)
(0, -4, -192)
(0, -4, -193)
(1, -4, -194)
(1, -4, -195)
(1, -4, -196)
(0, -3, -196)
(1, -3, -197)
(0, -2, -197)
(0, -2, -198)
(1, -3, -199)
(0, -3, -199)
(1, -4, -200)
(0, -4, -200)
(1, -5, -200)
(1, -5, -199)
(0, -5, -198)
(1, -6, -199)
(0, -6, -199)
(1, -7, -200)
(0, -7, -200)
(1, -8, -200)
(1, -8, -199)
(1, -8, -198)
(1, -8, -197)
(0, -8, -196)
(1, -9, -197)
(0, -9, -197)
(0, -9, -198)
(1, -9, -199)
(1, -9, -200)
(0, -9, -200)
(1, -10, -200)
(0, -10, -200)
(1, -11, -200)
(1, -11, -199)
(0, -10, -198)
(0, -10, -197)
(0, -10, -196)
(1, -11, -196)
(0, -11, -196)
(0, -11, -197)
(1, -12, -198)
(0, -12, -198)
(1, -13, -199)
(1, -13, -200)
(0, -13, -200)
(1, -14, -200)
(0, -14, -200)
(1, -15, -200)
(1, -15, -199)
(0, -15, -198)
(1, -16, -198)
(0, -16, -198)
(0, -16, -199)
(1, -17, -200)
(0, -17, -199)
(0, -17, -198)
(1, -18, -198)
(1, -18, -197)
(1, -18, -196)
(0, -18, -195)
(1, -19, -196)
(0, -19, -195)
(1, -20, -195)
(0, -20, -195)
(0, -20, -196)
(1, -21, -197)
(0, -21, -197)
(0, -21, -198)
(0, -21, -199)
(1, -22, -200)
(0, -22, -200)
(1, -23, -200)
(1, -23, -199)
(0, -23, -198)
(1, -24, -198)
(0, -24, -198)
(1, -25, -198)
(0, -25, -197)
(1, -26, -197)
(1, -26, -196)
(1, -26, -195)
(1, -26, -194)
(0, -26, -193)
(1, -27, -193)
(0, -27, -192)
(0, -27, -191)
(0, -27, -190)
(1, -27, -190)
(1, -27, -189)
(1, -27, -188)
(1, -27, -187)
(0, -26, -186)
(0, -26, -185)
(0, -26, -184)
(1, -26, -184)
(0, -25, -184)
(1, -25, -184)
(1, -25, -183)
(1, -25, -182)
(0, -25, -181)
(0, -25, -180)
(0, -25, -179)
(1, -25, -179)
(0, -24, -179)
(0, -24, -180)
(1, -24, -181)
(0, -23, -181)
(1, -23, -181)
(0, -22, -181)
(1, -22, -182)
(0, -21, -182)
(1, -21, -182)
(0, -20, -181)
(1, -20, -181)
(1, -20, -180)
(0, -19, -179)
(0, -19, -178)
(1, -20, -178)
(1, -20, -177)
(1, -20, -176)
(1, -20, -175)
(0, -19, -174)
(1, -19, -174)
(0, -18, -174)
(1, -18, -175)
(0, -17, -174)
(0, -17, -173)
(1, -17, -173)
(0, -16, -172)
(1, -16, -173)
(0, -15, -173)
(1, -15, -173)
(1, -15, -172)
(1, -15, -171)
(0, -15, -170)
(1, -16, -171)
(0, -16, -170)
(1, -17, -171)
(0, -17, -171)
(1, -18, -171)
(0, -18, -170)
(1, -19, -170)
(0, -19, -170)
(0, -19, -171)
(0, -19, -172)
(1, -20, -173)
(0, -20, -172)
(1, -21, -173)
(0, -21, -173)
(0, -21, -174)
(0, -21, -175)
(0, -21, -176)
(0, -21, -177)
(0, -21, -178)
(1, -22, -179)
(0, -22, -178)
(0, -22, -177)
(1, -23, -177)
(0, -23, -176)
(1, -24, -176)
(0, -24, -176)
(1, -25, -176)
(0, -25, -176)
(0, -25, -177)
(1, -26, -178)
(0, -26, -177)
(1, -27, -177)
(0, -27, -176)
(0, -27, -175)
(1, -27, -175)
(0, -26, -174)
(0, -26, -173)
(1, -27, -173)
(0, -27, -172)
(0, -27, -171)
(0, -27, -170)
(0, -27, -169)
(1, -27, -169)
(0, -26, -168)
(1, -26, -169)
(0, -25, -168)
(1, -25, -169)
(1, -25, -170)
(1, -25, -171)
(0, -24, -171)
(1, -24, -172)
(0, -23, -171)
(1, -23, -171)
(0, -22, -171)
(1, -22, -171)
(1, -22, -170)
(1, -22, -169)
(1, -22, -168)
(0, -22, -167)
(1, -23, -168)
(0, -23, -168)
(1, -24, -168)
(1, -24, -167)
(0, -23, -166)
(0, -23, -165)
(1, -23, -165)
(0, -22, -164)
(1, -22, -165)
(0, -21, -164)
(1, -21, -165)
(0, -20, -165)
(0, -20, -166)
(1, -20, -167)
(0, -19, -166)
(1, -19, -166)
(0, -18, -165)
(1, -18, -166)
(1, -18, -167)
(0, -17, -167)
(0, -17, -168)
(1, -17, -169)
(0, -16, -168)
(0, -16, -167)
(1, -16, -167)
(0, -15, -166)
(0, -15, -165)
(0, -15, -164)
(1, -15, -164)
(0, -14, -164)
(0, -14, -165)
(1, -14, -166)
(1, -14, -167)
(0, -13, -167)
(1, -13, -167)
(0, -12, -167)
(1, -12, -167)
(0, -11, -166)
(0, -11, -165)
(1, -11, -165)
(0, -10, -164)
(0, -10, -163)
(1, -11, -163)
(0, -11, -162)
(1, -12, -163)
(0, -12, -162)
(0, -12, -161)
(1, -12, -161)
(1, -12, -160)
(0, -12, -159)
(1, -13, -159)
(0, -13, -159)
(1, -14, -159)
(1, -14, -158)
(0, -14, -157)
(1, -15, -158)
(1, -15, -159)
(0, -15, -159)
(1, -16, -160)
(0, -16, -159)
(1, -17, -159)
(0, -17, -159)
(0, -17, -160)
(1, -17, -161)
(1, -17, -162)
(0, -17, -162)
(0, -17, -163)
(1, -18, -164)
(0, -18, -163)
(1, -19, -163)
(1, -19, -162)
(0, -19, -161)
(0, -19, -160)
(1, -19, -160)
(1, -19, -159)
(1, -19, -158)
(0, -18, -157)
(1, -18, -158)
(0, -17, -157)
(1, -17, -157)
(0, -16, -157)
(1, -16, -157)
(1, -16, -156)
(0, -15, -155)
(0, -15, -154)
(1, -16, -154)
(1, -16, -153)
(0, -15, -152)
(0, -15, -151)
(1, -16, -151)
(1, -16, -150)
(1, -16, -149)
(0, -15, -148)
(0, -15, -147)
(0, -15, -146)
(1, -16, -146)
(1, -16, -145)
(0, -16, -144)
(0, -16, -143)
(0, -16, -142)
(1, -16, -142)
(0, -15, -141)
(1, -15, -142)
(0, -14, -142)
(1, -14, -143)
(0, -13, -142)
(0, -13, -141)
(1, -13, -141)
(1, -13, -140)
(1, -13, -139)
(1, -13, -138)
(0, -12, -137)
(1, -12, -138)
(0, -11, -137)
(1, -11, -138)
(0, -10, -137)
(1, -10, -137)
(1, -10, -136)
(1, -10, -135)
(0, -10, -134)
(1, -11, -134)
(0, -11, -134)
(0, -11, -135)
(1, -12, -136)
(0, -12, -135)
(0, -12, -134)
(0, -12, -133)
(0, -12, -132)
(0, -12, -131)
(1, -12, -131)
(0, -11, -130)
(0, -11, -129)
(1, -12, -129)
(1, -12, -128)
(0, -11, -127)
(1, -11, -128)
(0, -10, -127)
(1, -10, -127)
(0, -9, -126)
(1, -9, -126)
(0, -8, -125)
(0, -8, -124)
(0, -8, -123)
(1, -9, -123)
(0, -9, -122)
(1, -10, -122)
(1, -10, -121)
(0, -9, -120)
(1, -9, -120)
(1, -9, -119)
(0, -8, -118)
(1, -8, -118)
(0, -7, -117)
(1, -7, -117)
(1, -7, -116)
(1, -7, -115)
(0, -7, -114)
(1, -8, -114)
(0, -8, -114)
(1, -9, -114)
(0, -9, -114)
(1, -10, -114)
(0, -10, -114)
(1, -11, -114)
(0, -11, -113)
(0, -11, -112)
(1, -11, -112)
(0, -10, -111)
(1, -10, -111)
(0, -9, -110)
(1, -9, -110)
(1, -9, -109)
(0, -8, -108)
(1, -8, -108)
(1, -8, -107)
(0, -7, -106)
(1, -7, -107)
(1, -7, -108)
(1, -7, -109)
(0, -6, -109)
(0, -6, -110)
(0, -6, -111)
(1, -6, -112)
(0, -5, -111)
(1, -5, -111)
(0, -4, -110)
(1, -4, -110)
(0, -3, -109)
(1, -3, -109)
(0, -2, -109)
(1, -2, -109)
(1, -2, -108)
(0, -2, -107)
(0, -2, -106)
(0, -2, -105)
(1, -3, -105)
(1, -3, -104)
(0, -3, -103)
(0, -3, -102)
(1, -3, -102)
(0, -2, -101)
(0, -2, -100)
(1, -3, -100)
(0, -3, -100)
(1, -4, -101)
(0, -4, -101)
(0, -4, -102)
(0, -4, -103)
(0, -4, -104)
(1, -5, -105)
(0, -5, -105)
(1, -6, -106)
(0, -6, -105)
(0, -6, -104)
(0, -6, -103)
(0, -6, -102)
(1, -7, -102)
(0, -7, -102)
(1, -8, -102)
(1, -8, -101)
(1, -8, -100)
(0, -7, -99)
(1, -7, -99)
(0, -6, -98)
(1, -6, -99)
(0, -5, -99)
(1, -5, -100)
(0, -4, -99)
(1, -4, -99)
(1, -4, -98)
(1, -4, -97)
(1, -4, -96)
(0, -4, -95)
(0, -4, -94)
(1, -5, -94)
(0, -5, -93)
(1, -6, -93)
(1, -6, -92)
(0, -6, -91)
(1, -7, -92)
(1, -7, -93)
(0, -7, -93)
(1, -8, -93)
(0, -8, -93)
(0, -8, -94)
(1, -8, -95)
(0, -7, -95)
(1, -7, -96)
(1, -7, -97)
(0, -7, -97)
(1, -8, -98)
(0, -8, -98)
(1, -9, -99)
(0, -9, -98)
(0, -9, -97)
(0, -9, -96)
(1, -10, -96)
(0, -10, -95)
(0, -10, -94)
(0, -10, -93)
(1, -11, -93)
(0, -11, -93)
(1, -12, -94)
(0, -12, -94)
(1, -13, -95)
(0, -13, -95)
(1, -14, -95)
(0, -14, -94)
(1, -15, -94)
(0, -15, -94)
(1, -16, -94)
(0, -16, -93)
(1, -17, -94)
(1, -17, -95)
(0, -17, -95)
(1, -18, -95)
(1, -18, -94)
(1, -18, -93)
(1, -18, -92)
(1, -18, -91)
(1, -18, -90)
(1, -18, -89)
(1, -18, -88)
(0, -18, -87)
(0, -18, -86)
(0, -18, -85)
(1, -18, -85)
(1, -18, -84)
(0, -18, -83)
(1, -19, -84)
(0, -19, -83)
(1, -20, -83)
(0, -20, -82)
(1, -21, -82)
(1, -21, -81)
(1, -21, -80)
(1, -21, -79)
(0, -21, -78)
(0, -21, -77)
(0, -21, -76)
(1, -22, -76)
(1, -22, -75)
(0, -22, -74)
(1, -23, -75)
(0, -23, -75)
(1, -24, -75)
(1, -24, -74)
(1, -24, -73)
(1, -24, -72)
(1, -24, -71)
(0, -24, -70)
(1, -25, -71)
(0, -25, -70)
(1, -26, -71)
(0, -26, -71)
(0, -26, -72)
(1, -27, -73)
(1, -27, -74)
(1, -27, -75)
(1, -27, -76)
(0, -27, -76)
(0, -27, -77)
(1, -27, -78)
(0, -26, -78)
(1, -26, -78)
(0, -25, -78)
(1, -25, -79)
(0, -24, -78)
(1, -24, -78)
(0, -23, -77)
(1, -23, -78)
(1, -23, -79)
(1, -23, -80)
(1, -23, -81)
(1, -23, -82)
(0, -22, -82)
(1, -22, -83)
(0, -21, -83)
(1, -21, -84)
(1, -21, -85)
(0, -21, -85)
(0, -21, -86)
(0, -21, -87)
(0, -21, -88)
(0, -21, -89)
(0, -21, -90)
(1, -22, -91)
(1, -22, -92)
(1, -22, -93)
(0, -22, -93)
(1, -23, -94)
(0, -23, -94)
(1, -24, -94)
(0, -24, -93)
(1, -25, -94)
(0, -25, -94)
(0, -25, -95)
(1, -26, -96)
(0, -26, -95)
(1, -27, -96)
(1, -27, -97)
(1, -27, -98)
(0, -26, -98)
(1, -26, -98)
(0, -25, -98)
(1, -25, -98)
(1, -25, -97)
(0, -24, -96)
(1, -24, -97)
(0, -23, -96)
(1, -23, -97)
(0, -22, -96)
(1, -22, -96)
(1, -22, -95)
(0, -21, -94)
(1, -21, -94)
(1, -21, -93)
(0, -20, -92)
(1, -20, -93)
(0, -19, -92)
(1, -19, -93)
(1, -19, -94)
(1, -19, -95)
(0, -19, -95)
(1, -20, -96)
(0, -20, -95)
(1, -21, -96)
(1, -21, -97)
(0, -20, -97)
(0, -20, -98)
(0, -20, -99)
(1, -21, -100)
(0, -21, -99)
(1, -22, -99)
(0, -22, -99)
(1, -23, -99)
(0, -23, -99)
(1, -24, -99)
(0, -24, -99)
(0, -24, -100)
(0, -24, -101)
(1, -25, -102)
(0, -25, -101)
(1, -26, -102)
(0, -26, -101)
(1, -27, -102)
(0, -27, -101)
(1, -28, -101)
(0, -28, -101)
(0, -28, -102)
(1, -28, -103)
(0, -27, -103)
(1, -27, -104)
(1, -27, -105)
(0, -26, -105)
(0, -26, -106)
(1, -26, -107)
(0, -25, -107)
(1, -25, -108)
(0, -24, -108)
(0, -24, -109)
(0, -24, -110)
(1, -24, -111)
(0, -23, -110)
(1, -23, -111)
(0, -22, -110)
(1, -22, -110)
(0, -21, -109)
(0, -21, -108)
(0, -21, -107)
(0, -21, -106)
(0, -21, -105)
(1, -22, -105)
(1, -22, -104)
(1, -22, -103)
(1, -22, -102)
(0, -21, -101)
(1, -21, -102)
(0, -20, -101)
(1, -20, -102)
(1, -20, -103)
(1, -20, -104)
(1, -20, -105)
(1, -20, -106)
(0, -20, -106)
(0, -20, -107)
(0, -20, -108)
(1, -20, -109)
(0, -19, -109)
(1, -19, -109)
(1, -19, -108)
(0, -18, -107)
(1, -18, -107)
(0, -17, -106)
(1, -17, -107)
(0, -16, -106)
(1, -16, -106)
(1, -16, -105)
(1, -16, -104)
(1, -16, -103)
(0, -15, -102)
(0, -15, -101)
(1, -15, -101)
(0, -14, -101)
(1, -14, -101)
(1, -14, -100)
(0, -13, -99)
(1, -13, -99)
(0, -12, -98)
(1, -12, -99)
(1, -12, -100)
(0, -12, -100)
(1, -13, -101)
(1, -13, -102)
(0, -12, -102)
(0, -12, -103)
(1, -13, -104)
(0, -13, -103)
(1, -14, -104)
(0, -14, -103)
(1, -15, -104)
(1, -15, -105)
(0, -14, -105)
(1, -14, -106)
(0, -13, -105)
(1, -13, -106)
(0, -12, -105)
(1, -12, -106)
(0, -11, -105)
(0, -11, -104)
(1, -11, -104)
(1, -11, -103)
(1, -11, -102)
(0, -10, -101)
(1, -10, -102)
(1, -10, -103)
(0, -9, -103)
(1, -9, -103)
(0, -8, -103)
(0, -8, -104)
(0, -8, -105)
(1, -9, -106)
(0, -9, -106)
(0, -9, -107)
(1, -10, -108)
(0, -10, -107)
(1, -11, -108)
(0, -11, -108)
(1, -12, -108)
(0, -12, -107)
(1, -13, -108)
(0, -13, -107)
(1, -14, -108)
(1, -14, -109)
(0, -14, -109)
(0, -14, -110)
(0, -14, -111)
(1, -14, -112)
(0, -13, -111)
(1, -13, -111)
(0, -12, -111)
(0, -12, -112)
(1, -13, -113)
(1, -13, -114)
(0, -12, -114)
(0, -12, -115)
(1, -12, -116)
(0, -11, -116)
(0, -11, -117)
(1, -11, -118)
(0, -10, -118)
(0, -10, -119)
(1, -11, -120)
(0, -11, -119)
(1, -12, -119)
(0, -12, -119)
(1, -13, -119)
(0, -13, -118)
(1, -14, -118)
(1, -14, -117)
(1, -14, -116)
(0, -14, -115)
(1, -15, -116)
(0, -15, -115)
(1, -16, -115)
(0, -16, -115)
(0, -16, -116)
(1, -17, -117)
(1, -17, -118)
(0, -17, -118)
(1, -18, -118)
(1, -18, -117)
(0, -18, -116)
(1, -19, -117)
(0, -19, -116)
(0, -19, -115)
(0, -19, -114)
(0, -19, -113)
(1, -19, -113)
(0, -18, -113)
(1, -18, -113)
(0, -17, -112)
(0, -17, -111)
(1, -18, -111)
(0, -18, -111)
(1, -19, -111)
(0, -19, -111)
(1, -20, -111)
(0, -20, -110)
(1, -21, -111)
(0, -21, -111)
(0, -21, -112)
(1, -22, -113)
(0, -22, -112)
(1, -23, -113)
(0, -23, -113)
(0, -23, -114)
(0, -23, -115)
(1, -24, -116)
(1, -24, -117)
(0, -23, -117)
(0, -23, -118)
(1, -23, -119)
(0, -22, -119)
(1, -22, -119)
(0, -21, -118)
(1, -21, -118)
(0, -20, -117)
(1, -20, -118)
(0, -19, -118)
(0, -19, -119)
(1, -19, -120)
(0, -18, -119)
(1, -18, -120)
(1, -18, -121)
(0, -18, -121)
(1, -19, -122)
(0, -19, -121)
(1, -20, -121)
(0, -20, -120)
(1, -21, -120)
(0, -21, -120)
(1, -22, -121)
(1, -22, -122)
(1, -22, -123)
(0, -21, -123)
(0, -21, -124)
(1, -21, -125)
(0, -20, -125)
(0, -20, -126)
(0, -20, -127)
(1, -20, -128)
(0, -19, -127)
(1, -19, -128)
(1, -19, -129)
(0, -19, -129)
(0, -19, -130)
(1, -19, -131)
(0, -18, -130)
(1, -18, -130)
(0, -17, -129)
(1, -17, -129)
(0, -16, -129)
(1, -16, -130)
(1, -16, -131)
(0, -16, -131)
(1, -17, -132)
(1, -17, -133)
(0, -17, -133)
(0, -17, -134)
(1, -17, -135)
(0, -16, -135)
(1, -16, -136)
(0, -15, -136)
(0, -15, -137)
(0, -15, -138)
(0, -15, -139)
(1, -16, -140)
(0, -16, -140)
(1, -17, -140)
(1, -17, -139)
(0, -16, -138)
(0, -16, -137)
(1, -17, -137)
(0, -17, -136)
(1, -18, -137)
(0, -18, -136)
(1, -19, -136)
(0, -19, -136)
(1, -20, -137)
(0, -20, -137)
(1, -21, -138)
(0, -21, -138)
(0, -21, -139)
(0, -21, -140)
(0, -21, -141)
(1, -21, -142)
(0, -20, -142)
(1, -20, -142)
(0, -19, -142)
(0, -19, -143)
(0, -19, -144)
(1, -19, -145)
(1, -19, -146)
(0, -19, -146)
(1, -20, -146)
(0, -20, -145)
(0, -20, -144)
(1, -21, -144)
(0, -21, -143)
(1, -22, -143)
(0, -22, -143)
(1, -23, -143)
(1, -23, -142)
(0, -23, -141)
(1, -24, -141)
(1, -24, -140)
(0, -24, -139)
(1, -25, -139)
(1, -25, -138)
(0, -24, -137)
(0, -24, -136)
(0, -24, -135)
(0, -24, -134)
(0, -24, -133)
(1, -25, -133)
(1, -25, -132)
(0, -24, -131)
(1, -24, -131)
(0, -23, -131)
(1, -23, -132)
(1, -23, -133)
(0, -22, -133)
(1, -22, -133)
(1, -22, -132)
(0, -21, -131)
(1, -21, -131)
(1, -21, -130)
(0, -21, -129)
(1, -22, -129)
(0, -22, -129)
(1, -23, -129)
(0, -23, -129)
(1, -24, -129)
(1, -24, -128)
(0, -23, -127)
(0, -23, -126)
(0, -23, -125)
(0, -23, -124)
(0, -23, -123)
(1, -23, -123)
(1, -23, -122)
(1, -23, -121)
(0, -23, -120)
(1, -24, -120)
(0, -24, -119)
(1, -25, -120)
(1, -25, -121)
(0, -25, -121)
(1, -26, -121)
(1, -26, -120)
(1, -26, -119)
(0, -25, -118)
(0, -25, -117)
(0, -25, -116)
(0, -25, -115)
(0, -25, -114)
(0, -25, -113)
(0, -25, -112)
(1, -26, -112)
(1, -26, -111)
(0, -26, -110)
(1, -27, -111)
(1, -27, -112)
(0, -27, -112)
(1, -28, -112)
(0, -28, -111)
(1, -29, -112)
(0, -29, -112)
(1, -30, -113)
(0, -30, -112)
(1, -31, -113)
(0, -31, -112)
(0, -31, -111)
(0, -31, -110)
(0, -31, -109)
(0, -31, -108)
(1, -31, -108)
(0, -30, -107)
(1, -30, -108)
(1, -30, -109)
(0, -29, -109)
(1, -29, -109)
(0, -28, -109)
(1, -28, -109)
(0, -27, -109)
(1, -27, -109)
(1, -27, -108)
(0, -27, -107)
(0, -27, -106)
(1, -28, -106)
(0, -28, -106)
(1, -29, -106)
(1, -29, -105)
(0, -29, -104)
(1, -30, -105)
(0, -30, -104)
(1, -31, -105)
(0, -31, -105)
(1, -32, -105)
(1, -32, -104)
(0, -31, -103)
(1, -31, -103)
(0, -30, -102)
(1, -30, -103)
(0, -29, -102)
(0, -29, -101)
(1, -30, -101)
(1, -30, -100)
(0, -30, -99)
(1, -31, -100)
(0, -31, -100)
(1, -32, -100)
(1, -32, -99)
(1, -32, -98)
(1, -32, -97)
(0, -31, -96)
(0, -31, -95)
(0, -31, -94)
(0, -31, -93)
(0, -31, -92)
(1, -31, -92)
(0, -30, -91)
(1, -30, -91)
(0, -29, -90)
(1, -29, -90)
(0, -28, -89)
(0, -28, -88)
(0, -28, -87)
(0, -28, -86)
(1, -28, -86)
(0, -27, -86)
(0, -27, -87)
(1, -27, -88)
(1, -27, -89)
(1, -27, -90)
(0, -26, -90)
(0, -26, -91)
(1, -27, -92)
(0, -27, -92)
(0, -27, -93)
(1, -27, -94)
(0, -26, -93)
(1, -26, -93)
(0, -25, -92)
(0, -25, -91)
(0, -25, -90)
(1, -25, -90)
(1, -25, -89)
(1, -25, -88)
(0, -24, -87)
(0, -24, -86)
(0, -24, -85)
(0, -24, -84)
(1, -24, -84)
(1, -24, -83)
(0, -24, -82)
(1, -25, -82)
(1, -25, -81)
(0, -25, -80)
(1, -26, -80)
(0, -26, -80)
(1, -27, -81)
(1, -27, -82)
(0, -26, -82)
(0, -26, -83)
(1, -27, -84)
(0, -27, -83)
(1, -28, -83)
(0, -28, -83)
(0, -28, -84)
(1, -29, -85)
(0, -29, -85)
(1, -30, -86)
(1, -30, -87)
(1, -30, -88)
(1, -30, -89)
(0, -30, -89)
(1, -31, -89)
(0, -31, -88)
(0, -31, -87)
(0, -31, -86)
(1, -31, -86)
(1, -31, -85)
(0, -31, -84)
(1, -32, -85)
(0, -32, -85)
(1, -33, -86)
(0, -33, -85)
(1, -34, -86)
(0, -34, -85)
(1, -35, -85)
(1, -35, -84)
(0, -34, -83)
(1, -34, -84)
(0, -33, -83)
(1, -33, -83)
(1, -33, -82)
(0, -33, -81)
(0, -33, -80)
(1, -34, -80)
(1, -34, -79)
(0, -33, -78)
(1, -33, -78)
(1, -33, -77)
(1, -33, -76)
(0, -32, -75)
(1, -32, -76)
(1, -32, -77)
(0, -31, -77)
(1, -31, -78)
(0, -30, -77)
(1, -30, -78)
(1, -30, -79)
(1, -30, -80)
(0, -29, -80)
(0, -29, -81)
(1, -29, -82)
(0, -28, -81)
(0, -28, -80)
(0, -28, -79)
(1, -29, -79)
(1, -29, -78)
(0, -28, -77)
(0, -28, -76)
(0, -28, -75)
(1, -29, -75)
(0, -29, -74)
(1, -30, -74)
(0, -30, -74)
(1, -31, -74)
(0, -31, -74)
(1, -32, -74)
(0, -32, -73)
(1, -33, -74)
(0, -33, -74)
(1, -34, -75)
(0, -34, -74)
(0, -34, -73)
(0, -34, -72)
(0, -34, -71)
(0, -34, -70)
(0, -34, -69)
(1, -35, -69)
(1, -35, -68)
(0, -34, -67)
(1, -34, -67)
(1, -34, -66)
(0, -33, -65)
(0, -33, -64)
(1, -33, -64)
(0, -32, -64)
(1, -32, -64)
(0, -31, -64)
(1, -31, -64)
(0, -30, -64)
(1, -30, -64)
(1, -30, -63)
(1, -30, -62)
(1, -30, -61)
(0, -29, -60)
(0, -29, -59)
(1, -30, -59)
(1, -30, -58)
(1, -30, -57)
(0, -29, -56)
(1, -29, -56)
(0, -28, -55)
(1, -28, -56)
(0, -27, -56)
(1, -27, -57)
(0, -26, -57)
(1, -26, -58)
(0, -25, -58)
(1, -25, -59)
(0, -24, -59)
(1, -24, -60)
(0, -23, -60)
(1, -23, -61)
(0, -22, -61)
(1, -22, -61)
(1, -22, -60)
(0, -21, -59)
(0, -21, -58)
(0, -21, -57)
(0, -21, -56)
(0, -21, -55)
(1, -21, -55)
(0, -20, -54)
(1, -20, -55)
(0, -19, -55)
(1, -19, -55)
(0, -18, -54)
(0, -18, -53)
(0, -18, -52)
(1, -19, -52)
(1, -19, -51)
(0, -18, -50)
(0, -18, -49)
(1, -19, -49)
(1, -19, -48)
(0, -19, -47)
(1, -20, -48)
(0, -20, -47)
(1, -21, -48)
(0, -21, -48)
(1, -22, -49)
(0, -22, -48)
(1, -23, -49)
(1, -23, -50)
(1, -23, -51)
(0, -22, -51)
(1, -22, -51)
(0, -21, -51)
(1, -21, -52)
(1, -21, -53)
(0, -21, -53)
(1, -22, -54)
(0, -22, -53)
(1, -23, -53)
(0, -23, -53)
(1, -24, -54)
(1, -24, -55)
(0, -24, -55)
(1, -25, -55)
(1, -25, -54)
(0, -25, -53)
(1, -26, -53)
(0, -26, -53)
(1, -27, -54)
(0, -27, -53)
(1, -28, -54)
(0, -28, -53)
(0, -28, -52)
(0, -28, -51)
(0, -28, -50)
(1, -29, -50)
(0, -29, -50)
(0, -29, -51)
(1, -30, -52)
(0, -30, -52)
(0, -30, -53)
(1, -31, -54)
(0, -31, -54)
(0, -31, -55)
(1, -32, -56)
(0, -32, -55)
(1, -33, -55)
(0, -33, -55)
(0, -33, -56)
(1, -34, -57)
(1, -34, -58)
(0, -34, -58)
(1, -35, -58)
(0, -35, -58)
(0, -35, -59)
(0, -35, -60)
(1, -36, -61)
(0, -36, -60)
(1, -37, -60)
(0, -37, -60)
(1, -38, -60)
(0, -38, -60)
(1, -39, -60)
(0, -39, -59)
(0, -39, -58)
(1, -39, -58)
(0, -38, -58)
(1, -38, -58)
(0, -37, -58)
(1, -37, -58)
(0, -36, -57)
(0, -36, -56)
(0, -36, -55)
(1, -37, -55)
(1, -37, -54)
(0, -36, -53)
(0, -36, -52)
(0, -36, -51)
(0, -36, -50)
(1, -37, -50)
(0, -37, -50)
(1, -38, -50)
(1, -38, -49)
(0, -37, -48)
(1, -37, -48)
(0, -36, -47)
(1, -36, -48)
(1, -36, -49)
(0, -35, -49)
(0, -35, -50)
(1, -35, -51)
(0, -34, -50)
(1, -34, -51)
(0, -33, -51)
(1, -33, -51)
(1, -33, -50)
(0, -33, -49)
(0, -33, -48)
(1, -33, -48)
(0, -32, -48)
(1, -32, -48)
(0, -31, -48)
(0, -31, -49)
(1, -31, -50)
(0, -30, -49)
(0, -30, -48)
(1, -30, -48)
(0, -29, -48)
(1, -29, -48)
(0, -28, -48)
(1, -28, -49)
(0, -27, -49)
(0, -27, -50)
(0, -27, -51)
(1, -27, -52)
(0, -26, -51)
(0, -26, -50)
(1, -26, -50)
(0, -25, -49)
(1, -25, -49)
(1, -25, -48)
(0, -24, -47)
(0, -24, -46)
(1, -25, -46)
(0, -25, -45)
(1, -26, -45)
(0, -26, -44)
(0, -26, -43)
(0, -26, -42)
(1, -27, -42)
(0, -27, -41)
(0, -27, -40)
(0, -27, -39)
(1, -28, -39)
(0, -28, -38)
(1, -29, -39)
(0, -29, -38)
(0, -29, -37)
(1, -30, -37)
(1, -30, -36)
(1, -30, -35)
(1, -30, -34)
(1, -30, -33)
(0, -30, -32)
(0, -30, -31)
(0, -30, -30)
(0, -30, -29)
(1, -31, -29)
(0, -31, -29)
(1, -32, -29)
(0, -32, -29)
(1, -33, -29)
(1, -33, -28)
(0, -33, -27)
(0, -33, -26)
(1, -34, -26)
(0, -34, -26)
(1, -35, -27)
(0, -35, -27)
(0, -35, -28)
(1, -35, -29)
(1, -35, -30)
(0, -35, -30)
(0, -35, -31)
(1, -35, -32)
(1, -35, -33)
(0, -34, -33)
(1, -34, -33)
(0, -33, -33)
(0, -33, -34)
(1, -33, -35)
(0, -32, -35)
(1, -32, -35)
(1, -32, -34)
(0, -31, -33)
(1, -31, -34)
(1, -31, -35)
(1, -31, -36)
(0, -31, -36)
(1, -32, -37)
(1, -32, -38)
(0, -31, -38)
(1, -31, -38)
(0, -30, -38)
(0, -30, -39)
(1, -31, -40)
(0, -31, -40)
(1, -32, -40)
(0, -32, -40)
(0, -32, -41)
(0, -32, -42)
(0, -32, -43)
(1, -33, -44)
(1, -33, -45)
(0, -33, -45)
(1, -34, -45)
(0, -34, -45)
(0, -34, -46)
(1, -35, -47)
(0, -35, -46)
(1, -36, -46)
(1, -36, -45)
(0, -36, -44)
(0, -36, -43)
(1, -36, -43)
(0, -35, -42)
(0, -35, -41)
(1, -35, -41)
(1, -35, -40)
(0, -34, -39)
(1, -34, -40)
(0, -33, -39)
(1, -33, -39)
(1, -33, -38)
(1, -33, -37)
(0, -33, -36)
(1, -34, -37)
(0, -34, -36)
(0, -34, -35)
(1, -35, -35)
(0, -35, -34)
(1, -36, -35)
(0, -36, -35)
(1, -37, -35)
(0, -37, -34)
(1, -38, -35)
(0, -38, -35)
(1, -39, -36)
(1, -39, -37)
(0, -38, -37)
(1, -38, -37)
(0, -37, -36)
(1, -37, -37)
(1, -37, -38)
(0, -36, -38)
(0, -36, -39)
(1, -37, -40)
(0, -37, -40)
(1, -38, -41)
(1, -38, -42)
(0, -38, -42)
(1, -39, -43)
(0, -39, -43)
(1, -40, -44)
(0, -40, -44)
(0, -40, -45)
(1, -41, -46)
(0, -41, -46)
(1, -42, -46)
(0, -42, -45)
(1, -43, -45)
(0, -43, -45)
(1, -44, -46)
(0, -44, -45)
(1, -45, -45)
(1, -45, -44)
(1, -45, -43)
(1, -45, -42)
(0, -44, -41)
(1, -44, -42)
(0, -43, -41)
(0, -43, -40)
(1, -43, -40)
(1, -43, -39)
(1, -43, -38)
(0, -42, -37)
(0, -42, -36)
(1, -43, -36)
(0, -43, -36)
(1, -44, -36)
(0, -44, -36)
(1, -45, -36)
(0, -45, -35)
(1, -46, -35)
(1, -46, -34)
(0, -45, -33)
(1, -45, -33)
(0, -44, -32)
(1, -44, -33)
(1, -44, -34)
(0, -43, -34)
(1, -43, -34)
(1, -43, -33)
(1, -43, -32)
(1, -43, -31)
(1, -43, -30)
(1, -43, -29)
(1, -43, -28)
(0, -43, -27)
(1, -44, -27)
(0, -44, -26)
(1, -45, -26)
(0, -45, -25)
(0, -45, -24)
(1, -45, -24)
(0, -44, -23)
(1, -44, -24)
(0, -43, -23)
(0, -43, -22)
(0, -43, -21)
(1, -44, -21)
(0, -44, -21)
(1, -45, -22)
(0, -45, -22)
(1, -46, -23)
(0, -46, -22)
(0, -46, -21)
(1, -47, -21)
(0, -47, -20)
(1, -48, -21)
(1, -48, -22)
(1, -48, -23)
(0, -48, -23)
(1, -49, -23)
(0, -49, -22)
(1, -50, -23)
(1, -50, -24)
(1, -50, -25)
(0, -49, -25)
(0, -49, -26)
(0, -49, -27)
(1, -50, -28)
(0, -50, -28)
(0, -50, -29)
(1, -51, -30)
(0, -51, -29)
(0, -51, -28)
(1, -52, -28)
(1, -52, -27)
(1, -52, -26)
(1, -52, -25)
(1, -52, -24)
(0, -52, -23)
(0, -52, -22)
(1, -52, -22)
(0, -51, -21)
(1, -51, -22)
(0, -50, -21)
(1, -50, -21)
(0, -49, -20)
(0, -49, -19)
(0, -49, -18)
(1, -50, -18)
(0, -50, -17)
(0, -50, -16)
(1, -50, -16)
(0, -49, -16)
(1, -49, -17)
(0, -48, -16)
(1, -48, -16)
(0, -47, -16)
(1, -47, -17)
(0, -46, -17)
(1, -46, -17)
(1, -46, -16)
(0, -45, -15)
(1, -45, -16)
(1, -45, -17)
(1, -45, -18)
(0, -44, -18)
(1, -44, -19)
(0, -43, -19)
(1, -43, -19)
(1, -43, -18)
(1, -43, -17)
(1, -43, -16)
(1, -43, -15)
(0, -42, -14)
(1, -42, -14)
(0, -41, -14)
(1, -41, -14)
(0, -40, -13)
(1, -40, -13)
(0, -39, -13)
(0, -39, -14)
(1, -39, -15)
(1, -39, -16)
(0, -38, -16)
(1, -38, -16)
(1, -38, -15)
(0, -37, -14)
(1, -37, -15)
(1, -37, -16)
(0, -36, -16)
(0, -36, -17)
(1, -37, -18)
(1, -37, -19)
(0, -37, -19)
(1, -38, -20)
(1, -38, -21)
(0, -37, -21)
(1, -37, -22)
(0, -36, -21)
(1, -36, -21)
(0, -35, -20)
(0, -35, -19)
(1, -35, -19)
(0, -34, -19)
(1, -34, -19)
(0, -33, -19)
(1, -33, -19)
(0, -32, -19)
(1, -32, -20)
(1, -32, -21)
(0, -31, -21)
(1, -31, -21)
(1, -31, -20)
(1, -31, -19)
(0, -31, -18)
(1, -32, -18)
(1, -32, -17)
(0, -32, -16)
(1, -33, -16)
(0, -33, -16)
(1, -34, -17)
(0, -34, -16)
(0, -34, -15)
(1, -35, -15)
(0, -35, -14)
(0, -35, -13)
(0, -35, -12)
(1, -35, -12)
(0, -34, -11)
(1, -34, -11)
(1, -34, -10)
(0, -33, -9)
(0, -33, -8)
(1, -34, -8)
(0, -34, -8)
(1, -35, -9)
(0, -35, -8)
(1, -36, -8)
(0, -36, -8)
(1, -37, -8)
(1, -37, -7)
(0, -37, -6)
(1, -38, -6)
(0, -38, -6)
(1, -39, -6)
(0, -39, -6)
(1, -40, -6)
(1, -40, -5)
(1, -40, -4)
(0, -39, -3)
(0, -39, -2)
(0, -39, -1)
(1, -39, -1)
(1, -39, 0)
(1, -39, 1)
(1, -39, 2)
(1, -39, 3)
(0, -38, 4)
(1, -38, 4)
(0, -37, 5)
(1, -37, 5)
(0, -36, 5)
(1, -36, 4)
(0, -35, 5)
(0, -35, 6)
(1, -36, 6)
(0, -36, 7)
(0, -36, 8)
(1, -37, 8)
(0, -37, 9)
(1, -38, 9)
(0, -38, 9)
(1, -39, 8)
(1, -39, 7)
(0, -39, 7)
(1, -40, 6)
(1, -40, 5)
(0, -40, 5)
(1, -41, 4)
(1, -41, 3)
(0, -40, 3)
(0, -40, 2)
(1, -40, 1)
(1, -40, 0)
(0, -40, 0)
(0, -40, -1)
(0, -40, -2)
(1, -41, -3)
(1, -41, -4)
(1, -41, -5)
(0, -41, -5)
(1, -42, -5)
(0, -42, -5)
(0, -42, -6)
(1, -42, -7)
(0, -41, -7)
(0, -41, -8)
(1, -42, -9)
(0, -42, -8)
(1, -43, -8)
(0, -43, -8)
(1, -44, -8)
(0, -44, -8)
(1, -45, -8)
(1, -45, -7)
(0, -45, -6)
(1, -46, -7)
(1, -46, -8)
(1, -46, -9)
(0, -45, -9)
(0, -45, -10)
(0, -45, -11)
(0, -45, -12)
(1, -46, -13)
(1, -46, -14)
(0, -46, -14)
(1, -47, -14)
(1, -47, -13)
(1, -47, -12)
(0, -46, -11)
(0, -46, -10)
(1, -47, -10)
(0, -47, -10)
(1, -48, -10)
(0, -48, -10)
(0, -48, -11)
(1, -48, -12)
(1, -48, -13)
(1, -48, -14)
(0, -48, -14)
(1, -49, -14)
(0, -49, -14)
(1, -50, -14)
(0, -50, -13)
(1, -51, -14)
(0, -51, -14)
(1, -52, -14)
(0, -52, -13)
(1, -53, -14)
(1, -53, -15)
(1, -53, -16)
(0, -52, -16)
(1, -52, -16)
(0, -51, -16)
(0, -51, -17)
(0, -51, -18)
(1, -52, -19)
(1, -52, -20)
(0, -52, -20)
(1, -53, -21)
(0, -53, -20)
(0, -53, -19)
(1, -54, -19)
(0, -54, -18)
(1, -55, -18)
(0, -55, -18)
(1, -56, -18)
(1, -56, -17)
(1, -56, -16)
(0, -55, -15)
(1, -55, -16)
(0, -54, -15)
(0, -54, -14)
(0, -54, -13)
(0, -54, -12)
(0, -54, -11)
(1, -54, -11)
(0, -53, -11)
(1, -53, -11)
(1, -53, -10)
(1, -53, -9)
(1, -53, -8)
(1, -53, -7)
(0, -53, -6)
(1, -54, -7)
(0, -54, -6)
(1, -55, -6)
(1, -55, -5)
(0, -55, -4)
(1, -56, -4)
(0, -56, -4)
(0, -56, -5)
(1, -57, -6)
(1, -57, -7)
(1, -57, -8)
(0, -56, -8)
(1, -56, -9)
(1, -56, -10)
(1, -56, -11)
(0, -56, -11)
(1, -57, -11)
(0, -57, -10)
(1, -58, -10)
(1, -58, -9)
(0, -58, -8)
(0, -58, -7)
(1, -59, -7)
(1, -59, -6)
(0, -58, -5)
(0, -58, -4)
(1, -58, -4)
(1, -58, -3)
(0, -57, -2)
(0, -57, -1)
(1, -57, -1)
(1, -57, 0)
(0, -57, 1)
(1, -58, 1)
(0, -58, 1)
(1, -59, 1)
(0, -59, 2)
(0, -59, 3)
(1, -59, 3)
(1, -59, 4)
(0, -59, 5)
(0, -59, 6)
(1, -59, 6)
(0, -58, 6)
(1, -58, 5)
(0, -57, 6)
(0, -57, 7)
(0, -57, 8)
(0, -57, 9)
(1, -58, 9)
(0, -58, 10)
(0, -58, 11)
(0, -58, 12)
(1, -59, 12)
(1, -59, 13)
(0, -58, 14)
(1, -58, 13)
(0, -57, 14)
(1, -57, 14)
(1, -57, 15)
(1, -57, 16)
(0, -57, 17)
(1, -58, 17)
(0, -58, 17)
(1, -59, 16)
(0, -59, 16)
(1, -60, 15)
(0, -60, 15)
(1, -61, 14)
(1, -61, 13)
(1, -61, 12)
(0, -61, 12)
(1, -62, 12)
(0, -62, 12)
(1, -63, 11)
(0, -63, 12)
(1, -64, 11)
(0, -64, 12)
(1, -65, 11)
(1, -65, 10)
(1, -65, 9)
(0, -64, 9)
(0, -64, 8)
(0, -64, 7)
(0, -64, 6)
(0, -64, 5)
(1, -65, 4)
(0, -65, 5)
(1, -66, 4)
(1, -66, 3)
(1, -66, 2)
(1, -66, 1)
(0, -66, 1)
(1, -67, 0)
(1, -67, -1)
(1, -67, -2)
(0, -66, -2)
(0, -66, -3)
(1, -66, -4)
(0, -65, -3)
(0, -65, -2)
(0, -65, -1)
(1, -65, -1)
(1, -65, 0)
(1, -65, 1)
(0, -64, 2)
(1, -64, 2)
(1, -64, 3)
(0, -63, 4)
(0, -63, 5)
(0, -63, 6)
(1, -63, 6)
(0, -62, 6)
(1, -62, 5)
(1, -62, 4)
(0, -62, 4)
(0, -62, 3)
(1, -63, 2)
(1, -63, 1)
(1, -63, 0)
(1, -63, -1)
(0, -62, -1)
(1, -62, -1)
(0, -61, 0)
(0, -61, 1)
(1, -61, 1)
(0, -60, 1)
(0, -60, 0)
(1, -60, -1)
(0, -59, -1)
(0, -59, -2)
(1, -60, -3)
(0, -60, -2)
(1, -61, -2)
(0, -61, -2)
(1, -62, -3)
(1, -62, -4)
(1, -62, -5)
(1, -62, -6)
(1, -62, -7)
(1, -62, -8)
(0, -62, -8)
(0, -62, -9)
(1, -63, -10)
(1, -63, -11)
(0, -62, -11)
(1, -62, -12)
(0, -61, -12)
(1, -61, -13)
(1, -61, -14)
(0, -61, -14)
(0, -61, -15)
(1, -61, -16)
(1, -61, -17)
(1, -61, -18)
(1, -61, -19)
(0, -60, -19)
(0, -60, -20)
(1, -60, -21)
(1, -60, -22)
(0, -60, -22)
(1, -61, -23)
(0, -61, -23)
(1, -62, -23)
(1, -62, -22)
(1, -62, -21)
(0, -62, -20)
(1, -63, -21)
(1, -63, -22)
(1, -63, -23)
(0, -63, -23)
(1, -64, -24)
(1, -64, -25)
(0, -63, -25)
(1, -63, -25)
(0, -62, -24)
(1, -62, -25)
(0, -61, -25)
(1, -61, -25)
(0, -60, -25)
(1, -60, -26)
(0, -59, -26)
(1, -59, -27)
(1, -59, -28)
(0, -58, -28)
(0, -58, -29)
(1, -59, -30)
(0, -59, -29)
(1, -60, -29)
(1, -60, -28)
(0, -60, -27)
(1, -61, -27)
(0, -61, -27)
(1, -62, -27)
(0, -62, -27)
(1, -63, -27)
(0, -63, -27)
(1, -64, -27)
(0, -64, -26)
(1, -65, -26)
(0, -65, -25)
(0, -65, -24)
(1, -65, -24)
(1, -65, -23)
(0, -65, -22)
(0, -65, -21)
(1, -66, -21)
(1, -66, -20)
(1, -66, -19)
(0, -66, -18)
(1, -67, -18)
(1, -67, -17)
(0, -67, -16)
(1, -68, -16)
(0, -68, -16)
(1, -69, -16)
(0, -69, -16)
(1, -70, -17)
(1, -70, -18)
(0, -70, -18)
(0, -70, -19)
(1, -71, -20)
(0, -71, -19)
(0, -71, -18)
(1, -72, -18)
(0, -72, -18)
(1, -73, -18)
(0, -73, -17)
(0, -73, -16)
(1, -73, -16)
(0, -72, -15)
(1, -72, -15)
(0, -71, -14)
(1, -71, -14)
(1, -71, -13)
(0, -71, -12)
(1, -72, -12)
(0, -72, -12)
(0, -72, -13)
(1, -73, -14)
(0, -73, -14)
(1, -74, -14)
(0, -74, -14)
(1, -75, -15)
(0, -75, -15)
(1, -76, -15)
(0, -76, -15)
(1, -77, -16)
(1, -77, -17)
(0, -77, -17)
(1, -78, -17)
(1, -78, -16)
(1, -78, -15)
(0, -77, -14)
(0, -77, -13)
(1, -77, -13)
(0, -76, -13)
(1, -76, -13)
(1, -76, -12)
(0, -75, -11)
(1, -75, -11)
(0, -74, -11)
(1, -74, -11)
(0, -73, -10)
(0, -73, -9)
(1, -73, -9)
(0, -72, -8)
(0, -72, -7)
(1, -72, -7)
(0, -71, -7)
(1, -71, -8)
(1, -71, -9)
(1, -71, -10)
(1, -71, -11)
(0, -70, -11)
(1, -70, -11)
(0, -69, -10)
(0, -69, -9)
(0, -69, -8)
(0, -69, -7)
(1, -69, -7)
(0, -68, -6)
(0, -68, -5)
(0, -68, -4)
(1, -69, -4)
(1, -69, -3)
(1, -69, -2)
(1, -69, -1)
(0, -68, 0)
(0, -68, 1)
(1, -69, 1)
(1, -69, 2)
(0, -68, 3)
(0, -68, 4)
(0, -68, 5)
(1, -69, 5)
(0, -69, 5)
(1, -70, 5)
(0, -70, 5)
(0, -70, 4)
(1, -70, 3)
(1, -70, 2)
(0, -70, 2)
(1, -71, 1)
(0, -71, 1)
(1, -72, 0)
(0, -72, 1)
(1, -73, 1)
(1, -73, 2)
(0, -72, 3)
(0, -72, 4)
(0, -72, 5)
(0, -72, 6)
(1, -72, 6)
(1, -72, 7)
(0, -72, 8)
(1, -73, 8)
(1, -73, 9)
(0, -73, 10)
(1, -74, 9)
(1, -74, 8)
(1, -74, 7)
(0, -73, 7)
(0, -73, 6)
(0, -73, 5)
(0, -73, 4)
(1, -74, 3)
(0, -74, 4)
(1, -75, 4)
(0, -75, 4)
(0, -75, 3)
(1, -76, 2)
(0, -76, 2)
(1, -77, 1)
(0, -77, 1)
(0, -77, 0)
(0, -77, -1)
(1, -77, -2)
(0, -76, -2)
(1, -76, -2)
(0, -75, -1)
(0, -75, 0)
(0, -75, 1)
(1, -75, 1)
(0, -74, 2)
(1, -74, 1)
(1, -74, 0)
(0, -73, 0)
(0, -73, -1)
(1, -73, -2)
(1, -73, -3)
(0, -73, -3)
(0, -73, -4)
(0, -73, -5)
(1, -74, -6)
(0, -74, -5)
(0, -74, -4)
(1, -75, -4)
(0, -75, -3)
(1, -76, -4)
(0, -76, -4)
(1, -77, -5)
(1, -77, -6)
(0, -76, -6)
(1, -76, -6)
(0, -75, -6)
(0, -75, -7)
(0, -75, -8)
(0, -75, -9)
(1, -76, -10)
(0, -76, -10)
(1, -77, -11)
(0, -77, -11)
(1, -78, -12)
(0, -78, -11)
(0, -78, -10)
(1, -79, -10)
(0, -79, -9)
(0, -79, -8)
(1, -80, -8)
(0, -80, -8)
(0, -80, -9)
(0, -80, -10)
(1, -81, -11)
(0, -81, -11)
(1, -82, -12)
(0, -82, -11)
(1, -83, -11)
(1, -83, -10)
(0, -83, -9)
(1, -84, -10)
(0, -84, -10)
(1, -85, -10)
(0, -85, -9)
(1, -86, -9)
(0, -86, -9)
(0, -86, -10)
(1, -86, -11)
(0, -85, -11)
(0, -85, -12)
(1, -85, -13)
(1, -85, -14)
(0, -85, -14)
(1, -86, -14)
(0, -86, -13)
(0, -86, -12)
(1, -87, -12)
(0, -87, -12)
(1, -88, -12)
(0, -88, -12)
(1, -89, -12)
(0, -89, -11)
(1, -90, -12)
(0, -90, -11)
(1, -91, -12)
(0, -91, -12)
(1, -92, -13)
(0, -92, -12)
(1, -93, -12)
(0, -93, -11)
(0, -93, -10)
(1, -94, -10)
(1, -94, -9)
(0, -93, -8)
(0, -93, -7)
(1, -94, -7)
(0, -94, -6)
(1, -95, -7)
(0, -95, -7)
(0, -95, -8)
(0, -95, -9)
(1, -96, -10)
(1, -96, -11)
(0, -95, -11)
(0, -95, -12)
(1, -96, -13)
(0, -96, -13)
(1, -97, -13)
(1, -97, -12)
(1, -97, -11)
(0, -97, -10)
(0, -97, -9)
(1, -97, -9)
(1, -97, -8)
(0, -96, -7)
(0, -96, -6)
(1, -97, -6)
(0, -97, -5)
(1, -98, -6)
(0, -98, -6)
(1, -99, -6)
(0, -99, -6)
(1, -100, -7)
(0, -100, -7)
(0, -100, -8)
(1, -100, -9)
(0, -99, -8)
(1, -99, -9)
(1, -99, -10)
(1, -99, -11)
(0, -98, -11)
(1, -98, -12)
(1, -98, -13)
(1, -98, -14)
(1, -98, -15)
(0, -97, -15)
(1, -97, -15)
(0, -96, -15)
(1, -96, -16)
(0, -95, -16)
(1, -95, -17)
(0, -94, -17)
(1, -94, -18)
(0, -93, -17)
(1, -93, -17)
(0, -92, -16)
(1, -92, -17)
(1, -92, -18)
(1, -92, -19)
(1, -92, -20)
(0, -92, -20)
(0, -92, -21)
(1, -92, -22)
(0, -91, -21)
(1, -91, -21)
(0, -90, -20)
(1, -90, -21)
(1, -90, -22)
(0, -89, -22)
(0, -89, -23)
(1, -90, -24)
(0, -90, -23)
(1, -91, -23)
(0, -91, -23)
(0, -91, -24)
(1, -92, -25)
(0, -92, -25)
(1, -93, -25)
(1, -93, -24)
(1, -93, -23)
(0, -93, -22)
(0, -93, -21)
(1, -94, -21)
(0, -94, -20)
(1, -95, -21)
(0, -95, -21)
(1, -96, -22)
(0, -96, -21)
(1, -97, -21)
(0, -97, -21)
(1, -98, -22)
(0, -98, -22)
(1, -99, -23)
(0, -99, -23)
(0, -99, -24)
(0, -99, -25)
(1, -100, -26)
(1, -100, -27)
(0, -100, -27)
(0, -100, -28)
(0, -100, -29)
(0, -100, -30)
(1, -100, -31)
(0, -99, -30)
(1, -99, -30)
(1, -99, -29)
(0, -98, -28)
(0, -98, -27)
(0, -98, -26)
(0, -98, -25)
(0, -98, -24)
(1, -98, -24)
(0, -97, -24)
(1, -97, -24)
(0, -96, -24)
(0, -96, -25)
(0, -96, -26)
(0, -96, -27)
(1, -97, -28)
(1, -97, -29)
(0, -96, -29)
(1, -96, -29)
(0, -95, -29)
(1, -95, -30)
(1, -95, -31)
(0, -95, -31)
(0, -95, -32)
(1, -96, -33)
(1, -96, -34)
(1, -96, -35)
(1, -96, -36)
(1, -96, -37)
(0, -96, -37)
(0, -96, -38)
(0, -96, -39)
(1, -97, -40)
(0, -97, -40)
(0, -97, -41)
(1, -97, -42)
(0, -96, -41)
(1, -96, -41)
(0, -95, -41)
(1, -95, -42)
(0, -94, -41)
(1, -94, -42)
(1, -94, -43)
(0, -93, -43)
(1, -93, -43)
(0, -92, -43)
(1, -92, -44)
(0, -91, -43)
(1, -91, -44)
(1, -91, -45)
(1, -91, -46)
(0, -90, -46)
(1, -90, -47)
(1, -90, -48)
(0, -89, -48)
(0, -89, -49)
(0, -89, -50)
(0, -89, -51)
(1, -89, -52)
(0, -88, -51)
(1, -88, -51)
(0, -87, -50)
(1, -87, -51)
(1, -87, -52)
(0, -87, -52)
(1, -88, -53)
(1, -88, -54)
(1, -88, -55)
(0, -88, -55)
(1, -89, -56)
(0, -89, -56)
(1, -90, -56)
(1, -90, -55)
(0, -90, -54)
(0, -90, -53)
(1, -91, -53)
(0, -91, -53)
(1, -92, -53)
(0, -92, -52)
(0, -92, -51)
(0, -92, -50)
(1, -93, -50)
(0, -93, -49)
(0, -93, -48)
(1, -94, -48)
(1, -94, -47)
(0, -94, -46)
(1, -95, -46)
(1, -95, -45)
(0, -95, -44)
(1, -96, -45)
(0, -96, -44)
(1, -97, -45)
(1, -97, -46)
(1, -97, -47)
(1, -97, -48)
(1, -97, -49)
(1, -97, -50)
(0, -97, -50)
(1, -98, -51)
(0, -98, -50)
(0, -98, -49)
(1, -98, -49)
(1, -98, -48)
(1, -98, -47)
(0, -98, -46)
(1, -99, -47)
(0, -99, -47)
(0, -99, -48)
(0, -99, -49)
(0, -99, -50)
(1, -100, -51)
(1, -100, -52)
(0, -100, -52)
(0, -100, -53)
(0, -100, -54)
(1, -100, -55)
(0, -99, -54)
(1, -99, -55)
(0, -98, -54)
(1, -98, -54)
(1, -98, -53)
(0, -97, -52)
(1, -97, -52)
(0, -96, -51)
(1, -96, -51)
(1, -96, -50)
(0, -95, -49)
(1, -95, -50)
(1, -95, -51)
(1, -95, -52)
(0, -95, -52)
(1, -96, -53)
(1, -96, -54)
(0, -95, -54)
(1, -95, -54)
(0, -94, -54)
(0, -94, -55)
(0, -94, -56)
(1, -94, -57)
(1, -94, -58)
(0, -94, -58)
(1, -95, -58)
(0, -95, -57)
(1, -96, -58)
(0, -96, -58)
(1, -97, -58)
(0, -97, -57)
(1, -98, -57)
(0, -98, -57)
(0, -98, -58)
(1, -98, -59)
(1, -98, -60)
(1, -98, -61)
(0, -97, -61)
(0, -97, -62)
(1, -98, -63)
(1, -98, -64)
(0, -98, -64)
(1, -99, -65)
(0, -99, -64)
(1, -100, -65)
(1, -100, -66)
(0, -100, -66)
(0, -100, -67)
(0, -100, -68)
(0, -100, -69)
(0, -100, -70)
(0, -100, -71)
(1, -100, -72)
(0, -99, -72)
(0, -99, -73)
(0, -99, -74)
(1, -100, -75)
(0, -100, -75)
(0, -100, -76)
(1, -100, -77)
(0, -99, -76)
(1, -99, -76)
(0, -98, -75)
(1, -98, -75)
(1, -98, -74)
(0, -97, -73)
(1, -97, -73)
(0, -96, -73)
(1, -96, -73)
(1, -96, -72)
(0, -95, -71)
(0, -95, -70)
(0, -95, -69)
(0, -95, -68)
(0, -95, -67)
(1, -95, -67)
(1, -95, -66)
(1, -95, -65)
(0, -95, -64)
(0, -95, -63)
(1, -96, -63)
(1, -96, -62)
(0, -96, -61)
(0, -96, -60)
(1, -96, -60)
(0, -95, -60)
(1, -95, -61)
(0, -94, -61)
(1, -94, -62)
(0, -93, -62)
(1, -93, -62)
(0, -92, -61)
(0, -92, -60)
(1, -92, -60)
(1, -92, -59)
(0, -92, -58)
(1, -93, -58)
(1, -93, -57)
(1, -93, -56)
(0, -92, -55)
(1, -92, -56)
(1, -92, -57)
(0, -91, -57)
(1, -91, -58)
(0, -90, -57)
(1, -90, -58)
(0, -89, -58)
(1, -89, -59)
(0, -88, -58)
(0, -88, -57)
(1, -88, -57)
(0, -87, -56)
(1, -87, -57)
(1, -87, -58)
(0, -86, -58)
(0, -86, -59)
(1, -87, -60)
(0, -87, -60)
(0, -87, -61)
(1, -87, -62)
(0, -86, -62)
(0, -86, -63)
(0, -86, -64)
(1, -86, -65)
(0, -85, -65)
(0, -85, -66)
(1, -85, -67)
(0, -84, -67)
(1, -84, -67)
(1, -84, -66)
(1, -84, -65)
(0, -83, -64)
(1, -83, -64)
(0, -82, -64)
(0, -82, -65)
(1, -82, -66)
(0, -81, -65)
(1, -81, -66)
(0, -80, -65)
(1, -80, -65)
(0, -79, -65)
(1, -79, -66)
(0, -78, -65)
(0, -78, -64)
(0, -78, -63)
(0, -78, -62)
(1, -78, -62)
(1, -78, -61)
(1, -78, -60)
(0, -77, -59)
(0, -77, -58)
(1, -78, -58)
(1, -78, -57)
(0, -77, -56)
(1, -77, -56)
(0, -76, -56)
(1, -76, -57)
(1, -76, -58)
(1, -76, -59)
(0, -75, -59)
(1, -75, -59)
(0, -74, -59)
(0, -74, -60)
(1, -74, -61)
(0, -73, -61)
(0, -73, -62)
(1, -74, -63)
(0, -74, -62)
(1, -75, -62)
(0, -75, -62)
(1, -76, -62)
(0, -76, -62)
(0, -76, -63)
(1, -76, -64)
(1, -76, -65)
(0, -75, -65)
(1, -75, -66)
(1, -75, -67)
(0, -74, -67)
(1, -74, -67)
(1, -74, -66)
(1, -74, -65)
(0, -73, -64)
(1, -73, -65)
(0, -72, -65)
(1, -72, -66)
(1, -72, -67)
(1, -72, -68)
(0, -72, -68)
(1, -73, -68)
(0, -73, -68)
(0, -73, -69)
(0, -73, -70)
(1, -74, -71)
(0, -74, -71)
(1, -75, -71)
(0, -75, -71)
(1, -76, -71)
(1, -76, -70)
(0, -76, -69)
(0, -76, -68)
(1, -77, -68)
(0, -77, -68)
(0, -77, -69)
(1, -78, -70)
(0, -78, -69)
(1, -79, -70)
(1, -79, -71)
(1, -79, -72)
(0, -78, -72)
(1, -78, -73)
(0, -77, -73)
(0, -77, -74)
(0, -77, -75)
(1, -77, -76)
(0, -76, -75)
(1, -76, -76)
(1, -76, -77)
(0, -76, -77)
(1, -77, -78)
(0, -77, -77)
(1, -78, -78)
(0, -78, -78)
(0, -78, -79)
(0, -78, -80)
(1, -78, -81)
(0, -77, -80)
(1, -77, -81)
(0, -76, -80)
(1, -76, -81)
(1, -76, -82)
(0, -76, -82)
(0, -76, -83)
(1, -76, -84)
(0, -75, -84)
(1, -75, -84)
(1, -75, -83)
(0, -74, -82)
(0, -74, -81)
(0, -74, -80)
(1, -74, -80)
(0, -73, -80)
(1, -73, -81)
(1, -73, -82)
(0, -72, -82)
(1, -72, -82)
(0, -71, -81)
(1, -71, -82)
(0, -70, -81)
(0, -70, -80)
(1, -70, -80)
(1, -70, -79)
(0, -70, -78)
(0, -70, -77)
(1, -70, -77)
(0, -69, -76)
(1, -69, -76)
(1, -69, -75)
(0, -68, -74)
(1, -68, -74)
(1, -68, -73)
(1, -68, -72)
(0, -68, -71)
(1, -69, -72)
(0, -69, -71)
(0, -69, -70)
(0, -69, -69)
(0, -69, -68)
(0, -69, -67)
(0, -69, -66)
(1, -69, -66)
(0, -68, -65)
(0, -68, -64)
(1, -69, -64)
(0, -69, -63)
(0, -69, -62)
(1, -70, -62)
(0, -70, -61)
(1, -71, -61)
(0, -71, -60)
(1, -72, -61)
(0, -72, -60)
(1, -73, -60)
(1, -73, -59)
(0, -73, -58)
(0, -73, -57)
(1, -73, -57)
(1, -73, -56)
(0, -73, -55)
(1, -74, -56)
(0, -74, -56)
(1, -75, -56)
(0, -75, -55)
(0, -75, -54)
(0, -75, -53)
(0, -75, -52)
(1, -76, -52)
(1, -76, -51)
(1, -76, -50)
(0, -75, -49)
(1, -75, -49)
(0, -74, -49)
(1, -74, -49)
(0, -73, -49)
(1, -73, -50)
(0, -72, -50)
(1, -72, -50)
(0, -71, -49)
(1, -71, -50)
(0, -70, -49)
(1, -70, -50)
(1, -70, -51)
(0, -70, -51)
(1, -71, -52)
(1, -71, -53)
(0, -71, -53)
(0, -71, -54)
(1, -71, -55)
(1, -71, -56)
(0, -71, -56)
(0, -71, -57)
(0, -71, -58)
(1, -71, -59)
(0, -70, -58)
(1, -70, -59)
(1, -70, -60)
(0, -69, -60)
(1, -69, -60)
(0, -68, -59)
(1, -68, -60)
(1, -68, -61)
(0, -67, -61)
(1, -67, -62)
(0, -66, -61)
(1, -66, -61)
(0, -65, -61)
(1, -65, -62)
(1, -65, -63)
(1, -65, -64)
(0, -64, -64)
(1, -64, -64)
(0, -63, -64)
(1, -63, -64)
(0, -62, -63)
(1, -62, -64)
(0, -61, -63)
(1, -61, -63)
(0, -60, -63)
(1, -60, -63)
(0, -59, -62)
(1, -59, -62)
(0, -58, -62)
(0, -58, -63)
(1, -59, -64)
(1, -59, -65)
(0, -59, -65)
(1, -60, -65)
(0, -60, -65)
(1, -61, -65)
(0, -61, -65)
(1, -62, -66)
(1, -62, -67)
(0, -62, -67)
(1, -63, -67)
(0, -63, -67)
(0, -63, -68)
(1, -64, -69)
(0, -64, -69)
(1, -65, -69)
(1, -65, -68)
(0, -65, -67)
(1, -66, -68)
(0, -66, -67)
(1, -67, -67)
(0, -67, -67)
(0, -67, -68)
(1, -67, -69)
(1, -67, -70)
(1, -67, -71)
(1, -67, -72)
(0, -66, -72)
(0, -66, -73)
(1, -66, -74)
(0, -65, -73)
(1, -65, -73)
(0, -64, -72)
(1, -64, -72)
(1, -64, -71)
(0, -63, -70)
(1, -63, -70)
(0, -62, -69)
(1, -62, -69)
(0, -61, -68)
(1, -61, -68)
(0, -60, -68)
(1, -60, -69)
(0, -59, -69)
(1, -59, -70)
(0, -58, -70)
(0, -58, -71)
(1, -59, -72)
(0, -59, -72)
(1, -60, -72)
(1, -60, -71)
(0, -60, -70)
(1, -61, -71)
(0, -61, -70)
(1, -62, -71)
(1, -62, -72)
(1, -62, -73)
(0, -61, -73)
(1, -61, -73)
(0, -60, -73)
(1, -60, -74)
(0, -59, -74)
(1, -59, -75)
(0, -58, -74)
(1, -58, -75)
(0, -57, -75)
(0, -57, -76)
(1, -57, -77)
(0, -56, -76)
(0, -56, -75)
(0, -56, -74)
(1, -56, -74)
(0, -55, -74)
(0, -55, -75)
(0, -55, -76)
(1, -55, -77)
(1, -55, -78)
(1, -55, -79)
(0, -54, -79)
(1, -54, -79)
(0, -53, -79)
(1, -53, -79)
(0, -52, -79)
(1, -52, -79)
(0, -51, -78)
(0, -51, -77)
(1, -51, -77)
(0, -50, -77)
(0, -50, -78)
(0, -50, -79)
(1, -50, -80)
(1, -50, -81)
(0, -49, -81)
(1, -49, -82)
(1, -49, -83)
(0, -49, -83)
(1, -50, -83)
(0, -50, -83)
(1, -51, -84)
(0, -51, -84)
(1, -52, -85)
(0, -52, -84)
(1, -53, -84)
(0, -53, -83)
(0, -53, -82)
(0, -53, -81)
(1, -54, -81)
(0, -54, -81)
(1, -55, -81)
(0, -55, -80)
(1, -56, -81)
(0, -56, -81)
(1, -57, -81)
(0, -57, -80)
(0, -57, -79)
(1, -58, -79)
(1, -58, -78)
(0, -58, -77)
(1, -59, -77)
(0, -59, -76)
(1, -60, -76)
(0, -60, -76)
(1, -61, -77)
(0, -61, -77)
(1, -62, -77)
(0, -62, -77)
(0, -62, -78)
(1, -62, -79)
(0, -61, -79)
(1, -61, -80)
(1, -61, -81)
(0, -61, -81)
(1, -62, -82)
(1, -62, -83)
(0, -62, -83)
(0, -62, -84)
(0, -62, -85)
(1, -63, -86)
(0, -63, -86)
(1, -64, -86)
(0, -64, -85)
(1, -65, -86)
(1, -65, -87)
(0, -65, -87)
(1, -66, -87)
(0, -66, -86)
(1, -67, -86)
(0, -67, -85)
(1, -68, -85)
(1, -68, -84)
(0, -68, -83)
(1, -69, -84)
(1, -69, -85)
(1, -69, -86)
(0, -68, -86)
(1, -68, -87)
(1, -68, -88)
(1, -68, -89)
(0, -67, -89)
(1, -67, -89)
(0, -66, -89)
(1, -66, -89)
(0, -65, -89)
(1, -65, -90)
(1, -65, -91)
(0, -65, -91)
(0, -65, -92)
(0, -65, -93)
(1, -65, -94)
(1, -65, -95)
(1, -65, -96)
(0, -65, -96)
(1, -66, -96)
(1, -66, -95)
(0, -66, -94)
(1, -67, -94)
(0, -67, -94)
(0, -67, -95)
(1, -67, -96)
(1, -67, -97)
(0, -66, -97)
(1, -66, -98)
(0, -65, -98)
(0, -65, -99)
(1, -66, -100)
(1, -66, -101)
(0, -66, -101)
(0, -66, -102)
(1, -66, -103)
(0, -65, -103)
(0, -65, -104)
(0, -65, -105)
(1, -66, -106)
(1, -66, -107)
(0, -66, -107)
(0, -66, -108)
(0, -66, -109)
(1, -67, -110)
(1, -67, -111)
(0, -66, -111)
(0, -66, -112)
(1, -66, -113)
(0, -65, -112)
(1, -65, -113)
(0, -64, -113)
(0, -64, -114)
(1, -64, -115)
(0, -63, -115)
(1, -63, -115)
(0, -62, -115)
(1, -62, -116)
(1, -62, -117)
(1, -62, -118)
(1, -62, -119)
(0, -61, -119)
(0, -61, -120)
(1, -62, -121)
(0, -62, -121)
(0, -62, -122)
(1, -63, -123)
(1, -63, -124)
(1, -63, -125)
(1, -63, -126)
(0, -63, -126)
(1, -64, -127)
(0, -64, -127)
(0, -64, -128)
(1, -64, -129)
(0, -63, -128)
(1, -63, -129)
(0, -62, -129)
(0, -62, -130)
(1, -63, -131)
(1, -63, -132)
(1, -63, -133)
(0, -62, -133)
(1, -62, -134)
(0, -61, -134)
(1, -61, -134)
(1, -61, -133)
(0, -61, -132)
(0, -61, -131)
(1, -61, -131)
(0, -60, -131)
(1, -60, -132)
(0, -59, -132)
(1, -59, -133)
(0, -58, -132)
(1, -58, -132)
(0, -57, -131)
(0, -57, -130)
(1, -58, -130)
(0, -58, -130)
(1, -59, -130)
(0, -59, -129)
(1, -60, -130)
(0, -60, -129)
(1, -61, -129)
(0, -61, -128)
(0, -61, -127)
(0, -61, -126)
(1, -62, -126)
(1, -62, -125)
(1, -62, -124)
(0, -61, -123)
(0, -61, -122)
(1, -61, -122)
(0, -60, -122)
(0, -60, -123)
(0, -60, -124)
(1, -60, -125)
(0, -59, -124)
(1, -59, -124)
(1, -59, -123)
(0, -59, -122)
(0, -59, -121)
(1, -60, -121)
(0, -60, -120)
(0, -60, -119)
(0, -60, -118)
(0, -60, -117)
(1, -61, -117)
(1, -61, -116)
(1, -61, -115)
(1, -61, -114)
(0, -61, -113)
(1, -62, -114)
(0, -62, -113)
(1, -63, -113)
(1, -63, -112)
(0, -63, -111)
(0, -63, -110)
(0, -63, -109)
(0, -63, -108)
(0, -63, -107)
(0, -63, -106)
(1, -64, -106)
(1, -64, -105)
(1, -64, -104)
(0, -63, -103)
(0, -63, -102)
(0, -63, -101)
(1, -64, -101)
(0, -64, -100)
(0, -64, -99)
(0, -64, -98)
(0, -64, -97)
(1, -64, -97)
(0, -63, -96)
(1, -63, -97)
(1, -63, -98)
(1, -63, -99)
(1, -63, -100)
(0, -62, -100)
(1, -62, -101)
(1, -62, -102)
(1, -62, -103)
(0, -62, -103)
(0, -62, -104)
(1, -62, -105)
(0, -61, -104)
(1, -61, -104)
(0, -60, -103)
(1, -60, -103)
(1, -60, -102)
(1, -60, -101)
(0, -60, -100)
(0, -60, -99)
(0, -60, -98)
(1, -60, -98)
(0, -59, -97)
(1, -59, -97)
(1, -59, -96)
(0, -59, -95)
(1, -60, -96)
(0, -60, -95)
(1, -61, -96)
(0, -61, -95)
(0, -61, -94)
(1, -62, -94)
(0, -62, -94)
(1, -63, -94)
(0, -63, -94)
(1, -64, -94)
(1, -64, -93)
(1, -64, -92)
(0, -63, -91)
(0, -63, -90)
(1, -63, -90)
(0, -62, -89)
(1, -62, -90)
(0, -61, -90)
(0, -61, -91)
(1, -61, -92)
(0, -60, -92)
(1, -60, -92)
(1, -60, -91)
(1, -60, -90)
(0, -60, -89)
(1, -61, -89)
(0, -61, -88)
(0, -61, -87)
(0, -61, -86)
(0, -61, -85)
(0, -61, -84)
(1, -61, -84)
(1, -61, -83)
(0, -60, -82)
(1, -60, -83)
(0, -59, -82)
(1, -59, -83)
(0, -58, -82)
(1, -58, -83)
(0, -57, -83)
(0, -57, -84)
(1, -57, -85)
(0, -56, -85)
(0, -56, -86)
(1, -57, -87)
(0, -57, -87)
(0, -57, -88)
(1, -57, -89)
(0, -56, -89)
(1, -56, -89)
(1, -56, -88)
(0, -55, -87)
(1, -55, -87)
(0, -54, -86)
(1, -54, -87)
(0, -53, -86)
(1, -53, -87)
(0, -52, -87)
(1, -52, -88)
(0, -51, -88)
(1, -51, -89)
(1, -51, -90)
(1, -51, -91)
(1, -51, -92)
(1, -51, -93)
(1, -51, -94)
(1, -51, -95)
(0, -50, -95)
(0, -50, -96)
(1, -51, -97)
(1, -51, -98)
(0, -50, -98)
(0, -50, -99)
(1, -51, -100)
(0, -51, -100)
(0, -51, -101)
(1, -52, -102)
(1, -52, -103)
(0, -52, -103)
(1, -53, -103)
(0, -53, -102)
(1, -54, -102)
(1, -54, -101)
(0, -54, -100)
(0, -54, -99)
(1, -55, -99)
(0, -55, -98)
(0, -55, -97)
(0, -55, -96)
(0, -55, -95)
(1, -56, -95)
(0, -56, -95)
(0, -56, -96)
(1, -57, -97)
(0, -57, -97)
(0, -57, -98)
(1, -58, -99)
(1, -58, -100)
(0, -57, -100)
(1, -57, -101)
(1, -57, -102)
(0, -56, -102)
(1, -56, -102)
(0, -55, -101)
(1, -55, -102)
(1, -55, -103)
(0, -54, -103)
(1, -54, -104)
(0, -53, -104)
(0, -53, -105)
(0, -53, -106)
(0, -53, -107)
(1, -53, -108)
(1, -53, -109)
(0, -52, -109)
(0, -52, -110)
(0, -52, -111)
(1, -53, -112)
(1, -53, -113)
(1, -53, -114)
(0, -53, -114)
(1, -54, -115)
(0, -54, -114)
(1, -55, -115)
(1, -55, -116)
(0, -55, -116)
(0, -55, -117)
(0, -55, -118)
(0, -55, -119)
(1, -56, -120)
(0, -56, -119)
(0, -56, -118)
(1, -57, -118)
(1, -57, -117)
(0, -57, -116)
(0, -57, -115)
(1, -58, -115)
(0, -58, -115)
(0, -58, -116)
(1, -59, -117)
(1, -59, -118)
(0, -58, -118)
(0, -58, -119)
(1, -58, -120)
(1, -58, -121)
(0, -57, -121)
(1, -57, -122)
(0, -56, -121)
(1, -56, -122)
(1, -56, -123)
(0, -55, -123)
(0, -55, -124)
(1, -56, -125)
(0, -56, -125)
(0, -56, -126)
(1, -57, -127)
(1, -57, -128)
(0, -56, -128)
(1, -56, -129)
(0, -55, -128)
(1, -55, -128)
(0, -54, -127)
(1, -54, -127)
(0, -53, -127)
(1, -53, -127)
(0, -52, -126)
(1, -52, -127)
(1, -52, -128)
(0, -52, -128)
(1, -53, -129)
(1, -53, -130)
(0, -52, -130)
(0, -52, -131)
(1, -52, -132)
(0, -51, -132)
(1, -51, -133)
(0, -50, -133)
(1, -50, -133)
(0, -49, -133)
(1, -49, -133)
(0, -48, -132)
(1, -48, -133)
(0, -47, -132)
(1, -47, -133)
(0, -46, -133)
(1, -46, -133)
(0, -45, -133)
(1, -45, -134)
(1, -45, -135)
(0, -45, -135)
(1, -46, -135)
(0, -46, -135)
(1, -47, -136)
(1, -47, -137)
(1, -47, -138)
(0, -46, -138)
(1, -46, -138)
(0, -45, -138)
(0, -45, -139)
(1, -45, -140)
(0, -44, -139)
(1, -44, -139)
(1, -44, -138)
(0, -43, -137)
(0, -43, -136)
(1, -43, -136)
(0, -42, -136)
(1, -42, -137)
(0, -41, -136)
(0, -41, -135)
(1, -42, -135)
(1, -42, -134)
(0, -41, -133)
(1, -41, -133)
(0, -40, -133)
(1, -40, -133)
(1, -40, -132)
(1, -40, -131)
(1, -40, -130)
(0, -40, -129)
(1, -41, -129)
