(0, -64, 96)
(0, -64, 97)
(1, -65, 97)
(1, -65, 98)
(0, -65, 99)
(0, -65, 100)
(1, -65, 100)
(1, -65, 101)
(0, -64, 102)
(0, -64, 103)
(1, -65, 103)
(1, -65, 104)
(1, -65, 105)
(1, -65, 106)
(0, -65, 107)
(1, -66, 107)
(0, -66, 108)
(0, -66, 109)
(1, -66, 109)
(1, -66, 110)
(0, -65, 111)
(1, -65, 110)
(0, -64, 111)
(0, -64, 112)
(1, -65, 112)
(0, -65, 113)
(1, -66, 113)
(1, -66, 114)
(0, -65, 115)
(1, -65, 114)
(0, -64, 115)
(1, -64, 114)
(1, -64, 113)
(0, -63, 113)
(1, -63, 112)
(0, -62, 112)
(1, -62, 111)
(0, -61, 112)
(1, -61, 111)
(1, -61, 110)
(0, -60, 110)
(1, -60, 110)
(1, -60, 111)
(1, -60, 112)
(0, -60, 113)
(1, -61, 113)
(1, -61, 114)
(0, -61, 115)
(0, -61, 116)
(0, -61, 117)
(0, -61, 118)
(0, -61, 119)
(1, -61, 119)
(1, -61, 120)
(0, -61, 121)
(1, -62, 121)
(0, -62, 121)
(1, -63, 120)
(0, -63, 120)
(0, -63, 119)
(1, -63, 118)
(1, -63, 117)
(0, -63, 117)
(1, -64, 117)
(0, -64, 118)
(1, -65, 118)
(1, -65, 119)
(1, -65, 120)
(0, -65, 121)
(1, -66, 121)
(0, -66, 122)
(1, -67, 121)
(0, -67, 122)
(1, -68, 122)
(1, -68, 123)
(0, -67, 124)
(1, -67, 123)
(0, -66, 124)
(1, -66, 123)
(0, -65, 123)
(1, -65, 123)
(0, -64, 123)
(1, -64, 122)
(0, -63, 123)
(0, -63, 124)
(0, -63, 125)
(1, -64, 125)
(0, -64, 125)
(1, -65, 125)
(0, -65, 125)
(1, -66, 125)
(1, -66, 126)
(0, -66, 127)
(0, -66, 128)
(1, -66, 128)
(0, -65, 129)
(0, -65, 130)
(1, -65, 130)
(1, -65, 131)
(0, -64, 132)
(0, -64, 133)
(1, -64, 133)
(0, -63, 133)
(0, -63, 132)
(0, -63, 131)
(1, -63, 130)
(0, -62, 130)
(1, -62, 129)
(1, -62, 128)
(0, -61, 128)
(0, -61, 127)
(1, -62, 126)
(1, -62, 125)
(0, -62, 125)
(0, -62, 124)
(1, -62, 123)
(0, -61, 123)
(1, -61, 122)
(0, -60, 123)
(1, -60, 123)
(1, -60, 124)
(1, -60, 125)
(1, -60, 126)
(1, -60, 127)
(0, -59, 128)
(1, -59, 127)
(1, -59, 126)
(0, -58, 126)
(1, -58, 125)
(1, -58, 124)
(0, -58, 124)
(1, -59, 123)
(1, -59, 122)
(0, -59, 122)
(0, -59, 121)
(1, -59, 120)
(0, -58, 121)
(1, -58, 121)
(0, -57, 121)
(1, -57, 121)
(0, -56, 122)
(1, -56, 121)
(0, -55, 121)
(0, -55, 120)
(1, -55, 119)
(0, -54, 120)
(1, -54, 120)
(1, -54, 121)
(0, -53, 122)
(1, -53, 122)
(0, -52, 123)
(1, -52, 122)
(0, -51, 122)
(1, -51, 122)
(0, -50, 123)
(1, -50, 123)
(0, -49, 124)
(0, -49, 125)
(1, -50, 125)
(0, -50, 126)
(0, -50, 127)
(1, -50, 127)
(1, -50, 128)
(0, -50, 129)
(1, -51, 129)
(0, -51, 130)
(1, -52, 129)
(0, -52, 129)
(1, -53, 128)
(0, -53, 128)
(1, -54, 128)
(0, -54, 128)
(1, -55, 128)
(0, -55, 128)
(1, -56, 127)
(0, -56, 127)
(1, -57, 127)
(0, -57, 128)
(0, -57, 129)
(1, -58, 129)
(0, -58, 130)
(1, -59, 129)
(0, -59, 130)
(1, -60, 129)
(0, -60, 130)
(0, -60, 131)
(1, -61, 131)
(0, -61, 131)
(1, -62, 131)
(1, -62, 132)
(0, -61, 133)
(1, -61, 133)
(0, -60, 134)
(0, -60, 135)
(1, -60, 135)
(1, -60, 136)
(0, -59, 137)
(1, -59, 136)
(0, -58, 136)
(1, -58, 135)
(0, -57, 136)
(1, -57, 135)
(0, -56, 136)
(0, -56, 137)
(0, -56, 138)
(1, -57, 138)
(0, -57, 138)
(1, -58, 137)
(0, -58, 138)
(1, -59, 138)
(0, -59, 139)
(1, -60, 138)
(0, -60, 139)
(1, -61, 138)
(1, -61, 137)
(1, -61, 136)
(0, -61, 136)
(1, -62, 136)
(0, -62, 136)
(1, -63, 136)
(1, -63, 137)
(0, -62, 138)
(1, -62, 138)
(1, -62, 139)
(0, -62, 140)
(1, -63, 139)
(0, -63, 140)
(0, -63, 141)
(0, -63, 142)
(1, -63, 142)
(0, -62, 143)
(0, -62, 144)
(1, -63, 144)
(0, -63, 144)
(1, -64, 143)
(0, -64, 144)
(0, -64, 145)
(1, -65, 145)
(1, -65, 146)
(0, -65, 147)
(1, -66, 147)
(0, -66, 147)
(1, -67, 147)
(0, -67, 147)
(1, -68, 146)
(0, -68, 147)
(0, -68, 148)
(0, -68, 149)
(0, -68, 150)
(1, -69, 150)
(1, -69, 151)
(0, -68, 152)
(0, -68, 153)
(1, -68, 153)
(0, -67, 154)
(1, -67, 154)
(1, -67, 155)
(0, -67, 156)
(1, -68, 156)
(0, -68, 156)
(0, -68, 155)
(1, -69, 154)
(0, -69, 154)
(1, -70, 153)
(1, -70, 152)
(0, -70, 152)
(1, -71, 151)
(0, -71, 152)
(1, -72, 151)
(0, -72, 151)
(1, -73, 150)
(0, -73, 151)
(1, -74, 151)
(0, -74, 152)
(1, -75, 152)
(0, -75, 152)
(1, -76, 151)
(0, -76, 151)
(1, -77, 150)
(0, -77, 150)
(1, -78, 150)
(0, -78, 151)
(1, -79, 150)
(1, -79, 149)
(0, -78, 149)
(1, -78, 148)
(1, -78, 147)
(0, -78, 147)
(1, -79, 147)
(0, -79, 148)
(1, -80, 148)
(1, -80, 149)
(1, -80, 150)
(1, -80, 151)
(0, -79, 152)
(0, -79, 153)
(0, -79, 154)
(1, -79, 154)
(1, -79, 155)
(0, -78, 156)
(1, -78, 156)
(0, -77, 156)
(0, -77, 155)
(1, -78, 154)
(1, -78, 153)
(0, -77, 153)
(1, -77, 152)
(0, -76, 153)
(0, -76, 154)
(1, -76, 154)
(1, -76, 155)
(0, -75, 156)
(1, -75, 156)
(0, -74, 157)
(1, -74, 157)
(0, -73, 158)
(1, -73, 158)
(0, -72, 159)
(1, -72, 159)
(0, -71, 160)
(0, -71, 161)
(0, -71, 162)
(1, -72, 162)
(1, -72, 163)
(0, -72, 164)
(1, -73, 163)
(0, -73, 163)
(1, -74, 162)
(0, -74, 163)
(0, -74, 164)
(0, -74, 165)
(1, -74, 165)
(0, -73, 165)
(1, -73, 165)
(0, -72, 166)
(1, -72, 166)
(1, -72, 167)
(0, -72, 168)
(0, -72, 169)
(1, -72, 169)
(0, -71, 170)
(1, -71, 170)
(0, -70, 171)
(1, -70, 171)
(0, -69, 171)
(1, -69, 170)
(0, -68, 171)
(0, -68, 172)
(1, -68, 172)
(0, -67, 173)
(1, -67, 172)
(0, -66, 173)
(1, -66, 172)
(0, -65, 172)
(1, -65, 172)
(0, -64, 173)
(1, -64, 172)
(1, -64, 171)
(0, -63, 171)
(1, -63, 170)
(1, -63, 169)
(0, -62, 169)
(1, -62, 169)
(0, -61, 169)
(0, -61, 168)
(0, -61, 167)
(1, -61, 166)
(1, -61, 165)
(1, -61, 164)
(0, -61, 164)
(1, -62, 163)
(0, -62, 164)
(0, -62, 165)
(0, -62, 166)
(1, -63, 166)
(0, -63, 166)
(1, -64, 166)
(1, -64, 167)
(1, -64, 168)
(0, -64, 169)
(1, -65, 169)
(0, -65, 169)
(1, -66, 169)
(0, -66, 169)
(0, -66, 168)
(0, -66, 167)
(1, -67, 166)
(0, -67, 167)
(1, -68, 166)
(0, -68, 167)
(1, -69, 167)
(0, -69, 167)
(1, -70, 166)
(1, -70, 165)
(1, -70, 164)
(1, -70, 163)
(0, -69, 163)
(1, -69, 162)
(1, -69, 161)
(0, -68, 161)
(0, -68, 160)
(1, -68, 159)
(0, -67, 159)
(0, -67, 158)
(1, -67, 157)
(0, -66, 157)
(1, -66, 157)
(0, -65, 157)
(1, -65, 157)
(1, -65, 158)
(0, -64, 159)
(0, -64, 160)
(0, -64, 161)
(1, -65, 161)
(0, -65, 162)
(0, -65, 163)
(1, -66, 163)
(1, -66, 164)
(0, -65, 165)
(1, -65, 164)
(0, -64, 165)
(1, -64, 164)
(0, -63, 164)
(0, -63, 163)
(1, -63, 162)
(1, -63, 161)
(1, -63, 160)
(1, -63, 159)
(0, -63, 159)
(0, -63, 158)
(1, -63, 157)
(0, -62, 157)
(1, -62, 156)
(1, -62, 155)
(0, -61, 155)
(1, -61, 155)
(0, -60, 155)
(1, -60, 154)
(1, -60, 153)
(1, -60, 152)
(0, -59, 152)
(1, -59, 151)
(0, -58, 151)
(1, -58, 150)
(0, -57, 150)
(1, -57, 150)
(1, -57, 151)
(1, -57, 152)
(0, -56, 153)
(1, -56, 153)
(0, -55, 153)
(1, -55, 153)
(0, -54, 154)
(0, -54, 155)
(0, -54, 156)
(0, -54, 157)
(1, -54, 157)
(1, -54, 158)
(0, -53, 159)
(0, -53, 160)
(1, -54, 160)
(0, -54, 160)
(1, -55, 159)
(0, -55, 159)
(0, -55, 158)
(1, -56, 157)
(0, -56, 157)
(0, -56, 156)
(0, -56, 155)
(1, -57, 154)
(0, -57, 155)
(0, -57, 156)
(0, -57, 157)
(1, -58, 157)
(1, -58, 158)
(0, -57, 159)
(1, -57, 158)
(0, -56, 159)
(0, -56, 160)
(0, -56, 161)
(1, -57, 161)
(0, -57, 161)
(1, -58, 160)
(0, -58, 160)
(1, -59, 160)
(1, -59, 161)
(1, -59, 162)
(1, -59, 163)
(0, -58, 164)
(0, -58, 165)
(1, -58, 165)
(1, -58, 166)
(1, -58, 167)
(0, -57, 168)
(0, -57, 169)
(0, -57, 170)
(1, -57, 170)
(1, -57, 171)
(0, -57, 172)
(0, -57, 173)
(1, -57, 173)
(0, -56, 173)
(1, -56, 172)
(0, -55, 172)
(1, -55, 171)
(1, -55, 170)
(1, -55, 169)
(1, -55, 168)
(1, -55, 167)
(1, -55, 166)
(0, -54, 166)
(0, -54, 165)
(1, -54, 164)
(0, -53, 165)
(0, -53, 166)
(0, -53, 167)
(1, -53, 167)
(1, -53, 168)
(0, -52, 169)
(0, -52, 170)
(1, -52, 170)
(0, -51, 171)
(1, -51, 170)
(0, -50, 171)
(1, -50, 170)
(0, -49, 171)
(0, -49, 172)
(0, -49, 173)
(0, -49, 174)
(0, -49, 175)
(1, -49, 175)
(0, -48, 176)
(0, -48, 177)
(0, -48, 178)
(1, -48, 178)
(0, -47, 178)
(1, -47, 177)
(0, -46, 177)
(0, -46, 176)
(1, -46, 175)
(1, -46, 174)
(1, -46, 173)
(0, -46, 173)
(0, -46, 172)
(1, -46, 171)
(0, -45, 171)
(0, -45, 170)
(1, -45, 169)
(0, -44, 170)
(1, -44, 170)
(0, -43, 170)
(1, -43, 170)
(0, -42, 171)
(0, -42, 172)
(0, -42, 173)
(1, -42, 173)
(1, -42, 174)
(1, -42, 175)
(1, -42, 176)
(0, -41, 177)
(1, -41, 177)
(0, -40, 177)
(0, -40, 176)
(1, -41, 175)
(1, -41, 174)
(0, -40, 174)
(1, -40, 173)
(1, -40, 172)
(0, -40, 172)
(1, -41, 172)
(0, -41, 172)
(0, -41, 171)
(0, -41, 170)
(0, -41, 169)
(0, -41, 168)
(0, -41, 167)
(0, -41, 166)
(1, -42, 165)
(1, -42, 164)
(0, -42, 164)
(1, -43, 163)
(0, -43, 164)
(0, -43, 165)
(1, -43, 165)
(1, -43, 166)
(1, -43, 167)
(0, -43, 168)
(1, -44, 167)
(0, -44, 167)
(1, -45, 166)
(1, -45, 165)
(1, -45, 164)
(1, -45, 163)
(0, -45, 163)
(1, -46, 162)
(0, -46, 162)
(0, -46, 161)
(1, -46, 160)
(0, -45, 161)
(1, -45, 160)
(1, -45, 159)
(0, -44, 159)
(1, -44, 158)
(0, -43, 158)
(1, -43, 157)
(1, -43, 156)
(0, -42, 156)
(1, -42, 156)
(0, -41, 157)
(1, -41, 157)
(1, -41, 158)
(0, -41, 159)
(1, -42, 159)
(1, -42, 160)
(0, -41, 161)
(0, -41, 162)
(1, -41, 162)
(0, -40, 163)
(0, -40, 164)
(0, -40, 165)
(0, -40, 166)
(0, -40, 167)
(1, -40, 167)
(1, -40, 168)
(0, -39, 169)
(1, -39, 168)
(1, -39, 167)
(1, -39, 166)
(0, -38, 166)
(1, -38, 166)
(0, -37, 167)
(1, -37, 166)
(0, -36, 167)
(0, -36, 168)
(0, -36, 169)
(1, -36, 169)
(0, -35, 169)
(1, -35, 169)
(0, -34, 169)
(1, -34, 169)
(1, -34, 170)
(0, -34, 171)
(0, -34, 172)
(1, -34, 172)
(1, -34, 173)
(0, -33, 174)
(1, -33, 174)
(0, -32, 175)
(1, -32, 175)
(0, -31, 176)
(0, -31, 177)
(1, -32, 177)
(0, -32, 178)
(0, -32, 179)
(0, -32, 180)
(1, -32, 180)
(1, -32, 181)
(0, -32, 182)
(1, -33, 181)
(0, -33, 182)
(1, -34, 181)
(0, -34, 182)
(1, -35, 182)
(1, -35, 183)
(0, -35, 184)
(1, -36, 183)
(0, -36, 183)
(1, -37, 182)
(1, -37, 181)
(0, -36, 181)
(1, -36, 181)
(0, -35, 181)
(1, -35, 180)
(0, -34, 180)
(0, -34, 179)
(0, -34, 178)
(1, -35, 177)
(0, -35, 177)
(1, -36, 176)
(1, -36, 175)
(0, -36, 175)
(1, -37, 174)
(1, -37, 173)
(1, -37, 172)
(0, -37, 172)
(0, -37, 171)
(0, -37, 170)
(1, -38, 169)
(0, -38, 170)
(1, -39, 170)
(1, -39, 171)
(1, -39, 172)
(1, -39, 173)
(1, -39, 174)
(1, -39, 175)
(0, -39, 176)
(0, -39, 177)
(1, -39, 177)
(0, -38, 178)
(0, -38, 179)
(1, -38, 179)
(1, -38, 180)
(1, -38, 181)
(0, -38, 182)
(1, -39, 181)
(1, -39, 180)
(0, -39, 180)
(0, -39, 179)
(1, -40, 178)
(0, -40, 179)
(1, -41, 179)
(0, -41, 180)
(0, -41, 181)
(1, -42, 181)
(0, -42, 182)
(1, -43, 181)
(0, -43, 182)
(1, -44, 182)
(0, -44, 182)
(0, -44, 181)
(1, -45, 180)
(0, -45, 180)
(1, -46, 179)
(0, -46, 179)
(1, -47, 179)
(0, -47, 180)
(0, -47, 181)
(1, -48, 181)
(0, -48, 181)
(1, -49, 180)
(0, -49, 180)
(1, -50, 180)
(0, -50, 180)
(1, -51, 179)
(0, -51, 179)
(0, -51, 178)
(1, -51, 177)
(1, -51, 176)
(1, -51, 175)
(0, -50, 175)
(0, -50, 174)
(0, -50, 173)
(1, -51, 172)
(0, -51, 173)
(0, -51, 174)
(1, -52, 174)
(0, -52, 174)
(1, -53, 174)
(0, -53, 175)
(0, -53, 176)
(0, -53, 177)
(1, -54, 177)
(0, -54, 178)
(1, -55, 177)
(1, -55, 176)
(0, -55, 176)
(0, -55, 175)
(1, -56, 174)
(0, -56, 175)
(1, -57, 175)
(0, -57, 175)
(1, -58, 174)
(0, -58, 174)
(1, -59, 173)
(0, -59, 173)
(1, -60, 172)
(1, -60, 171)
(0, -60, 171)
(1, -61, 171)
(1, -61, 172)
(1, -61, 173)
(0, -60, 174)
(0, -60, 175)
(0, -60, 176)
(1, -60, 176)
(1, -60, 177)
(0, -59, 178)
(0, -59, 179)
(1, -59, 179)
(0, -58, 180)
(1, -58, 179)
(0, -57, 180)
(1, -57, 179)
(1, -57, 178)
(0, -56, 178)
(1, -56, 178)
(1, -56, 179)
(0, -55, 180)
(1, -55, 180)
(1, -55, 181)
(0, -55, 182)
(0, -55, 183)
(1, -55, 183)
(0, -54, 184)
(1, -54, 183)
(1, -54, 182)
(1, -54, 181)
(1, -54, 180)
(0, -53, 180)
(1, -53, 180)
(1, -53, 181)
(1, -53, 182)
(0, -52, 183)
(0, -52, 184)
(1, -53, 184)
(1, -53, 185)
(0, -53, 186)
(1, -54, 185)
(0, -54, 186)
(0, -54, 187)
(1, -55, 187)
(0, -55, 188)
(1, -56, 187)
(1, -56, 186)
(1, -56, 185)
(1, -56, 184)
(0, -56, 184)
(0, -56, 183)
(0, -56, 182)
(1, -57, 181)
(0, -57, 182)
(1, -58, 181)
(0, -58, 182)
(1, -59, 182)
(1, -59, 183)
(0, -59, 184)
(0, -59, 185)
(1, -60, 185)
(1, -60, 186)
(1, -60, 187)
(0, -59, 188)
(1, -59, 187)
(1, -59, 186)
(0, -58, 186)
(1, -58, 186)
(0, -57, 186)
(1, -57, 186)
(1, -57, 187)
(0, -57, 188)
(0, -57, 189)
(1, -57, 189)
(0, -56, 190)
(1, -56, 189)
(0, -55, 190)
(1, -55, 190)
(0, -54, 190)
(1, -54, 190)
(1, -54, 191)
(0, -53, 192)
(1, -53, 191)
(0, -52, 192)
(1, -52, 191)
(0, -51, 192)
(1, -51, 192)
(0, -50, 193)
(0, -50, 194)
(1, -51, 194)
(0, -51, 194)
(1, -52, 194)
(0, -52, 195)
(0, -52, 196)
(1, -52, 196)
(0, -51, 196)
(1, -51, 196)
(0, -50, 197)
(1, -50, 197)
(0, -49, 197)
(0, -49, 196)
(0, -49, 195)
(1, -49, 194)
(0, -48, 194)
(1, -48, 193)
(0, -47, 194)
(1, -47, 194)
(1, -47, 195)
(0, -47, 196)
(0, -47, 197)
(0, -47, 198)
(1, -48, 198)
(0, -48, 199)
(1, -49, 198)
(0, -49, 199)
(1, -50, 199)
(0, -50, 199)
(1, -51, 199)
(0, -51, 200)
(1, -52, 199)
(0, -52, 199)
(1, -53, 198)
(1, -53, 197)
(0, -53, 197)
(0, -53, 196)
(1, -54, 195)
(1, -54, 194)
(0, -54, 194)
(0, -54, 193)
(1, -55, 192)
(0, -55, 192)
(1, -56, 192)
(0, -56, 193)
(1, -57, 192)
(0, -57, 193)
(0, -57, 194)
(1, -57, 194)
(1, -57, 195)
(0, -57, 196)
(0, -57, 197)
(1, -57, 197)
(0, -56, 197)
(1, -56, 197)
(1, -56, 198)
(1, -56, 199)
(0, -56, 200)
(1, -57, 199)
(0, -57, 199)
(1, -58, 199)
(0, -58, 199)
(0, -58, 198)
(0, -58, 197)
(0, -58, 196)
(1, -59, 195)
(0, -59, 196)
(0, -59, 197)
(0, -59, 198)
(0, -59, 199)
(1, -60, 199)
(0, -60, 200)
(1, -61, 199)
(0, -61, 200)
(1, -62, 200)
(0, -62, 200)
(1, -63, 200)
(0, -63, 200)
(1, -64, 199)
(0, -64, 200)
(1, -65, 200)
(0, -65, 200)
(0, -65, 199)
(1, -66, 198)
(0, -66, 198)
(1, -67, 198)
(1, -67, 199)
(0, -67, 200)
(1, -68, 199)
(1, -68, 198)
(1, -68, 197)
(0, -67, 197)
(1, -67, 196)
(0, -66, 196)
(1, -66, 195)
(0, -65, 195)
(1, -65, 194)
(1, -65, 193)
(1, -65, 192)
(1, -65, 191)
(0, -65, 191)
(1, -66, 191)
(0, -66, 192)
(1, -67, 191)
(1, -67, 190)
(0, -67, 190)
(0, -67, 189)
(1, -68, 188)
(1, -68, 187)
(1, -68, 186)
(0, -68, 186)
(1, -69, 185)
(0, -69, 185)
(1, -70, 185)
(1, -70, 186)
(1, -70, 187)
(1, -70, 188)
(1, -70, 189)
(1, -70, 190)
(1, -70, 191)
(1, -70, 192)
(0, -69, 193)
(1, -69, 192)
(0, -68, 193)
(0, -68, 194)
(1, -68, 194)
(1, -68, 195)
(0, -68, 196)
(1, -69, 196)
(0, -69, 196)
(1, -70, 195)
(0, -70, 195)
(1, -71, 194)
(0, -71, 195)
(0, -71, 196)
(0, -71, 197)
(1, -71, 197)
(1, -71, 198)
(1, -71, 199)
(0, -71, 200)
(1, -72, 200)
(0, -72, 200)
(0, -72, 199)
(0, -72, 198)
(0, -72, 197)
(1, -73, 196)
(1, -73, 195)
(1, -73, 194)
(0, -72, 194)
(1, -72, 193)
(0, -71, 193)
(0, -71, 192)
(1, -71, 191)
(1, -71, 190)
(1, -71, 189)
(1, -71, 188)
(1, -71, 187)
(1, -71, 186)
(1, -71, 185)
(1, -71, 184)
(1, -71, 183)
(1, -71, 182)
(1, -71, 181)
(1, -71, 180)
(0, -71, 180)
(1, -72, 179)
(0, -72, 179)
(1, -73, 178)
(0, -73, 179)
(1, -74, 179)
(0, -74, 180)
(1, -75, 179)
(1, -75, 178)
(0, -75, 178)
(1, -76, 177)
(1, -76, 176)
(0, -75, 176)
(1, -75, 176)
(0, -74, 176)
(0, -74, 175)
(1, -75, 174)
(1, -75, 173)
(0, -75, 173)
(0, -75, 172)
(1, -76, 171)
(1, -76, 170)
(1, -76, 169)
(0, -75, 169)
(0, -75, 168)
(1, -76, 167)
(0, -76, 168)
(1, -77, 168)
(1, -77, 169)
(1, -77, 170)
(1, -77, 171)
(1, -77, 172)
(1, -77, 173)
(0, -77, 174)
(0, -77, 175)
(1, -78, 175)
(1, -78, 176)
(1, -78, 177)
(0, -78, 178)
(1, -79, 177)
(0, -79, 178)
(0, -79, 179)
(1, -79, 179)
(0, -78, 180)
(0, -78, 181)
(1, -79, 181)
(0, -79, 182)
(1, -80, 182)
(0, -80, 182)
(1, -81, 182)
(0, -81, 183)
(1, -82, 182)
(1, -82, 181)
(1, -82, 180)
(1, -82, 179)
(0, -81, 179)
(0, -81, 178)
(1, -82, 177)
(1, -82, 176)
(0, -81, 176)
(1, -81, 175)
(0, -80, 175)
(1, -80, 175)
(0, -79, 175)
(0, -79, 174)
(0, -79, 173)
(1, -79, 172)
(0, -78, 172)
(0, -78, 171)
(0, -78, 170)
(1, -79, 169)
(0, -79, 170)
(0, -79, 171)
(1, -80, 171)
(0, -80, 171)
(1, -81, 170)
(1, -81, 169)
(1, -81, 168)
(0, -80, 168)
(1, -80, 168)
(0, -79, 168)
(1, -79, 167)
(0, -78, 167)
(1, -78, 166)
(1, -78, 165)
(0, -78, 165)
(1, -79, 165)
(0, -79, 166)
(1, -80, 166)
(0, -80, 166)
(1, -81, 165)
(1, -81, 164)
(1, -81, 163)
(1, -81, 162)
(1, -81, 161)
(0, -80, 161)
(1, -80, 161)
(0, -79, 162)
(0, -79, 163)
(1, -79, 163)
(0, -78, 163)
(1, -78, 162)
(1, -78, 161)
(0, -77, 161)
(1, -77, 161)
(0, -76, 161)
(1, -76, 160)
(1, -76, 159)
(0, -76, 159)
(1, -77, 158)
(0, -77, 159)
(1, -78, 158)
(0, -78, 159)
(1, -79, 158)
(0, -79, 159)
(1, -80, 158)
(0, -80, 159)
(1, -81, 159)
(0, -81, 160)
(1, -82, 160)
(1, -82, 161)
(1, -82, 162)
(1, -82, 163)
(0, -82, 164)
(1, -83, 164)
(1, -83, 165)
(1, -83, 166)
(0, -83, 167)
(0, -83, 168)
(1, -83, 168)
(0, -82, 169)
(0, -82, 170)
(1, -82, 170)
(1, -82, 171)
(0, -82, 172)
(0, -82, 173)
(0, -82, 174)
(1, -83, 174)
(0, -83, 175)
(1, -84, 174)
(0, -84, 174)
(1, -85, 174)
(0, -85, 175)
(1, -86, 175)
(0, -86, 175)
(0, -86, 174)
(1, -86, 173)
(0, -85, 173)
(0, -85, 172)
(1, -85, 171)
(1, -85, 170)
(0, -85, 170)
(1, -86, 169)
(1, -86, 168)
(0, -85, 168)
(1, -85, 168)
(0, -84, 168)
(0, -84, 167)
(1, -85, 166)
(0, -85, 166)
(1, -86, 165)
(0, -86, 166)
(1, -87, 165)
(1, -87, 164)
(0, -86, 164)
(1, -86, 163)
(1, -86, 162)
(1, -86, 161)
(0, -85, 161)
(1, -85, 161)
(1, -85, 162)
(1, -85, 163)
(0, -84, 164)
(1, -84, 163)
(0, -83, 163)
(0, -83, 162)
(1, -83, 161)
(1, -83, 160)
(1, -83, 159)
(1, -83, 158)
(0, -83, 158)
(0, -83, 157)
(1, -84, 156)
(1, -84, 155)
(0, -84, 155)
(1, -85, 155)
(0, -85, 156)
(0, -85, 157)
(1, -86, 157)
(0, -86, 157)
(1, -87, 156)
(0, -87, 157)
(1, -88, 156)
(1, -88, 155)
(0, -87, 155)
(1, -87, 154)
(0, -86, 155)
(1, -86, 154)
(1, -86, 153)
(1, -86, 152)
(1, -86, 151)
(1, -86, 150)
(0, -86, 150)
(1, -87, 150)
(1, -87, 151)
(0, -87, 152)
(1, -88, 152)
(1, -88, 153)
(0, -88, 154)
(1, -89, 153)
(1, -89, 152)
(1, -89, 151)
(0, -88, 151)
(0, -88, 150)
(0, -88, 149)
(0, -88, 148)
(1, -89, 147)
(0, -89, 148)
(1, -90, 147)
(1, -90, 146)
(1, -90, 145)
(0, -90, 145)
(1, -91, 145)
(0, -91, 146)
(1, -92, 146)
(0, -92, 147)
(1, -93, 147)
(1, -93, 148)
(0, -93, 149)
(1, -94, 149)
(0, -94, 150)
(0, -94, 151)
(1, -94, 151)
(1, -94, 152)
(1, -94, 153)
(0, -93, 154)
(1, -93, 154)
(0, -92, 154)
(0, -92, 153)
(1, -92, 152)
(0, -91, 152)
(1, -91, 151)
(0, -90, 151)
(1, -90, 151)
(1, -90, 152)
(0, -90, 153)
(0, -90, 154)
(0, -90, 155)
(1, -90, 155)
(0, -89, 155)
(1, -89, 155)
(1, -89, 156)
(0, -89, 157)
(1, -90, 157)
(0, -90, 158)
(1, -91, 158)
(0, -91, 159)
(1, -92, 158)
(1, -92, 157)
(0, -92, 157)
(1, -93, 157)
(1, -93, 158)
(0, -93, 159)
(0, -93, 160)
(1, -94, 160)
(1, -94, 161)
(0, -93, 162)
(0, -93, 163)
(1, -93, 163)
(0, -92, 164)
(1, -92, 164)
(1, -92, 165)
(0, -91, 166)
(1, -91, 166)
(0, -90, 167)
(1, -90, 166)
(0, -89, 167)
(1, -89, 166)
(0, -88, 167)
(1, -88, 166)
(0, -87, 167)
(0, -87, 168)
(1, -87, 168)
(1, -87, 169)
(0, -87, 170)
(1, -88, 169)
(0, -88, 169)
(1, -89, 168)
(0, -89, 169)
(1, -90, 169)
(0, -90, 170)
(1, -91, 169)
(0, -91, 170)
(1, -92, 169)
(0, -92, 169)
(1, -93, 168)
(1, -93, 167)
(1, -93, 166)
(1, -93, 165)
(0, -93, 165)
(1, -94, 164)
(0, -94, 164)
(0, -94, 163)
(1, -95, 162)
(0, -95, 162)
(0, -95, 161)
(1, -96, 160)
(0, -96, 160)
(1, -97, 160)
(1, -97, 161)
(0, -96, 162)
(0, -96, 163)
(1, -96, 163)
(0, -95, 164)
(0, -95, 165)
(1, -95, 165)
(0, -94, 166)
(0, -94, 167)
(1, -95, 167)
(1, -95, 168)
(0, -94, 169)
(1, -94, 169)
(1, -94, 170)
(0, -94, 171)
(1, -95, 171)
(0, -95, 171)
(1, -96, 170)
(0, -96, 170)
(1, -97, 169)
(1, -97, 168)
(0, -97, 168)
(1, -98, 168)
(0, -98, 168)
(1, -99, 168)
(0, -99, 169)
(1, -100, 168)
(1, -100, 167)
(1, -100, 166)
(1, -100, 165)
(0, -99, 165)
(0, -99, 164)
(0, -99, 163)
(1, -99, 162)
(0, -98, 162)
(1, -98, 161)
(1, -98, 160)
(0, -98, 160)
(1, -99, 160)
(0, -99, 160)
(0, -99, 159)
(1, -99, 158)
(1, -99, 157)
(0, -99, 157)
(1, -100, 156)
(1, -100, 155)
(0, -99, 155)
(0, -99, 154)
(1, -100, 153)
(0, -100, 153)
(0, -100, 152)
(1, -100, 151)
(1, -100, 150)
(0, -99, 150)
(1, -99, 149)
(1, -99, 148)
(0, -98, 148)
(0, -98, 147)
(1, -98, 146)
(0, -97, 146)
(1, -97, 146)
(0, -96, 146)
(0, -96, 145)
(0, -96, 144)
(1, -96, 143)
(1, -96, 142)
(0, -96, 142)
(1, -97, 142)
(0, -97, 142)
(1, -98, 141)
(0, -98, 142)
(1, -99, 141)
(1, -99, 140)
(0, -98, 140)
(0, -98, 139)
(0, -98, 138)
(1, -99, 137)
(1, -99, 136)
(1, -99, 135)
(1, -99, 134)
(0, -99, 134)
(0, -99, 133)
(1, -99, 132)
(1, -99, 131)
(1, -99, 130)
(0, -98, 130)
(0, -98, 129)
(1, -99, 128)
(0, -99, 129)
(1, -100, 129)
(0, -100, 129)
(0, -100, 128)
(0, -100, 127)
(1, -100, 126)
(1, -100, 125)
(0, -100, 125)
(0, -100, 124)
(0, -100, 123)
(1, -100, 122)
(1, -100, 121)
(0, -100, 121)
(0, -100, 120)
(0, -100, 119)
(0, -100, 118)
(1, -100, 117)
(0, -99, 117)
(1, -99, 116)
(1, -99, 115)
(0, -98, 115)
(0, -98, 114)
(1, -99, 113)
(1, -99, 112)
(0, -98, 112)
(1, -98, 112)
(0, -97, 113)
(0, -97, 114)
(0, -97, 115)
(0, -97, 116)
(1, -97, 116)
(1, -97, 117)
(0, -97, 118)
(0, -97, 119)
(1, -97, 119)
(0, -96, 120)
(0, -96, 121)
(0, -96, 122)
(1, -96, 122)
(1, -96, 123)
(0, -95, 124)
(1, -95, 124)
(0, -94, 124)
(1, -94, 123)
(0, -93, 123)
(0, -93, 122)
(1, -93, 121)
(1, -93, 120)
(0, -93, 120)
(1, -94, 120)
(0, -94, 121)
(1, -95, 121)
(0, -95, 121)
(0, -95, 120)
(1, -95, 119)
(1, -95, 118)
(0, -95, 118)
(0, -95, 117)
(1, -96, 116)
(1, -96, 115)
(1, -96, 114)
(0, -96, 114)
(0, -96, 113)
(0, -96, 112)
(0, -96, 111)
(1, -96, 110)
(0, -95, 111)
(1, -95, 110)
(0, -94, 111)
(1, -94, 110)
(1, -94, 109)
(0, -94, 109)
(0, -94, 108)
(1, -95, 107)
(0, -95, 107)
(1, -96, 107)
(0, -96, 108)
(0, -96, 109)
(1, -97, 109)
(0, -97, 109)
(0, -97, 108)
(0, -97, 107)
(0, -97, 106)
(1, -97, 105)
(0, -96, 105)
(1, -96, 105)
(0, -95, 105)
(0, -95, 104)
(1, -96, 103)
(0, -96, 103)
(1, -97, 103)
(0, -97, 104)
(1, -98, 104)
(0, -98, 105)
(1, -99, 105)
(0, -99, 106)
(1, -100, 106)
(0, -100, 106)
(0, -100, 105)
(0, -100, 104)
(0, -100, 103)
(0, -100, 102)
(1, -100, 101)
(0, -99, 102)
(1, -99, 101)
(0, -98, 102)
(1, -98, 102)
(0, -97, 102)
(1, -97, 101)
(1, -97, 100)
(0, -96, 100)
(1, -96, 100)
(0, -95, 101)
(0, -95, 102)
(1, -95, 102)
(0, -94, 102)
(0, -94, 101)
(1, -94, 100)
(0, -93, 101)
(1, -93, 101)
(0, -92, 102)
(1, -92, 101)
(1, -92, 100)
(1, -92, 99)
(1, -92, 98)
(0, -92, 98)
(0, -92, 97)
(1, -93, 96)
(0, -93, 96)
(1, -94, 95)
(0, -94, 95)
(0, -94, 94)
(0, -94, 93)
(1, -94, 92)
(0, -93, 93)
(0, -93, 94)
(1, -93, 94)
(0, -92, 95)
(1, -92, 94)
(0, -91, 95)
(1, -91, 94)
(1, -91, 93)
(0, -91, 93)
(0, -91, 92)
(1, -92, 91)
(0, -92, 92)
(1, -93, 91)
(1, -93, 90)
(1, -93, 89)
(0, -93, 89)
(1, -94, 89)
(1, -94, 90)
(0, -94, 91)
(1, -95, 91)
(0, -95, 91)
(1, -96, 90)
(0, -96, 91)
(0, -96, 92)
(1, -96, 92)
(1, -96, 93)
(0, -96, 94)
(0, -96, 95)
(0, -96, 96)
(0, -96, 97)
(1, -97, 97)
(0, -97, 98)
(1, -98, 97)
(1, -98, 96)
(0, -97, 96)
(0, -97, 95)
(0, -97, 94)
(0, -97, 93)
(0, -97, 92)
(0, -97, 91)
(1, -98, 90)
(1, -98, 89)
(0, -98, 89)
(0, -98, 88)
(1, -98, 87)
(0, -97, 88)
(1, -97, 88)
(0, -96, 88)
(1, -96, 87)
(0, -95, 88)
(1, -95, 87)
(0, -94, 87)
(1, -94, 86)
(0, -93, 87)
(1, -93, 86)
(1, -93, 85)
(0, -92, 85)
(0, -92, 84)
(1, -92, 83)
(0, -91, 83)
(0, -91, 82)
(1, -92, 81)
(1, -92, 80)
(0, -91, 80)
(1, -91, 79)
(0, -90, 79)
(0, -90, 78)
(1, -91, 77)
(1, -91, 76)
(0, -91, 76)
(0, -91, 75)
(0, -91, 74)
(0, -91, 73)
(1, -91, 72)
(0, -90, 72)
(1, -90, 71)
(0, -89, 72)
(1, -89, 72)
(0, -88, 73)
(1, -88, 73)
(0, -87, 73)
(1, -87, 72)
(0, -86, 72)
(0, -86, 71)
(1, -87, 70)
(0, -87, 71)
(1, -88, 70)
(1, -88, 69)
(0, -87, 69)
(0, -87, 68)
(0, -87, 67)
(1, -87, 66)
(0, -86, 66)
(0, -86, 65)
(0, -86, 64)
(0, -86, 63)
(1, -87, 62)
(0, -87, 63)
(0, -87, 64)
(1, -88, 64)
(1, -88, 65)
(0, -88, 66)
(0, -88, 67)
(0, -88, 68)
(1, -89, 68)
(0, -89, 68)
(1, -90, 67)
(0, -90, 67)
(1, -91, 66)
(0, -91, 67)
(1, -92, 67)
(0, -92, 67)
(1, -93, 67)
(0, -93, 68)
(1, -94, 68)
(1, -94, 69)
(0, -93, 70)
(1, -93, 69)
(0, -92, 70)
(1, -92, 70)
(1, -92, 71)
(0, -92, 72)
(1, -93, 72)
(0, -93, 73)
(1, -94, 73)
(0, -94, 74)
(1, -95, 73)
(0, -95, 73)
(1, -96, 73)
(0, -96, 73)
(1, -97, 72)
(1, -97, 71)
(0, -96, 71)
(1, -96, 71)
(0, -95, 71)
(0, -95, 70)
(1, -95, 69)
(1, -95, 68)
(0, -95, 68)
(1, -96, 67)
(0, -96, 67)
(1, -97, 67)
(1, -97, 68)
(0, -97, 69)
(1, -98, 69)
(0, -98, 69)
(1, -99, 68)
(0, -99, 68)
(0, -99, 67)
(0, -99, 66)
(1, -99, 65)
(0, -98, 65)
(0, -98, 64)
(1, -99, 63)
(0, -99, 63)
(1, -100, 63)
(0, -100, 63)
(0, -100, 62)
(1, -100, 61)
(0, -99, 61)
(0, -99, 60)
(0, -99, 59)
(1, -100, 58)
(1, -100, 57)
(1, -100, 56)
(1, -100, 55)
(0, -100, 55)
(0, -100, 54)
(0, -100, 53)
(0, -100, 52)
(1, -100, 51)
(0, -99, 51)
(1, -99, 50)
(1, -99, 49)
(1, -99, 48)
(0, -98, 48)
(1, -98, 47)
(1, -98, 46)
(0, -97, 46)
(0, -97, 45)
(1, -98, 44)
(0, -98, 44)
(1, -99, 43)
(0, -99, 44)
(1, -100, 43)
(1, -100, 42)
(1, -100, 41)
(0, -100, 41)
(0, -100, 40)
(1, -100, 39)
(0, -99, 40)
(1, -99, 40)
(0, -98, 41)
(1, -98, 40)
(0, -97, 40)
(1, -97, 40)
(1, -97, 41)
(0, -96, 42)
(1, -96, 41)
(0, -95, 42)
(0, -95, 43)
(1, -96, 43)
(0, -96, 44)
(0, -96, 45)
(1, -96, 45)
(1, -96, 46)
(1, -96, 47)
(1, -96, 48)
(1, -96, 49)
(0, -96, 50)
(1, -97, 50)
(1, -97, 51)
(0, -96, 52)
(1, -96, 52)
(0, -95, 52)
(0, -95, 51)
(1, -95, 50)
(0, -94, 50)
(0, -94, 49)
(1, -95, 48)
(1, -95, 47)
(0, -94, 47)
(0, -94, 46)
(1, -95, 45)
(1, -95, 44)
(0, -94, 44)
(0, -94, 43)
(0, -94, 42)
(0, -94, 41)
(0, -94, 40)
(1, -95, 39)
(0, -95, 39)
(0, -95, 38)
(1, -96, 37)
(0, -96, 38)
(1, -97, 37)
(0, -97, 38)
(1, -98, 38)
(0, -98, 39)
(1, -99, 38)
(0, -99, 38)
(0, -99, 37)
(1, -100, 36)
(0, -100, 36)
(0, -100, 35)
(0, -100, 34)
(0, -100, 33)
(0, -100, 32)
(1, -100, 31)
(0, -99, 31)
(1, -99, 31)
(0, -98, 31)
(1, -98, 30)
(1, -98, 29)
(0, -98, 29)
(0, -98, 28)
(0, -98, 27)
(1, -98, 26)
(0, -97, 27)
(0, -97, 28)
(1, -97, 28)
(0, -96, 28)
(1, -96, 28)
(1, -96, 29)
(0, -96, 30)
(1, -97, 30)
(1, -97, 31)
(0, -97, 32)
(1, -98, 32)
(1, -98, 33)
(0, -97, 34)
(0, -97, 35)
(1, -97, 35)
(0, -96, 35)
(1, -96, 34)
(0, -95, 34)
(1, -95, 34)
(1, -95, 35)
(0, -94, 36)
(1, -94, 36)
(1, -94, 37)
(0, -93, 38)
(0, -93, 39)
(1, -93, 39)
(1, -93, 40)
(1, -93, 41)
(1, -93, 42)
(0, -92, 43)
(0, -92, 44)
(1, -92, 44)
(0, -91, 45)
(0, -91, 46)
(0, -91, 47)
(0, -91, 48)
(1, -92, 48)
(0, -92, 48)
(1, -93, 48)
(1, -93, 49)
(0, -93, 50)
(0, -93, 51)
(1, -94, 51)
(1, -94, 52)
(0, -94, 53)
(1, -95, 53)
(1, -95, 54)
(1, -95, 55)
(0, -94, 56)
(1, -94, 56)
(0, -93, 57)
(0, -93, 58)
(0, -93, 59)
(0, -93, 60)
(0, -93, 61)
(0, -93, 62)
(1, -94, 62)
(1, -94, 63)
(0, -94, 64)
(1, -95, 64)
(0, -95, 65)
(0, -95, 66)
(1, -95, 66)
(0, -94, 67)
(1, -94, 66)
(1, -94, 65)
(0, -93, 65)
(1, -93, 64)
(0, -92, 65)
(1, -92, 64)
(1, -92, 63)
(1, -92, 62)
(0, -92, 62)
(0, -92, 61)
(0, -92, 60)
(1, -92, 59)
(0, -91, 60)
(0, -91, 61)
(1, -91, 61)
(0, -90, 62)
(1, -90, 62)
(0, -89, 62)
(0, -89, 61)
(1, -90, 60)
(1, -90, 59)
(0, -89, 59)
(1, -89, 59)
(0, -88, 60)
(1, -88, 59)
(1, -88, 58)
(0, -88, 58)
(0, -88, 57)
(1, -88, 56)
(1, -88, 55)
(0, -88, 55)
(0, -88, 54)
(1, -89, 53)
(0, -89, 54)
(0, -89, 55)
(1, -90, 55)
(1, -90, 56)
(1, -90, 57)
(0, -90, 58)
(1, -91, 58)
(0, -91, 58)
(0, -91, 57)
(1, -92, 56)
(1, -92, 55)
(0, -92, 55)
(1, -93, 54)
(1, -93, 53)
(1, -93, 52)
(0, -92, 52)
(1, -92, 51)
(0, -91, 52)
(1, -91, 51)
(0, -90, 51)
(1, -90, 51)
(0, -89, 52)
(1, -89, 51)
(0, -88, 52)
(1, -88, 52)
(0, -87, 52)
(0, -87, 51)
(1, -87, 50)
(1, -87, 49)
(0, -87, 49)
(1, -88, 48)
(1, -88, 47)
(0, -88, 47)
(1, -89, 46)
(1, -89, 45)
(0, -89, 45)
(1, -90, 44)
(0, -90, 44)
(0, -90, 43)
(1, -90, 42)
(0, -89, 42)
(1, -89, 41)
(0, -88, 41)
(0, -88, 40)
(0, -88, 39)
(1, -89, 38)
(0, -89, 39)
(0, -89, 40)
(1, -90, 40)
(0, -90, 40)
(1, -91, 39)
(1, -91, 38)
(0, -91, 38)
(1, -92, 38)
(0, -92, 38)
(0, -92, 37)
(1, -93, 36)
(1, -93, 35)
(0, -93, 35)
(1, -94, 34)
(1, -94, 33)
(0, -94, 33)
(0, -94, 32)
(1, -95, 31)
(1, -95, 30)
(0, -94, 30)
(1, -94, 30)
(0, -93, 30)
(0, -93, 29)
(0, -93, 28)
(0, -93, 27)
(1, -94, 26)
(0, -94, 27)
(1, -95, 26)
(0, -95, 26)
(0, -95, 25)
(1, -95, 24)
(1, -95, 23)
(0, -95, 23)
(0, -95, 22)
(1, -95, 21)
(0, -94, 21)
(1, -94, 21)
(1, -94, 22)
(0, -93, 23)
(1, -93, 23)
(0, -92, 23)
(1, -92, 22)
(0, -91, 22)
(1, -91, 22)
(0, -90, 23)
(1, -90, 23)
(1, -90, 24)
(0, -90, 25)
(0, -90, 26)
(1, -91, 26)
(0, -91, 27)
(0, -91, 28)
(1, -91, 28)
(0, -90, 29)
(0, -90, 30)
(1, -90, 30)
(0, -89, 30)
(1, -89, 29)
(0, -88, 29)
(0, -88, 28)
(1, -89, 27)
(1, -89, 26)
(0, -88, 26)
(1, -88, 26)
(0, -87, 27)
(0, -87, 28)
(0, -87, 29)
(1, -87, 29)
(0, -86, 30)
(1, -86, 30)
(0, -85, 31)
(0, -85, 32)
(1, -85, 32)
(0, -84, 32)
(0, -84, 31)
(1, -84, 30)
(1, -84, 29)
(0, -84, 29)
(0, -84, 28)
(0, -84, 27)
(0, -84, 26)
(1, -84, 25)
(1, -84, 24)
(0, -84, 24)
(1, -85, 24)
(0, -85, 24)
(0, -85, 23)
(1, -85, 22)
(1, -85, 21)
(1, -85, 20)
(0, -84, 20)
(0, -84, 19)
(1, -84, 18)
(0, -83, 19)
(1, -83, 18)
(0, -82, 19)
(1, -82, 19)
(0, -81, 20)
(1, -81, 19)
(0, -80, 19)
(1, -80, 18)
(0, -79, 19)
(1, -79, 19)
(1, -79, 20)
(0, -79, 21)
(1, -80, 21)
(1, -80, 22)
(1, -80, 23)
(0, -79, 24)
(1, -79, 23)
(0, -78, 23)
(1, -78, 22)
(1, -78, 21)
(0, -77, 21)
(1, -77, 20)
(1, -77, 19)
(0, -76, 19)
(1, -76, 18)
(0, -75, 19)
(0, -75, 20)
(1, -75, 20)
(0, -74, 20)
(0, -74, 19)
(1, -74, 18)
(1, -74, 17)
(0, -73, 17)
(1, -73, 17)
(0, -72, 18)
(0, -72, 19)
(1, -73, 19)
(1, -73, 20)
(0, -73, 21)
(1, -74, 21)
(1, -74, 22)
(1, -74, 23)
(1, -74, 24)
(0, -74, 25)
(0, -74, 26)
(1, -74, 26)
(0, -73, 27)
(1, -73, 26)
(0, -72, 27)
(0, -72, 28)
(1, -72, 28)
(0, -71, 29)
(1, -71, 28)
(1, -71, 27)
(0, -70, 27)
(1, -70, 27)
(0, -69, 28)
(1, -69, 27)
(0, -68, 27)
(1, -68, 26)
(1, -68, 25)
(1, -68, 24)
(0, -68, 24)
(1, -69, 24)
(0, -69, 24)
(1, -70, 23)
(1, -70, 22)
(1, -70, 21)
(1, -70, 20)
(1, -70, 19)
(0, -69, 19)
(0, -69, 18)
(1, -69, 17)
(1, -69, 16)
(0, -68, 16)
(0, -68, 15)
(1, -68, 14)
(0, -67, 15)
(1, -67, 15)
(1, -67, 16)
(1, -67, 17)
(0, -67, 18)
(0, -67, 19)
(0, -67, 20)
(0, -67, 21)
(1, -67, 21)
(0, -66, 22)
(1, -66, 21)
(0, -65, 22)
(0, -65, 23)
(1, -65, 23)
(0, -64, 24)
(1, -64, 24)
(1, -64, 25)
(1, -64, 26)
(0, -63, 27)
(1, -63, 27)
(0, -62, 27)
(0, -62, 26)
(0, -62, 25)
(1, -63, 24)
(1, -63, 23)
(0, -63, 23)
(0, -63, 22)
(1, -64, 21)
(1, -64, 20)
(0, -64, 20)
(0, -64, 19)
(1, -64, 18)
(0, -63, 19)
(1, -63, 18)
(1, -63, 17)
(0, -62, 17)
(1, -62, 17)
(0, -61, 17)
(1, -61, 16)
(1, -61, 15)
(0, -61, 15)
(1, -62, 15)
(0, -62, 15)
(1, -63, 14)
(0, -63, 15)
(1, -64, 14)
(1, -64, 13)
(1, -64, 12)
(0, -64, 12)
(0, -64, 11)
(0, -64, 10)
(1, -64, 9)
(1, -64, 8)
(0, -64, 8)
(0, -64, 7)
(0, -64, 6)
(1, -65, 5)
(1, -65, 4)
(0, -64, 4)
(0, -64, 3)
(0, -64, 2)
(0, -64, 1)
(1, -64, 0)
(1, -64, -1)
(0, -64, -1)
(1, -65, -2)
(1, -65, -3)
(0, -64, -3)
(1, -64, -3)
(0, -63, -2)
(1, -63, -2)
(1, -63, -1)
(1, -63, 0)
(0, -62, 1)
(0, -62, 2)
(1, -62, 2)
(0, -61, 3)
(1, -61, 3)
(1, -61, 4)
(0, -61, 5)
(1, -62, 4)
(0, -62, 4)
(1, -63, 4)
(0, -63, 5)
(0, -63, 6)
(1, -63, 6)
(0, -62, 6)
(1, -62, 6)
(0, -61, 7)
(0, -61, 8)
(1, -61, 8)
(0, -60, 8)
(1, -60, 8)
(1, -60, 9)
(0, -60, 10)
(0, -60, 11)
(0, -60, 12)
(1, -60, 12)
(1, -60, 13)
(0, -59, 14)
(0, -59, 15)
(0, -59, 16)
(1, -60, 16)
(1, -60, 17)
(0, -59, 18)
(1, -59, 18)
(0, -58, 18)
(1, -58, 17)
(1, -58, 16)
(1, -58, 15)
(0, -58, 15)
(0, -58, 14)
(1, -58, 13)
(1, -58, 12)
(0, -58, 12)
(1, -59, 11)
(1, -59, 10)
(1, -59, 9)
(1, -59, 8)
(1, -59, 7)
(0, -58, 7)
(0, -58, 6)
(0, -58, 5)
(0, -58, 4)
(0, -58, 3)
(1, -59, 2)
(0, -59, 2)
(1, -60, 2)
(0, -60, 2)
(1, -61, 1)
(1, -61, 0)
(0, -60, 0)
(0, -60, -1)
(0, -60, -2)
(1, -61, -3)
(0, -61, -3)
(1, -62, -4)
(0, -62, -4)
(1, -63, -5)
(1, -63, -6)
(0, -63, -6)
(1, -64, -7)
(1, -64, -8)
(1, -64, -9)
(1, -64, -10)
(0, -63, -10)
(1, -63, -10)
(1, -63, -9)
(1, -63, -8)
(0, -62, -7)
(1, -62, -8)
(1, -62, -9)
(0, -61, -9)
(1, -61, -9)
(0, -60, -9)
(1, -60, -9)
(0, -59, -8)
(1, -59, -9)
(1, -59, -10)
(1, -59, -11)
(0, -59, -11)
(1, -60, -11)
(0, -60, -11)
(1, -61, -11)
(0, -61, -11)
(1, -62, -12)
(1, -62, -13)
(0, -62, -13)
(0, -62, -14)
(1, -63, -15)
(0, -63, -14)
(1, -64, -14)
(1, -64, -13)
(0, -64, -12)
(1, -65, -13)
(0, -65, -12)
(0, -65, -11)
(0, -65, -10)
(1, -66, -10)
(1, -66, -9)
(1, -66, -8)
(1, -66, -7)
(0, -66, -6)
(0, -66, -5)
(0, -66, -4)
(0, -66, -3)
(1, -67, -3)
(1, -67, -2)
(0, -67, -1)
(1, -68, -2)
(0, -68, -1)
(1, -69, -1)
(0, -69, 0)
(1, -70, 0)
(0, -70, 1)
(1, -71, 0)
(1, -71, -1)
(0, -71, -1)
(1, -72, -1)
(0, -72, -1)
(1, -73, -1)
(0, -73, -1)
(1, -74, -1)
(0, -74, 0)
(1, -75, 0)
(1, -75, 1)
(0, -75, 2)
(0, -75, 3)
(1, -75, 3)
(0, -74, 3)
(1, -74, 3)
(0, -73, 4)
(1, -73, 3)
(1, -73, 2)
(0, -72, 2)
(1, -72, 2)
(0, -71, 2)
(1, -71, 2)
(0, -70, 3)
(1, -70, 2)
(0, -69, 3)
(1, -69, 2)
(0, -68, 2)
(1, -68, 1)
(0, -67, 2)
(0, -67, 3)
(0, -67, 4)
(1, -68, 4)
(0, -68, 5)
(1, -69, 4)
(0, -69, 5)
(1, -70, 4)
(0, -70, 5)
(1, -71, 4)
(0, -71, 5)
(1, -72, 4)
(0, -72, 5)
(0, -72, 6)
(1, -73, 6)
(0, -73, 6)
(1, -74, 6)
(0, -74, 7)
(0, -74, 8)
(1, -74, 8)
(1, -74, 9)
(0, -74, 10)
(1, -75, 10)
(0, -75, 10)
(1, -76, 10)
(0, -76, 10)
(1, -77, 9)
(1, -77, 8)
(0, -77, 8)
(0, -77, 7)
(1, -78, 6)
(0, -78, 7)
(1, -79, 7)
(0, -79, 8)
(0, -79, 9)
(1, -79, 9)
(0, -78, 10)
(0, -78, 11)
(1, -78, 11)
(1, -78, 12)
(0, -77, 13)
(1, -77, 12)
(0, -76, 12)
(1, -76, 12)
(0, -75, 13)
(1, -75, 12)
(0, -74, 12)
(1, -74, 11)
(0, -73, 12)
(1, -73, 12)
(0, -72, 13)
(1, -72, 12)
(0, -71, 12)
(1, -71, 12)
(1, -71, 13)
(0, -71, 14)
(0, -71, 15)
(1, -72, 15)
(0, -72, 15)
(1, -73, 15)
(0, -73, 15)
(0, -73, 14)
(1, -74, 13)
(0, -74, 14)
(1, -75, 14)
(1, -75, 15)
(0, -75, 16)
(1, -76, 15)
(1, -76, 14)
(0, -76, 14)
(1, -77, 14)
(0, -77, 15)
(0, -77, 16)
(0, -77, 17)
(1, -78, 17)
(0, -78, 17)
(1, -79, 17)
(0, -79, 17)
(0, -79, 16)
(1, -80, 15)
(0, -80, 15)
(0, -80, 14)
(1, -81, 13)
(1, -81, 12)
(1, -81, 11)
(0, -81, 11)
(1, -82, 11)
(1, -82, 12)
(0, -82, 13)
(0, -82, 14)
(1, -82, 14)
(0, -81, 15)
(0, -81, 16)
(1, -82, 16)
(0, -82, 17)
(1, -83, 16)
(0, -83, 16)
(0, -83, 15)
(0, -83, 14)
(0, -83, 13)
(0, -83, 12)
(1, -84, 11)
(0, -84, 11)
(0, -84, 10)
(1, -85, 9)
(1, -85, 8)
(0, -84, 8)
(1, -84, 7)
(1, -84, 6)
(0, -83, 6)
(1, -83, 6)
(1, -83, 7)
(1, -83, 8)
(0, -82, 9)
(1, -82, 8)
(0, -81, 8)
(0, -81, 7)
(1, -82, 6)
(1, -82, 5)
(0, -81, 5)
(1, -81, 5)
(0, -80, 5)
(1, -80, 4)
(0, -79, 4)
(0, -79, 3)
(1, -80, 2)
(0, -80, 3)
(1, -81, 2)
(0, -81, 3)
(1, -82, 2)
(1, -82, 1)
(1, -82, 0)
(0, -82, 0)
(1, -83, 0)
(1, -83, 1)
(0, -83, 2)
(1, -84, 1)
(0, -84, 2)
(0, -84, 3)
(1, -85, 3)
(0, -85, 3)
(1, -86, 2)
(0, -86, 3)
(0, -86, 4)
(1, -87, 4)
(0, -87, 4)
(1, -88, 3)
(0, -88, 3)
(1, -89, 2)
(1, -89, 1)
(0, -89, 1)
(1, -90, 1)
(1, -90, 2)
(1, -90, 3)
(0, -89, 4)
(1, -89, 4)
(1, -89, 5)
(0, -88, 6)
(0, -88, 7)
(1, -89, 7)
(0, -89, 8)
(0, -89, 9)
(1, -90, 9)
(0, -90, 10)
(0, -90, 11)
(0, -90, 12)
(1, -91, 12)
(0, -91, 12)
(0, -91, 11)
(1, -92, 10)
(0, -92, 11)
(0, -92, 12)
(0, -92, 13)
(0, -92, 14)
(1, -93, 14)
(0, -93, 15)
(1, -94, 15)
(1, -94, 16)
(0, -93, 17)
(1, -93, 16)
(0, -92, 16)
(1, -92, 15)
(0, -91, 16)
(0, -91, 17)
(1, -91, 17)
(0, -90, 18)
(0, -90, 19)
(1, -91, 19)
(0, -91, 19)
(1, -92, 18)
(0, -92, 18)
(1, -93, 18)
(0, -93, 19)
(1, -94, 19)
(0, -94, 19)
(1, -95, 18)
(0, -95, 18)
(1, -96, 17)
(0, -96, 18)
(1, -97, 17)
(1, -97, 16)
(0, -97, 16)
(1, -98, 15)
(1, -98, 14)
(1, -98, 13)
(0, -97, 13)
(1, -97, 13)
(1, -97, 14)
(0, -96, 15)
(1, -96, 14)
(0, -95, 14)
(1, -95, 14)
(0, -94, 14)
(0, -94, 13)
(1, -95, 12)
(1, -95, 11)
(1, -95, 10)
(0, -94, 10)
(0, -94, 9)
(1, -94, 8)
(0, -93, 8)
(1, -93, 7)
(1, -93, 6)
(0, -93, 6)
(1, -94, 6)
(0, -94, 6)
(1, -95, 5)
(0, -95, 5)
(1, -96, 4)
(0, -96, 5)
(0, -96, 6)
(1, -97, 6)
(0, -97, 7)
(1, -98, 6)
(0, -98, 6)
(1, -99, 6)
(1, -99, 7)
(1, -99, 8)
(1, -99, 9)
(1, -99, 10)
(0, -98, 11)
(0, -98, 12)
(1, -99, 12)
(0, -99, 12)
(1, -100, 12)
(0, -100, 12)
(0, -100, 11)
(1, -100, 10)
(1, -100, 9)
(1, -100, 8)
(0, -100, 8)
(0, -100, 7)
(1, -100, 6)
(1, -100, 5)
(0, -99, 5)
(0, -99, 4)
(0, -99, 3)
(1, -99, 2)
(0, -98, 3)
(1, -98, 3)
(0, -97, 3)
(1, -97, 3)
(0, -96, 3)
(1, -96, 2)
(0, -95, 2)
(1, -95, 2)
(1, -95, 3)
(0, -94, 4)
(1, -94, 3)
(0, -93, 4)
(1, -93, 3)
(0, -92, 4)
(0, -92, 5)
(1, -92, 5)
(0, -91, 5)
(0, -91, 4)
(0, -91, 3)
(0, -91, 2)
(1, -92, 1)
(0, -92, 2)
(1, -93, 1)
(1, -93, 0)
(0, -93, 0)
(1, -94, 0)
(0, -94, 0)
(0, -94, -1)
(0, -94, -2)
(0, -94, -3)
(1, -95, -4)
(0, -95, -3)
(0, -95, -2)
(0, -95, -1)
(1, -96, -1)
(0, -96, 0)
(1, -97, -1)
(0, -97, -1)
(1, -98, -2)
(1, -98, -3)
(1, -98, -4)
(0, -98, -4)
(1, -99, -5)
(0, -99, -5)
(0, -99, -6)
(1, -99, -7)
(0, -98, -7)
(1, -98, -7)
(0, -97, -6)
(0, -97, -5)
(1, -97, -5)
(0, -96, -5)
(1, -96, -5)
(0, -95, -5)
(1, -95, -6)
(0, -94, -5)
(1, -94, -5)
(0, -93, -4)
(0, -93, -3)
(1, -93, -3)
(0, -92, -3)
(1, -92, -4)
(1, -92, -5)
(1, -92, -6)
(0, -91, -6)
(1, -91, -7)
(0, -90, -7)
(1, -90, -8)
(0, -89, -7)
(0, -89, -6)
(0, -89, -5)
(1, -90, -5)
(1, -90, -4)
(0, -90, -3)
(1, -91, -3)
(1, -91, -2)
(0, -90, -1)
(1, -90, -1)
(0, -89, -1)
(1, -89, -1)
(0, -88, -1)
(1, -88, -2)
(1, -88, -3)
(0, -87, -3)
(0, -87, -4)
(1, -88, -5)
(0, -88, -5)
(0, -88, -6)
(1, -88, -7)
(0, -87, -6)
(1, -87, -6)
(0, -86, -5)
(0, -86, -4)
(0, -86, -3)
(0, -86, -2)
(1, -86, -2)
(0, -85, -1)
(1, -85, -2)
(1, -85, -3)
(0, -84, -3)
(1, -84, -3)
(0, -83, -2)
(1, -83, -2)
(0, -82, -2)
(1, -82, -3)
(0, -81, -2)
(1, -81, -3)
(1, -81, -4)
(0, -80, -4)
(1, -80, -4)
(0, -79, -4)
(1, -79, -4)
(0, -78, -3)
(0, -78, -2)
(1, -79, -2)
(1, -79, -1)
(0, -78, 0)
(1, -78, -1)
(0, -77, -1)
(1, -77, -2)
(0, -76, -1)
(1, -76, -2)
(0, -75, -1)
(1, -75, -2)
(0, -74, -2)
(0, -74, -3)
(1, -75, -4)
(0, -75, -4)
(1, -76, -5)
(1, -76, -6)
(0, -75, -6)
(1, -75, -7)
(1, -75, -8)
(0, -74, -8)
(0, -74, -9)
(1, -74, -10)
(0, -73, -9)
(0, -73, -8)
(0, -73, -7)
(1, -73, -7)
(0, -72, -6)
(1, -72, -6)
(0, -71, -5)
(1, -71, -6)
(0, -70, -6)
(1, -70, -7)
(0, -69, -6)
(1, -69, -6)
(0, -68, -5)
(1, -68, -6)
(0, -67, -6)
(0, -67, -7)
(1, -68, -8)
(0, -68, -8)
(0, -68, -9)
(1, -68, -10)
(0, -67, -10)
(0, -67, -11)
(1, -67, -12)
(1, -67, -13)
(0, -66, -13)
(0, -66, -14)
(1, -66, -15)
(0, -65, -15)
(0, -65, -16)
(1, -65, -17)
(0, -64, -17)
(1, -64, -17)
(0, -63, -17)
(1, -63, -18)
(0, -62, -17)
(1, -62, -18)
(0, -61, -18)
(0, -61, -19)
(0, -61, -20)
(1, -61, -21)
(0, -60, -21)
(0, -60, -22)
(0, -60, -23)
(1, -61, -24)
(0, -61, -23)
(1, -62, -23)
(0, -62, -22)
(1, -63, -22)
(0, -63, -21)
(1, -64, -21)
(0, -64, -21)
(1, -65, -22)
(0, -65, -21)
(1, -66, -22)
(1, -66, -23)
(0, -66, -23)
(1, -67, -24)
(1, -67, -25)
(0, -66, -25)
(1, -66, -26)
(1, -66, -27)
(0, -66, -27)
(1, -67, -27)
(0, -67, -26)
(1, -68, -27)
(0, -68, -27)
(1, -69, -27)
(1, -69, -26)
(1, -69, -25)
(1, -69, -24)
(1, -69, -23)
(1, -69, -22)
(0, -68, -21)
(0, -68, -20)
(0, -68, -19)
(0, -68, -18)
(1, -68, -18)
(0, -67, -17)
(0, -67, -16)
(0, -67, -15)
(0, -67, -14)
(1, -68, -14)
(1, -68, -13)
(0, -68, -12)
(1, -69, -13)
(1, -69, -14)
(1, -69, -15)
(0, -69, -15)
(1, -70, -16)
(0, -70, -16)
(1, -71, -17)
(0, -71, -17)
(1, -72, -17)
(1, -72, -16)
(1, -72, -15)
(1, -72, -14)
(1, -72, -13)
(0, -72, -12)
(0, -72, -11)
(1, -73, -11)
(0, -73, -11)
(0, -73, -12)
(0, -73, -13)
(1, -74, -14)
(0, -74, -13)
(1, -75, -13)
(1, -75, -12)
(0, -75, -11)
(1, -76, -12)
(0, -76, -11)
(1, -77, -11)
(0, -77, -11)
(1, -78, -12)
(0, -78, -11)
(1, -79, -12)
(0, -79, -12)
(1, -80, -12)
(0, -80, -12)
(1, -81, -12)
(1, -81, -11)
(0, -80, -10)
(0, -80, -9)
(0, -80, -8)
(0, -80, -7)
(1, -81, -7)
(0, -81, -6)
(0, -81, -5)
(1, -82, -5)
(0, -82, -4)
(1, -83, -4)
(0, -83, -4)
(0, -83, -5)
(0, -83, -6)
(0, -83, -7)
(1, -83, -8)
(1, -83, -9)
(0, -82, -9)
(0, -82, -10)
(1, -82, -11)
(1, -82, -12)
(1, -82, -13)
(0, -81, -13)
(1, -81, -14)
(0, -80, -14)
(1, -80, -15)
(0, -79, -15)
(0, -79, -16)
(0, -79, -17)
(1, -79, -18)
(0, -78, -18)
(1, -78, -18)
(1, -78, -17)
(1, -78, -16)
(0, -77, -15)
(1, -77, -16)
(0, -76, -15)
(1, -76, -15)
(0, -75, -15)
(1, -75, -16)
(0, -74, -16)
(1, -74, -17)
(0, -73, -17)
(0, -73, -18)
(0, -73, -19)
(1, -73, -20)
(0, -72, -19)
(1, -72, -20)
(0, -71, -20)
(0, -71, -21)
(0, -71, -22)
(0, -71, -23)
(1, -72, -24)
(0, -72, -23)
(1, -73, -23)
(0, -73, -22)
(1, -74, -23)
(0, -74, -23)
(0, -74, -24)
(1, -75, -25)
(1, -75, -26)
(0, -75, -26)
(1, -76, -26)
(0, -76, -25)
(1, -77, -26)
(0, -77, -26)
(1, -78, -27)
(0, -78, -27)
(0, -78, -28)
(1, -79, -29)
(1, -79, -30)
(1, -79, -31)
(1, -79, -32)
(1, -79, -33)
(1, -79, -34)
(0, -79, -34)
(0, -79, -35)
(0, -79, -36)
(1, -79, -37)
(0, -78, -37)
(0, -78, -38)
(1, -78, -39)
(0, -77, -39)
(0, -77, -40)
(1, -78, -41)
(0, -78, -41)
(0, -78, -42)
(1, -79, -43)
(1, -79, -44)
(0, -79, -44)
(1, -80, -45)
(0, -80, -44)
(1, -81, -45)
(1, -81, -46)
(0, -81, -46)
(1, -82, -46)
(0, -82, -45)
(0, -82, -44)
(1, -82, -44)
(0, -81, -43)
(1, -81, -43)
(1, -81, -42)
(0, -80, -41)
(0, -80, -40)
(0, -80, -39)
(1, -80, -39)
(1, -80, -38)
(0, -80, -37)
(1, -81, -37)
(0, -81, -36)
(0, -81, -35)
(1, -81, -35)
(1, -81, -34)
(1, -81, -33)
(1, -81, -32)
(0, -81, -31)
(0, -81, -30)
(0, -81, -29)
(1, -82, -29)
(1, -82, -28)
(1, -82, -27)
(0, -82, -26)
(1, -83, -27)
(0, -83, -27)
(0, -83, -28)
(1, -83, -29)
(1, -83, -30)
(1, -83, -31)
(0, -82, -31)
(0, -82, -32)
(1, -83, -33)
(1, -83, -34)
(0, -83, -34)
(0, -83, -35)
(1, -84, -36)
(1, -84, -37)
(1, -84, -38)
(0, -84, -38)
(1, -85, -38)
(1, -85, -37)
(1, -85, -36)
(0, -85, -35)
(0, -85, -34)
(1, -85, -34)
(0, -84, -33)
(0, -84, -32)
(1, -85, -32)
(0, -85, -32)
(1, -86, -33)
(0, -86, -33)
(1, -87, -34)
(1, -87, -35)
(0, -87, -35)
(1, -88, -35)
(1, -88, -34)
(0, -88, -33)
(1, -89, -34)
(1, -89, -35)
(1, -89, -36)
(0, -89, -36)
(0, -89, -37)
(1, -90, -38)
(1, -90, -39)
(0, -89, -39)
(1, -89, -39)
(0, -88, -38)
(0, -88, -37)
(1, -88, -37)
(0, -87, -37)
(0, -87, -38)
(1, -87, -39)
(1, -87, -40)
(0, -86, -40)
(1, -86, -40)
(0, -85, -40)
(0, -85, -41)
(1, -85, -42)
(1, -85, -43)
(0, -85, -43)
(1, -86, -44)
(0, -86, -43)
(1, -87, -43)
(0, -87, -42)
(1, -88, -43)
(0, -88, -43)
(1, -89, -44)
(1, -89, -45)
(0, -88, -45)
(1, -88, -45)
(0, -87, -44)
(1, -87, -45)
(0, -86, -45)
(1, -86, -46)
(0, -85, -46)
(1, -85, -46)
(0, -84, -46)
(1, -84, -47)
(0, -83, -47)
(1, -83, -48)
(0, -82, -48)
(1, -82, -48)
(0, -81, -48)
(1, -81, -48)
(0, -80, -47)
(1, -80, -48)
(0, -79, -47)
(1, -79, -47)
(0, -78, -47)
(1, -78, -47)
(0, -77, -46)
(1, -77, -47)
(0, -76, -47)
(0, -76, -48)
(0, -76, -49)
(0, -76, -50)
(1, -76, -51)
(1, -76, -52)
(0, -75, -52)
(0, -75, -53)
(0, -75, -54)
(1, -76, -55)
(1, -76, -56)
(1, -76, -57)
(0, -75, -57)
(0, -75, -58)
(0, -75, -59)
(0, -75, -60)
(0, -75, -61)
(0, -75, -62)
(1, -75, -63)
(0, -74, -62)
(1, -74, -62)
(1, -74, -61)
(0, -73, -60)
(1, -73, -61)
(0, -72, -61)
(0, -72, -62)
(1, -73, -63)
(0, -73, -63)
(0, -73, -64)
(1, -73, -65)
(0, -72, -64)
(1, -72, -65)
(1, -72, -66)
(1, -72, -67)
(1, -72, -68)
(1, -72, -69)
(1, -72, -70)
(0, -71, -70)
(1, -71, -70)
(0, -70, -69)
(1, -70, -70)
(1, -70, -71)
(0, -69, -71)
(0, -69, -72)
(1, -70, -73)
(0, -70, -72)
(1, -71, -72)
(0, -71, -72)
(0, -71, -73)
(0, -71, -74)
(1, -71, -75)
(0, -70, -75)
(1, -70, -75)
(0, -69, -75)
(1, -69, -76)
(0, -68, -75)
(0, -68, -74)
(1, -68, -74)
(0, -67, -74)
(0, -67, -75)
(1, -67, -76)
(0, -66, -76)
(0, -66, -77)
(1, -67, -78)
(0, -67, -77)
(1, -68, -78)
(0, -68, -78)
(1, -69, -79)
(0, -69, -78)
(1, -70, -79)
(1, -70, -80)
(0, -69, -80)
(1, -69, -81)
(1, -69, -82)
(1, -69, -83)
(0, -69, -83)
(0, -69, -84)
(0, -69, -85)
(1, -69, -86)
(0, -68, -85)
(1, -68, -86)
(1, -68, -87)
(1, -68, -88)
(0, -68, -88)
(0, -68, -89)
(1, -69, -90)
(1, -69, -91)
(0, -69, -91)
(1, -70, -92)
(0, -70, -92)
(0, -70, -93)
(0, -70, -94)
(1, -71, -95)
(0, -71, -94)
(1, -72, -94)
(1, -72, -93)
(0, -71, -92)
(0, -71, -91)
(1, -71, -91)
(0, -70, -90)
(1, -70, -90)
(1, -70, -89)
(1, -70, -88)
(1, -70, -87)
(0, -70, -86)
(1, -71, -87)
(1, -71, -88)
(0, -71, -88)
(1, -72, -88)
(0, -72, -87)
(0, -72, -86)
(1, -73, -86)
(0, -73, -86)
(1, -74, -86)
(0, -74, -85)
(1, -75, -85)
(0, -75, -84)
(1, -76, -84)
(0, -76, -83)
(1, -77, -84)
(1, -77, -85)
(0, -77, -85)
(1, -78, -85)
(0, -78, -85)
(0, -78, -86)
(1, -78, -87)
(0, -77, -87)
(1, -77, -88)
(0, -76, -88)
(1, -76, -89)
(1, -76, -90)
(0, -76, -90)
(1, -77, -91)
(0, -77, -91)
(1, -78, -91)
(0, -78, -90)
(0, -78, -89)
(1, -79, -89)
(0, -79, -88)
(1, -80, -88)
(1, -80, -87)
(0, -79, -86)
(0, -79, -85)
(0, -79, -84)
(0, -79, -83)
(1, -79, -83)
(1, -79, -82)
(1, -79, -81)
(1, -79, -80)
(0, -78, -79)
(1, -78, -79)
(0, -77, -79)
(1, -77, -80)
(0, -76, -80)
(0, -76, -81)
(1, -76, -82)
(0, -75, -81)
(0, -75, -80)
(0, -75, -79)
(1, -76, -79)
(0, -76, -78)
(1, -77, -78)
(0, -77, -77)
(0, -77, -76)
(1, -78, -76)
(0, -78, -76)
(1, -79, -77)
(0, -79, -77)
(0, -79, -78)
(1, -80, -79)
(0, -80, -78)
(1, -81, -78)
(0, -81, -77)
(0, -81, -76)
(1, -82, -76)
(1, -82, -75)
(0, -82, -74)
(0, -82, -73)
(1, -82, -73)
(0, -81, -73)
(1, -81, -74)
(1, -81, -75)
(0, -80, -75)
(1, -80, -76)
(0, -79, -75)
(1, -79, -75)
(0, -78, -74)
(0, -78, -73)
(1, -78, -73)
(0, -77, -72)
(1, -77, -73)
(0, -76, -73)
(1, -76, -73)
(0, -75, -72)
(1, -75, -73)
(0, -74, -73)
(1, -74, -74)
(1, -74, -75)
(0, -74, -75)
(1, -75, -75)
(0, -75, -75)
(0, -75, -76)
(1, -75, -77)
(0, -74, -77)
(0, -74, -78)
(0, -74, -79)
(0, -74, -80)
(1, -74, -81)
(1, -74, -82)
(1, -74, -83)
(0, -73, -83)
(1, -73, -83)
(1, -73, -82)
(0, -72, -81)
(0, -72, -80)
(1, -73, -80)
(0, -73, -79)
(0, -73, -78)
(0, -73, -77)
(0, -73, -76)
(1, -73, -76)
(0, -72, -75)
(0, -72, -74)
(0, -72, -73)
(0, -72, -72)
(1, -73, -72)
(0, -73, -72)
(1, -74, -72)
(0, -74, -71)
(1, -75, -71)
(1, -75, -70)
(0, -74, -69)
(1, -74, -70)
(0, -73, -70)
(1, -73, -70)
(1, -73, -69)
(1, -73, -68)
(0, -73, -67)
(0, -73, -66)
(1, -74, -66)
(0, -74, -66)
(1, -75, -66)
(1, -75, -65)
(0, -75, -64)
(1, -76, -64)
(0, -76, -64)
(1, -77, -64)
(1, -77, -63)
(0, -77, -62)
(0, -77, -61)
(1, -77, -61)
(1, -77, -60)
(0, -76, -59)
(0, -76, -58)
(1, -77, -58)
(0, -77, -58)
(1, -78, -59)
(0, -78, -58)
(1, -79, -58)
(0, -79, -58)
(0, -79, -59)
(1, -79, -60)
(0, -78, -60)
(0, -78, -61)
(0, -78, -62)
(1, -79, -63)
(1, -79, -64)
(0, -78, -64)
(0, -78, -65)
(1, -78, -66)
(0, -77, -65)
(1, -77, -66)
(1, -77, -67)
(0, -77, -67)
(0, -77, -68)
(0, -77, -69)
(1, -78, -70)
(0, -78, -70)
(0, -78, -71)
(1, -79, -72)
(0, -79, -72)
(1, -80, -72)
(0, -80, -71)
(1, -81, -72)
(0, -81, -71)
(0, -81, -70)
(1, -81, -70)
(1, -81, -69)
(0, -80, -68)
(0, -80, -67)
(1, -80, -67)
(0, -79, -66)
(0, -79, -65)
(1, -80, -65)
(0, -80, -65)
(1, -81, -66)
(0, -81, -65)
(1, -82, -65)
(0, -82, -65)
(1, -83, -66)
(1, -83, -67)
(0, -83, -67)
(1, -84, -67)
(0, -84, -67)
(0, -84, -68)
(1, -85, -69)
(0, -85, -68)
(1, -86, -69)
(0, -86, -69)
(1, -87, -70)
(0, -87, -70)
(1, -88, -70)
(0, -88, -69)
(0, -88, -68)
(1, -89, -68)
(0, -89, -68)
(1, -90, -68)
(0, -90, -67)
(1, -91, -68)
(1, -91, -69)
(1, -91, -70)
(0, -91, -70)
(0, -91, -71)
(1, -92, -72)
(0, -92, -71)
(1, -93, -71)
(1, -93, -70)
(0, -93, -69)
(1, -94, -69)
(1, -94, -68)
(0, -93, -67)
(1, -93, -67)
(0, -92, -66)
(1, -92, -67)
(0, -91, -66)
(0, -91, -65)
(1, -91, -65)
(0, -90, -65)
(1, -90, -66)
(0, -89, -65)
(1, -89, -65)
(0, -88, -64)
(0, -88, -63)
(1, -89, -63)
(0, -89, -62)
(1, -90, -63)
(0, -90, -62)
(1, -91, -63)
(0, -91, -62)
(0, -91, -61)
(1, -92, -61)
(0, -92, -61)
(1, -93, -62)
(0, -93, -62)
(1, -94, -63)
(1, -94, -64)
(0, -93, -64)
(0, -93, -65)
(1, -94, -66)
(0, -94, -65)
(1, -95, -65)
(0, -95, -64)
(0, -95, -63)
(1, -95, -63)
(1, -95, -62)
(0, -94, -61)
(1, -94, -61)
(0, -93, -60)
(0, -93, -59)
(1, -94, -59)
(0, -94, -58)
(1, -95, -59)
(0, -95, -58)
(0, -95, -57)
(1, -96, -57)
(0, -96, -57)
(1, -97, -57)
(0, -97, -56)
(1, -98, -56)
(1, -98, -55)
(1, -98, -54)
(0, -97, -53)
(1, -97, -54)
(0, -96, -53)
(1, -96, -53)
(1, -96, -52)
(0, -96, -51)
(1, -97, -51)
(1, -97, -50)
(1, -97, -49)
(1, -97, -48)
(0, -96, -47)
(0, -96, -46)
(0, -96, -45)
(0, -96, -44)
(0, -96, -43)
(0, -96, -42)
(1, -97, -42)
(0, -97, -42)
(1, -98, -42)
(0, -98, -42)
(0, -98, -43)
(0, -98, -44)
(1, -99, -45)
(1, -99, -46)
(1, -99, -47)
(0, -99, -47)
(0, -99, -48)
(1, -100, -49)
(0, -100, -49)
(0, -100, -50)
(1, -100, -51)
(0, -99, -51)
(0, -99, -52)
(1, -100, -53)
(1, -100, -54)
(0, -100, -54)
(0, -100, -55)
(0, -100, -56)
(0, -100, -57)
(1, -100, -58)
(0, -99, -58)
(1, -99, -59)
(0, -98, -59)
(1, -98, -60)
(0, -97, -59)
(1, -97, -60)
(1, -97, -61)
(0, -97, -61)
(1, -98, -62)
(0, -98, -62)
(0, -98, -63)
(1, -99, -64)
(1, -99, -65)
(0, -99, -65)
(0, -99, -66)
(0, -99, -67)
(1, -100, -68)
(1, -100, -69)
(0, -100, -69)
(0, -100, -70)
(0, -100, -71)
(1, -100, -72)
(1, -100, -73)
(1, -100, -74)
(0, -100, -74)
(0, -100, -75)
(0, -100, -76)
(1, -100, -77)
(1, -100, -78)
(0, -99, -78)
(0, -99, -79)
(0, -99, -80)
(1, -99, -81)
(0, -98, -80)
(1, -98, -80)
(0, -97, -80)
(1, -97, -80)
(0, -96, -79)
(1, -96, -79)
(1, -96, -78)
(0, -95, -77)
(1, -95, -78)
(0, -94, -78)
(1, -94, -79)
(0, -93, -78)
(1, -93, -79)
(0, -92, -78)
(1, -92, -79)
(0, -91, -79)
(0, -91, -80)
(0, -91, -81)
(0, -91, -82)
(1, -91, -83)
(1, -91, -84)
(1, -91, -85)
(0, -90, -85)
(1, -90, -85)
(0, -89, -85)
(1, -89, -86)
(0, -88, -85)
(1, -88, -85)
(1, -88, -84)
(0, -87, -83)
(1, -87, -84)
(0, -86, -84)
(0, -86, -85)
(1, -86, -86)
(1, -86, -87)
(0, -86, -87)
(1, -87, -87)
(0, -87, -86)
(1, -88, -87)
(0, -88, -87)
(1, -89, -88)
(0, -89, -87)
(1, -90, -87)
(0, -90, -87)
(1, -91, -88)
(0, -91, -87)
(1, -92, -88)
(0, -92, -87)
(1, -93, -88)
(0, -93, -88)
(1, -94, -88)
(0, -94, -87)
(1, -95, -87)
(0, -95, -86)
(0, -95, -85)
(1, -95, -85)
(1, -95, -84)
(0, -95, -83)
(1, -96, -84)
(0, -96, -83)
(0, -96, -82)
(1, -97, -82)
(0, -97, -82)
(1, -98, -82)
(0, -98, -82)
(0, -98, -83)
(1, -98, -84)
(0, -97, -84)
(1, -97, -85)
(0, -96, -85)
(0, -96, -86)
(0, -96, -87)
(0, -96, -88)
(1, -96, -89)
(1, -96, -90)
(0, -96, -90)
(1, -97, -91)
(0, -97, -91)
(1, -98, -91)
(0, -98, -91)
(1, -99, -91)
(0, -99, -91)
(1, -100, -91)
(0, -100, -91)
(0, -100, -92)
(1, -100, -93)
(1, -100, -94)
(0, -99, -94)
(1, -99, -95)
(0, -98, -94)
(0, -98, -93)
(1, -98, -93)
(0, -97, -93)
(0, -97, -94)
(1, -97, -95)
(0, -96, -95)
(0, -96, -96)
(0, -96, -97)
(0, -96, -98)
(1, -97, -99)
(0, -97, -99)
(1, -98, -99)
(0, -98, -99)
(1, -99, -99)
(0, -99, -99)
(0, -99, -100)
(1, -100, -101)
(1, -100, -102)
(0, -100, -102)
(0, -100, -103)
(0, -100, -104)
(0, -100, -105)
(0, -100, -106)
(0, -100, -107)
(0, -100, -108)
(0, -100, -109)
(1, -100, -110)
(0, -99, -110)
(1, -99, -110)
(0, -98, -109)
(1, -98, -110)
(0, -97, -109)
(0, -97, -108)
(1, -98, -108)
(1, -98, -107)
(0, -98, -106)
(1, -99, -107)
(0, -99, -106)
(0, -99, -105)
(1, -99, -105)
(0, -98, -104)
(1, -98, -104)
(0, -97, -104)
(1, -97, -105)
(0, -96, -104)
(1, -96, -104)
(0, -95, -104)
(0, -95, -105)
(1, -95, -106)
(0, -94, -106)
(1, -94, -107)
(0, -93, -106)
(0, -93, -105)
(1, -94, -105)
(0, -94, -104)
(0, -94, -103)
(0, -94, -102)
(0, -94, -101)
(1, -95, -101)
(1, -95, -100)
(1, -95, -99)
(1, -95, -98)
(1, -95, -97)
(0, -94, -96)
(1, -94, -96)
(1, -94, -95)
(0, -94, -94)
(0, -94, -93)
(1, -95, -93)
(0, -95, -93)
(1, -96, -93)
(1, -96, -92)
(0, -95, -91)
(1, -95, -91)
(0, -94, -90)
(1, -94, -91)
(1, -94, -92)
(0, -93, -92)
(1, -93, -92)
(1, -93, -91)
(1, -93, -90)
(0, -92, -89)
(1, -92, -90)
(0, -91, -90)
(1, -91, -90)
(0, -90, -89)
(1, -90, -90)
(1, -90, -91)
(0, -89, -91)
(1, -89, -92)
(1, -89, -93)
(1, -89, -94)
(0, -89, -94)
(1, -90, -94)
(0, -90, -93)
(1, -91, -93)
(0, -91, -93)
(0, -91, -94)
(1, -91, -95)
(1, -91, -96)
(0, -91, -96)
(1, -92, -97)
(1, -92, -98)
(0, -91, -98)
(1, -91, -98)
(0, -90, -98)
(0, -90, -99)
(1, -90, -100)
(1, -90, -101)
(0, -90, -101)
(0, -90, -102)
(1, -90, -103)
(1, -90, -104)
(0, -89, -104)
(0, -89, -105)
(1, -89, -106)
(0, -88, -106)
(0, -88, -107)
(1, -88, -108)
(0, -87, -107)
(1, -87, -107)
(1, -87, -106)
(1, -87, -105)
(1, -87, -104)
(1, -87, -103)
(0, -87, -102)
(0, -87, -101)
(1, -87, -101)
(1, -87, -100)
(1, -87, -99)
(0, -86, -98)
(1, -86, -99)
(1, -86, -100)
(1, -86, -101)
(1, -86, -102)
(1, -86, -103)
(1, -86, -104)
(0, -85, -104)
(1, -85, -105)
(0, -84, -105)
(0, -84, -106)
(1, -84, -107)
(0, -83, -106)
(1, -83, -106)
(0, -82, -106)
(1, -82, -106)
(1, -82, -105)
(0, -82, -104)
(1, -83, -104)
(0, -83, -104)
(1, -84, -104)
(1, -84, -103)
(0, -84, -102)
(0, -84, -101)
(1, -85, -101)
(1, -85, -100)
(0, -84, -99)
(1, -84, -99)
(0, -83, -98)
(1, -83, -98)
(1, -83, -97)
(1, -83, -96)
(0, -83, -95)
(0, -83, -94)
(1, -83, -94)
(0, -82, -94)
(1, -82, -94)
(0, -81, -94)
(0, -81, -95)
(0, -81, -96)
(0, -81, -97)
(1, -82, -98)
(1, -82, -99)
(1, -82, -100)
(0, -82, -100)
(1, -83, -100)
(0, -83, -100)
(0, -83, -101)
(1, -83, -102)
(0, -82, -102)
(1, -82, -102)
(0, -81, -102)
(0, -81, -103)
(1, -81, -104)
(1, -81, -105)
(0, -80, -105)
(0, -80, -106)
(0, -80, -107)
(0, -80, -108)
(1, -81, -109)
(0, -81, -109)
(1, -82, -110)
(1, -82, -111)
(0, -81, -111)
(1, -81, -111)
(0, -80, -111)
(1, -80, -112)
(0, -79, -112)
(1, -79, -113)
(0, -78, -112)
(0, -78, -111)
(1, -79, -111)
(0, -79, -110)
(0, -79, -109)
(0, -79, -108)
(1, -79, -108)
(1, -79, -107)
(0, -78, -106)
(1, -78, -107)
(0, -77, -106)
(1, -77, -106)
(1, -77, -105)
(0, -76, -104)
(0, -76, -103)
(1, -77, -103)
(0, -77, -102)
(1, -78, -103)
(0, -78, -102)
(1, -79, -102)
(0, -79, -101)
(0, -79, -100)
(0, -79, -99)
(1, -80, -99)
(1, -80, -98)
(0, -80, -97)
(0, -80, -96)
(0, -80, -95)
(1, -80, -95)
(1, -80, -94)
(0, -80, -93)
(0, -80, -92)
(1, -80, -92)
(0, -79, -91)
(1, -79, -92)
(0, -78, -92)
(1, -78, -93)
(0, -77, -93)
(0, -77, -94)
(0, -77, -95)
(0, -77, -96)
(0, -77, -97)
(1, -77, -98)
(1, -77, -99)
(0, -76, -99)
(1, -76, -99)
(0, -75, -99)
(1, -75, -100)
(0, -74, -100)
(1, -74, -100)
(0, -73, -100)
(1, -73, -101)
(0, -72, -100)
(0, -72, -99)
(1, -72, -99)
(0, -71, -99)
(0, -71, -100)
(0, -71, -101)
(1, -72, -102)
(0, -72, -102)
(0, -72, -103)
(1, -73, -104)
(0, -73, -104)
(0, -73, -105)
(1, -74, -106)
(0, -74, -106)
(1, -75, -107)
(0, -75, -106)
(1, -76, -107)
(0, -76, -107)
(0, -76, -108)
(0, -76, -109)
(1, -77, -110)
(0, -77, -110)
(0, -77, -111)
(1, -77, -112)
(0, -76, -112)
(0, -76, -113)
(1, -76, -114)
(1, -76, -115)
(0, -76, -115)
(0, -76, -116)
(1, -77, -117)
(1, -77, -118)
(0, -77, -118)
(1, -78, -118)
(0, -78, -118)
(1, -79, -119)
(0, -79, -119)
(0, -79, -120)
(1, -80, -121)
(1, -80, -122)
(0, -80, -122)
(1, -81, -123)
(0, -81, -122)
(1, -82, -123)
(1, -82, -124)
(0, -82, -124)
(1, -83, -124)
(1, -83, -123)
(1, -83, -122)
(0, -82, -121)
(0, -82, -120)
(0, -82, -119)
(0, -82, -118)
(0, -82, -117)
(1, -82, -117)
(0, -81, -117)
