(0, 93, 27)
(0, 93, 28)
(1, 92, 28)
(1, 92, 29)
(0, 93, 30)
(1, 93, 29)
(0, 94, 30)
(1, 94, 29)
(0, 95, 29)
(1, 95, 28)
(1, 95, 27)
(0, 96, 27)
(0, 96, 26)
(0, 96, 25)
(0, 96, 24)
(1, 95, 23)
(0, 95, 24)
(0, 95, 25)
(1, 94, 25)
(0, 94, 25)
(1, 93, 24)
(0, 93, 24)
(1, 92, 24)
(0, 92, 25)
(1, 91, 24)
(0, 91, 25)
(0, 91, 26)
(0, 91, 27)
(1, 91, 27)
(1, 91, 28)
(0, 91, 29)
(1, 90, 28)
(0, 90, 29)
(1, 89, 28)
(1, 89, 27)
(0, 90, 27)
(0, 90, 26)
(0, 90, 25)
(0, 90, 24)
(0, 90, 23)
(1, 90, 22)
(1, 90, 21)
(0, 91, 21)
(1, 91, 20)
(0, 92, 20)
(1, 92, 20)
(0, 93, 20)
(1, 93, 20)
(1, 93, 21)
(1, 93, 22)
(0, 94, 23)
(1, 94, 22)
(1, 94, 21)
(0, 95, 21)
(0, 95, 20)
(1, 94, 19)
(1, 94, 18)
(1, 94, 17)
(0, 95, 17)
(1, 95, 17)
(1, 95, 18)
(0, 96, 19)
(1, 96, 18)
(1, 96, 17)
(0, 97, 17)
(1, 97, 17)
(1, 97, 18)
(0, 98, 19)
(1, 98, 18)
(0, 99, 19)
(0, 99, 20)
(1, 99, 20)
(0, 100, 20)
(1, 100, 20)
(1, 100, 21)
(1, 100, 22)
(1, 100, 23)
(0, 100, 24)
(0, 100, 25)
(0, 100, 26)
(1, 99, 26)
(0, 99, 27)
(1, 98, 27)
(0, 98, 28)
(1, 97, 27)
(0, 97, 28)
(1, 96, 28)
(1, 96, 29)
(0, 97, 30)
(0, 97, 31)
(1, 97, 31)
(0, 98, 31)
(1, 98, 30)
(0, 99, 30)
(1, 99, 30)
(0, 100, 31)
(1, 100, 31)
(1, 100, 32)
(0, 100, 33)
(1, 99, 32)
(0, 99, 33)
(1, 98, 32)
(0, 98, 33)
(0, 98, 34)
(1, 97, 34)
(0, 97, 34)
(1, 96, 33)
(1, 96, 32)
(0, 96, 32)
(1, 95, 32)
(0, 95, 32)
(1, 94, 32)
(0, 94, 33)
(0, 94, 34)
(1, 94, 34)
(0, 95, 35)
(1, 95, 34)
(0, 96, 35)
(1, 96, 35)
(0, 97, 36)
(1, 97, 36)
(0, 98, 37)
(1, 98, 37)
(1, 98, 38)
(0, 99, 39)
(1, 99, 39)
(1, 99, 40)
(0, 99, 41)
(1, 98, 40)
(0, 98, 40)
(1, 97, 40)
(0, 97, 41)
(1, 96, 41)
(0, 96, 41)
(1, 95, 41)
(1, 95, 42)
(0, 95, 43)
(0, 95, 44)
(1, 94, 44)
(0, 94, 44)
(0, 94, 43)
(0, 94, 42)
(1, 93, 41)
(0, 93, 41)
(1, 92, 41)
(0, 92, 41)
(1, 91, 40)
(1, 91, 39)
(0, 92, 39)
(1, 92, 39)
(0, 93, 39)
(1, 93, 38)
(1, 93, 37)
(0, 93, 37)
(1, 92, 36)
(0, 92, 36)
(1, 91, 35)
(1, 91, 34)
(0, 92, 34)
(0, 92, 33)
(0, 92, 32)
(0, 92, 31)
(1, 91, 30)
(0, 91, 31)
(1, 90, 31)
(0, 90, 31)
(1, 89, 30)
(0, 89, 31)
(1, 88, 30)
(0, 88, 31)
(0, 88, 32)
(1, 88, 32)
(1, 88, 33)
(0, 89, 34)
(1, 89, 34)
(0, 90, 35)
(0, 90, 36)
(0, 90, 37)
(1, 90, 37)
(1, 90, 38)
(0, 90, 39)
(0, 90, 40)
(1, 89, 40)
(0, 89, 41)
(0, 89, 42)
(1, 89, 42)
(0, 90, 43)
(1, 90, 42)
(0, 91, 43)
(0, 91, 44)
(1, 90, 44)
(0, 90, 45)
(0, 90, 46)
(1, 90, 46)
(0, 91, 47)
(0, 91, 48)
(1, 90, 48)
(1, 90, 49)
(1, 90, 50)
(1, 90, 51)
(0, 91, 52)
(1, 91, 51)
(0, 92, 51)
(0, 92, 50)
(1, 92, 49)
(0, 93, 50)
(0, 93, 51)
(0, 93, 52)
(1, 93, 52)
(0, 94, 52)
(1, 94, 51)
(1, 94, 50)
(0, 94, 50)
(0, 94, 49)
(0, 94, 48)
(1, 94, 47)
(0, 95, 47)
(1, 95, 47)
(0, 96, 48)
(0, 96, 49)
(1, 95, 49)
(1, 95, 50)
(0, 96, 51)
(1, 96, 50)
(0, 97, 50)
(1, 97, 49)
(0, 98, 50)
(0, 98, 51)
(0, 98, 52)
(1, 98, 52)
(0, 99, 52)
(1, 99, 52)
(0, 100, 52)
(1, 100, 52)
(1, 100, 53)
(0, 100, 54)
(1, 99, 54)
(0, 99, 54)
(1, 98, 54)
(0, 98, 55)
(1, 97, 54)
(1, 97, 53)
(0, 97, 53)
(1, 96, 53)
(1, 96, 54)
(0, 96, 55)
(1, 95, 54)
(1, 95, 53)
(0, 95, 53)
(1, 94, 53)
(1, 94, 54)
(1, 94, 55)
(1, 94, 56)
(0, 95, 57)
(1, 95, 57)
(0, 96, 57)
(1, 96, 57)
(1, 96, 58)
(0, 97, 59)
(1, 97, 59)
(0, 98, 60)
(0, 98, 61)
(0, 98, 62)
(1, 98, 62)
(1, 98, 63)
(0, 99, 64)
(1, 99, 63)
(0, 100, 63)
(1, 100, 63)
(1, 100, 64)
(0, 100, 65)
(0, 100, 66)
(0, 100, 67)
(1, 100, 67)
(1, 100, 68)
(1, 100, 69)
(1, 100, 70)
(1, 100, 71)
(0, 100, 72)
(0, 100, 73)
(1, 99, 73)
(0, 99, 73)
(1, 98, 72)
(1, 98, 71)
(0, 99, 71)
(1, 99, 70)
(1, 99, 69)
(0, 99, 69)
(0, 99, 68)
(0, 99, 67)
(1, 98, 66)
(0, 98, 67)
(0, 98, 68)
(1, 97, 68)
(1, 97, 69)
(0, 97, 70)
(0, 97, 71)
(1, 97, 71)
(1, 97, 72)
(0, 97, 73)
(0, 97, 74)
(0, 97, 75)
(1, 96, 75)
(0, 96, 75)
(0, 96, 74)
(0, 96, 73)
(0, 96, 72)
(1, 95, 71)
(1, 95, 70)
(0, 96, 70)
(0, 96, 69)
(1, 95, 68)
(0, 95, 68)
(1, 94, 67)
(1, 94, 66)
(0, 95, 66)
(1, 95, 66)
(0, 96, 67)
(1, 96, 66)
(1, 96, 65)
(0, 97, 65)
(0, 97, 64)
(1, 96, 63)
(0, 96, 63)
(1, 95, 63)
(0, 95, 63)
(1, 94, 63)
(0, 94, 64)
(0, 94, 65)
(1, 93, 65)
(0, 93, 65)
(1, 92, 64)
(1, 92, 63)
(0, 92, 63)
(1, 91, 62)
(0, 91, 62)
(1, 90, 62)
(1, 90, 63)
(1, 90, 64)
(0, 90, 65)
(1, 89, 65)
(0, 89, 66)
(0, 89, 67)
(1, 89, 67)
(0, 90, 67)
(1, 90, 67)
(1, 90, 68)
(0, 91, 69)
(0, 91, 70)
(1, 90, 70)
(1, 90, 71)
(0, 90, 72)
(1, 89, 71)
(0, 89, 71)
(1, 88, 70)
(0, 88, 71)
(1, 87, 71)
(1, 87, 72)
(0, 87, 73)
(0, 87, 74)
(1, 87, 74)
(1, 87, 75)
(0, 88, 76)
(0, 88, 77)
(0, 88, 78)
(1, 88, 78)
(0, 89, 79)
(0, 89, 80)
(0, 89, 81)
(0, 89, 82)
(1, 88, 82)
(1, 88, 83)
(0, 89, 84)
(1, 89, 84)
(1, 89, 85)
(0, 89, 86)
(1, 88, 86)
(1, 88, 87)
(0, 89, 88)
(1, 89, 88)
(1, 89, 89)
(0, 89, 90)
(0, 89, 91)
(1, 89, 91)
(0, 90, 92)
(1, 90, 91)
(0, 91, 91)
(1, 91, 91)
(0, 92, 92)
(0, 92, 93)
(0, 92, 94)
(0, 92, 95)
(0, 92, 96)
(1, 91, 96)
(1, 91, 97)
(0, 91, 98)
(1, 90, 97)
(0, 90, 97)
(0, 90, 96)
(0, 90, 95)
(1, 89, 94)
(0, 89, 95)
(1, 88, 95)
(0, 88, 95)
(0, 88, 94)
(1, 87, 93)
(0, 87, 93)
(0, 87, 92)
(0, 87, 91)
(1, 87, 90)
(1, 87, 89)
(0, 87, 89)
(1, 86, 89)
(0, 86, 90)
(0, 86, 91)
(0, 86, 92)
(0, 86, 93)
(0, 86, 94)
(1, 86, 94)
(0, 87, 95)
(0, 87, 96)
(1, 86, 96)
(1, 86, 97)
(0, 86, 98)
(1, 85, 98)
(1, 85, 99)
(0, 86, 100)
(1, 86, 100)
(0, 87, 101)
(1, 87, 101)
(1, 87, 102)
(0, 87, 103)
(0, 87, 104)
(1, 86, 104)
(1, 86, 105)
(0, 86, 106)
(1, 85, 106)
(0, 85, 106)
(0, 85, 105)
(0, 85, 104)
(1, 84, 103)
(0, 84, 104)
(0, 84, 105)
(0, 84, 106)
(1, 83, 106)
(0, 83, 106)
(1, 82, 106)
(1, 82, 107)
(0, 82, 108)
(0, 82, 109)
(1, 82, 109)
(1, 82, 110)
(1, 82, 111)
(1, 82, 112)
(1, 82, 113)
(0, 83, 114)
(1, 83, 114)
(0, 84, 115)
(0, 84, 116)
(1, 84, 116)
(0, 85, 116)
(0, 85, 115)
(0, 85, 114)
(1, 84, 113)
(0, 84, 113)
(1, 83, 112)
(1, 83, 111)
(1, 83, 110)
(1, 83, 109)
(1, 83, 108)
(0, 84, 108)
(1, 84, 107)
(0, 85, 108)
(1, 85, 108)
(0, 86, 109)
(0, 86, 110)
(0, 86, 111)
(1, 86, 111)
(1, 86, 112)
(0, 87, 113)
(1, 87, 113)
(1, 87, 114)
(0, 87, 115)
(0, 87, 116)
(0, 87, 117)
(0, 87, 118)
(0, 87, 119)
(1, 86, 119)
(0, 86, 119)
(1, 85, 118)
(0, 85, 119)
(1, 84, 118)
(0, 84, 118)
(1, 83, 117)
(0, 83, 118)
(1, 82, 117)
(1, 82, 116)
(1, 82, 115)
(0, 82, 115)
(1, 81, 114)
(0, 81, 114)
(0, 81, 113)
(1, 80, 112)
(1, 80, 111)
(0, 80, 111)
(1, 79, 111)
(0, 79, 112)
(0, 79, 113)
(1, 79, 113)
(1, 79, 114)
(0, 79, 115)
(1, 78, 115)
(0, 78, 116)
(0, 78, 117)
(0, 78, 118)
(1, 78, 118)
(0, 79, 119)
(1, 79, 119)
(0, 80, 120)
(1, 80, 119)
(1, 80, 118)
(0, 80, 118)
(1, 79, 117)
(1, 79, 116)
(0, 80, 116)
(1, 80, 116)
(0, 81, 116)
(1, 81, 116)
(1, 81, 117)
(1, 81, 118)
(0, 82, 119)
(0, 82, 120)
(1, 82, 120)
(1, 82, 121)
(0, 82, 122)
(1, 81, 121)
(0, 81, 121)
(1, 80, 121)
(0, 80, 122)
(1, 79, 121)
(0, 79, 122)
(0, 79, 123)
(0, 79, 124)
(1, 79, 124)
(1, 79, 125)
(1, 79, 126)
(0, 79, 127)
(1, 78, 127)
(0, 78, 128)
(1, 77, 128)
(1, 77, 129)
(1, 77, 130)
(0, 78, 131)
(1, 78, 131)
(1, 78, 132)
(1, 78, 133)
(1, 78, 134)
(0, 78, 135)
(1, 77, 134)
(0, 77, 135)
(1, 76, 134)
(0, 76, 134)
(0, 76, 133)
(0, 76, 132)
(1, 75, 131)
(0, 75, 131)
(1, 74, 130)
(1, 74, 129)
(0, 74, 129)
(1, 73, 128)
(0, 73, 128)
(1, 72, 128)
(0, 72, 128)
(0, 72, 127)
(1, 71, 126)
(0, 71, 127)
(1, 70, 126)
(1, 70, 125)
(0, 70, 125)
(1, 69, 125)
(0, 69, 126)
(1, 68, 125)
(1, 68, 124)
(1, 68, 123)
(0, 68, 123)
(0, 68, 122)
(1, 68, 121)
(1, 68, 120)
(0, 68, 120)
(0, 68, 119)
(0, 68, 118)
(1, 67, 117)
(0, 67, 118)
(0, 67, 119)
(1, 66, 119)
(0, 66, 120)
(0, 66, 121)
(0, 66, 122)
(0, 66, 123)
(1, 65, 123)
(0, 65, 124)
(1, 64, 123)
(0, 64, 124)
(0, 64, 125)
(1, 63, 125)
(0, 63, 126)
(1, 62, 126)
(0, 62, 127)
(1, 61, 127)
(1, 61, 128)
(1, 61, 129)
(0, 61, 130)
(1, 60, 130)
(0, 60, 130)
(1, 59, 130)
(0, 59, 130)
(1, 58, 129)
(0, 58, 129)
(1, 57, 128)
(1, 57, 127)
(0, 58, 127)
(1, 58, 127)
(0, 59, 127)
(1, 59, 127)
(0, 60, 127)
(0, 60, 126)
(1, 60, 125)
(0, 61, 125)
(1, 61, 125)
(0, 62, 125)
(0, 62, 124)
(0, 62, 123)
(1, 61, 122)
(0, 61, 123)
(1, 60, 122)
(1, 60, 121)
(0, 61, 121)
(0, 61, 120)
(1, 60, 119)
(0, 60, 119)
(1, 59, 119)
(0, 59, 120)
(1, 58, 120)
(0, 58, 121)
(0, 58, 122)
(1, 58, 122)
(0, 59, 123)
(1, 59, 123)
(1, 59, 124)
(0, 59, 125)
(1, 58, 125)
(0, 58, 125)
(1, 57, 125)
(0, 57, 126)
(1, 56, 125)
(0, 56, 125)
(0, 56, 124)
(1, 55, 123)
(0, 55, 123)
(1, 54, 123)
(0, 54, 123)
(0, 54, 122)
(1, 53, 121)
(1, 53, 120)
(0, 53, 120)
(1, 52, 120)
(1, 52, 121)
(0, 52, 122)
(0, 52, 123)
(1, 52, 123)
(0, 53, 124)
(1, 53, 124)
(0, 54, 125)
(0, 54, 126)
(1, 53, 126)
(1, 53, 127)
(0, 54, 128)
(0, 54, 129)
(1, 53, 129)
(0, 53, 129)
(1, 52, 128)
(1, 52, 127)
(1, 52, 126)
(1, 52, 125)
(0, 52, 125)
(1, 51, 125)
(0, 51, 125)
(1, 50, 125)
(0, 50, 126)
(1, 49, 125)
(0, 49, 126)
(0, 49, 127)
(1, 48, 127)
(0, 48, 128)
(1, 47, 128)
(0, 47, 129)
(0, 47, 130)
(1, 47, 130)
(0, 48, 131)
(1, 48, 130)
(0, 49, 131)
(0, 49, 132)
(1, 49, 132)
(0, 50, 133)
(0, 50, 134)
(0, 50, 135)
(1, 49, 135)
(1, 49, 136)
(1, 49, 137)
(0, 49, 138)
(1, 48, 137)
(1, 48, 136)
(0, 48, 136)
(1, 47, 135)
(0, 47, 136)
(1, 46, 135)
(1, 46, 134)
(1, 46, 133)
(1, 46, 132)
(1, 46, 131)
(0, 46, 131)
(1, 45, 131)
(1, 45, 132)
(1, 45, 133)
(1, 45, 134)
(0, 45, 135)
(1, 44, 134)
(1, 44, 133)
(0, 44, 133)
(0, 44, 132)
(1, 43, 131)
(0, 43, 132)
(1, 42, 131)
(1, 42, 130)
(1, 42, 129)
(0, 43, 129)
(1, 43, 129)
(0, 44, 129)
(1, 44, 129)
(0, 45, 129)
(0, 45, 128)
(1, 44, 127)
(0, 44, 127)
(1, 43, 126)
(1, 43, 125)
(0, 43, 125)
(1, 42, 125)
(1, 42, 126)
(0, 42, 127)
(1, 41, 126)
(0, 41, 127)
(1, 40, 127)
(0, 40, 128)
(0, 40, 129)
(1, 40, 129)
(1, 40, 130)
(0, 41, 131)
(1, 41, 131)
(1, 41, 132)
(1, 41, 133)
(1, 41, 134)
(0, 42, 135)
(1, 42, 134)
(0, 43, 134)
(1, 43, 134)
(1, 43, 135)
(0, 44, 136)
(0, 44, 137)
(1, 44, 137)
(0, 45, 137)
(1, 45, 136)
(0, 46, 137)
(0, 46, 138)
(0, 46, 139)
(1, 46, 139)
(0, 47, 140)
(0, 47, 141)
(1, 46, 141)
(1, 46, 142)
(0, 47, 143)
(1, 47, 142)
(0, 48, 142)
(0, 48, 141)
(1, 48, 140)
(0, 49, 141)
(0, 49, 142)
(0, 49, 143)
(1, 48, 143)
(1, 48, 144)
(0, 48, 145)
(1, 47, 144)
(0, 47, 145)
(1, 46, 144)
(0, 46, 145)
(1, 45, 145)
(0, 45, 145)
(1, 44, 145)
(1, 44, 146)
(0, 44, 147)
(0, 44, 148)
(0, 44, 149)
(0, 44, 150)
(1, 44, 150)
(0, 45, 151)
(0, 45, 152)
(0, 45, 153)
(1, 44, 153)
(0, 44, 154)
(0, 44, 155)
(1, 44, 155)
(1, 44, 156)
(1, 44, 157)
(0, 44, 158)
(0, 44, 159)
(1, 44, 159)
(1, 44, 160)
(0, 45, 161)
(0, 45, 162)
(0, 45, 163)
(0, 45, 164)
(1, 44, 164)
(0, 44, 165)
(1, 43, 164)
(0, 43, 165)
(0, 43, 166)
(1, 42, 166)
(0, 42, 166)
(0, 42, 165)
(1, 41, 164)
(0, 41, 165)
(0, 41, 166)
(1, 40, 166)
(1, 40, 167)
(0, 40, 168)
(0, 40, 169)
(1, 40, 169)
(0, 41, 170)
(1, 41, 170)
(0, 42, 170)
(1, 42, 169)
(1, 42, 168)
(0, 43, 168)
(1, 43, 168)
(0, 44, 168)
(1, 44, 168)
(0, 45, 169)
(1, 45, 168)
(1, 45, 167)
(0, 45, 167)
(0, 45, 166)
(1, 45, 165)
(0, 46, 165)
(1, 46, 164)
(0, 47, 165)
(0, 47, 166)
(1, 46, 166)
(1, 46, 167)
(0, 47, 168)
(0, 47, 169)
(1, 47, 169)
(0, 48, 169)
(1, 48, 168)
(0, 49, 168)
(1, 49, 167)
(1, 49, 166)
(0, 49, 166)
(1, 48, 165)
(1, 48, 164)
(0, 49, 164)
(1, 49, 164)
(0, 50, 165)
(1, 50, 165)
(0, 51, 165)
(1, 51, 165)
(0, 52, 166)
(1, 52, 166)
(0, 53, 167)
(0, 53, 168)
(0, 53, 169)
(0, 53, 170)
(1, 53, 170)
(0, 54, 171)
(1, 54, 171)
(1, 54, 172)
(0, 55, 173)
(1, 55, 172)
(0, 56, 173)
(1, 56, 172)
(1, 56, 171)
(0, 56, 171)
(1, 55, 170)
(0, 55, 170)
(1, 54, 169)
(0, 54, 169)
(0, 54, 168)
(1, 54, 167)
(1, 54, 166)
(0, 54, 166)
(1, 53, 165)
(1, 53, 164)
(1, 53, 163)
(1, 53, 162)
(1, 53, 161)
(0, 53, 161)
(0, 53, 160)
(1, 53, 159)
(1, 53, 158)
(0, 53, 158)
(1, 52, 157)
(0, 52, 158)
(1, 51, 157)
(1, 51, 156)
(0, 51, 156)
(1, 50, 155)
(0, 50, 155)
(1, 49, 154)
(0, 49, 154)
(1, 48, 154)
(0, 48, 155)
(0, 48, 156)
(1, 47, 156)
(1, 47, 157)
(0, 47, 158)
(0, 47, 159)
(1, 46, 159)
(0, 46, 159)
(0, 46, 158)
(0, 46, 157)
(1, 45, 156)
(1, 45, 155)
(1, 45, 154)
(0, 46, 154)
(0, 46, 153)
(0, 46, 152)
(1, 46, 151)
(0, 47, 151)
(0, 47, 150)
(1, 46, 149)
(1, 46, 148)
(0, 47, 148)
(0, 47, 147)
(1, 47, 146)
(0, 48, 147)
(0, 48, 148)
(1, 48, 148)
(1, 48, 149)
(1, 48, 150)
(0, 49, 151)
(0, 49, 152)
(1, 49, 152)
(0, 50, 153)
(1, 50, 152)
(0, 51, 152)
(0, 51, 151)
(1, 50, 150)
(0, 50, 150)
(1, 49, 149)
(1, 49, 148)
(1, 49, 147)
(0, 49, 147)
(0, 49, 146)
(1, 49, 145)
(0, 50, 145)
(1, 50, 145)
(1, 50, 146)
(1, 50, 147)
(0, 51, 148)
(1, 51, 147)
(0, 52, 148)
(0, 52, 149)
(0, 52, 150)
(0, 52, 151)
(0, 52, 152)
(0, 52, 153)
(1, 52, 153)
(0, 53, 154)
(1, 53, 154)
(1, 53, 155)
(0, 54, 156)
(1, 54, 155)
(1, 54, 154)
(0, 55, 154)
(1, 55, 153)
(0, 56, 154)
(0, 56, 155)
(1, 55, 155)
(1, 55, 156)
(0, 55, 157)
(0, 55, 158)
(0, 55, 159)
(0, 55, 160)
(1, 55, 160)
(0, 56, 161)
(1, 56, 161)
(0, 57, 162)
(1, 57, 161)
(0, 58, 161)
(1, 58, 161)
(0, 59, 162)
(1, 59, 162)
(1, 59, 163)
(1, 59, 164)
(0, 59, 165)
(0, 59, 166)
(0, 59, 167)
(1, 59, 167)
(0, 60, 167)
(1, 60, 166)
(0, 61, 166)
(0, 61, 165)
(1, 61, 164)
(0, 62, 165)
(0, 62, 166)
(1, 62, 166)
(1, 62, 167)
(1, 62, 168)
(0, 62, 169)
(1, 61, 168)
(0, 61, 168)
(1, 60, 168)
(1, 60, 169)
(0, 60, 170)
(1, 59, 170)
(1, 59, 171)
(0, 60, 172)
(1, 60, 171)
(0, 61, 172)
(1, 61, 171)
(0, 62, 171)
(1, 62, 170)
(0, 63, 171)
(1, 63, 170)
(0, 64, 171)
(1, 64, 170)
(0, 65, 171)
(1, 65, 170)
(0, 66, 171)
(0, 66, 172)
(0, 66, 173)
(1, 65, 173)
(0, 65, 173)
(1, 64, 172)
(0, 64, 173)
(1, 63, 172)
(0, 63, 173)
(1, 62, 172)
(0, 62, 173)
(0, 62, 174)
(1, 61, 174)
(0, 61, 175)
(1, 60, 174)
(0, 60, 175)
(1, 59, 175)
(0, 59, 176)
(0, 59, 177)
(1, 59, 177)
(0, 60, 177)
(1, 60, 177)
(0, 61, 177)
(1, 61, 176)
(0, 62, 176)
(1, 62, 175)
(0, 63, 175)
(1, 63, 175)
(1, 63, 176)
(0, 64, 177)
(0, 64, 178)
(0, 64, 179)
(0, 64, 180)
(1, 64, 180)
(0, 65, 181)
(1, 65, 180)
(1, 65, 179)
(0, 65, 179)
(0, 65, 178)
(1, 65, 177)
(0, 66, 177)
(0, 66, 176)
(1, 66, 175)
(0, 67, 176)
(0, 67, 177)
(1, 67, 177)
(0, 68, 177)
(1, 68, 177)
(1, 68, 178)
(1, 68, 179)
(1, 68, 180)
(1, 68, 181)
(0, 69, 182)
(0, 69, 183)
(1, 68, 183)
(0, 68, 184)
(1, 67, 183)
(1, 67, 182)
(0, 67, 182)
(1, 66, 182)
(0, 66, 183)
(1, 65, 183)
(1, 65, 184)
(1, 65, 185)
(1, 65, 186)
(0, 65, 187)
(1, 64, 187)
(0, 64, 187)
(0, 64, 186)
(1, 64, 185)
(1, 64, 184)
(1, 64, 183)
(0, 64, 183)
(1, 63, 182)
(0, 63, 182)
(0, 63, 181)
(0, 63, 180)
(0, 63, 179)
(0, 63, 178)
(1, 62, 177)
(0, 62, 178)
(1, 61, 178)
(0, 61, 179)
(0, 61, 180)
(1, 61, 180)
(1, 61, 181)
(0, 61, 182)
(0, 61, 183)
(0, 61, 184)
(1, 61, 184)
(0, 62, 184)
(1, 62, 184)
(1, 62, 185)
(1, 62, 186)
(0, 63, 187)
(0, 63, 188)
(1, 62, 188)
(1, 62, 189)
(0, 62, 190)
(1, 61, 189)
(0, 61, 190)
(1, 60, 190)
(0, 60, 191)
(1, 59, 190)
(1, 59, 189)
(0, 59, 189)
(1, 58, 189)
(1, 58, 190)
(0, 58, 191)
(1, 57, 191)
(1, 57, 192)
(0, 57, 193)
(1, 56, 192)
(1, 56, 191)
(1, 56, 190)
(0, 57, 190)
(0, 57, 189)
(1, 57, 188)
(0, 58, 188)
(0, 58, 187)
(1, 58, 186)
(0, 59, 186)
(1, 59, 185)
(0, 60, 185)
(0, 60, 184)
(0, 60, 183)
(1, 59, 182)
(0, 59, 183)
(1, 58, 183)
(1, 58, 184)
(0, 58, 185)
(1, 57, 185)
(0, 57, 186)
(1, 56, 186)
(0, 56, 187)
(1, 55, 187)
(0, 55, 187)
(1, 54, 186)
(0, 54, 186)
(1, 53, 186)
(0, 53, 187)
(1, 52, 186)
(0, 52, 186)
(1, 51, 186)
(0, 51, 187)
(1, 50, 187)
(1, 50, 188)
(0, 50, 189)
(1, 49, 188)
(1, 49, 187)
(1, 49, 186)
(0, 49, 186)
(1, 48, 185)
(1, 48, 184)
(0, 49, 184)
(1, 49, 184)
(0, 50, 185)
(1, 50, 185)
(0, 51, 185)
(1, 51, 184)
(0, 52, 184)
(1, 52, 184)
(0, 53, 185)
(1, 53, 184)
(0, 54, 184)
(1, 54, 183)
(0, 55, 184)
(0, 55, 185)
(1, 55, 185)
(0, 56, 185)
(1, 56, 184)
(1, 56, 183)
(0, 56, 183)
(1, 55, 182)
(0, 55, 182)
(0, 55, 181)
(1, 55, 180)
(1, 55, 179)
(0, 56, 179)
(1, 56, 179)
(0, 57, 179)
(0, 57, 178)
(1, 57, 177)
(1, 57, 176)
(1, 57, 175)
(1, 57, 174)
(0, 57, 174)
(1, 56, 174)
(0, 56, 175)
(1, 55, 174)
(0, 55, 175)
(1, 54, 175)
(1, 54, 176)
(1, 54, 177)
(0, 54, 178)
(0, 54, 179)
(0, 54, 180)
(1, 53, 180)
(0, 53, 181)
(1, 52, 181)
(0, 52, 181)
(1, 51, 180)
(1, 51, 179)
(1, 51, 178)
(1, 51, 177)
(0, 52, 177)
(0, 52, 176)
(1, 52, 175)
(0, 53, 175)
(1, 53, 174)
(1, 53, 173)
(0, 53, 173)
(0, 53, 172)
(1, 52, 171)
(0, 52, 172)
(1, 51, 172)
(0, 51, 173)
(1, 50, 172)
(0, 50, 173)
(1, 49, 172)
(0, 49, 172)
(1, 48, 172)
(0, 48, 172)
(1, 47, 171)
(0, 47, 172)
(0, 47, 173)
(1, 46, 173)
(0, 46, 173)
(0, 46, 172)
(0, 46, 171)
(1, 45, 170)
(0, 45, 171)
(1, 44, 171)
(1, 44, 172)
(1, 44, 173)
(1, 44, 174)
(0, 45, 175)
(1, 45, 174)
(0, 46, 175)
(1, 46, 175)
(1, 46, 176)
(0, 46, 177)
(0, 46, 178)
(0, 46, 179)
(0, 46, 180)
(1, 45, 180)
(0, 45, 180)
(0, 45, 179)
(1, 44, 178)
(1, 44, 177)
(1, 44, 176)
(0, 44, 176)
(1, 43, 175)
(1, 43, 174)
(0, 43, 174)
(1, 42, 174)
(1, 42, 175)
(1, 42, 176)
(0, 42, 177)
(1, 41, 176)
(1, 41, 175)
(1, 41, 174)
(1, 41, 173)
(0, 41, 173)
(1, 40, 172)
(1, 40, 171)
(0, 40, 171)
(1, 39, 170)
(0, 39, 170)
(0, 39, 169)
(1, 38, 168)
(0, 38, 168)
(1, 37, 167)
(1, 37, 166)
(0, 37, 166)
(1, 36, 165)
(1, 36, 164)
(0, 37, 164)
(0, 37, 163)
(1, 37, 162)
(0, 38, 162)
(0, 38, 161)
(1, 37, 160)
(0, 37, 161)
(1, 36, 161)
(0, 36, 162)
(0, 36, 163)
(1, 35, 163)
(0, 35, 163)
(0, 35, 162)
(0, 35, 161)
(0, 35, 160)
(1, 35, 159)
(1, 35, 158)
(1, 35, 157)
(0, 36, 157)
(1, 36, 157)
(0, 37, 157)
(1, 37, 157)
(0, 38, 157)
(1, 38, 156)
(0, 39, 157)
(1, 39, 157)
(0, 40, 157)
(1, 40, 157)
(0, 41, 158)
(1, 41, 158)
(0, 42, 158)
(1, 42, 158)
(0, 43, 158)
(0, 43, 157)
(0, 43, 156)
(0, 43, 155)
(1, 42, 154)
(0, 42, 154)
(1, 41, 154)
(1, 41, 155)
(0, 41, 156)
(1, 40, 155)
(0, 40, 155)
(1, 39, 154)
(0, 39, 154)
(0, 39, 153)
(1, 38, 152)
(1, 38, 151)
(0, 38, 151)
(1, 37, 150)
(1, 37, 149)
(0, 37, 149)
(0, 37, 148)
(1, 36, 147)
(0, 36, 147)
(1, 35, 146)
(0, 35, 147)
(1, 34, 147)
(1, 34, 148)
(1, 34, 149)
(0, 35, 150)
(1, 35, 150)
(0, 36, 150)
(1, 36, 150)
(1, 36, 151)
(0, 36, 152)
(0, 36, 153)
(0, 36, 154)
(0, 36, 155)
(1, 35, 155)
(0, 35, 156)
(1, 34, 156)
(0, 34, 156)
(1, 33, 155)
(0, 33, 155)
(1, 32, 154)
(0, 32, 155)
(0, 32, 156)
(0, 32, 157)
(1, 31, 157)
(0, 31, 157)
(0, 31, 156)
(0, 31, 155)
(1, 30, 154)
(0, 30, 155)
(1, 29, 154)
(0, 29, 154)
(0, 29, 153)
(1, 29, 152)
(0, 30, 153)
(1, 30, 152)
(0, 31, 152)
(1, 31, 152)
(0, 32, 153)
(1, 32, 152)
(0, 33, 152)
(1, 33, 151)
(1, 33, 150)
(0, 33, 150)
(1, 32, 149)
(0, 32, 149)
(1, 31, 148)
(0, 31, 148)
(1, 30, 148)
(0, 30, 149)
(1, 29, 148)
(1, 29, 147)
(0, 30, 147)
(0, 30, 146)
(1, 30, 145)
(0, 31, 145)
(1, 31, 144)
(0, 32, 145)
(1, 32, 144)
(0, 33, 145)
(0, 33, 146)
(1, 33, 146)
(0, 34, 146)
(1, 34, 145)
(0, 35, 145)
(1, 35, 144)
(0, 36, 144)
(0, 36, 143)
(1, 36, 142)
(1, 36, 141)
(0, 36, 141)
(1, 35, 141)
(0, 35, 142)
(1, 34, 141)
(1, 34, 140)
(0, 34, 140)
(1, 33, 140)
(0, 33, 141)
(1, 32, 141)
(0, 32, 142)
(1, 31, 142)
(0, 31, 143)
(1, 30, 142)
(0, 30, 143)
(1, 29, 143)
(0, 29, 143)
(1, 28, 143)
(1, 28, 144)
(0, 28, 145)
(1, 27, 144)
(0, 27, 145)
(0, 27, 146)
(1, 27, 146)
(1, 27, 147)
(0, 27, 148)
(0, 27, 149)
(1, 26, 149)
(0, 26, 150)
(1, 25, 149)
(1, 25, 148)
(0, 26, 148)
(0, 26, 147)
(0, 26, 146)
(1, 25, 145)
(1, 25, 144)
(0, 25, 144)
(1, 24, 144)
(1, 24, 145)
(1, 24, 146)
(1, 24, 147)
(1, 24, 148)
(0, 24, 149)
(0, 24, 150)
(1, 23, 150)
(0, 23, 150)
(1, 22, 150)
(0, 22, 150)
(1, 21, 150)
(0, 21, 150)
(1, 20, 149)
(0, 20, 149)
(1, 19, 148)
(1, 19, 147)
(0, 19, 147)
(1, 18, 146)
(0, 18, 146)
(0, 18, 145)
(0, 18, 144)
(1, 17, 143)
(1, 17, 142)
(0, 17, 142)
(1, 16, 141)
(1, 16, 140)
(0, 17, 140)
(0, 17, 139)
(1, 17, 138)
(0, 18, 138)
(1, 18, 138)
(0, 19, 139)
(1, 19, 139)
(0, 20, 140)
(0, 20, 141)
(1, 20, 141)
(0, 21, 141)
(1, 21, 140)
(0, 22, 141)
(1, 22, 140)
(0, 23, 141)
(0, 23, 142)
(1, 23, 142)
(0, 24, 142)
(1, 24, 141)
(0, 25, 141)
(0, 25, 140)
(0, 25, 139)
(1, 24, 138)
(0, 24, 138)
(0, 24, 137)
(1, 24, 136)
(1, 24, 135)
(0, 25, 135)
(1, 25, 134)
(0, 26, 135)
(0, 26, 136)
(1, 25, 136)
(1, 25, 137)
(0, 26, 138)
(0, 26, 139)
(0, 26, 140)
(1, 26, 140)
(0, 27, 140)
(1, 27, 140)
(0, 28, 140)
(1, 28, 140)
(0, 29, 140)
(1, 29, 140)
(0, 30, 140)
(0, 30, 139)
(1, 29, 138)
(1, 29, 137)
(0, 29, 137)
(1, 28, 136)
(0, 28, 137)
(1, 27, 136)
(0, 27, 136)
(0, 27, 135)
(0, 27, 134)
(1, 27, 133)
(1, 27, 132)
(1, 27, 131)
(0, 27, 131)
(1, 26, 130)
(0, 26, 130)
(1, 25, 130)
(0, 25, 130)
(1, 24, 129)
(1, 24, 128)
(1, 24, 127)
(0, 25, 127)
(1, 25, 127)
(0, 26, 127)
(1, 26, 126)
(0, 27, 126)
(1, 27, 125)
(0, 28, 125)
(1, 28, 124)
(1, 28, 123)
(0, 29, 123)
(1, 29, 123)
(0, 30, 123)
(1, 30, 123)
(1, 30, 124)
(0, 31, 125)
(1, 31, 124)
(1, 31, 123)
(1, 31, 122)
(0, 31, 122)
(1, 30, 121)
(0, 30, 121)
(1, 29, 121)
(0, 29, 121)
(0, 29, 120)
(1, 28, 119)
(0, 28, 119)
(0, 28, 118)
(0, 28, 117)
(0, 28, 116)
(0, 28, 115)
(0, 28, 114)
(1, 27, 113)
(1, 27, 112)
(1, 27, 111)
(0, 28, 111)
(0, 28, 110)
(1, 27, 109)
(0, 27, 110)
(1, 26, 109)
(1, 26, 108)
(1, 26, 107)
(1, 26, 106)
(0, 27, 106)
(1, 27, 106)
(1, 27, 107)
(0, 28, 108)
(1, 28, 107)
(0, 29, 107)
(1, 29, 106)
(0, 30, 106)
(1, 30, 106)
(1, 30, 107)
(0, 31, 108)
(1, 31, 107)
(1, 31, 106)
(1, 31, 105)
(1, 31, 104)
(1, 31, 103)
(0, 31, 103)
(0, 31, 102)
(1, 30, 101)
(1, 30, 100)
(0, 30, 100)
(0, 30, 99)
(1, 29, 98)
(1, 29, 97)
(0, 30, 97)
(1, 30, 96)
(0, 31, 96)
(1, 31, 96)
(0, 32, 96)
(1, 32, 95)
(0, 33, 96)
(0, 33, 97)
(1, 33, 97)
(1, 33, 98)
(1, 33, 99)
(0, 33, 100)
(0, 33, 101)
(1, 32, 101)
(1, 32, 102)
(1, 32, 103)
(1, 32, 104)
(0, 33, 105)
(1, 33, 104)
(0, 34, 104)
(0, 34, 103)
(0, 34, 102)
(1, 34, 101)
(1, 34, 100)
(0, 35, 100)
(1, 35, 99)
(0, 36, 99)
(1, 36, 99)
(0, 37, 99)
(0, 37, 98)
(1, 36, 97)
(0, 36, 97)
(0, 36, 96)
(1, 35, 95)
(0, 35, 96)
(1, 34, 95)
(0, 34, 95)
(0, 34, 94)
(1, 34, 93)
(0, 35, 93)
(1, 35, 93)
(0, 36, 93)
(1, 36, 92)
(0, 37, 92)
(0, 37, 91)
(1, 37, 90)
(0, 38, 90)
(0, 38, 89)
(1, 38, 88)
(0, 39, 88)
(1, 39, 88)
(1, 39, 89)
(0, 40, 90)
(1, 40, 90)
(0, 41, 91)
(1, 41, 90)
(0, 42, 90)
(1, 42, 90)
(1, 42, 91)
(0, 42, 92)
(1, 41, 92)
(1, 41, 93)
(1, 41, 94)
(0, 41, 95)
(1, 40, 94)
(0, 40, 94)
(1, 39, 93)
(1, 39, 92)
(0, 39, 92)
(1, 38, 91)
(0, 38, 92)
(0, 38, 93)
(1, 38, 93)
(1, 38, 94)
(1, 38, 95)
(0, 39, 96)
(1, 39, 96)
(0, 40, 97)
(1, 40, 97)
(1, 40, 98)
(1, 40, 99)
(0, 41, 100)
(1, 41, 99)
(0, 42, 100)
(0, 42, 101)
(1, 41, 101)
(1, 41, 102)
(0, 42, 103)
(1, 42, 103)
(1, 42, 104)
(0, 43, 105)
(1, 43, 104)
(0, 44, 104)
(1, 44, 103)
(0, 45, 104)
(1, 45, 104)
(0, 46, 104)
(1, 46, 103)
(0, 47, 103)
(1, 47, 102)
(0, 48, 102)
(1, 48, 101)
(0, 49, 101)
(1, 49, 101)
(1, 49, 102)
(0, 50, 103)
(0, 50, 104)
(0, 50, 105)
(0, 50, 106)
(1, 50, 106)
(1, 50, 107)
(0, 51, 108)
(1, 51, 108)
(0, 52, 109)
(1, 52, 109)
(0, 53, 109)
(1, 53, 108)
(0, 54, 108)
(1, 54, 108)
(0, 55, 108)
(1, 55, 108)
(0, 56, 108)
(1, 56, 107)
(1, 56, 106)
(0, 56, 106)
(0, 56, 105)
(1, 56, 104)
(0, 57, 104)
(1, 57, 103)
(0, 58, 103)
(1, 58, 102)
(1, 58, 101)
(1, 58, 100)
(0, 59, 100)
(1, 59, 100)
(0, 60, 100)
(0, 60, 99)
(1, 60, 98)
(1, 60, 97)
(0, 61, 97)
(1, 61, 96)
(1, 61, 95)
(0, 61, 95)
(0, 61, 94)
(1, 60, 93)
(1, 60, 92)
(1, 60, 91)
(0, 61, 91)
(0, 61, 90)
(1, 60, 89)
(1, 60, 88)
(1, 60, 87)
(0, 61, 87)
(0, 61, 86)
(0, 61, 85)
(0, 61, 84)
(1, 61, 83)
(1, 61, 82)
(0, 61, 82)
(0, 61, 81)
(1, 61, 80)
(1, 61, 79)
(1, 61, 78)
(0, 61, 78)
(1, 60, 77)
(1, 60, 76)
(1, 60, 75)
(0, 60, 75)
(1, 59, 75)
(1, 59, 76)
(1, 59, 77)
(0, 59, 78)
(0, 59, 79)
(1, 58, 79)
(0, 58, 80)
(0, 58, 81)
(0, 58, 82)
(1, 57, 82)
(1, 57, 83)
(0, 58, 84)
(0, 58, 85)
(0, 58, 86)
(1, 58, 86)
(0, 59, 87)
(0, 59, 88)
(1, 59, 88)
(1, 59, 89)
(0, 59, 90)
(1, 58, 89)
(0, 58, 90)
(1, 57, 90)
(1, 57, 91)
(0, 58, 92)
(1, 58, 92)
(1, 58, 93)
(1, 58, 94)
(0, 58, 95)
(0, 58, 96)
(1, 57, 96)
(0, 57, 97)
(0, 57, 98)
(1, 56, 98)
(0, 56, 99)
(1, 55, 98)
(1, 55, 97)
(1, 55, 96)
(0, 56, 96)
(1, 56, 95)
(1, 56, 94)
(0, 56, 94)
(1, 55, 93)
(0, 55, 94)
(1, 54, 93)
(1, 54, 92)
(1, 54, 91)
(1, 54, 90)
(0, 55, 90)
(0, 55, 89)
(1, 55, 88)
(1, 55, 87)
(0, 55, 87)
(1, 54, 86)
(0, 54, 87)
(0, 54, 88)
(1, 53, 88)
(0, 53, 89)
(1, 52, 88)
(1, 52, 87)
(1, 52, 86)
(0, 53, 86)
(1, 53, 85)
(1, 53, 84)
(0, 53, 84)
(0, 53, 83)
(1, 52, 82)
(1, 52, 81)
(1, 52, 80)
(0, 52, 80)
(1, 51, 79)
(0, 51, 79)
(1, 50, 79)
(1, 50, 80)
(0, 51, 81)
(1, 51, 81)
(1, 51, 82)
(0, 51, 83)
(1, 50, 82)
(0, 50, 83)
(1, 49, 83)
(1, 49, 84)
(0, 50, 85)
(1, 50, 85)
(0, 51, 85)
(1, 51, 85)
(1, 51, 86)
(1, 51, 87)
(1, 51, 88)
(0, 51, 89)
(1, 50, 89)
(0, 50, 89)
(1, 49, 88)
(0, 49, 89)
(1, 48, 88)
(1, 48, 87)
(1, 48, 86)
(0, 48, 86)
(0, 48, 85)
(1, 47, 84)
(0, 47, 84)
(1, 46, 84)
(0, 46, 85)
(1, 45, 84)
(0, 45, 84)
(0, 45, 83)
(1, 45, 82)
(1, 45, 81)
(0, 46, 81)
(1, 46, 80)
(0, 47, 80)
(1, 47, 79)
(1, 47, 78)
(0, 47, 78)
(0, 47, 77)
(1, 46, 76)
(1, 46, 75)
(0, 47, 75)
(1, 47, 75)
(0, 48, 75)
(1, 48, 75)
(0, 49, 75)
(0, 49, 74)
(1, 49, 73)
(1, 49, 72)
(1, 49, 71)
(0, 50, 71)
(1, 50, 71)
(1, 50, 72)
(1, 50, 73)
(0, 51, 74)
(1, 51, 73)
(0, 52, 73)
(1, 52, 72)
(1, 52, 71)
(1, 52, 70)
(0, 53, 70)
(1, 53, 69)
(1, 53, 68)
(0, 53, 68)
(1, 52, 68)
(0, 52, 68)
(0, 52, 67)
(0, 52, 66)
(0, 52, 65)
(1, 52, 64)
(0, 53, 64)
(0, 53, 63)
(0, 53, 62)
(0, 53, 61)
(1, 52, 60)
(0, 52, 60)
(1, 51, 60)
(0, 51, 60)
(1, 50, 60)
(0, 50, 61)
(1, 49, 61)
(1, 49, 62)
(1, 49, 63)
(1, 49, 64)
(1, 49, 65)
(0, 50, 66)
(1, 50, 66)
(0, 51, 67)
(0, 51, 68)
(0, 51, 69)
(1, 50, 69)
(0, 50, 69)
(1, 49, 69)
(0, 49, 70)
(1, 48, 70)
(0, 48, 71)
(1, 47, 71)
(0, 47, 72)
(1, 46, 72)
(0, 46, 72)
(1, 45, 71)
(0, 45, 71)
(0, 45, 70)
(1, 44, 69)
(0, 44, 69)
(1, 43, 69)
(0, 43, 70)
(1, 42, 70)
(0, 42, 70)
(0, 42, 69)
(1, 42, 68)
(0, 43, 68)
(1, 43, 67)
(1, 43, 66)
(0, 43, 66)
(1, 42, 65)
(1, 42, 64)
(0, 43, 64)
(1, 43, 63)
(0, 44, 63)
(0, 44, 62)
(0, 44, 61)
(0, 44, 60)
(1, 44, 59)
(0, 45, 59)
(0, 45, 58)
(1, 44, 57)
(0, 44, 57)
(0, 44, 56)
(1, 44, 55)
(0, 45, 55)
(1, 45, 54)
(1, 45, 53)
(0, 46, 53)
(1, 46, 53)
(0, 47, 54)
(0, 47, 55)
(1, 47, 55)
(0, 48, 55)
(1, 48, 55)
(0, 49, 56)
(0, 49, 57)
(0, 49, 58)
(0, 49, 59)
(1, 49, 59)
(0, 50, 59)
(1, 50, 58)
(0, 51, 58)
(1, 51, 58)
(0, 52, 58)
(1, 52, 57)
(0, 53, 58)
(0, 53, 59)
(1, 53, 59)
(0, 54, 59)
(0, 54, 58)
(0, 54, 57)
(0, 54, 56)
(1, 54, 55)
(1, 54, 54)
(0, 54, 54)
(0, 54, 53)
(1, 54, 52)
(0, 55, 53)
(1, 55, 52)
(0, 56, 52)
(1, 56, 52)
(0, 57, 52)
(0, 57, 51)
(1, 56, 50)
(0, 56, 50)
(0, 56, 49)
(1, 55, 48)
(0, 55, 48)
(1, 54, 47)
(0, 54, 48)
(0, 54, 49)
(0, 54, 50)
(0, 54, 51)
(1, 53, 51)
(0, 53, 52)
(0, 53, 53)
(0, 53, 54)
(1, 52, 54)
(1, 52, 55)
(0, 52, 56)
(1, 51, 55)
(0, 51, 56)
(1, 50, 56)
(0, 50, 56)
(0, 50, 55)
(1, 49, 54)
(0, 49, 54)
(0, 49, 53)
(1, 48, 52)
(0, 48, 53)
(1, 47, 52)
(0, 47, 52)
(1, 46, 51)
(1, 46, 50)
(0, 46, 50)
(1, 45, 50)
(0, 45, 51)
(1, 44, 51)
(1, 44, 52)
(1, 44, 53)
(0, 44, 54)
(1, 43, 54)
(0, 43, 54)
(1, 42, 54)
(0, 42, 55)
(0, 42, 56)
(0, 42, 57)
(1, 41, 57)
(0, 41, 57)
(1, 40, 57)
(0, 40, 58)
(1, 39, 58)
(0, 39, 59)
(1, 38, 59)
(1, 38, 60)
(1, 38, 61)
(1, 38, 62)
(1, 38, 63)
(0, 39, 64)
(0, 39, 65)
(1, 38, 65)
(0, 38, 65)
(1, 37, 64)
(0, 37, 65)
(0, 37, 66)
(1, 37, 66)
(1, 37, 67)
(1, 37, 68)
(0, 37, 69)
(0, 37, 70)
(0, 37, 71)
(1, 37, 71)
(1, 37, 72)
(1, 37, 73)
(1, 37, 74)
(0, 38, 75)
(0, 38, 76)
(1, 38, 76)
(1, 38, 77)
(0, 39, 78)
(1, 39, 77)
(0, 40, 78)
(1, 40, 77)
(1, 40, 76)
(1, 40, 75)
(1, 40, 74)
(0, 41, 74)
(1, 41, 74)
(0, 42, 74)
(0, 42, 73)
(1, 42, 72)
(0, 43, 73)
(0, 43, 74)
(0, 43, 75)
(1, 42, 75)
(1, 42, 76)
(0, 42, 77)
(1, 41, 77)
(1, 41, 78)
(0, 41, 79)
(0, 41, 80)
(1, 40, 80)
(0, 40, 80)
(1, 39, 80)
(0, 39, 80)
(1, 38, 79)
(0, 38, 80)
(0, 38, 81)
(1, 38, 81)
(1, 38, 82)
(0, 38, 83)
(1, 37, 82)
(0, 37, 82)
(0, 37, 81)
(1, 36, 80)
(0, 36, 81)
(1, 35, 80)
(1, 35, 79)
(0, 36, 79)
(1, 36, 78)
(0, 37, 79)
(1, 37, 78)
(1, 37, 77)
(0, 37, 77)
(1, 36, 76)
(1, 36, 75)
(1, 36, 74)
(1, 36, 73)
(0, 36, 73)
(1, 35, 73)
(0, 35, 74)
(1, 34, 74)
(1, 34, 75)
(1, 34, 76)
(0, 34, 77)
(0, 34, 78)
(1, 33, 78)
(0, 33, 79)
(0, 33, 80)
(1, 32, 80)
(0, 32, 81)
(1, 31, 81)
(1, 31, 82)
(0, 32, 83)
(0, 32, 84)
(1, 32, 84)
(0, 33, 84)
(1, 33, 84)
(0, 34, 85)
(1, 34, 85)
(0, 35, 85)
(0, 35, 84)
(0, 35, 83)
(1, 35, 82)
(0, 36, 83)
(0, 36, 84)
(1, 36, 84)
(1, 36, 85)
(1, 36, 86)
(1, 36, 87)
(1, 36, 88)
(0, 36, 89)
(1, 35, 88)
(1, 35, 87)
(0, 35, 87)
(1, 34, 87)
(0, 34, 88)
(1, 33, 87)
(0, 33, 88)
(1, 32, 88)
(0, 32, 89)
(1, 31, 88)
(1, 31, 87)
(1, 31, 86)
(1, 31, 85)
(0, 31, 85)
(0, 31, 84)
(1, 30, 83)
(0, 30, 83)
(0, 30, 82)
(1, 30, 81)
(1, 30, 80)
(0, 31, 80)
(1, 31, 79)
(0, 32, 79)
(0, 32, 78)
(0, 32, 77)
(1, 31, 76)
(1, 31, 75)
(0, 32, 75)
(1, 32, 75)
(0, 33, 75)
(0, 33, 74)
(1, 32, 73)
(1, 32, 72)
(0, 33, 72)
(1, 33, 71)
(1, 33, 70)
(1, 33, 69)
(0, 34, 69)
(0, 34, 68)
(1, 34, 67)
(1, 34, 66)
(0, 34, 66)
(0, 34, 65)
(1, 33, 64)
(0, 33, 65)
(1, 32, 65)
(0, 32, 65)
(1, 31, 65)
(0, 31, 66)
(1, 30, 65)
(0, 30, 66)
(1, 29, 66)
(1, 29, 67)
(1, 29, 68)
(0, 30, 69)
(0, 30, 70)
(1, 29, 70)
(0, 29, 71)
(0, 29, 72)
(1, 28, 72)
(0, 28, 73)
(1, 27, 73)
(1, 27, 74)
(0, 28, 75)
(0, 28, 76)
(1, 28, 76)
(0, 29, 77)
(0, 29, 78)
(0, 29, 79)
(0, 29, 80)
(0, 29, 81)
(0, 29, 82)
(1, 28, 82)
(1, 28, 83)
(1, 28, 84)
(1, 28, 85)
(1, 28, 86)
(1, 28, 87)
(1, 28, 88)
(1, 28, 89)
(0, 28, 90)
(1, 27, 89)
(0, 27, 89)
(1, 26, 88)
(0, 26, 89)
(1, 25, 88)
(0, 25, 88)
(0, 25, 87)
(1, 24, 86)
(0, 24, 87)
(1, 23, 86)
(0, 23, 86)
(0, 23, 85)
(1, 22, 84)
(0, 22, 84)
(1, 21, 83)
(0, 21, 84)
(0, 21, 85)
(1, 21, 85)
(1, 21, 86)
(0, 21, 87)
(0, 21, 88)
(1, 21, 88)
(0, 22, 89)
(1, 22, 88)
(0, 23, 89)
(0, 23, 90)
(0, 23, 91)
(0, 23, 92)
(1, 22, 92)
(0, 22, 92)
(1, 21, 92)
(0, 21, 93)
(1, 20, 92)
(1, 20, 91)
(0, 20, 91)
(1, 19, 91)
(1, 19, 92)
(0, 19, 93)
(0, 19, 94)
(0, 19, 95)
(0, 19, 96)
(1, 19, 96)
(0, 20, 96)
(1, 20, 95)
(0, 21, 96)
(0, 21, 97)
(0, 21, 98)
(1, 20, 98)
(0, 20, 99)
(0, 20, 100)
(0, 20, 101)
(1, 20, 101)
(1, 20, 102)
(0, 20, 103)
(0, 20, 104)
(1, 20, 104)
(1, 20, 105)
(1, 20, 106)
(0, 20, 107)
(1, 19, 106)
(1, 19, 105)
(0, 19, 105)
(1, 18, 105)
(0, 18, 106)
(1, 17, 106)
(1, 17, 107)
(0, 18, 108)
(0, 18, 109)
(0, 18, 110)
(1, 17, 110)
(0, 17, 110)
(1, 16, 110)
(0, 16, 110)
(1, 15, 109)
(0, 15, 110)
(0, 15, 111)
(1, 15, 111)
(1, 15, 112)
(1, 15, 113)
(0, 15, 114)
(0, 15, 115)
(1, 14, 115)
(0, 14, 116)
(0, 14, 117)
(1, 14, 117)
(0, 15, 118)
(0, 15, 119)
(1, 14, 119)
(0, 14, 120)
(1, 13, 120)
(0, 13, 121)
(1, 12, 121)
(0, 12, 121)
(1, 11, 121)
(0, 11, 122)
(1, 10, 121)
(0, 10, 122)
(0, 10, 123)
(1, 10, 123)
(1, 10, 124)
(0, 10, 125)
(1, 9, 124)
(0, 9, 125)
(1, 8, 125)
(1, 8, 126)
(0, 9, 127)
(1, 9, 127)
(0, 10, 127)
(1, 10, 127)
(0, 11, 128)
(1, 11, 127)
(1, 11, 126)
(0, 12, 126)
(0, 12, 125)
(0, 12, 124)
(1, 12, 123)
(0, 13, 123)
(1, 13, 122)
(0, 14, 123)
(1, 14, 123)
(1, 14, 124)
(0, 15, 125)
(1, 15, 124)
(0, 16, 125)
(1, 16, 125)
(0, 17, 125)
(1, 17, 125)
(0, 18, 126)
(1, 18, 125)
(1, 18, 124)
(0, 18, 124)
(1, 17, 123)
(1, 17, 122)
(1, 17, 121)
(0, 17, 121)
(0, 17, 120)
(1, 17, 119)
(0, 18, 120)
(1, 18, 119)
(1, 18, 118)
(1, 18, 117)
(1, 18, 116)
(0, 18, 116)
(0, 18, 115)
(1, 17, 114)
(1, 17, 113)
(0, 18, 113)
(0, 18, 112)
(1, 18, 111)
(0, 19, 112)
(0, 19, 113)
(1, 19, 113)
(0, 20, 113)
(1, 20, 112)
(0, 21, 113)
(1, 21, 113)
(1, 21, 114)
(1, 21, 115)
(1, 21, 116)
(0, 21, 117)
(1, 20, 117)
(1, 20, 118)
(0, 20, 119)
(0, 20, 120)
(1, 20, 120)
(1, 20, 121)
(0, 21, 122)
(1, 21, 122)
(0, 22, 122)
(0, 22, 121)
(1, 21, 120)
(1, 21, 119)
(0, 22, 119)
(1, 22, 118)
(1, 22, 117)
(0, 23, 117)
(1, 23, 117)
(0, 24, 118)
(1, 24, 118)
(0, 25, 119)
(1, 25, 119)
(0, 26, 120)
(0, 26, 121)
(0, 26, 122)
(1, 25, 122)
(0, 25, 123)
(0, 25, 124)
(1, 24, 124)
(1, 24, 125)
(0, 24, 126)
(1, 23, 125)
(0, 23, 125)
(1, 22, 125)
(1, 22, 126)
(0, 22, 127)
(0, 22, 128)
(0, 22, 129)
(1, 21, 129)
(0, 21, 129)
(1, 20, 129)
(0, 20, 130)
(1, 19, 130)
(0, 19, 131)
(1, 18, 131)
(0, 18, 132)
(1, 17, 132)
(1, 17, 133)
(1, 17, 134)
(1, 17, 135)
(0, 17, 136)
(1, 16, 136)
(0, 16, 137)
(1, 15, 137)
(0, 15, 138)
(1, 14, 138)
(0, 14, 138)
(1, 13, 138)
(0, 13, 138)
(0, 13, 137)
(1, 13, 136)
(0, 14, 136)
(0, 14, 135)
(1, 13, 134)
(0, 13, 134)
(1, 12, 133)
(0, 12, 134)
(1, 11, 134)
(1, 11, 135)
(1, 11, 136)
(1, 11, 137)
(1, 11, 138)
(0, 12, 139)
(0, 12, 140)
(1, 12, 140)
(0, 13, 141)
(1, 13, 141)
(0, 14, 142)
(0, 14, 143)
(1, 14, 143)
(0, 15, 144)
(0, 15, 145)
(1, 15, 145)
(0, 16, 146)
(0, 16, 147)
(1, 15, 147)
(1, 15, 148)
(0, 16, 149)
(1, 16, 149)
(0, 17, 149)
(0, 17, 148)
(1, 17, 147)
(0, 18, 148)
(1, 18, 148)
(1, 18, 149)
(0, 18, 150)
(1, 17, 150)
(1, 17, 151)
(0, 17, 152)
(0, 17, 153)
(1, 16, 153)
(0, 16, 153)
(1, 15, 153)
(0, 15, 153)
(0, 15, 152)
(0, 15, 151)
(0, 15, 150)
(1, 14, 149)
(0, 14, 150)
(1, 13, 149)
(1, 13, 148)
(1, 13, 147)
(1, 13, 146)
(1, 13, 145)
(1, 13, 144)
(0, 13, 144)
(1, 12, 144)
(1, 12, 145)
(1, 12, 146)
(1, 12, 147)
(1, 12, 148)
(0, 12, 149)
(1, 11, 148)
(1, 11, 147)
(1, 11, 146)
(0, 11, 146)
(0, 11, 145)
(1, 11, 144)
(1, 11, 143)
(0, 11, 143)
(1, 10, 143)
(0, 10, 143)
(1, 9, 142)
(1, 9, 141)
(0, 9, 141)
(0, 9, 140)
(0, 9, 139)
(0, 9, 138)
(1, 8, 137)
(0, 8, 137)
(0, 8, 136)
(1, 7, 135)
(1, 7, 134)
(1, 7, 133)
(0, 7, 133)
(0, 7, 132)
(1, 7, 131)
(0, 8, 132)
(1, 8, 132)
(0, 9, 132)
(1, 9, 132)
(0, 10, 132)
(0, 10, 131)
(0, 10, 130)
(1, 9, 129)
(0, 9, 129)
(1, 8, 128)
(0, 8, 128)
(1, 7, 128)
(0, 7, 129)
(1, 6, 129)
(1, 6, 130)
(0, 6, 131)
(1, 5, 130)
(0, 5, 131)
(1, 4, 130)
(0, 4, 131)
(1, 3, 131)
(0, 3, 131)
(0, 3, 130)
(1, 2, 129)
(0, 2, 130)
(1, 1, 129)
(0, 1, 129)
(0, 1, 128)
(1, 0, 127)
(0, 0, 128)
(1, -1, 127)
(0, -1, 127)
(1, -2, 127)
(1, -2, 128)
(0, -2, 129)
(1, -3, 129)
(0, -3, 130)
(1, -4, 129)
(0, -4, 129)
(1, -5, 128)
(1, -5, 127)
(0, -4, 127)
(1, -4, 126)
(1, -4, 125)
(0, -4, 125)
(1, -5, 125)
(0, -5, 126)
(1, -6, 126)
(0, -6, 126)
(1, -7, 125)
(0, -7, 125)
(0, -7, 124)
(0, -7, 123)
(0, -7, 122)
(1, -8, 121)
(0, -8, 122)
(1, -9, 122)
(0, -9, 123)
(0, -9, 124)
(1, -10, 124)
(0, -10, 125)
(1, -11, 125)
(1, -11, 126)
(1, -11, 127)
(0, -10, 128)
(1, -10, 128)
(0, -9, 129)
(1, -9, 128)
(0, -8, 129)
(1, -8, 128)
(0, -7, 129)
(0, -7, 130)
(1, -8, 130)
(0, -8, 131)
(1, -9, 130)
(0, -9, 131)
(1, -10, 130)
(0, -10, 131)
(1, -11, 130)
(1, -11, 129)
(0, -11, 129)
(1, -12, 129)
(0, -12, 130)
(1, -13, 130)
(1, -13, 131)
(1, -13, 132)
(0, -12, 133)
(0, -12, 134)
(0, -12, 135)
(0, -12, 136)
(1, -13, 136)
(1, -13, 137)
(1, -13, 138)
(0, -12, 139)
(1, -12, 139)
(0, -11, 140)
(1, -11, 140)
(1, -11, 141)
(0, -11, 142)
