(1, 20, -114)
(1, 20, -115)
(0, 21, -115)
(1, 21, -116)
(1, 21, -117)
(0, 22, -117)
(1, 22, -117)
(0, 23, -116)
(1, 23, -117)
(0, 24, -117)
(1, 24, -118)
(0, 25, -118)
(1, 25, -119)
(0, 26, -119)
(0, 26, -120)
(1, 26, -121)
(0, 27, -120)
(0, 27, -119)
(0, 27, -118)
(1, 27, -118)
(0, 28, -117)
(1, 28, -117)
(1, 28, -116)
(0, 29, -115)
(1, 29, -115)
(1, 29, -114)
(1, 29, -113)
(1, 29, -112)
(0, 29, -111)
(1, 28, -111)
(0, 28, -110)
(1, 27, -110)
(0, 27, -110)
(1, 26, -111)
(1, 26, -112)
(0, 26, -112)
(0, 26, -113)
(1, 25, -114)
(0, 25, -113)
(1, 24, -114)
(0, 24, -114)
(1, 23, -115)
(0, 23, -114)
(1, 22, -114)
(1, 22, -113)
(1, 22, -112)
(0, 23, -111)
(0, 23, -110)
(0, 23, -109)
(1, 23, -109)
(1, 23, -108)
(1, 23, -107)
(1, 23, -106)
(1, 23, -105)
(1, 23, -104)
(1, 23, -103)
(0, 23, -102)
(0, 23, -101)
(1, 23, -101)
(1, 23, -100)
(1, 23, -99)
(0, 23, -98)
(1, 22, -99)
(0, 22, -99)
(1, 21, -100)
(0, 21, -99)
(0, 21, -98)
(1, 20, -98)
(0, 20, -98)
(1, 19, -98)
(1, 19, -97)
(0, 19, -96)
(0, 19, -95)
(0, 19, -94)
(1, 19, -94)
(0, 20, -93)
(0, 20, -92)
(1, 20, -92)
(1, 20, -91)
(0, 21, -90)
(1, 21, -91)
(1, 21, -92)
(0, 22, -92)
(1, 22, -92)
(0, 23, -92)
(1, 23, -92)
(0, 24, -92)
(1, 24, -93)
(1, 24, -94)
(0, 25, -94)
(1, 25, -94)
(0, 26, -94)
(0, 26, -95)
(0, 26, -96)
(1, 26, -97)
(0, 27, -97)
(0, 27, -98)
(0, 27, -99)
(1, 26, -100)
(0, 26, -99)
(1, 25, -99)
(1, 25, -98)
(0, 25, -97)
(1, 24, -98)
(1, 24, -99)
(1, 24, -100)
(1, 24, -101)
(1, 24, -102)
(0, 25, -102)
(0, 25, -103)
(0, 25, -104)
(0, 25, -105)
(1, 25, -106)
(0, 26, -106)
(1, 26, -107)
(0, 27, -106)
(1, 27, -106)
(0, 28, -106)
(1, 28, -106)
(0, 29, -106)
(1, 29, -107)
(0, 30, -106)
(1, 30, -106)
(0, 31, -106)
(1, 31, -107)
(0, 32, -107)
(1, 32, -108)
(1, 32, -109)
(0, 32, -109)
(1, 31, -109)
(0, 31, -109)
(1, 30, -110)
(1, 30, -111)
(1, 30, -112)
(0, 31, -112)
(1, 31, -113)
(0, 32, -112)
(1, 32, -113)
(1, 32, -114)
(0, 33, -114)
(1, 33, -115)
(0, 34, -115)
(1, 34, -115)
(1, 34, -114)
(0, 35, -113)
(1, 35, -113)
(0, 36, -112)
(1, 36, -113)
(0, 37, -112)
(1, 37, -112)
(0, 38, -112)
(1, 38, -112)
(0, 39, -111)
(1, 39, -111)
(0, 40, -110)
(0, 40, -109)
(0, 40, -108)
(0, 40, -107)
(0, 40, -106)
(1, 40, -106)
(0, 41, -105)
(1, 41, -105)
(1, 41, -104)
(0, 41, -103)
(1, 40, -103)
(0, 40, -103)
(1, 39, -103)
(0, 39, -103)
(1, 38, -104)
(0, 38, -104)
(1, 37, -105)
(1, 37, -106)
(0, 37, -106)
(1, 36, -107)
(0, 36, -107)
(0, 36, -108)
(1, 35, -109)
(1, 35, -110)
(1, 35, -111)
(0, 35, -111)
(1, 34, -112)
(0, 34, -111)
(0, 34, -110)
(0, 34, -109)
(0, 34, -108)
(0, 34, -107)
(0, 34, -106)
(1, 33, -106)
(0, 33, -106)
(1, 32, -106)
(0, 32, -105)
(0, 32, -104)
(1, 32, -104)
(1, 32, -103)
(0, 33, -102)
(1, 33, -103)
(0, 34, -102)
(1, 34, -102)
(1, 34, -101)
(0, 35, -100)
(1, 35, -101)
(0, 36, -101)
(0, 36, -102)
(1, 36, -103)
(0, 37, -102)
(1, 37, -103)
(0, 38, -102)
(1, 38, -102)
(0, 39, -101)
(1, 39, -101)
(1, 39, -100)
(1, 39, -99)
(1, 39, -98)
(0, 40, -97)
(1, 40, -97)
(0, 41, -97)
(0, 41, -98)
(1, 40, -99)
(1, 40, -100)
(0, 41, -100)
(1, 41, -100)
(0, 42, -100)
(1, 42, -101)
(1, 42, -102)
(1, 42, -103)
(1, 42, -104)
(0, 43, -104)
(1, 43, -104)
(1, 43, -103)
(0, 44, -102)
(1, 44, -102)
(1, 44, -101)
(0, 44, -100)
(0, 44, -99)
(1, 44, -99)
(0, 45, -99)
(1, 45, -99)
(0, 46, -98)
(1, 46, -99)
(1, 46, -100)
(0, 47, -100)
(1, 47, -100)
(0, 48, -100)
(1, 48, -100)
(0, 49, -100)
(1, 49, -100)
(0, 50, -99)
(0, 50, -98)
(1, 49, -98)
(1, 49, -97)
(0, 49, -96)
(0, 49, -95)
(1, 48, -95)
(1, 48, -94)
(0, 48, -93)
(0, 48, -92)
(0, 48, -91)
(1, 47, -91)
(1, 47, -90)
(0, 47, -89)
(1, 46, -89)
(0, 46, -89)
(1, 45, -89)
(0, 45, -89)
(0, 45, -90)
(1, 44, -91)
(0, 44, -90)
(0, 44, -89)
(1, 43, -89)
(0, 43, -89)
(1, 42, -89)
(1, 42, -88)
(0, 42, -87)
(0, 42, -86)
(1, 41, -86)
(0, 41, -86)
(1, 40, -87)
(0, 40, -87)
(1, 39, -87)
(0, 39, -87)
(0, 39, -88)
(1, 38, -89)
(0, 38, -88)
(1, 37, -89)
(0, 37, -88)
(1, 36, -88)
(0, 36, -88)
(0, 36, -89)
(1, 35, -90)
(0, 35, -89)
(1, 34, -90)
(0, 34, -89)
(1, 33, -90)
(1, 33, -91)
(1, 33, -92)
(1, 33, -93)
(0, 34, -93)
(1, 34, -93)
(1, 34, -92)
(0, 35, -91)
(1, 35, -92)
(0, 36, -92)
(0, 36, -93)
(0, 36, -94)
(1, 35, -95)
(1, 35, -96)
(0, 35, -96)
(1, 34, -96)
(0, 34, -96)
(1, 33, -96)
(0, 33, -95)
(1, 32, -96)
(0, 32, -96)
(1, 31, -96)
(0, 31, -95)
(1, 30, -96)
(1, 30, -97)
(0, 30, -97)
(1, 29, -97)
(0, 29, -96)
(1, 28, -96)
(0, 28, -96)
(1, 27, -96)
(1, 27, -95)
(0, 28, -94)
(0, 28, -93)
(1, 27, -93)
(0, 27, -92)
(0, 27, -91)
(1, 26, -91)
(0, 26, -91)
(1, 25, -91)
(0, 25, -91)
(1, 24, -91)
(0, 24, -90)
(0, 24, -89)
(1, 24, -89)
(1, 24, -88)
(1, 24, -87)
(0, 24, -86)
(1, 23, -87)
(0, 23, -87)
(0, 23, -88)
(1, 22, -89)
(0, 22, -89)
(1, 21, -89)
(0, 21, -88)
(1, 20, -88)
(0, 20, -88)
(1, 19, -89)
(1, 19, -90)
(0, 19, -90)
(0, 19, -91)
(0, 19, -92)
(1, 18, -93)
(0, 18, -92)
(1, 17, -93)
(0, 17, -92)
(1, 16, -93)
(0, 16, -92)
(1, 15, -92)
(0, 15, -92)
(1, 14, -93)
(0, 14, -93)
(1, 13, -93)
(1, 13, -92)
(0, 13, -91)
(1, 12, -91)
(0, 12, -91)
(1, 11, -92)
(0, 11, -91)
(1, 10, -92)
(1, 10, -93)
(1, 10, -94)
(0, 11, -94)
(1, 11, -95)
(0, 12, -94)
(1, 12, -95)
(1, 12, -96)
(0, 12, -96)
(1, 11, -97)
(0, 11, -96)
(1, 10, -97)
(0, 10, -96)
(1, 9, -97)
(0, 9, -96)
(1, 8, -96)
(1, 8, -95)
(0, 8, -94)
(1, 7, -94)
(0, 7, -94)
(0, 7, -95)
(0, 7, -96)
(1, 7, -97)
(1, 7, -98)
(0, 7, -98)
(1, 6, -99)
(0, 6, -98)
(1, 5, -98)
(1, 5, -97)
(1, 5, -96)
(0, 6, -95)
(0, 6, -94)
(0, 6, -93)
(1, 6, -93)
(0, 7, -92)
(1, 7, -92)
(0, 8, -92)
(1, 8, -92)
(0, 9, -91)
(0, 9, -90)
(1, 9, -90)
(1, 9, -89)
(1, 9, -88)
(1, 9, -87)
(0, 9, -86)
(1, 8, -87)
(0, 8, -86)
(0, 8, -85)
(0, 8, -84)
(1, 7, -84)
(0, 7, -83)
(1, 6, -84)
(0, 6, -84)
(0, 6, -85)
(0, 6, -86)
(1, 6, -87)
(0, 7, -87)
(1, 7, -88)
(0, 8, -88)
(0, 8, -89)
(1, 7, -90)
(0, 7, -89)
(1, 6, -90)
(0, 6, -89)
(1, 5, -89)
(0, 5, -89)
(1, 4, -90)
(1, 4, -91)
(1, 4, -92)
(1, 4, -93)
(0, 4, -93)
(1, 3, -93)
(1, 3, -92)
(1, 3, -91)
(1, 3, -90)
(1, 3, -89)
(1, 3, -88)
(0, 4, -87)
(1, 4, -88)
(0, 5, -87)
(0, 5, -86)
(0, 5, -85)
(1, 4, -85)
(0, 4, -84)
(1, 3, -85)
(0, 3, -84)
(0, 3, -83)
(0, 3, -82)
(1, 2, -82)
(1, 2, -81)
(0, 3, -80)
(0, 3, -79)
(1, 3, -79)
(0, 4, -79)
(0, 4, -80)
(1, 4, -81)
(0, 5, -80)
(1, 5, -81)
(0, 6, -80)
(1, 6, -81)
(0, 7, -81)
(1, 7, -82)
(0, 8, -82)
(1, 8, -83)
(0, 9, -83)
(0, 9, -84)
(1, 9, -85)
(0, 10, -85)
(1, 10, -85)
(0, 11, -85)
(1, 11, -85)
(1, 11, -84)
(1, 11, -83)
(1, 11, -82)
(0, 12, -81)
(1, 12, -82)
(1, 12, -83)
(0, 13, -83)
(0, 13, -84)
(1, 13, -85)
(0, 14, -84)
(0, 14, -83)
(0, 14, -82)
(1, 14, -82)
(1, 14, -81)
(1, 14, -80)
(0, 14, -79)
(1, 13, -79)
(1, 13, -78)
(0, 14, -77)
(1, 14, -77)
(0, 15, -77)
(1, 15, -78)
(0, 16, -78)
(1, 16, -79)
(1, 16, -80)
(0, 16, -80)
(0, 16, -81)
(1, 16, -82)
(1, 16, -83)
(0, 17, -83)
(1, 17, -83)
(1, 17, -82)
(0, 18, -81)
(1, 18, -81)
(1, 18, -80)
(0, 19, -79)
(0, 19, -78)
(1, 19, -78)
(1, 19, -77)
(0, 19, -76)
(1, 18, -76)
(0, 18, -76)
(1, 17, -77)
(0, 17, -76)
(1, 16, -76)
(0, 16, -75)
(1, 15, -75)
(0, 15, -75)
(1, 14, -75)
(0, 14, -74)
(0, 14, -73)
(1, 13, -73)
(1, 13, -72)
(0, 14, -71)
(0, 14, -70)
(0, 14, -69)
(0, 14, -68)
(0, 14, -67)
(1, 13, -67)
(1, 13, -66)
(1, 13, -65)
(1, 13, -64)
(0, 14, -63)
(1, 14, -64)
(0, 15, -63)
(0, 15, -62)
(1, 14, -62)
(0, 14, -61)
(1, 13, -61)
(0, 13, -60)
(1, 12, -60)
(0, 12, -59)
(1, 11, -59)
(0, 11, -58)
(1, 10, -59)
(0, 10, -58)
(0, 10, -57)
(1, 9, -57)
(0, 9, -56)
(1, 8, -57)
(0, 8, -56)
(0, 8, -55)
(1, 8, -55)
(0, 9, -54)
(0, 9, -53)
(1, 8, -53)
(0, 8, -53)
(1, 7, -53)
(0, 7, -53)
(1, 6, -53)
(0, 6, -52)
(0, 6, -51)
(1, 6, -51)
(0, 7, -50)
(1, 7, -50)
(1, 7, -49)
(0, 7, -48)
(1, 6, -48)
(0, 6, -48)
(0, 6, -49)
(1, 5, -50)
(0, 5, -49)
(0, 5, -48)
(1, 4, -48)
(0, 4, -48)
(0, 4, -49)
(1, 3, -50)
(1, 3, -51)
(0, 3, -51)
(0, 3, -52)
(1, 3, -53)
(0, 4, -53)
(0, 4, -54)
(1, 4, -55)
(0, 5, -54)
(1, 5, -54)
(0, 6, -54)
(0, 6, -55)
(1, 5, -56)
(1, 5, -57)
(0, 6, -57)
(0, 6, -58)
(1, 6, -59)
(0, 7, -58)
(1, 7, -58)
(0, 8, -58)
(0, 8, -59)
(1, 8, -60)
(0, 9, -59)
(1, 9, -60)
(1, 9, -61)
(1, 9, -62)
(0, 9, -62)
(1, 8, -62)
(0, 8, -61)
(1, 7, -61)
(0, 7, -61)
(0, 7, -62)
(1, 6, -63)
(0, 6, -62)
(1, 5, -63)
(0, 5, -63)
(1, 4, -63)
(1, 4, -62)
(1, 4, -61)
(0, 4, -60)
(0, 4, -59)
(0, 4, -58)
(0, 4, -57)
(1, 3, -57)
(0, 3, -57)
(1, 2, -57)
(1, 2, -56)
(1, 2, -55)
(1, 2, -54)
(0, 2, -53)
(0, 2, -52)
(1, 1, -52)
(0, 1, -52)
(1, 0, -52)
(0, 0, -51)
(0, 0, -50)
(1, 0, -50)
(0, 1, -49)
(1, 1, -49)
(0, 2, -48)
(1, 2, -48)
(0, 3, -47)
(1, 3, -47)
(1, 3, -46)
(0, 4, -45)
(1, 4, -46)
(0, 5, -46)
(1, 5, -46)
(0, 6, -46)
(1, 6, -46)
(0, 7, -46)
(1, 7, -46)
(0, 8, -45)
(0, 8, -44)
(1, 8, -44)
(0, 9, -44)
(0, 9, -45)
(1, 9, -46)
(1, 9, -47)
(0, 10, -47)
(1, 10, -47)
(0, 11, -47)
(1, 11, -47)
(0, 12, -47)
(1, 12, -48)
(1, 12, -49)
(0, 12, -49)
(0, 12, -50)
(1, 12, -51)
(0, 13, -50)
(1, 13, -51)
(1, 13, -52)
(0, 14, -52)
(1, 14, -53)
(0, 15, -52)
(1, 15, -52)
(0, 16, -52)
(0, 16, -53)
(1, 15, -54)
(0, 15, -54)
(1, 14, -55)
(0, 14, -55)
(0, 14, -56)
(1, 14, -57)
(0, 15, -57)
(0, 15, -58)
(1, 15, -59)
(0, 16, -59)
(1, 16, -59)
(1, 16, -58)
(0, 16, -57)
(0, 16, -56)
(0, 16, -55)
(1, 16, -55)
(0, 17, -55)
(0, 17, -56)
(1, 17, -57)
(0, 18, -57)
(1, 18, -58)
(1, 18, -59)
(0, 18, -59)
(1, 17, -60)
(1, 17, -61)
(0, 18, -61)
(1, 18, -61)
(0, 19, -60)
(1, 19, -60)
(0, 20, -59)
(1, 20, -60)
(0, 21, -60)
(0, 21, -61)
(1, 21, -62)
(0, 22, -62)
(0, 22, -63)
(1, 22, -64)
(0, 23, -63)
(0, 23, -62)
(0, 23, -61)
(0, 23, -60)
(1, 23, -60)
(0, 24, -59)
(0, 24, -58)
(1, 24, -58)
(0, 25, -58)
(1, 25, -58)
(0, 26, -57)
(1, 26, -58)
(1, 26, -59)
(0, 26, -59)
(0, 26, -60)
(1, 25, -61)
(0, 25, -61)
(0, 25, -62)
(1, 25, -63)
(0, 26, -62)
(1, 26, -63)
(0, 27, -63)
(0, 27, -64)
(0, 27, -65)
(0, 27, -66)
(1, 26, -67)
(1, 26, -68)
(0, 26, -68)
(0, 26, -69)
(1, 26, -70)
(0, 27, -69)
(1, 27, -69)
(0, 28, -68)
(0, 28, -67)
(0, 28, -66)
(0, 28, -65)
(0, 28, -64)
(1, 28, -64)
(0, 29, -63)
(1, 29, -64)
(0, 30, -63)
(1, 30, -63)
(0, 31, -62)
(1, 31, -62)
(0, 32, -61)
(1, 32, -62)
(1, 32, -63)
(0, 33, -63)
(1, 33, -64)
(0, 34, -63)
(0, 34, -62)
(0, 34, -61)
(1, 34, -61)
(1, 34, -60)
(1, 34, -59)
(1, 34, -58)
(0, 34, -57)
(1, 33, -58)
(0, 33, -58)
(1, 32, -58)
(1, 32, -57)
(1, 32, -56)
(0, 32, -55)
(0, 32, -54)
(1, 32, -54)
(0, 33, -54)
(1, 33, -55)
(0, 34, -54)
(0, 34, -53)
(1, 34, -53)
(1, 34, -52)
(0, 35, -51)
(1, 35, -51)
(0, 36, -50)
(1, 36, -50)
(0, 37, -49)
(1, 37, -50)
(1, 37, -51)
(0, 38, -51)
(1, 38, -51)
(1, 38, -50)
(0, 39, -49)
(0, 39, -48)
(1, 38, -48)
(1, 38, -47)
(1, 38, -46)
(0, 38, -45)
(0, 38, -44)
(0, 38, -43)
(1, 38, -43)
(0, 39, -42)
(1, 39, -42)
(1, 39, -41)
(0, 39, -40)
(1, 38, -41)
(0, 38, -41)
(1, 37, -41)
(1, 37, -40)
(0, 37, -39)
(0, 37, -38)
(1, 36, -38)
(0, 36, -37)
(0, 36, -36)
(0, 36, -35)
(1, 36, -35)
(0, 37, -35)
(1, 37, -35)
(0, 38, -35)
(1, 38, -36)
(0, 39, -35)
(0, 39, -34)
(0, 39, -33)
(1, 39, -33)
(0, 40, -32)
(1, 40, -32)
(0, 41, -31)
(0, 41, -30)
(1, 41, -30)
(1, 41, -29)
(0, 41, -28)
(1, 40, -29)
(0, 40, -29)
(0, 40, -30)
(1, 39, -31)
(0, 39, -30)
(1, 38, -30)
(1, 38, -29)
(0, 39, -28)
(1, 39, -28)
(0, 40, -27)
(1, 40, -27)
(0, 41, -26)
(1, 41, -26)
(0, 42, -26)
(1, 42, -26)
(1, 42, -25)
(1, 42, -24)
(0, 42, -23)
(1, 41, -24)
(0, 41, -24)
(1, 40, -24)
(1, 40, -23)
(0, 41, -22)
(1, 41, -22)
(0, 42, -21)
(1, 42, -21)
(0, 43, -21)
(1, 43, -22)
(0, 44, -21)
(0, 44, -20)
(1, 43, -20)
(1, 43, -19)
(0, 43, -18)
(1, 42, -18)
(0, 42, -18)
(1, 41, -18)
(0, 41, -17)
(0, 41, -16)
(1, 40, -16)
(0, 40, -16)
(1, 39, -17)
(0, 39, -17)
(1, 38, -17)
(0, 38, -17)
(0, 38, -18)
(1, 37, -19)
(0, 37, -18)
(1, 36, -18)
(1, 36, -17)
(1, 36, -16)
(0, 36, -15)
(0, 36, -14)
(0, 36, -13)
(1, 35, -13)
(0, 35, -13)
(1, 34, -14)
(0, 34, -14)
(1, 33, -14)
(0, 33, -13)
(1, 32, -13)
(1, 32, -12)
(0, 32, -11)
(0, 32, -10)
(1, 31, -10)
(0, 31, -9)
(1, 30, -10)
(1, 30, -11)
(0, 31, -11)
(0, 31, -12)
(0, 31, -13)
(0, 31, -14)
(0, 31, -15)
(1, 30, -16)
(1, 30, -17)
(1, 30, -18)
(0, 31, -18)
(1, 31, -19)
(0, 32, -19)
(0, 32, -20)
(1, 31, -21)
(1, 31, -22)
(1, 31, -23)
(1, 31, -24)
(0, 31, -24)
(1, 30, -24)
(0, 30, -23)
(0, 30, -22)
(1, 30, -22)
(1, 30, -21)
(0, 30, -20)
(0, 30, -19)
(1, 29, -19)
(0, 29, -18)
(0, 29, -17)
(1, 28, -17)
(0, 28, -17)
(1, 27, -18)
(0, 27, -17)
(0, 27, -16)
(1, 26, -16)
(0, 26, -16)
(1, 25, -16)
(0, 25, -16)
(1, 24, -16)
(1, 24, -15)
(0, 25, -14)
(0, 25, -13)
(1, 25, -13)
(1, 25, -12)
(1, 25, -11)
(0, 26, -10)
(0, 26, -9)
(0, 26, -8)
(1, 26, -8)
(1, 26, -7)
(0, 27, -6)
(1, 27, -7)
(1, 27, -8)
(1, 27, -9)
(0, 28, -9)
(0, 28, -10)
(0, 28, -11)
(0, 28, -12)
(1, 28, -13)
(0, 29, -13)
(1, 29, -13)
(1, 29, -12)
(0, 29, -11)
(0, 29, -10)
(1, 29, -10)
(1, 29, -9)
(1, 29, -8)
(0, 30, -7)
(1, 30, -7)
(1, 30, -6)
(0, 30, -5)
(0, 30, -4)
(1, 29, -4)
(1, 29, -3)
(1, 29, -2)
(0, 30, -1)
(0, 30, 0)
(1, 29, 0)
(0, 29, 1)
(1, 28, 1)
(0, 28, 2)
(0, 28, 3)
(1, 28, 3)
(0, 29, 4)
(1, 29, 4)
(0, 30, 5)
(1, 30, 5)
(1, 30, 6)
(1, 30, 7)
(1, 30, 8)
(0, 30, 9)
(1, 29, 8)
(0, 29, 8)
(1, 28, 7)
(0, 28, 8)
(1, 27, 8)
(1, 27, 9)
(0, 27, 10)
(1, 26, 9)
(0, 26, 9)
(1, 25, 9)
(0, 25, 10)
(1, 24, 10)
(0, 24, 10)
(0, 24, 9)
(1, 23, 8)
(0, 23, 9)
(1, 22, 8)
(0, 22, 8)
(1, 21, 7)
(0, 21, 7)
(1, 20, 6)
(1, 20, 5)
(0, 20, 5)
(1, 19, 4)
(1, 19, 3)
(0, 20, 3)
(1, 20, 2)
(0, 21, 3)
(0, 21, 4)
(1, 21, 4)
(0, 22, 4)
(1, 22, 4)
(0, 23, 5)
(1, 23, 5)
(0, 24, 6)
(1, 24, 6)
(0, 25, 7)
(1, 25, 7)
(0, 26, 7)
(1, 26, 7)
(0, 27, 7)
(1, 27, 6)
(1, 27, 5)
(0, 27, 5)
(0, 27, 4)
(1, 26, 3)
(0, 26, 4)
(1, 25, 4)
(0, 25, 5)
(1, 24, 4)
(1, 24, 3)
(0, 25, 3)
(1, 25, 2)
(0, 26, 2)
(1, 26, 1)
(0, 27, 1)
(0, 27, 0)
(0, 27, -1)
(1, 27, -2)
(1, 27, -3)
(0, 27, -3)
(1, 26, -4)
(0, 26, -4)
(1, 25, -5)
(0, 25, -5)
(1, 24, -6)
(0, 24, -5)
(1, 23, -5)
(0, 23, -5)
(1, 22, -5)
(1, 22, -4)
(0, 23, -3)
(1, 23, -3)
(0, 24, -2)
(1, 24, -2)
(0, 25, -1)
(1, 25, -1)
(1, 25, 0)
(0, 25, 1)
(1, 24, 0)
(0, 24, 0)
(1, 23, 0)
(0, 23, 0)
(0, 23, -1)
(1, 22, -2)
(0, 22, -2)
(1, 21, -3)
(0, 21, -2)
(1, 20, -3)
(1, 20, -4)
(0, 20, -4)
(1, 19, -5)
(1, 19, -6)
(0, 19, -6)
(0, 19, -7)
(1, 18, -8)
(0, 18, -7)
(1, 17, -8)
(0, 17, -7)
(1, 16, -7)
(0, 16, -6)
(0, 16, -5)
(0, 16, -4)
(1, 16, -4)
(0, 17, -4)
(0, 17, -5)
(1, 17, -6)
(0, 18, -5)
(1, 18, -5)
(1, 18, -4)
(1, 18, -3)
(0, 19, -2)
(1, 19, -2)
(1, 19, -1)
(0, 19, 0)
(1, 18, -1)
(0, 18, 0)
(0, 18, 1)
(1, 17, 1)
(0, 17, 1)
(1, 16, 1)
(1, 16, 2)
(1, 16, 3)
(0, 16, 4)
(0, 16, 5)
(1, 16, 5)
(0, 17, 5)
(1, 17, 5)
(1, 17, 6)
(0, 18, 7)
(1, 18, 7)
(1, 18, 8)
(0, 19, 9)
(0, 19, 10)
(0, 19, 11)
(1, 19, 11)
(0, 20, 11)
(1, 20, 10)
(0, 21, 11)
(0, 21, 12)
(0, 21, 13)
(1, 20, 13)
(0, 20, 13)
(1, 19, 13)
(0, 19, 13)
(1, 18, 13)
(1, 18, 14)
(1, 18, 15)
(0, 19, 16)
(1, 19, 16)
(0, 20, 17)
(1, 20, 17)
(1, 20, 18)
(1, 20, 19)
(0, 20, 20)
(1, 19, 19)
(0, 19, 19)
(0, 19, 18)
(1, 18, 17)
(0, 18, 17)
(1, 17, 16)
(0, 17, 17)
(1, 16, 16)
(0, 16, 16)
(1, 15, 16)
(0, 15, 17)
(0, 15, 18)
(1, 14, 18)
(0, 14, 19)
(1, 13, 18)
(0, 13, 18)
(1, 12, 17)
(0, 12, 18)
(0, 12, 19)
(1, 12, 19)
(1, 12, 20)
(0, 13, 21)
(0, 13, 22)
(1, 12, 22)
(0, 12, 23)
(1, 11, 23)
(1, 11, 24)
(1, 11, 25)
(1, 11, 26)
(0, 12, 27)
(1, 12, 27)
(0, 13, 27)
(0, 13, 26)
(1, 13, 25)
(0, 14, 25)
(1, 14, 24)
(0, 15, 24)
(1, 15, 24)
(0, 16, 24)
(1, 16, 23)
(1, 16, 22)
(0, 17, 22)
(0, 17, 21)
(1, 17, 20)
(0, 18, 20)
(1, 18, 20)
(1, 18, 21)
(0, 18, 22)
(0, 18, 23)
(1, 18, 23)
(0, 19, 23)
(1, 19, 23)
(0, 20, 23)
(0, 20, 22)
(1, 20, 21)
(0, 21, 22)
(1, 21, 21)
(1, 21, 20)
(0, 22, 20)
(1, 22, 19)
(1, 22, 18)
(0, 22, 18)
(1, 21, 17)
(1, 21, 16)
(0, 21, 16)
(0, 21, 15)
(1, 21, 14)
(0, 22, 15)
(1, 22, 15)
(0, 23, 15)
(0, 23, 14)
(0, 23, 13)
(1, 23, 12)
(0, 24, 13)
(0, 24, 14)
(1, 24, 14)
(1, 24, 15)
(0, 24, 16)
(0, 24, 17)
(1, 23, 17)
(1, 23, 18)
(1, 23, 19)
(1, 23, 20)
(0, 24, 21)
(0, 24, 22)
(0, 24, 23)
(1, 23, 23)
(0, 23, 24)
(1, 22, 24)
(1, 22, 25)
(0, 23, 26)
(1, 23, 26)
(0, 24, 26)
(1, 24, 25)
(0, 25, 26)
(0, 25, 27)
(0, 25, 28)
(0, 25, 29)
(1, 24, 29)
(0, 24, 30)
(0, 24, 31)
(0, 24, 32)
(1, 23, 32)
(0, 23, 33)
(1, 22, 32)
(0, 22, 33)
(1, 21, 33)
(1, 21, 34)
(0, 22, 35)
(0, 22, 36)
(1, 21, 36)
(0, 21, 36)
(1, 20, 36)
(0, 20, 37)
(1, 19, 37)
(0, 19, 37)
(1, 18, 36)
(1, 18, 35)
(1, 18, 34)
(0, 19, 34)
(0, 19, 33)
(1, 18, 32)
(1, 18, 31)
(0, 18, 31)
(1, 17, 31)
(1, 17, 32)
(0, 17, 33)
(1, 16, 33)
(0, 16, 33)
(1, 15, 33)
(0, 15, 34)
(1, 14, 33)
(1, 14, 32)
(0, 14, 32)
(1, 13, 32)
(0, 13, 32)
(1, 12, 31)
(0, 12, 32)
(0, 12, 33)
(1, 11, 33)
(0, 11, 33)
(1, 10, 33)
(0, 10, 34)
(1, 9, 33)
(0, 9, 34)
(0, 9, 35)
(1, 8, 35)
(0, 8, 35)
(1, 7, 34)
(1, 7, 33)
(0, 8, 33)
(1, 8, 32)
(0, 9, 32)
(0, 9, 31)
(1, 9, 30)
(0, 10, 31)
(1, 10, 31)
(0, 11, 31)
(1, 11, 30)
(1, 11, 29)
(0, 11, 29)
(1, 10, 29)
(0, 10, 29)
(0, 10, 28)
(0, 10, 27)
(1, 10, 26)
(1, 10, 25)
(1, 10, 24)
(0, 10, 24)
(0, 10, 23)
(0, 10, 22)
(1, 9, 21)
(0, 9, 21)
(0, 9, 20)
(1, 9, 19)
(0, 10, 20)
(1, 10, 19)
(1, 10, 18)
(0, 11, 18)
(0, 11, 17)
(1, 10, 16)
(0, 10, 17)
(1, 9, 17)
(0, 9, 17)
(0, 9, 16)
(0, 9, 15)
(1, 8, 14)
(1, 8, 13)
(0, 9, 13)
(0, 9, 12)
(1, 8, 11)
(0, 8, 12)
(1, 7, 12)
(0, 7, 12)
(0, 7, 11)
(1, 6, 10)
(0, 6, 11)
(1, 5, 11)
(1, 5, 12)
(0, 5, 13)
(0, 5, 14)
(1, 5, 14)
(1, 5, 15)
(0, 5, 16)
(1, 4, 16)
(0, 4, 16)
(1, 3, 16)
(0, 3, 17)
(1, 2, 16)
(0, 2, 17)
(1, 1, 16)
(0, 1, 16)
(0, 1, 15)
(1, 0, 14)
(0, 0, 14)
(1, -1, 14)
(1, -1, 15)
(1, -1, 16)
(0, 0, 17)
(1, 0, 17)
(1, 0, 18)
(0, 1, 19)
(1, 1, 18)
(0, 2, 19)
(1, 2, 18)
(0, 3, 19)
(1, 3, 19)
(1, 3, 20)
(0, 3, 21)
(1, 2, 21)
(0, 2, 21)
(1, 1, 21)
(0, 1, 21)
(1, 0, 20)
(0, 0, 21)
(0, 0, 22)
(1, -1, 22)
(1, -1, 23)
(0, -1, 24)
(1, -2, 23)
(1, -2, 22)
(1, -2, 21)
(0, -2, 21)
(1, -3, 20)
(1, -3, 19)
(0, -2, 19)
(0, -2, 18)
(1, -3, 17)
(0, -3, 18)
(1, -4, 17)
(0, -4, 18)
(1, -5, 17)
(0, -5, 18)
(1, -6, 17)
(0, -6, 17)
(0, -6, 16)
(0, -6, 15)
(0, -6, 14)
(0, -6, 13)
(1, -6, 12)
(0, -5, 12)
(1, -5, 12)
(1, -5, 13)
(1, -5, 14)
(0, -4, 15)
(1, -4, 15)
(0, -3, 16)
(1, -3, 15)
(0, -2, 15)
(0, -2, 14)
(0, -2, 13)
(1, -3, 12)
(1, -3, 11)
(0, -3, 11)
(1, -4, 11)
(0, -4, 11)
(1, -5, 10)
(1, -5, 9)
(0, -4, 9)
(1, -4, 8)
(1, -4, 7)
(0, -4, 7)
(1, -5, 7)
(0, -5, 8)
(1, -6, 8)
(0, -6, 9)
(1, -7, 9)
(0, -7, 10)
(0, -7, 11)
(0, -7, 12)
(0, -7, 13)
(1, -8, 13)
(0, -8, 14)
(0, -8, 15)
(1, -9, 15)
(0, -9, 16)
(1, -10, 16)
(1, -10, 17)
(1, -10, 18)
(1, -10, 19)
(0, -10, 20)
(1, -11, 19)
(1, -11, 18)
(1, -11, 17)
(1, -11, 16)
(0, -11, 16)
(1, -12, 16)
(0, -12, 16)
(1, -13, 15)
(0, -13, 15)
(1, -14, 14)
(0, -14, 14)
(1, -15, 13)
(0, -15, 13)
(0, -15, 12)
(0, -15, 11)
(0, -15, 10)
(0, -15, 9)
(0, -15, 8)
(0, -15, 7)
(1, -15, 6)
(1, -15, 5)
(1, -15, 4)
(0, -15, 4)
(1, -16, 4)
(1, -16, 5)
(0, -16, 6)
(1, -17, 6)
(0, -17, 6)
(1, -18, 5)
(1, -18, 4)
(1, -18, 3)
(0, -17, 3)
(0, -17, 2)
(1, -18, 1)
(0, -18, 2)
(1, -19, 1)
(1, -19, 0)
(0, -18, 0)
(0, -18, -1)
(0, -18, -2)
(1, -18, -3)
(1, -18, -4)
(1, -18, -5)
(1, -18, -6)
(0, -18, -6)
(0, -18, -7)
(1, -18, -8)
(0, -17, -8)
(1, -17, -8)
(0, -16, -8)
(1, -16, -8)
(0, -15, -7)
(1, -15, -7)
(1, -15, -6)
(0, -14, -5)
(0, -14, -4)
(1, -15, -4)
(0, -15, -3)
(0, -15, -2)
(1, -15, -2)
(0, -14, -1)
(1, -14, -1)
(0, -13, 0)
(0, -13, 1)
(1, -14, 1)
(0, -14, 1)
(1, -15, 1)
(1, -15, 2)
(0, -14, 3)
(1, -14, 3)
(0, -13, 3)
(1, -13, 2)
(0, -12, 3)
(1, -12, 3)
(1, -12, 4)
(0, -12, 5)
(1, -13, 4)
(0, -13, 5)
(0, -13, 6)
(0, -13, 7)
(1, -13, 7)
(0, -12, 7)
(1, -12, 7)
(0, -11, 8)
(1, -11, 8)
(1, -11, 9)
(1, -11, 10)
(0, -10, 11)
(1, -10, 10)
(0, -9, 10)
(1, -9, 9)
(0, -8, 9)
(1, -8, 8)
(0, -7, 8)
(0, -7, 7)
(1, -7, 6)
(1, -7, 5)
(1, -7, 4)
(0, -7, 4)
(1, -8, 4)
(1, -8, 5)
(0, -8, 6)
(1, -9, 5)
(0, -9, 6)
(1, -10, 6)
(0, -10, 6)
(0, -10, 5)
(1, -10, 4)
(0, -9, 4)
(1, -9, 3)
(1, -9, 2)
(1, -9, 1)
(1, -9, 0)
(0, -9, 0)
(1, -10, 0)
(0, -10, 0)
(0, -10, -1)
(0, -10, -2)
(1, -11, -3)
(0, -11, -3)
(0, -11, -4)
(1, -12, -5)
(0, -12, -4)
(0, -12, -3)
(1, -13, -3)
(0, -13, -3)
(0, -13, -4)
(0, -13, -5)
(0, -13, -6)
(0, -13, -7)
(1, -13, -8)
(1, -13, -9)
(0, -12, -9)
(0, -12, -10)
(0, -12, -11)
(1, -13, -12)
(1, -13, -13)
(1, -13, -14)
(1, -13, -15)
(1, -13, -16)
(0, -12, -16)
(1, -12, -16)
(0, -11, -16)
(1, -11, -16)
(1, -11, -15)
(1, -11, -14)
(1, -11, -13)
(1, -11, -12)
(1, -11, -11)
(0, -11, -10)
(0, -11, -9)
(0, -11, -8)
(0, -11, -7)
(1, -11, -7)
(1, -11, -6)
(0, -10, -5)
(0, -10, -4)
(1, -10, -4)
(0, -9, -4)
(1, -9, -4)
(1, -9, -3)
(1, -9, -2)
(0, -8, -1)
(1, -8, -2)
(0, -7, -1)
(1, -7, -2)
(0, -6, -2)
(1, -6, -3)
(0, -5, -2)
(0, -5, -1)
(1, -6, -1)
(0, -6, 0)
(1, -7, 0)
(1, -7, 1)
(0, -6, 2)
(1, -6, 2)
(0, -5, 3)
(1, -5, 3)
(1, -5, 4)
(0, -4, 5)
(1, -4, 4)
(1, -4, 3)
(0, -3, 3)
(1, -3, 2)
(0, -2, 3)
(1, -2, 2)
(1, -2, 1)
(0, -2, 1)
(1, -3, 0)
(0, -3, 1)
(1, -4, 0)
(0, -4, 0)
(0, -4, -1)
(1, -4, -2)
(1, -4, -3)
(0, -3, -3)
(1, -3, -3)
(1, -3, -2)
(0, -2, -1)
(1, -2, -1)
(0, -1, -1)
(0, -1, -2)
(1, -2, -3)
(1, -2, -4)
(1, -2, -5)
(1, -2, -6)
(1, -2, -7)
(1, -2, -8)
(0, -1, -8)
(1, -1, -9)
(0, 0, -8)
(1, 0, -8)
(0, 1, -8)
(0, 1, -9)
(1, 1, -10)
(0, 2, -10)
(1, 2, -11)
(1, 2, -12)
(1, 2, -13)
(1, 2, -14)
(0, 2, -14)
(1, 1, -15)
(0, 1, -14)
(1, 0, -14)
(0, 0, -13)
(1, -1, -14)
(0, -1, -13)
(0, -1, -12)
(0, -1, -11)
(1, -2, -11)
(0, -2, -11)
(1, -3, -11)
(1, -3, -10)
(0, -3, -9)
(0, -3, -8)
(0, -3, -7)
(0, -3, -6)
(1, -4, -6)
(1, -4, -5)
(0, -4, -4)
(1, -5, -5)
(0, -5, -5)
(1, -6, -6)
(1, -6, -7)
(0, -5, -7)
(0, -5, -8)
(1, -6, -9)
(0, -6, -8)
(1, -7, -8)
(1, -7, -7)
(0, -7, -6)
(0, -7, -5)
(1, -8, -5)
(0, -8, -5)
(0, -8, -6)
(0, -8, -7)
(0, -8, -8)
(1, -9, -9)
(1, -9, -10)
(1, -9, -11)
(0, -9, -11)
(1, -10, -12)
(1, -10, -13)
(0, -9, -13)
(0, -9, -14)
(0, -9, -15)
(1, -9, -16)
(0, -8, -16)
(0, -8, -17)
(1, -8, -18)
(1, -8, -19)
(0, -7, -19)
(1, -7, -20)
(0, -6, -20)
(1, -6, -21)
(1, -6, -22)
(0, -6, -22)
(0, -6, -23)
(1, -7, -24)
(0, -7, -23)
(0, -7, -22)
(1, -8, -22)
(0, -8, -22)
(1, -9, -23)
(1, -9, -24)
(0, -9, -24)
(0, -9, -25)
(1, -9, -26)
(1, -9, -27)
(0, -8, -27)
(1, -8, -27)
(1, -8, -26)
(0, -7, -25)
(1, -7, -26)
(1, -7, -27)
(1, -7, -28)
(1, -7, -29)
(0, -7, -29)
(1, -8, -30)
(1, -8, -31)
(0, -8, -31)
(1, -9, -32)
(0, -9, -31)
(0, -9, -30)
(1, -9, -30)
(1, -9, -29)
(0, -9, -28)
(1, -10, -28)
(0, -10, -27)
(0, -10, -26)
(0, -10, -25)
(0, -10, -24)
(0, -10, -23)
(1, -11, -23)
(0, -11, -22)
(1, -12, -23)
(1, -12, -24)
(0, -11, -24)
(0, -11, -25)
(0, -11, -26)
(1, -12, -27)
(0, -12, -26)
(1, -13, -26)
(0, -13, -26)
(1, -14, -26)
(0, -14, -25)
(0, -14, -24)
(1, -14, -24)
(0, -13, -23)
(0, -13, -22)
(1, -13, -22)
(0, -12, -21)
(1, -12, -21)
(1, -12, -20)
(0, -12, -19)
(0, -12, -18)
(1, -13, -18)
(0, -13, -18)
(0, -13, -19)
(1, -14, -20)
(0, -14, -19)
(1, -15, -19)
(0, -15, -19)
(1, -16, -20)
(0, -16, -20)
(1, -17, -20)
(1, -17, -19)
(1, -17, -18)
(0, -16, -17)
(1, -16, -17)
(1, -16, -16)
(0, -16, -15)
(1, -17, -16)
(0, -17, -16)
(1, -18, -16)
(1, -18, -15)
(1, -18, -14)
(0, -18, -13)
(1, -19, -14)
(0, -19, -14)
(0, -19, -15)
(1, -20, -16)
(1, -20, -17)
(1, -20, -18)
(0, -20, -18)
(1, -21, -19)
(0, -21, -19)
(0, -21, -20)
(1, -21, -21)
(0, -20, -21)
(1, -20, -22)
(0, -19, -22)
(1, -19, -23)
(0, -18, -22)
(1, -18, -23)
(1, -18, -24)
(1, -18, -25)
(0, -18, -25)
(0, -18, -26)
(0, -18, -27)
(1, -19, -28)
(1, -19, -29)
(0, -19, -29)
(1, -20, -29)
(0, -20, -29)
(1, -21, -29)
(0, -21, -28)
(1, -22, -29)
(0, -22, -28)
(0, -22, -27)
(1, -22, -27)
(1, -22, -26)
(1, -22, -25)
(0, -21, -24)
(0, -21, -23)
(1, -22, -23)
(1, -22, -22)
(0, -22, -21)
(1, -23, -22)
(0, -23, -22)
(1, -24, -22)
(0, -24, -21)
(1, -25, -22)
(1, -25, -23)
(0, -24, -23)
(0, -24, -24)
(1, -24, -25)
(1, -24, -26)
(0, -24, -26)
(1, -25, -27)
(1, -25, -28)
(0, -24, -28)
(0, -24, -29)
(1, -25, -30)
(0, -25, -30)
(0, -25, -31)
(0, -25, -32)
(1, -25, -33)
(0, -24, -33)
(0, -24, -34)
(1, -25, -35)
(0, -25, -35)
(1, -26, -35)
(0, -26, -34)
(1, -27, -35)
(0, -27, -35)
(1, -28, -35)
(0, -28, -35)
(0, -28, -36)
(1, -28, -37)
(1, -28, -38)
(1, -28, -39)
(0, -28, -39)
(0, -28, -40)
(0, -28, -41)
(1, -28, -42)
(0, -27, -42)
(1, -27, -43)
(0, -26, -42)
(1, -26, -43)
(1, -26, -44)
(0, -26, -44)
(1, -27, -45)
(0, -27, -45)
(1, -28, -46)
(0, -28, -46)
(1, -29, -46)
(0, -29, -45)
(0, -29, -44)
(1, -30, -44)
(0, -30, -43)
(1, -31, -44)
(0, -31, -43)
(1, -32, -44)
(0, -32, -44)
(1, -33, -45)
(0, -33, -45)
(1, -34, -46)
(1, -34, -47)
(0, -34, -47)
(0, -34, -48)
(1, -35, -49)
(1, -35, -50)
(1, -35, -51)
(0, -34, -51)
(0, -34, -52)
(1, -35, -53)
(0, -35, -52)
(1, -36, -52)
(1, -36, -51)
(1, -36, -50)
(1, -36, -49)
(1, -36, -48)
(0, -35, -47)
(0, -35, -46)
(1, -35, -46)
(1, -35, -45)
(0, -35, -44)
(1, -36, -45)
(0, -36, -44)
(1, -37, -45)
(0, -37, -45)
(1, -38, -46)
(1, -38, -47)
(0, -37, -47)
(1, -37, -48)
(1, -37, -49)
(1, -37, -50)
(0, -37, -50)
(0, -37, -51)
(1, -37, -52)
(1, -37, -53)
(0, -37, -53)
(1, -38, -53)
(0, -38, -53)
(1, -39, -53)
(0, -39, -52)
(0, -39, -51)
(0, -39, -50)
(1, -40, -50)
(1, -40, -49)
(1, -40, -48)
(1, -40, -47)
(0, -39, -46)
(0, -39, -45)
(1, -40, -45)
(0, -40, -44)
(0, -40, -43)
(0, -40, -42)
(1, -40, -42)
(0, -39, -41)
(0, -39, -40)
(1, -40, -40)
(0, -40, -40)
(1, -41, -40)
(0, -41, -39)
(1, -42, -39)
(0, -42, -38)
(1, -43, -39)
(0, -43, -38)
(1, -44, -38)
(0, -44, -38)
(0, -44, -39)
(1, -45, -40)
(0, -45, -40)
(1, -46, -40)
(0, -46, -39)
(0, -46, -38)
(1, -47, -38)
(0, -47, -37)
(0, -47, -36)
(1, -47, -36)
(1, -47, -35)
(1, -47, -34)
(0, -47, -33)
(1, -48, -34)
(0, -48, -34)
(1, -49, -35)
(0, -49, -35)
(1, -50, -36)
(0, -50, -35)
(0, -50, -34)
(1, -50, -34)
(1, -50, -33)
(0, -49, -32)
(1, -49, -33)
(0, -48, -32)
(1, -48, -32)
(1, -48, -31)
(1, -48, -30)
(0, -47, -29)
(1, -47, -30)
(0, -46, -29)
(0, -46, -28)
(1, -47, -28)
(0, -47, -27)
(1, -48, -28)
(0, -48, -27)
(1, -49, -28)
(0, -49, -27)
(1, -50, -27)
(1, -50, -26)
(1, -50, -25)
(0, -50, -24)
(1, -51, -25)
(1, -51, -26)
(1, -51, -27)
(1, -51, -28)
(0, -51, -28)
(1, -52, -28)
(1, -52, -27)
(0, -52, -26)
(1, -53, -27)
(1, -53, -28)
(0, -53, -28)
(1, -54, -28)
(0, -54, -27)
(1, -55, -27)
(0, -55, -26)
(1, -56, -26)
(0, -56, -25)
(1, -57, -26)
(0, -57, -25)
(0, -57, -24)
(0, -57, -23)
(1, -58, -23)
(1, -58, -22)
(1, -58, -21)
(1, -58, -20)
(0, -57, -19)
(0, -57, -18)
(0, -57, -17)
(1, -57, -17)
(0, -56, -17)
(0, -56, -18)
(1, -56, -19)
(0, -55, -19)
(0, -55, -20)
(1, -56, -21)
(1, -56, -22)
(1, -56, -23)
(0, -55, -23)
(1, -55, -24)
(1, -55, -25)
(0, -54, -25)
(1, -54, -25)
(0, -53, -25)
(1, -53, -25)
(1, -53, -24)
(0, -52, -23)
(1, -52, -24)
(0, -51, -23)
(0, -51, -22)
(0, -51, -21)
(1, -51, -21)
(0, -50, -21)
(1, -50, -21)
(1, -50, -20)
(0, -50, -19)
(0, -50, -18)
(1, -50, -18)
(0, -49, -18)
(1, -49, -18)
(0, -48, -17)
(1, -48, -18)
(0, -47, -17)
(0, -47, -16)
(0, -47, -15)
(1, -48, -15)
(0, -48, -14)
(1, -49, -14)
(1, -49, -13)
(0, -48, -12)
(0, -48, -11)
(0, -48, -10)
(1, -49, -10)
(0, -49, -9)
(1, -50, -9)
(0, -50, -8)
(0, -50, -7)
(1, -50, -7)
(0, -49, -7)
(1, -49, -8)
(0, -48, -7)
(1, -48, -8)
(0, -47, -7)
(1, -47, -8)
(1, -47, -9)
(0, -46, -9)
(1, -46, -9)
(1, -46, -8)
(1, -46, -7)
(0, -46, -6)
(0, -46, -5)
(0, -46, -4)
(0, -46, -3)
(1, -46, -3)
(1, -46, -2)
(0, -45, -1)
(1, -45, -2)
(1, -45, -3)
(0, -44, -3)
(1, -44, -3)
(0, -43, -2)
(1, -43, -3)
(0, -42, -2)
(1, -42, -3)
(1, -42, -4)
(0, -42, -4)
(1, -43, -5)
(0, -43, -4)
(1, -44, -5)
(1, -44, -6)
(0, -43, -6)
(1, -43, -7)
(0, -42, -6)
(1, -42, -7)
(1, -42, -8)
(0, -42, -8)
(0, -42, -9)
(1, -43, -10)
(1, -43, -11)
(1, -43, -12)
(0, -42, -12)
(1, -42, -13)
(0, -41, -12)
(0, -41, -11)
(1, -41, -11)
(0, -40, -11)
(0, -40, -12)
(1, -40, -13)
(1, -40, -14)
(1, -40, -15)
(1, -40, -16)
(0, -39, -16)
(1, -39, -16)
(1, -39, -15)
(1, -39, -14)
(0, -38, -13)
(1, -38, -14)
(1, -38, -15)
(1, -38, -16)
(0, -37, -16)
(1, -37, -16)
(0, -36, -16)
(1, -36, -17)
(1, -36, -18)
(0, -36, -18)
(1, -37, -19)
(0, -37, -19)
(1, -38, -19)
(1, -38, -18)
(0, -38, -17)
(1, -39, -18)
(1, -39, -19)
(0, -39, -19)
(1, -40, -20)
(1, -40, -21)
(0, -40, -21)
(1, -41, -21)
(0, -41, -21)
(0, -41, -22)
(1, -41, -23)
(0, -40, -23)
(0, -40, -24)
(1, -41, -25)
(0, -41, -25)
(1, -42, -26)
(0, -42, -26)
(1, -43, -27)
(0, -43, -26)
(1, -44, -27)
(0, -44, -26)
(0, -44, -25)
(1, -45, -25)
(1, -45, -24)
(0, -45, -23)
(1, -46, -23)
(1, -46, -22)
(0, -45, -21)
(1, -45, -21)
(1, -45, -20)
(0, -45, -19)
(1, -46, -20)
(0, -46, -19)
(1, -47, -19)
(0, -47, -19)
(0, -47, -20)
(0, -47, -21)
(0, -47, -22)
(1, -48, -23)
(0, -48, -23)
(0, -48, -24)
(1, -48, -25)
(0, -47, -24)
(1, -47, -24)
(0, -46, -24)
(0, -46, -25)
(1, -46, -26)
(1, -46, -27)
(0, -45, -27)
(0, -45, -28)
(1, -45, -29)
(0, -44, -28)
(1, -44, -29)
(0, -43, -28)
(1, -43, -29)
(0, -42, -28)
(1, -42, -29)
(0, -41, -29)
(1, -41, -30)
(0, -40, -29)
(1, -40, -30)
(1, -40, -31)
(0, -39, -31)
(0, -39, -32)
(1, -39, -33)
(0, -38, -33)
(0, -38, -34)
(1, -38, -35)
(1, -38, -36)
(1, -38, -37)
(1, -38, -38)
(0, -38, -38)
(0, -38, -39)
(1, -38, -40)
(0, -37, -40)
(0, -37, -41)
(0, -37, -42)
(1, -37, -43)
(0, -36, -42)
(1, -36, -43)
(0, -35, -42)
(1, -35, -42)
(0, -34, -41)
(1, -34, -42)
(0, -33, -41)
(1, -33, -42)
(0, -32, -41)
(1, -32, -41)
(1, -32, -40)
(1, -32, -39)
(1, -32, -38)
(0, -32, -37)
(0, -32, -36)
(0, -32, -35)
(1, -32, -35)
(0, -31, -34)
(1, -31, -35)
(0, -30, -35)
(1, -30, -35)
(1, -30, -34)
(0, -29, -33)
(0, -29, -32)
(1, -29, -32)
(1, -29, -31)
(1, -29, -30)
(0, -29, -29)
(1, -30, -29)
(0, -30, -29)
(1, -31, -29)
(0, -31, -28)
(0, -31, -27)
(0, -31, -26)
(0, -31, -25)
(1, -32, -25)
(0, -32, -25)
(1, -33, -25)
(1, -33, -24)
(0, -32, -23)
(0, -32, -22)
(1, -33, -22)
(1, -33, -21)
(1, -33, -20)
(1, -33, -19)
(0, -32, -18)
(0, -32, -17)
(1, -33, -17)
(0, -33, -17)
(1, -34, -18)
(1, -34, -19)
(1, -34, -20)
(0, -34, -20)
(1, -35, -21)
(0, -35, -21)
(1, -36, -21)
(1, -36, -20)
(0, -35, -19)
(1, -35, -19)
(1, -35, -18)
(1, -35, -17)
(0, -34, -16)
(0, -34, -15)
(0, -34, -14)
(0, -34, -13)
(1, -35, -13)
(0, -35, -12)
(1, -36, -12)
(0, -36, -11)
(1, -37, -11)
(0, -37, -11)
(1, -38, -12)
(0, -38, -11)
(0, -38, -10)
(1, -39, -10)
(0, -39, -9)
(1, -40, -9)
(0, -40, -9)
(1, -41, -9)
(1, -41, -8)
(0, -40, -7)
(0, -40, -6)
(1, -40, -6)
(0, -39, -5)
(0, -39, -4)
(1, -39, -4)
(1, -39, -3)
(1, -39, -2)
(0, -39, -1)
(1, -40, -2)
(0, -40, -1)
(1, -41, -2)
(0, -41, -1)
(1, -42, -1)
(1, -42, 0)
(0, -41, 1)
(1, -41, 0)
(0, -40, 1)
(1, -40, 1)
(1, -40, 2)
(0, -40, 3)
(0, -40, 4)
(1, -41, 4)
(0, -41, 5)
(0, -41, 6)
(1, -42, 6)
(1, -42, 7)
(1, -42, 8)
(0, -42, 9)
(0, -42, 10)
(1, -42, 10)
(0, -41, 11)
(1, -41, 11)
(0, -40, 11)
(0, -40, 10)
(0, -40, 9)
(1, -40, 8)
(0, -39, 8)
(1, -39, 8)
(0, -38, 8)
(0, -38, 7)
(1, -38, 6)
(1, -38, 5)
(0, -38, 5)
(0, -38, 4)
(1, -38, 3)
(0, -37, 3)
(1, -37, 2)
(0, -36, 3)
(1, -36, 2)
(0, -35, 2)
(1, -35, 2)
(1, -35, 3)
(1, -35, 4)
(0, -35, 5)
(1, -36, 5)
(1, -36, 6)
(1, -36, 7)
(0, -35, 8)
(1, -35, 7)
(0, -34, 8)
(1, -34, 7)
(0, -33, 8)
(1, -33, 8)
(0, -32, 8)
(1, -32, 8)
(1, -32, 9)
(0, -32, 10)
(0, -32, 11)
(1, -32, 11)
(0, -31, 12)
(1, -31, 12)
(1, -31, 13)
(1, -31, 14)
(0, -30, 15)
(1, -30, 14)
(0, -29, 15)
(1, -29, 15)
(1, -29, 16)
(1, -29, 17)
(1, -29, 18)
(0, -28, 19)
(1, -28, 19)
(0, -27, 20)
(1, -27, 20)
(0, -26, 21)
(1, -26, 20)
(0, -25, 21)
(1, -25, 21)
(0, -24, 22)
(0, -24, 23)
(0, -24, 24)
(1, -25, 24)
(1, -25, 25)
(0, -24, 26)
(1, -24, 25)
(0, -23, 26)
(0, -23, 27)
(0, -23, 28)
(1, -24, 28)
(1, -24, 29)
(0, -23, 30)
(1, -23, 29)
(0, -22, 29)
(1, -22, 29)
(0, -21, 29)
(0, -21, 28)
(1, -21, 27)
(1, -21, 26)
(1, -21, 25)
(0, -21, 25)
(1, -22, 24)
(0, -22, 24)
(0, -22, 23)
(1, -22, 22)
(0, -21, 23)
(1, -21, 22)
(0, -20, 22)
(1, -20, 22)
(0, -19, 23)
(1, -19, 23)
(1, -19, 24)
(0, -18, 25)
(1, -18, 24)
(0, -17, 25)
(1, -17, 25)
(0, -16, 26)
(0, -16, 27)
(0, -16, 28)
(0, -16, 29)
(1, -17, 29)
(1, -17, 30)
(1, -17, 31)
(0, -16, 32)
(1, -16, 31)
(0, -15, 31)
(1, -15, 31)
(0, -14, 31)
(0, -14, 30)
(1, -14, 29)
(1, -14, 28)
(0, -13, 28)
(0, -13, 27)
(1, -13, 26)
(0, -12, 27)
(0, -12, 28)
(1, -12, 28)
(1, -12, 29)
(1, -12, 30)
(0, -12, 31)
(1, -13, 30)
(0, -13, 31)
(0, -13, 32)
(1, -14, 32)
(1, -14, 33)
(0, -14, 34)
(0, -14, 35)
(1, -14, 35)
(0, -13, 36)
(0, -13, 37)
(1, -13, 37)
(1, -13, 38)
(0, -12, 39)
(1, -12, 38)
(1, -12, 37)
(1, -12, 36)
(1, -12, 35)
(1, -12, 34)
(0, -11, 34)
(1, -11, 33)
(1, -11, 32)
(0, -10, 32)
(1, -10, 31)
(1, -10, 30)
(1, -10, 29)
(1, -10, 28)
(0, -10, 28)
(1, -11, 27)
(0, -11, 27)
(0, -11, 26)
(0, -11, 25)
(1, -11, 24)
(0, -10, 24)
(1, -10, 24)
(0, -9, 25)
(1, -9, 24)
(0, -8, 25)
(1, -8, 24)
(1, -8, 23)
(0, -8, 23)
(0, -8, 22)
(1, -9, 21)
(1, -9, 20)
(1, -9, 19)
(0, -8, 19)
(1, -8, 19)
(1, -8, 20)
(0, -7, 21)
(1, -7, 20)
(0, -6, 21)
(1, -6, 21)
(1, -6, 22)
(1, -6, 23)
(1, -6, 24)
(0, -6, 25)
(0, -6, 26)
(1, -6, 26)
(0, -5, 26)
(1, -5, 25)
(1, -5, 24)
(1, -5, 23)
(1, -5, 22)
(0, -4, 22)
(1, -4, 22)
(0, -3, 22)
(1, -3, 22)
(1, -3, 23)
(0, -3, 24)
(0, -3, 25)
(1, -4, 25)
(1, -4, 26)
(1, -4, 27)
(0, -4, 28)
(1, -5, 28)
(0, -5, 28)
(1, -6, 28)
(0, -6, 28)
(1, -7, 28)
(0, -7, 29)
(1, -8, 28)
(0, -8, 29)
(0, -8, 30)
(1, -9, 30)
(1, -9, 31)
(0, -8, 32)
(1, -8, 32)
(0, -7, 33)
(0, -7, 34)
(0, -7, 35)
(1, -8, 35)
(0, -8, 36)
(0, -8, 37)
(1, -8, 37)
(1, -8, 38)
(0, -8, 39)
(1, -9, 39)
(1, -9, 40)
(1, -9, 41)
(0, -8, 42)
(0, -8, 43)
(1, -9, 43)
(0, -9, 44)
(1, -10, 44)
(0, -10, 45)
(1, -11, 44)
(1, -11, 43)
(0, -11, 43)
(0, -11, 42)
(1, -12, 41)
(0, -12, 42)
(1, -13, 42)
(1, -13, 43)
(0, -13, 44)
(1, -14, 44)
(1, -14, 45)
(1, -14, 46)
(0, -14, 47)
(1, -15, 47)
(1, -15, 48)
(0, -14, 49)
(1, -14, 48)
(0, -13, 49)
(0, -13, 50)
(1, -13, 50)
(0, -12, 50)
(1, -12, 49)
(1, -12, 48)
(1, -12, 47)
(0, -12, 47)
(0, -12, 46)
(1, -12, 45)
(0, -11, 46)
(1, -11, 46)
(1, -11, 47)
(0, -10, 48)
(1, -10, 47)
(0, -9, 48)
(1, -9, 48)
(1, -9, 49)
(1, -9, 50)
(0, -9, 51)
(0, -9, 52)
(0, -9, 53)
(0, -9, 54)
(0, -9, 55)
(0, -9, 56)
(0, -9, 57)
(1, -10, 57)
(0, -10, 57)
(1, -11, 56)
(0, -11, 57)
(1, -12, 56)
(0, -12, 56)
(0, -12, 55)
(1, -13, 54)
(1, -13, 53)
(1, -13, 52)
(0, -13, 52)
(1, -14, 51)
(0, -14, 52)
(1, -15, 51)
(1, -15, 50)
(0, -15, 50)
(1, -16, 50)
(0, -16, 51)
(1, -17, 51)
(1, -17, 52)
(0, -17, 53)
(1, -18, 52)
(0, -18, 52)
(1, -19, 51)
(1, -19, 50)
(1, -19, 49)
(0, -19, 49)
(0, -19, 48)
(0, -19, 47)
(1, -20, 46)
(1, -20, 45)
(1, -20, 44)
(0, -19, 44)
(1, -19, 44)
(1, -19, 45)
(0, -18, 46)
(0, -18, 47)
(0, -18, 48)
(1, -18, 48)
(0, -17, 48)
(1, -17, 48)
(0, -16, 48)
(0, -16, 47)
(1, -16, 46)
(1, -16, 45)
(1, -16, 44)
(0, -16, 44)
(0, -16, 43)
(0, -16, 42)
(0, -16, 41)
(0, -16, 40)
(0, -16, 39)
(1, -16, 38)
(0, -15, 38)
(1, -15, 38)
(0, -14, 38)
(0, -14, 37)
(1, -15, 36)
(0, -15, 36)
(1, -16, 35)
(1, -16, 34)
(0, -16, 34)
(1, -17, 34)
(0, -17, 35)
(1, -18, 35)
(0, -18, 36)
(1, -19, 35)
(0, -19, 36)
(1, -20, 35)
(0, -20, 36)
(1, -21, 36)
(1, -21, 37)
(0, -20, 38)
(1, -20, 37)
(0, -19, 38)
(0, -19, 39)
(1, -19, 39)
(0, -18, 40)
(0, -18, 41)
(1, -18, 41)
(1, -18, 42)
(0, -18, 43)
(1, -19, 42)
(0, -19, 42)
(1, -20, 41)
(0, -20, 41)
(1, -21, 40)
(0, -21, 40)
(0, -21, 39)
(1, -22, 38)
(1, -22, 37)
(1, -22, 36)
(0, -22, 36)
(0, -22, 35)
(1, -23, 34)
(0, -23, 35)
(1, -24, 35)
(0, -24, 35)
(0, -24, 34)
(1, -24, 33)
(1, -24, 32)
(1, -24, 31)
(0, -24, 31)
(1, -25, 30)
(0, -25, 31)
(0, -25, 32)
(1, -26, 32)
(0, -26, 33)
(1, -27, 33)
(1, -27, 34)
(1, -27, 35)
(0, -27, 36)
(1, -28, 36)
(0, -28, 36)
(0, -28, 35)
(0, -28, 34)
(1, -29, 33)
(0, -29, 34)
(1, -30, 33)
(0, -30, 34)
(0, -30, 35)
(0, -30, 36)
(0, -30, 37)
(0, -30, 38)
(0, -30, 39)
(0, -30, 40)
(0, -30, 41)
(0, -30, 42)
(1, -30, 42)
(0, -29, 43)
(1, -29, 42)
(0, -28, 43)
(0, -28, 44)
(0, -28, 45)
(0, -28, 46)
(1, -29, 46)
(1, -29, 47)
(0, -28, 48)
(1, -28, 47)
(0, -27, 47)
(1, -27, 46)
(1, -27, 45)
(0, -27, 45)
(0, -27, 44)
(0, -27, 43)
(0, -27, 42)
(1, -28, 41)
(1, -28, 40)
(1, -28, 39)
(0, -27, 39)
(1, -27, 39)
(0, -26, 39)
(0, -26, 38)
(1, -26, 37)
(0, -25, 38)
(1, -25, 38)
(1, -25, 39)
(0, -25, 40)
(1, -26, 40)
(0, -26, 41)
(0, -26, 42)
(1, -26, 42)
(1, -26, 43)
(0, -25, 44)
(1, -25, 43)
(0, -24, 43)
(1, -24, 42)
(1, -24, 41)
(0, -23, 41)
(0, -23, 40)
(1, -23, 39)
(0, -22, 40)
(0, -22, 41)
(0, -22, 42)
(1, -23, 42)
(1, -23, 43)
(0, -22, 44)
(1, -22, 44)
(1, -22, 45)
(0, -22, 46)
(1, -23, 45)
(0, -23, 45)
(1, -24, 44)
(0, -24, 45)
(0, -24, 46)
(1, -24, 46)
(1, -24, 47)
(0, -24, 48)
(1, -25, 47)
(0, -25, 48)
(0, -25, 49)
(0, -25, 50)
(1, -26, 50)
(0, -26, 50)
(1, -27, 49)
(0, -27, 50)
(1, -28, 50)
(1, -28, 51)
(0, -28, 52)
(1, -29, 51)
(0, -29, 52)
(0, -29, 53)
(1, -29, 53)
(1, -29, 54)
(0, -28, 55)
(1, -28, 55)
(0, -27, 55)
(0, -27, 54)
(1, -27, 53)
(0, -26, 53)
(1, -26, 53)
(0, -25, 54)
(1, -25, 54)
(1, -25, 55)
(0, -24, 56)
(1, -24, 55)
(0, -23, 55)
(1, -23, 55)
(1, -23, 56)
(0, -22, 57)
(0, -22, 58)
(1, -22, 58)
(0, -21, 58)
(1, -21, 58)
(1, -21, 59)
(0, -21, 60)
(1, -22, 60)
(0, -22, 61)
(1, -23, 61)
(0, -23, 62)
(0, -23, 63)
(1, -24, 63)
(1, -24, 64)
(1, -24, 65)
(0, -24, 66)
(1, -25, 66)
(1, -25, 67)
(0, -25, 68)
(1, -26, 67)
(0, -26, 67)
(1, -27, 67)
(0, -27, 68)
(1, -28, 67)
(0, -28, 68)
(0, -28, 69)
(0, -28, 70)
(1, -28, 70)
(1, -28, 71)
(1, -28, 72)
(0, -27, 73)
(1, -27, 73)
(0, -26, 73)
(1, -26, 72)
(0, -25, 72)
(1, -25, 71)
(0, -24, 72)
(1, -24, 72)
(1, -24, 73)
(0, -23, 74)
(1, -23, 73)
(0, -22, 73)
(1, -22, 72)
(1, -22, 71)
(0, -22, 71)
(1, -23, 71)
(0, -23, 71)
(0, -23, 70)
(0, -23, 69)
(0, -23, 68)
(1, -23, 67)
(0, -22, 68)
(1, -22, 68)
(0, -21, 69)
(1, -21, 68)
(0, -20, 68)
(0, -20, 67)
(0, -20, 66)
(0, -20, 65)
(0, -20, 64)
(0, -20, 63)
(0, -20, 62)
(1, -20, 61)
(0, -19, 62)
(1, -19, 61)
(0, -18, 61)
(0, -18, 60)
(0, -18, 59)
(1, -19, 58)
(1, -19, 57)
(1, -19, 56)
(0, -19, 56)
(1, -20, 56)
(0, -20, 56)
(1, -21, 55)
(1, -21, 54)
(0, -21, 54)
(1, -22, 53)
(0, -22, 53)
(0, -22, 52)
(1, -22, 51)
(0, -21, 51)
(1, -21, 51)
(1, -21, 52)
(0, -20, 53)
(1, -20, 52)
(0, -19, 53)
(1, -19, 53)
(1, -19, 54)
(0, -18, 55)
(1, -18, 54)
(0, -17, 55)
(1, -17, 55)
(0, -16, 56)
(1, -16, 55)
(1, -16, 54)
(1, -16, 53)
(0, -15, 53)
(1, -15, 53)
(1, -15, 54)
(0, -14, 55)
(1, -14, 55)
(0, -13, 56)
(0, -13, 57)
(0, -13, 58)
(1, -14, 58)
(0, -14, 59)
(1, -15, 59)
(0, -15, 60)
(1, -16, 59)
(0, -16, 60)
(1, -17, 60)
(1, -17, 61)
(1, -17, 62)
(0, -17, 63)
(0, -17, 64)
(1, -18, 64)
(1, -18, 65)
(0, -18, 66)
(1, -19, 65)
(0, -19, 66)
(0, -19, 67)
(1, -19, 67)
(1, -19, 68)
(0, -18, 69)
(1, -18, 68)
(0, -17, 68)
(1, -17, 68)
(0, -16, 69)
(1, -16, 68)
(1, -16, 67)
(0, -16, 67)
(1, -17, 66)
(1, -17, 65)
(0, -16, 65)
(1, -16, 64)
(0, -15, 64)
(0, -15, 63)
(1, -15, 62)
(0, -14, 62)
(1, -14, 62)
(0, -13, 63)
(1, -13, 62)
(1, -13, 61)
(0, -13, 61)
(0, -13, 60)
(1, -13, 59)
(0, -12, 60)
(1, -12, 59)
(0, -11, 59)
(1, -11, 58)
(0, -10, 59)
(1, -10, 59)
(1, -10, 60)
(1, -10, 61)
(0, -9, 62)
(1, -9, 62)
(0, -8, 62)
(1, -8, 61)
(0, -7, 62)
(0, -7, 63)
(1, -8, 63)
(1, -8, 64)
(1, -8, 65)
(0, -7, 66)
(1, -7, 66)
(0, -6, 67)
(1, -6, 67)
(1, -6, 68)
(1, -6, 69)
(0, -5, 70)
(1, -5, 69)
(0, -4, 70)
(1, -4, 70)
(0, -3, 70)
(1, -3, 70)
(1, -3, 71)
(0, -3, 72)
(0, -3, 73)
(1, -4, 73)
(0, -4, 73)
(1, -5, 73)
(1, -5, 74)
(0, -4, 75)
(0, -4, 76)
(1, -4, 76)
(0, -3, 76)
(0, -3, 75)
(1, -3, 74)
(0, -2, 74)
(0, -2, 73)
(1, -2, 72)
(1, -2, 71)
(0, -1, 71)
(0, -1, 70)
(0, -1, 69)
(1, -1, 68)
(0, 0, 69)
(1, 0, 68)
(1, 0, 67)
(1, 0, 66)
(0, 0, 66)
(0, 0, 65)
(1, 0, 64)
(0, 1, 65)
(1, 1, 64)
(0, 2, 64)
(0, 2, 63)
(0, 2, 62)
(1, 1, 61)
(0, 1, 61)
(0, 1, 60)
(1, 0, 59)
(0, 0, 59)
(1, -1, 58)
(0, -1, 59)
(1, -2, 58)
(0, -2, 59)
(1, -3, 59)
(0, -3, 59)
(1, -4, 58)
(0, -4, 59)
(1, -5, 58)
(0, -5, 58)
(1, -6, 57)
(1, -6, 56)
(0, -5, 56)
(0, -5, 55)
(1, -5, 54)
(0, -4, 55)
(1, -4, 55)
(0, -3, 56)
(0, -3, 57)
(1, -3, 57)
(0, -2, 57)
(0, -2, 56)
(1, -2, 55)
(0, -1, 55)
(1, -1, 55)
(1, -1, 56)
(0, 0, 57)
(1, 0, 57)
(0, 1, 58)
(1, 1, 58)
(0, 2, 58)
(0, 2, 57)
(0, 2, 56)
(1, 1, 55)
(1, 1, 54)
(1, 1, 53)
(0, 1, 53)
(1, 0, 52)
(1, 0, 51)
(0, 1, 51)
(1, 1, 51)
(0, 2, 52)
(1, 2, 52)
(0, 3, 53)
(1, 3, 53)
(0, 4, 53)
(1, 4, 53)
(1, 4, 54)
(1, 4, 55)
(1, 4, 56)
(0, 4, 57)
(1, 3, 56)
(0, 3, 57)
(0, 3, 58)
(1, 3, 58)
(0, 4, 59)
(1, 4, 58)
(0, 5, 58)
(1, 5, 57)
(1, 5, 56)
(1, 5, 55)
(1, 5, 54)
(1, 5, 53)
(0, 6, 53)
(0, 6, 52)
(1, 5, 51)
(1, 5, 50)
(0, 6, 50)
(1, 6, 50)
(0, 7, 51)
(1, 7, 50)
(1, 7, 49)
(0, 7, 49)
(1, 6, 48)
(0, 6, 48)
(1, 5, 47)
(1, 5, 46)
(0, 6, 46)
(1, 6, 45)
(1, 6, 44)
(1, 6, 43)
(0, 7, 43)
(1, 7, 42)
(0, 8, 42)
(1, 8, 41)
(1, 8, 40)
(0, 9, 40)
(1, 9, 40)
(1, 9, 41)
(1, 9, 42)
(1, 9, 43)
(0, 9, 44)
(1, 8, 44)
(1, 8, 45)
(1, 8, 46)
(0, 9, 47)
(1, 9, 47)
(0, 10, 47)
(1, 10, 47)
(1, 10, 48)
(0, 11, 49)
(1, 11, 48)
(1, 11, 47)
(0, 12, 47)
(0, 12, 46)
(1, 11, 45)
(1, 11, 44)
(1, 11, 43)
(0, 11, 43)
(0, 11, 42)
(0, 11, 41)
(0, 11, 40)
(1, 10, 39)
(0, 10, 39)
(1, 9, 38)
(1, 9, 37)
(1, 9, 36)
(0, 10, 36)
(1, 10, 35)
(0, 11, 35)
(1, 11, 35)
(0, 12, 36)
(0, 12, 37)
(0, 12, 38)
(0, 12, 39)
(1, 12, 39)
(1, 12, 40)
(1, 12, 41)
(0, 13, 42)
(1, 13, 41)
(0, 14, 42)
(1, 14, 42)
(0, 15, 42)
(0, 15, 41)
(0, 15, 40)
(1, 14, 39)
(0, 14, 39)
(0, 14, 38)
(0, 14, 37)
(1, 13, 36)
(1, 13, 35)
(0, 14, 35)
(1, 14, 35)
(0, 15, 36)
(0, 15, 37)
(0, 15, 38)
(1, 15, 38)
(0, 16, 38)
(1, 16, 38)
(0, 17, 38)
(1, 17, 38)
(1, 17, 39)
(0, 17, 40)
(1, 16, 40)
(1, 16, 41)
(1, 16, 42)
(0, 17, 43)
(1, 17, 43)
(0, 18, 44)
(1, 18, 44)
(1, 18, 45)
(0, 18, 46)
(1, 17, 46)
(0, 17, 47)
(1, 16, 47)
(1, 16, 48)
(1, 16, 49)
(1, 16, 50)
(0, 16, 51)
(1, 15, 51)
(0, 15, 51)
(1, 14, 50)
(0, 14, 51)
(1, 13, 51)
(0, 13, 52)
(1, 12, 51)
(1, 12, 50)
(0, 12, 50)
(1, 11, 50)
(1, 11, 51)
(1, 11, 52)
(1, 11, 53)
(0, 12, 54)
(1, 12, 54)
(0, 13, 54)
(1, 13, 54)
(0, 14, 54)
(1, 14, 54)
(1, 14, 55)
(1, 14, 56)
(0, 15, 57)
(1, 15, 57)
(1, 15, 58)
(0, 15, 59)
(1, 14, 59)
(0, 14, 60)
(1, 13, 59)
(0, 13, 60)
(0, 13, 61)
(1, 12, 61)
(0, 12, 62)
(0, 12, 63)
(1, 12, 63)
(0, 13, 63)
(1, 13, 62)
(0, 14, 63)
(1, 14, 63)
(1, 14, 64)
(0, 14, 65)
(0, 14, 66)
(1, 14, 66)
(0, 15, 67)
(1, 15, 67)
(1, 15, 68)
(0, 15, 69)
(1, 14, 69)
(0, 14, 69)
(1, 13, 69)
(0, 13, 70)
(0, 13, 71)
(1, 13, 71)
(0, 14, 72)
(0, 14, 73)
(1, 14, 73)
(1, 14, 74)
(1, 14, 75)
(1, 14, 76)
(1, 14, 77)
(1, 14, 78)
(0, 15, 79)
(1, 15, 79)
(1, 15, 80)
(1, 15, 81)
(0, 15, 82)
(0, 15, 83)
(1, 14, 83)
(0, 14, 84)
(0, 14, 85)
(1, 14, 85)
(1, 14, 86)
(1, 14, 87)
(0, 14, 88)
(1, 13, 87)
(0, 13, 87)
(1, 12, 87)
(0, 12, 88)
(1, 11, 87)
(0, 11, 88)
(0, 11, 89)
(1, 11, 89)
(1, 11, 90)
(1, 11, 91)
(0, 11, 92)
(0, 11, 93)
(1, 11, 93)
(1, 11, 94)
(0, 12, 95)
(1, 12, 94)
(0, 13, 94)
(1, 13, 93)
(0, 14, 94)
(1, 14, 93)
(0, 15, 93)
(1, 15, 93)
(1, 15, 94)
(0, 15, 95)
(0, 15, 96)
(1, 14, 96)
(0, 14, 96)
(1, 13, 96)
(0, 13, 97)
(1, 12, 97)
(0, 12, 97)
(1, 11, 97)
(1, 11, 98)
(0, 11, 99)
(1, 10, 99)
(0, 10, 100)
(1, 9, 99)
(0, 9, 100)
(1, 8, 100)
(1, 8, 101)
(0, 9, 102)
(1, 9, 101)
(0, 10, 102)
(1, 10, 102)
(1, 10, 103)
(1, 10, 104)
(0, 10, 105)
(1, 9, 104)
(0, 9, 105)
(1, 8, 104)
(1, 8, 103)
(0, 8, 103)
(1, 7, 102)
(1, 7, 101)
(1, 7, 100)
(1, 7, 99)
(1, 7, 98)
(0, 8, 98)
(1, 8, 97)
(0, 9, 97)
(1, 9, 96)
(0, 10, 96)
(0, 10, 95)
(1, 9, 94)
(1, 9, 93)
(1, 9, 92)
(0, 10, 92)
(0, 10, 91)
(1, 9, 90)
(1, 9, 89)
(1, 9, 88)
(0, 9, 88)
(0, 9, 87)
(1, 9, 86)
(0, 10, 87)
(1, 10, 86)
(1, 10, 85)
(1, 10, 84)
(1, 10, 83)
(0, 11, 83)
(1, 11, 82)
(0, 12, 82)
(1, 12, 82)
(0, 13, 82)
(1, 13, 81)
(1, 13, 80)
(0, 13, 80)
(1, 12, 79)
(1, 12, 78)
(1, 12, 77)
(1, 12, 76)
(0, 13, 76)
(0, 13, 75)
(0, 13, 74)
(1, 12, 73)
(0, 12, 74)
(0, 12, 75)
(1, 11, 75)
(0, 11, 75)
(1, 10, 75)
(0, 10, 75)
(1, 9, 75)
(0, 9, 76)
(1, 8, 75)
(0, 8, 76)
(1, 7, 75)
(0, 7, 75)
(1, 6, 75)
(0, 6, 76)
(1, 5, 75)
(0, 5, 76)
(0, 5, 77)
(1, 5, 77)
(1, 5, 78)
(0, 6, 79)
(1, 6, 79)
(1, 6, 80)
(0, 7, 81)
(1, 7, 81)
(0, 8, 81)
(0, 8, 80)
(0, 8, 79)
(0, 8, 78)
(1, 8, 77)
(0, 9, 78)
(0, 9, 79)
(0, 9, 80)
(1, 9, 80)
(0, 10, 80)
(1, 10, 79)
(0, 11, 79)
(1, 11, 79)
(1, 11, 80)
(0, 11, 81)
(1, 10, 81)
(0, 10, 82)
(1, 9, 82)
(0, 9, 82)
(1, 8, 82)
(1, 8, 83)
(1, 8, 84)
(1, 8, 85)
(0, 8, 86)
(1, 7, 86)
(0, 7, 86)
(1, 6, 85)
(0, 6, 85)
(1, 5, 84)
(0, 5, 85)
(0, 5, 86)
(1, 5, 86)
(1, 5, 87)
(1, 5, 88)
(1, 5, 89)
(0, 6, 90)
(1, 6, 90)
(0, 7, 91)
(1, 7, 90)
(1, 7, 89)
(0, 8, 89)
(1, 8, 89)
(1, 8, 90)
(1, 8, 91)
(0, 8, 92)
(1, 7, 92)
(0, 7, 93)
(1, 6, 92)
(0, 6, 92)
(1, 5, 92)
(0, 5, 92)
(1, 4, 91)
(1, 4, 90)
(0, 4, 90)
(0, 4, 89)
(0, 4, 88)
(1, 3, 87)
(0, 3, 87)
(1, 2, 86)
(1, 2, 85)
(1, 2, 84)
(1, 2, 83)
(0, 3, 83)
(1, 3, 83)
(0, 4, 83)
(1, 4, 83)
(0, 5, 83)
(0, 5, 82)
(0, 5, 81)
(1, 4, 80)
(1, 4, 79)
(1, 4, 78)
(0, 4, 78)
(0, 4, 77)
(1, 3, 76)
(1, 3, 75)
(0, 3, 75)
(1, 2, 74)
(1, 2, 73)
(1, 2, 72)
(0, 2, 72)
(1, 1, 72)
(1, 1, 73)
(1, 1, 74)
(0, 1, 75)
(1, 0, 74)
(0, 0, 74)
(1, -1, 73)
(0, -1, 74)
(0, -1, 75)
(1, -2, 75)
(1, -2, 76)
(1, -2, 77)
(0, -2, 78)
(1, -3, 78)
(1, -3, 79)
(1, -3, 80)
(0, -2, 81)
(1, -2, 81)
(0, -1, 81)
(1, -1, 80)
(0, 0, 80)
(0, 0, 79)
(1, 0, 78)
(1, 0, 77)
(0, 1, 77)
(1, 1, 77)
(0, 2, 78)
(1, 2, 77)
(0, 3, 78)
(0, 3, 79)
(1, 2, 79)
(0, 2, 80)
(0, 2, 81)
(1, 1, 81)
(0, 1, 81)
(1, 0, 81)
(1, 0, 82)
(1, 0, 83)
(0, 1, 84)
(0, 1, 85)
(0, 1, 86)
(1, 0, 86)
(0, 0, 86)
(1, -1, 86)
(0, -1, 86)
(0, -1, 85)
(1, -2, 84)
(0, -2, 84)
(0, -2, 83)
(1, -3, 82)
(0, -3, 83)
(1, -4, 83)
(0, -4, 84)
(1, -5, 83)
(0, -5, 84)
(0, -5, 85)
(1, -6, 85)
(1, -6, 86)
(0, -5, 87)
(1, -5, 87)
(0, -4, 87)
(1, -4, 87)
(1, -4, 88)
(0, -3, 89)
(0, -3, 90)
(0, -3, 91)
(0, -3, 92)
(0, -3, 93)
(1, -3, 93)
(1, -3, 94)
(0, -2, 95)
(0, -2, 96)
(0, -2, 97)
(1, -3, 97)
(1, -3, 98)
(1, -3, 99)
(0, -2, 100)
(0, -2, 101)
(0, -2, 102)
(0, -2, 103)
(1, -3, 103)
(1, -3, 104)
(1, -3, 105)
(1, -3, 106)
(0, -2, 107)
(1, -2, 107)
(1, -2, 108)
(0, -2, 109)
(0, -2, 110)
(1, -2, 110)
(1, -2, 111)
(1, -2, 112)
(0, -2, 113)
(0, -2, 114)
(1, -3, 114)
(1, -3, 115)
(1, -3, 116)
(1, -3, 117)
(1, -3, 118)
(0, -2, 119)
(1, -2, 118)
(0, -1, 119)
(1, -1, 119)
(0, 0, 120)
(1, 0, 120)
(0, 1, 121)
(1, 1, 121)
(0, 2, 121)
(0, 2, 120)
(0, 2, 119)
(1, 2, 118)
(0, 3, 119)
(1, 3, 118)
(0, 4, 119)
(1, 4, 118)
(1, 4, 117)
(1, 4, 116)
(1, 4, 115)
(0, 5, 115)
(0, 5, 114)
(1, 5, 113)
(1, 5, 112)
(0, 5, 112)
(1, 4, 111)
(0, 4, 112)
(1, 3, 112)
(0, 3, 112)
(1, 2, 111)
(0, 2, 111)
(1, 1, 111)
(0, 1, 111)
(0, 1, 110)
(0, 1, 109)
(0, 1, 108)
(1, 1, 107)
(0, 2, 107)
(1, 2, 106)
(0, 3, 106)
(0, 3, 105)
(1, 2, 104)
(0, 2, 104)
(1, 1, 103)
(0, 1, 103)
(1, 0, 103)
(0, 0, 103)
(0, 0, 102)
(0, 0, 101)
(1, 0, 100)
(0, 1, 100)
(1, 1, 100)
(0, 2, 101)
(1, 2, 101)
(1, 2, 102)
(0, 3, 103)
(1, 3, 102)
(0, 4, 102)
(0, 4, 101)
(0, 4, 100)
(1, 4, 99)
(1, 4, 98)
(0, 5, 98)
(1, 5, 97)
(0, 6, 98)
(0, 6, 99)
(1, 6, 99)
(1, 6, 100)
(1, 6, 101)
(0, 6, 102)
(1, 5, 101)
(0, 5, 102)
(0, 5, 103)
(0, 5, 104)
(1, 4, 104)
(1, 4, 105)
(0, 4, 106)
(0, 4, 107)
(1, 4, 107)
(0, 5, 107)
(1, 5, 107)
(0, 6, 108)
(1, 6, 107)
(0, 7, 107)
(1, 7, 107)
(1, 7, 108)
(0, 8, 109)
(1, 8, 109)
(1, 8, 110)
(0, 9, 111)
(1, 9, 111)
(0, 10, 112)
(1, 10, 112)
(0, 11, 112)
(1, 11, 112)
(1, 11, 113)
(0, 12, 114)
(1, 12, 114)
(0, 13, 114)
(0, 13, 113)
(1, 12, 112)
(1, 12, 111)
(0, 13, 111)
(0, 13, 110)
(1, 12, 109)
(0, 12, 109)
(1, 11, 108)
(0, 11, 108)
(1, 10, 107)
(1, 10, 106)
(0, 11, 106)
(1, 11, 105)
(0, 12, 105)
(1, 12, 105)
(0, 13, 105)
(0, 13, 104)
(0, 13, 103)
(1, 13, 102)
(0, 14, 103)
(1, 14, 102)
(1, 14, 101)
(0, 14, 101)
(0, 14, 100)
(1, 14, 99)
(1, 14, 98)
(0, 15, 98)
(1, 15, 98)
(0, 16, 98)
(0, 16, 97)
(1, 16, 96)
(0, 17, 96)
(1, 17, 95)
(1, 17, 94)
(1, 17, 93)
(1, 17, 92)
(0, 18, 92)
(0, 18, 91)
(1, 17, 90)
(0, 17, 91)
(1, 16, 91)
(0, 16, 92)
(1, 15, 91)
(0, 15, 91)
(0, 15, 90)
(1, 15, 89)
(0, 16, 90)
(1, 16, 89)
(1, 16, 88)
(0, 17, 88)
(1, 17, 87)
(1, 17, 86)
(0, 18, 86)
(1, 18, 86)
(1, 18, 87)
(1, 18, 88)
(0, 19, 89)
(0, 19, 90)
(0, 19, 91)
(1, 19, 91)
(0, 20, 91)
(0, 20, 90)
(0, 20, 89)
(1, 20, 88)
(0, 21, 89)
(0, 21, 90)
(1, 21, 90)
(0, 22, 91)
(1, 22, 91)
(1, 22, 92)
(0, 23, 93)
(0, 23, 94)
(1, 23, 94)
(0, 24, 95)
(0, 24, 96)
(1, 23, 96)
(1, 23, 97)
(0, 23, 98)
(1, 22, 98)
(0, 22, 99)
(1, 21, 99)
(0, 21, 99)
(1, 20, 98)
(0, 20, 98)
(1, 19, 98)
(0, 19, 98)
(0, 19, 97)
(1, 18, 96)
(0, 18, 97)
(1, 17, 97)
(1, 17, 98)
(0, 17, 99)
(0, 17, 100)
(0, 17, 101)
(1, 16, 101)
(0, 16, 102)
(0, 16, 103)
(1, 16, 103)
(0, 17, 104)
(1, 17, 103)
(0, 18, 103)
(1, 18, 102)
(0, 19, 103)
(1, 19, 103)
(0, 20, 103)
(1, 20, 102)
(1, 20, 101)
(0, 21, 101)
(1, 21, 101)
(1, 21, 102)
(0, 22, 103)
(1, 22, 103)
(0, 23, 104)
(1, 23, 103)
(0, 24, 103)
(0, 24, 102)
(1, 23, 101)
(1, 23, 100)
(1, 23, 99)
(0, 24, 99)
(1, 24, 99)
(1, 24, 100)
(0, 25, 101)
(1, 25, 101)
(0, 26, 101)
(0, 26, 100)
(1, 25, 99)
(1, 25, 98)
(0, 26, 98)
(0, 26, 97)
(1, 26, 96)
(0, 27, 96)
(1, 27, 96)
(0, 28, 97)
(0, 28, 98)
(1, 27, 98)
(0, 27, 99)
(0, 27, 100)
(1, 27, 100)
(0, 28, 100)
(1, 28, 100)
(0, 29, 101)
(1, 29, 101)
(1, 29, 102)
(0, 29, 103)
(1, 28, 102)
(0, 28, 103)
(1, 27, 103)
(1, 27, 104)
(1, 27, 105)
(0, 27, 106)
(1, 26, 105)
(1, 26, 104)
(0, 26, 104)
(1, 25, 104)
(0, 25, 104)
(1, 24, 104)
(0, 24, 105)
(0, 24, 106)
(1, 24, 106)
(0, 25, 106)
(1, 25, 106)
(1, 25, 107)
(1, 25, 108)
(0, 26, 109)
(1, 26, 109)
(1, 26, 110)
(1, 26, 111)
(0, 26, 112)
(1, 25, 111)
(1, 25, 110)
(0, 25, 110)
(1, 24, 109)
(0, 24, 110)
(1, 23, 109)
(0, 23, 110)
(1, 22, 109)
(0, 22, 110)
(1, 21, 110)
(1, 21, 111)
(1, 21, 112)
(0, 21, 113)
(1, 20, 113)
(0, 20, 113)
(0, 20, 112)
(1, 20, 111)
(1, 20, 110)
(1, 20, 109)
(0, 21, 109)
(1, 21, 108)
(1, 21, 107)
(0, 22, 107)
(1, 22, 106)
(1, 22, 105)
(0, 22, 105)
(1, 21, 104)
(0, 21, 105)
(1, 20, 105)
(1, 20, 106)
(0, 20, 107)
(0, 20, 108)
(1, 19, 108)
(1, 19, 109)
(1, 19, 110)
(0, 19, 111)
(0, 19, 112)
(0, 19, 113)
(1, 18, 113)
(0, 18, 114)
(1, 17, 113)
(0, 17, 114)
(0, 17, 115)
(1, 16, 115)
(0, 16, 115)
(1, 15, 114)
(0, 15, 115)
(1, 14, 114)
(0, 14, 115)
(1, 13, 115)
(1, 13, 116)
(0, 14, 117)
(0, 14, 118)
(1, 14, 118)
(0, 15, 118)
(1, 15, 118)
(0, 16, 119)
(1, 16, 118)
(0, 17, 119)
(1, 17, 119)
(0, 18, 119)
(1, 18, 119)
(1, 18, 120)
(0, 19, 121)
(1, 19, 121)
(0, 20, 122)
(0, 20, 123)
(1, 19, 123)
(0, 19, 123)
(1, 18, 123)
(1, 18, 124)
(0, 19, 125)
(0, 19, 126)
(1, 18, 126)
(0, 18, 127)
(1, 17, 127)
(1, 17, 128)
(0, 17, 129)
(1, 16, 129)
(1, 16, 130)
(0, 17, 131)
(1, 17, 131)
(0, 18, 132)
(0, 18, 133)
(1, 18, 133)
(1, 18, 134)
(0, 19, 135)
(1, 19, 135)
(1, 19, 136)
(0, 19, 137)
(1, 18, 136)
(0, 18, 137)
(1, 17, 136)
(0, 17, 137)
(0, 17, 138)
(1, 17, 138)
(0, 18, 139)
(1, 18, 138)
(0, 19, 139)
(0, 19, 140)
(0, 19, 141)
(1, 19, 141)
(0, 20, 142)
(1, 20, 142)
(0, 21, 143)
(0, 21, 144)
(0, 21, 145)
(1, 20, 145)
(0, 20, 145)
(1, 19, 144)
(0, 19, 144)
(1, 18, 143)
(1, 18, 142)
(0, 18, 142)
(1, 17, 142)
(1, 17, 143)
(1, 17, 144)
(0, 17, 145)
(1, 16, 144)
(0, 16, 145)
(1, 15, 144)
(1, 15, 143)
(0, 16, 143)
(0, 16, 142)
(1, 15, 141)
(0, 15, 142)
(1, 14, 142)
(1, 14, 143)
(1, 14, 144)
(0, 14, 145)
(1, 13, 144)
(0, 13, 145)
(1, 12, 145)
(1, 12, 146)
(0, 12, 147)
(0, 12, 148)
(0, 12, 149)
(1, 11, 149)
(1, 11, 150)
(0, 12, 151)
(1, 12, 150)
(0, 13, 151)
(0, 13, 152)
(0, 13, 153)
(0, 13, 154)
(1, 13, 154)
(1, 13, 155)
(0, 14, 156)
(1, 14, 156)
(1, 14, 157)
(1, 14, 158)
(0, 14, 159)
(0, 14, 160)
(1, 14, 160)
(0, 15, 161)
(0, 15, 162)
(1, 15, 162)
(0, 16, 163)
(1, 16, 162)
(0, 17, 162)
(0, 17, 161)
(1, 16, 160)
(1, 16, 159)
(0, 17, 159)
(1, 17, 158)
(0, 18, 159)
(0, 18, 160)
(0, 18, 161)
(0, 18, 162)
(0, 18, 163)
(1, 18, 163)
(0, 19, 163)
(1, 19, 163)
(1, 19, 164)
(0, 20, 165)
(1, 20, 164)
(0, 21, 165)
(1, 21, 165)
(0, 22, 166)
(1, 22, 166)
(1, 22, 167)
(0, 22, 168)
(1, 21, 167)
(0, 21, 167)
(1, 20, 166)
(0, 20, 167)
(1, 19, 167)
(1, 19, 168)
(0, 20, 169)
(0, 20, 170)
(0, 20, 171)
(1, 19, 171)
(0, 19, 171)
(1, 18, 171)
(1, 18, 172)
(1, 18, 173)
(1, 18, 174)
(1, 18, 175)
(0, 19, 176)
(0, 19, 177)
(1, 18, 177)
(0, 18, 178)
(1, 17, 178)
(0, 17, 179)
(1, 16, 179)
(0, 16, 180)
(1, 15, 179)
(0, 15, 180)
(1, 14, 179)
(0, 14, 180)
(0, 14, 181)
(0, 14, 182)
(1, 14, 182)
(1, 14, 183)
(0, 15, 184)
(1, 15, 183)
(0, 16, 184)
(1, 16, 183)
(0, 17, 184)
(1, 17, 183)
(1, 17, 182)
(1, 17, 181)
(1, 17, 180)
(0, 18, 180)
(1, 18, 179)
(0, 19, 180)
(1, 19, 179)
(0, 20, 180)
(1, 20, 179)
(0, 21, 179)
(1, 21, 179)
(0, 22, 179)
(1, 22, 178)
(0, 23, 178)
(1, 23, 177)
(0, 24, 178)
(1, 24, 177)
(0, 25, 177)
(0, 25, 176)
(1, 24, 175)
(1, 24, 174)
(0, 25, 174)
(1, 25, 173)
(1, 25, 172)
(0, 25, 172)
(0, 25, 171)
(1, 24, 170)
(1, 24, 169)
(1, 24, 168)
(0, 24, 168)
(1, 23, 167)
(1, 23, 166)
(1, 23, 165)
(1, 23, 164)
(0, 24, 164)
(1, 24, 163)
(0, 25, 163)
(1, 25, 162)
(1, 25, 161)
(0, 26, 161)
(1, 26, 160)
(0, 27, 160)
(1, 27, 159)
(1, 27, 158)
(0, 27, 158)
(0, 27, 157)
(0, 27, 156)
(1, 26, 155)
(0, 26, 155)
(1, 25, 155)
(1, 25, 156)
(0, 26, 157)
(0, 26, 158)
(0, 26, 159)
(1, 25, 159)
(0, 25, 159)
(1, 24, 158)
(0, 24, 158)
(0, 24, 157)
(1, 23, 156)
(1, 23, 155)
(0, 23, 155)
(1, 22, 154)
(0, 22, 155)
(1, 21, 155)
(0, 21, 155)
(1, 20, 154)
(1, 20, 153)
(0, 21, 153)
(0, 21, 152)
(0, 21, 151)
(0, 21, 150)
(1, 20, 149)
(0, 20, 149)
(0, 20, 148)
(1, 20, 147)
(0, 21, 147)
(1, 21, 146)
(0, 22, 146)
(0, 22, 145)
(0, 22, 144)
(1, 22, 143)
(1, 22, 142)
(1, 22, 141)
(0, 22, 141)
(1, 21, 140)
(0, 21, 140)
(1, 20, 139)
(1, 20, 138)
(1, 20, 137)
(1, 20, 136)
(0, 21, 136)
(1, 21, 135)
(1, 21, 134)
(1, 21, 133)
(0, 21, 133)
(1, 20, 132)
(1, 20, 131)
(0, 20, 131)
(1, 19, 130)
(1, 19, 129)
(0, 20, 129)
(1, 20, 129)
(0, 21, 130)
(1, 21, 130)
(1, 21, 131)
(0, 22, 132)
(1, 22, 132)
(0, 23, 132)
(0, 23, 131)
(1, 23, 130)
(0, 24, 131)
(1, 24, 130)
(1, 24, 129)
(1, 24, 128)
(0, 25, 128)
(0, 25, 127)
(1, 25, 126)
(0, 26, 127)
(1, 26, 126)
(0, 27, 126)
(1, 27, 126)
(0, 28, 126)
(1, 28, 126)
(1, 28, 127)
(0, 28, 128)
(0, 28, 129)
(0, 28, 130)
(1, 28, 130)
(0, 29, 130)
(0, 29, 129)
(1, 29, 128)
(0, 30, 129)
(1, 30, 129)
(0, 31, 130)
(0, 31, 131)
(0, 31, 132)
(0, 31, 133)
(1, 31, 133)
(0, 32, 133)
(0, 32, 132)
(1, 32, 131)
(0, 33, 131)
(1, 33, 130)
(0, 34, 130)
(0, 34, 129)
(0, 34, 128)
(1, 33, 127)
(0, 33, 128)
(0, 33, 129)
(1, 32, 129)
(0, 32, 129)
(1, 31, 128)
(1, 31, 127)
(0, 31, 127)
(1, 30, 127)
(0, 30, 127)
(1, 29, 126)
(1, 29, 125)
(0, 29, 125)
(1, 28, 124)
(0, 28, 124)
(0, 28, 123)
(0, 28, 122)
(1, 28, 121)
(0, 29, 121)
(0, 29, 120)
(1, 28, 119)
(1, 28, 118)
(0, 29, 118)
(0, 29, 117)
(1, 29, 116)
(0, 30, 116)
(1, 30, 116)
(0, 31, 117)
(1, 31, 117)
(0, 32, 118)
(1, 32, 118)
(1, 32, 119)
(1, 32, 120)
(1, 32, 121)
(1, 32, 122)
(0, 32, 123)
(1, 31, 122)
(0, 31, 122)
(1, 30, 122)
(1, 30, 123)
(0, 31, 124)
(1, 31, 124)
(0, 32, 125)
(0, 32, 126)
(1, 32, 126)
(0, 33, 126)
(1, 33, 125)
(0, 34, 126)
(1, 34, 125)
(0, 35, 126)
(1, 35, 126)
(1, 35, 127)
(0, 35, 128)
(0, 35, 129)
(0, 35, 130)
(0, 35, 131)
(1, 34, 131)
(0, 34, 132)
(1, 33, 132)
(1, 33, 133)
(0, 34, 134)
(0, 34, 135)
(1, 34, 135)
(0, 35, 136)
(1, 35, 136)
(1, 35, 137)
(0, 35, 138)
(1, 34, 138)
(0, 34, 139)
(1, 33, 139)
(0, 33, 140)
(1, 32, 139)
(0, 32, 139)
(0, 32, 138)
(1, 31, 137)
(1, 31, 136)
(1, 31, 135)
(0, 31, 135)
(1, 30, 135)
(1, 30, 136)
(0, 30, 137)
(0, 30, 138)
(1, 30, 138)
(0, 31, 139)
(0, 31, 140)
(0, 31, 141)
(0, 31, 142)
(0, 31, 143)
(1, 30, 143)
(0, 30, 144)
(1, 29, 144)
(0, 29, 144)
(0, 29, 143)
(1, 29, 142)
(0, 30, 142)
(0, 30, 141)
(1, 29, 140)
(0, 29, 140)
(1, 28, 140)
(0, 28, 140)
(1, 27, 140)
(0, 27, 141)
(1, 26, 140)
(0, 26, 140)
(0, 26, 139)
(0, 26, 138)
(1, 25, 137)
(0, 25, 137)
(1, 24, 136)
(1, 24, 135)
(0, 25, 135)
(1, 25, 134)
(1, 25, 133)
(0, 26, 133)
(0, 26, 132)
(1, 25, 131)
(0, 25, 132)
(1, 24, 132)
(1, 24, 133)
(0, 24, 134)
(1, 23, 134)
(1, 23, 135)
(0, 23, 136)
(0, 23, 137)
(1, 22, 137)
(0, 22, 137)
(1, 21, 137)
(1, 21, 138)
(0, 22, 139)
(1, 22, 139)
(0, 23, 140)
(1, 23, 140)
(0, 24, 140)
(0, 24, 139)
(1, 24, 138)
(0, 25, 139)
(0, 25, 140)
(0, 25, 141)
(0, 25, 142)
(1, 24, 142)
(1, 24, 143)
(0, 25, 144)
(0, 25, 145)
(1, 25, 145)
(0, 26, 145)
(0, 26, 144)
(1, 26, 143)
(0, 27, 144)
(1, 27, 143)
(0, 28, 144)
(0, 28, 145)
(1, 28, 145)
(1, 28, 146)
(1, 28, 147)
(0, 29, 148)
(1, 29, 148)
(0, 30, 149)
(1, 30, 148)
(1, 30, 147)
(0, 31, 147)
(1, 31, 146)
(0, 32, 146)
(1, 32, 146)
(0, 33, 146)
(1, 33, 145)
(0, 34, 146)
(1, 34, 145)
(1, 34, 144)
(1, 34, 143)
(1, 34, 142)
(1, 34, 141)
(0, 35, 141)
(1, 35, 140)
(1, 35, 139)
(0, 36, 139)
(1, 36, 138)
(1, 36, 137)
(1, 36, 136)
(1, 36, 135)
(0, 37, 135)
(1, 37, 134)
(0, 38, 134)
(0, 38, 133)
(0, 38, 132)
(1, 37, 131)
(0, 37, 131)
(0, 37, 130)
(1, 36, 129)
(1, 36, 128)
(0, 37, 128)
(1, 37, 127)
(0, 38, 128)
(0, 38, 129)
(1, 38, 129)
(0, 39, 129)
(0, 39, 128)
(0, 39, 127)
(0, 39, 126)
(1, 38, 125)
(0, 38, 126)
(1, 37, 125)
(0, 37, 125)
(1, 36, 125)
(0, 36, 125)
(0, 36, 124)
(0, 36, 123)
(1, 36, 122)
(0, 37, 123)
(1, 37, 123)
(0, 38, 124)
(1, 38, 123)
(1, 38, 122)
(0, 38, 122)
(1, 37, 121)
(1, 37, 120)
(1, 37, 119)
(0, 38, 119)
(0, 38, 118)
(1, 37, 117)
(0, 37, 117)
(1, 36, 116)
(0, 36, 116)
(1, 35, 116)
(0, 35, 116)
(1, 34, 116)
(0, 34, 116)
(1, 33, 115)
(0, 33, 116)
(1, 32, 115)
(0, 32, 115)
(1, 31, 114)
(1, 31, 113)
(0, 32, 113)
(0, 32, 112)
(1, 32, 111)
(0, 33, 111)
(1, 33, 111)
(1, 33, 112)
(1, 33, 113)
(0, 34, 114)
(1, 34, 114)
(0, 35, 114)
(1, 35, 114)
(0, 36, 114)
(0, 36, 113)
(1, 35, 112)
(1, 35, 111)
(1, 35, 110)
(0, 36, 110)
(1, 36, 109)
(0, 37, 109)
(1, 37, 109)
(1, 37, 110)
(0, 38, 111)
(1, 38, 111)
(1, 38, 112)
(0, 38, 113)
(0, 38, 114)
(1, 38, 114)
(1, 38, 115)
(0, 39, 116)
(0, 39, 117)
(0, 39, 118)
(0, 39, 119)
(1, 39, 119)
(0, 40, 120)
(0, 40, 121)
(1, 39, 121)
(1, 39, 122)
(0, 40, 123)
(0, 40, 124)
(0, 40, 125)
(1, 40, 125)
(0, 41, 126)
(0, 41, 127)
(1, 41, 127)
(0, 42, 127)
(1, 42, 127)
(1, 42, 128)
(0, 43, 129)
(1, 43, 129)
(0, 44, 130)
(1, 44, 129)
(0, 45, 130)
(1, 45, 130)
(1, 45, 131)
(1, 45, 132)
(0, 46, 133)
(1, 46, 133)
(0, 47, 134)
(0, 47, 135)
(1, 46, 135)
(0, 46, 136)
(1, 45, 135)
(0, 45, 135)
(0, 45, 134)
(1, 44, 133)
(0, 44, 134)
(0, 44, 135)
(0, 44, 136)
(0, 44, 137)
(1, 44, 137)
(0, 45, 138)
(0, 45, 139)
(0, 45, 140)
(0, 45, 141)
(0, 45, 142)
(1, 44, 142)
(0, 44, 143)
(1, 43, 142)
(0, 43, 143)
(0, 43, 144)
(1, 42, 144)
(1, 42, 145)
(1, 42, 146)
(0, 43, 147)
(1, 43, 147)
(1, 43, 148)
(0, 43, 149)
(0, 43, 150)
(0, 43, 151)
(1, 42, 151)
(1, 42, 152)
(1, 42, 153)
(1, 42, 154)
(1, 42, 155)
(0, 43, 156)
(1, 43, 156)
(0, 44, 157)
(1, 44, 156)
(0, 45, 156)
(0, 45, 155)
(1, 45, 154)
(0, 46, 154)
(0, 46, 153)
(1, 45, 152)
(0, 45, 153)
(1, 44, 153)
(0, 44, 153)
(0, 44, 152)
(1, 44, 151)
(0, 45, 151)
(1, 45, 150)
(1, 45, 149)
(1, 45, 148)
(1, 45, 147)
(0, 46, 147)
(0, 46, 146)
(1, 45, 145)
(0, 45, 146)
(1, 44, 145)
(1, 44, 144)
(0, 45, 144)
(1, 45, 143)
(0, 46, 143)
(1, 46, 143)
(0, 47, 144)
(1, 47, 143)
(0, 48, 143)
(1, 48, 143)
(1, 48, 144)
(0, 49, 145)
(0, 49, 146)
(1, 48, 146)
(1, 48, 147)
(1, 48, 148)
(0, 49, 149)
(1, 49, 149)
(0, 50, 149)
(0, 50, 148)
(1, 50, 147)
(0, 51, 147)
(0, 51, 146)
(1, 50, 145)
(0, 50, 145)
(0, 50, 144)
(1, 49, 143)
(1, 49, 142)
(0, 50, 142)
(0, 50, 141)
(1, 50, 140)
(0, 51, 141)
(1, 51, 141)
(0, 52, 141)
(1, 52, 141)
(1, 52, 142)
(1, 52, 143)
(0, 53, 144)
(1, 53, 144)
(1, 53, 145)
(1, 53, 146)
(1, 53, 147)
(1, 53, 148)
(0, 54, 149)
(1, 54, 149)
(0, 55, 150)
(1, 55, 149)
(0, 56, 150)
(0, 56, 151)
(1, 56, 151)
(0, 57, 151)
(1, 57, 151)
(0, 58, 151)
(1, 58, 150)
(0, 59, 151)
(1, 59, 151)
(0, 60, 152)
(0, 60, 153)
(0, 60, 154)
(0, 60, 155)
(1, 60, 155)
(0, 61, 156)
(1, 61, 155)
(0, 62, 155)
(0, 62, 154)
(1, 62, 153)
(0, 63, 153)
(1, 63, 152)
(1, 63, 151)
(0, 63, 151)
(1, 62, 151)
(0, 62, 152)
(1, 61, 151)
(1, 61, 150)
(1, 61, 149)
(1, 61, 148)
(1, 61, 147)
(1, 61, 146)
(1, 61, 145)
(0, 62, 145)
(1, 62, 144)
(0, 63, 144)
(0, 63, 143)
(1, 63, 142)
(1, 63, 141)
(0, 64, 141)
(0, 64, 140)
(0, 64, 139)
(1, 63, 138)
(0, 63, 138)
(0, 63, 137)
(1, 63, 136)
(1, 63, 135)
(0, 64, 135)
(0, 64, 134)
(1, 63, 133)
(1, 63, 132)
(0, 64, 132)
(1, 64, 131)
(0, 65, 131)
(0, 65, 130)
(0, 65, 129)
(0, 65, 128)
(1, 64, 127)
(0, 64, 127)
(0, 64, 126)
(0, 64, 125)
(1, 63, 124)
(1, 63, 123)
(0, 64, 123)
(1, 64, 123)
(0, 65, 124)
(1, 65, 124)
(0, 66, 125)
(1, 66, 125)
(0, 67, 126)
(1, 67, 125)
(0, 68, 125)
(0, 68, 124)
(1, 68, 123)
(0, 69, 124)
(0, 69, 125)
(0, 69, 126)
(1, 68, 126)
(1, 68, 127)
(1, 68, 128)
(0, 68, 129)
(1, 67, 129)
(0, 67, 129)
(1, 66, 129)
(1, 66, 130)
(0, 66, 131)
(0, 66, 132)
(1, 65, 132)
(0, 65, 133)
(0, 65, 134)
(1, 65, 134)
(0, 66, 135)
(1, 66, 134)
(0, 67, 134)
(0, 67, 133)
(1, 67, 132)
(0, 68, 132)
(1, 68, 131)
(0, 69, 131)
(1, 69, 131)
(0, 70, 132)
(0, 70, 133)
(1, 70, 133)
(0, 71, 134)
(1, 71, 133)
(0, 72, 133)
(0, 72, 132)
(1, 71, 131)
(1, 71, 130)
(1, 71, 129)
(0, 72, 129)
(1, 72, 129)
(1, 72, 130)
(0, 73, 131)
(0, 73, 132)
(0, 73, 133)
(0, 73, 134)
(1, 73, 134)
(0, 74, 135)
(1, 74, 134)
(1, 74, 133)
(0, 74, 133)
(0, 74, 132)
(0, 74, 131)
(1, 74, 130)
(0, 75, 130)
(0, 75, 129)
(0, 75, 128)
(1, 75, 127)
(1, 75, 126)
(1, 75, 125)
(0, 76, 125)
(1, 76, 124)
(1, 76, 123)
(0, 77, 123)
(0, 77, 122)
(1, 77, 121)
(0, 78, 122)
(0, 78, 123)
(1, 78, 123)
(0, 79, 124)
(1, 79, 124)
(0, 80, 125)
(1, 80, 125)
(0, 81, 125)
(0, 81, 124)
(0, 81, 123)
(1, 81, 122)
(0, 82, 123)
(1, 82, 123)
(0, 83, 123)
(1, 83, 123)
(1, 83, 124)
(1, 83, 125)
(0, 84, 126)
(1, 84, 126)
(0, 85, 126)
(1, 85, 125)
(1, 85, 124)
(1, 85, 123)
(0, 86, 123)
(0, 86, 122)
(0, 86, 121)
(1, 86, 120)
(0, 87, 120)
(1, 87, 120)
(0, 88, 121)
(1, 88, 121)
(0, 89, 121)
(1, 89, 121)
(0, 90, 122)
(1, 90, 122)
(0, 91, 122)
(1, 91, 122)
(0, 92, 123)
(0, 92, 124)
(1, 91, 124)
(0, 91, 125)
(0, 91, 126)
(1, 90, 126)
(0, 90, 126)
(1, 89, 125)
(1, 89, 124)
(0, 89, 124)
(1, 88, 123)
(0, 88, 124)
(1, 87, 124)
(0, 87, 125)
(1, 86, 125)
(1, 86, 126)
(0, 87, 127)
(1, 87, 126)
(0, 88, 127)
(0, 88, 128)
(0, 88, 129)
(1, 87, 129)
(0, 87, 129)
(1, 86, 128)
(0, 86, 128)
(1, 85, 128)
(0, 85, 128)
(1, 84, 128)
(0, 84, 128)
(1, 83, 127)
(0, 83, 127)
(1, 82, 126)
(0, 82, 126)
(1, 81, 126)
(0, 81, 127)
(0, 81, 128)
(1, 81, 128)
(0, 82, 128)
(1, 82, 128)
(0, 83, 129)
(1, 83, 129)
(1, 83, 130)
(0, 84, 131)
(1, 84, 130)
(0, 85, 131)
(1, 85, 130)
(0, 86, 131)
(0, 86, 132)
(0, 86, 133)
(1, 85, 133)
(1, 85, 134)
(0, 85, 135)
(1, 84, 134)
(0, 84, 135)
(1, 83, 134)
(0, 83, 135)
(1, 82, 135)
(1, 82, 136)
(0, 83, 137)
(1, 83, 136)
(0, 84, 137)
(0, 84, 138)
(0, 84, 139)
(1, 83, 139)
(0, 83, 139)
(1, 82, 139)
(1, 82, 140)
(0, 82, 141)
(0, 82, 142)
(1, 82, 142)
(0, 83, 142)
(1, 83, 142)
(0, 84, 142)
(0, 84, 141)
(1, 84, 140)
(0, 85, 140)
(1, 85, 139)
(0, 86, 140)
(1, 86, 139)
(0, 87, 140)
(0, 87, 141)
(1, 86, 141)
(0, 86, 142)
(1, 85, 142)
(1, 85, 143)
(0, 85, 144)
(0, 85, 145)
(1, 84, 145)
(1, 84, 146)
(0, 84, 147)
(1, 83, 147)
(0, 83, 147)
(0, 83, 146)
(0, 83, 145)
(1, 82, 144)
(0, 82, 145)
(1, 81, 144)
(0, 81, 145)
(1, 80, 145)
(0, 80, 145)
(1, 79, 144)
(1, 79, 143)
(1, 79, 142)
(1, 79, 141)
(0, 80, 141)
(1, 80, 141)
(0, 81, 141)
(0, 81, 140)
(1, 80, 139)
(0, 80, 139)
(1, 79, 138)
(0, 79, 139)
(0, 79, 140)
(1, 78, 140)
(0, 78, 141)
(1, 77, 140)
(0, 77, 141)
(0, 77, 142)
(1, 76, 142)
(0, 76, 142)
(1, 75, 142)
(0, 75, 143)
(0, 75, 144)
(0, 75, 145)
(1, 75, 145)
(0, 76, 145)
(1, 76, 145)
(1, 76, 146)
(0, 77, 147)
(1, 77, 147)
(1, 77, 148)
(0, 78, 149)
(1, 78, 148)
(0, 79, 149)
(0, 79, 150)
(1, 78, 150)
(0, 78, 151)
(1, 77, 151)
(0, 77, 152)
(0, 77, 153)
(1, 76, 153)
(0, 76, 154)
(1, 75, 153)
(0, 75, 154)
(1, 74, 153)
(0, 74, 153)
(1, 73, 153)
(0, 73, 154)
(1, 72, 154)
(1, 72, 155)
(0, 72, 156)
(1, 71, 155)
(0, 71, 155)
(0, 71, 154)
(0, 71, 153)
(1, 70, 152)
(1, 70, 151)
(1, 70, 150)
(0, 70, 150)
(1, 69, 150)
(1, 69, 151)
(1, 69, 152)
(0, 69, 153)
(1, 68, 153)
(0, 68, 153)
(0, 68, 152)
(0, 68, 151)
(1, 68, 150)
(1, 68, 149)
(1, 68, 148)
(0, 68, 148)
(1, 67, 148)
(0, 67, 149)
(0, 67, 150)
(1, 66, 150)
(0, 66, 150)
(0, 66, 149)
(0, 66, 148)
(1, 65, 147)
(0, 65, 147)
(0, 65, 146)
(0, 65, 145)
(1, 65, 144)
(1, 65, 143)
(1, 65, 142)
(0, 65, 142)
(1, 64, 142)
(1, 64, 143)
(0, 64, 144)
(0, 64, 145)
(1, 63, 145)
(0, 63, 146)
(0, 63, 147)
(1, 63, 147)
(0, 64, 148)
(1, 64, 148)
(0, 65, 149)
(0, 65, 150)
(1, 64, 150)
(1, 64, 151)
(0, 65, 152)
(1, 65, 152)
(0, 66, 152)
(1, 66, 152)
(0, 67, 153)
(0, 67, 154)
(1, 67, 154)
(1, 67, 155)
(0, 68, 156)
(1, 68, 156)
(0, 69, 156)
(1, 69, 156)
(1, 69, 157)
(0, 69, 158)
(1, 68, 158)
(0, 68, 159)
(1, 67, 159)
(0, 67, 159)
(0, 67, 158)
(0, 67, 157)
(1, 66, 156)
(0, 66, 156)
(1, 65, 155)
(0, 65, 156)
(0, 65, 157)
(0, 65, 158)
(1, 64, 158)
(0, 64, 158)
(0, 64, 157)
(1, 63, 156)
(0, 63, 156)
(1, 62, 156)
(1, 62, 157)
(0, 63, 158)
(0, 63, 159)
(1, 63, 159)
(1, 63, 160)
(0, 63, 161)
(0, 63, 162)
(1, 63, 162)
(0, 64, 162)
(1, 64, 162)
(0, 65, 163)
(1, 65, 163)
(0, 66, 163)
(0, 66, 162)
(0, 66, 161)
(1, 66, 160)
(0, 67, 161)
(1, 67, 161)
(0, 68, 161)
(1, 68, 161)
(0, 69, 162)
(1, 69, 161)
(1, 69, 160)
(0, 70, 160)
(1, 70, 159)
(0, 71, 159)
(1, 71, 159)
(1, 71, 160)
(0, 72, 161)
(1, 72, 160)
(0, 73, 160)
(1, 73, 159)
(0, 74, 160)
(0, 74, 161)
(1, 74, 161)
(0, 75, 162)
(0, 75, 163)
(0, 75, 164)
(0, 75, 165)
(1, 75, 165)
(0, 76, 165)
(1, 76, 164)
(0, 77, 164)
(1, 77, 163)
(0, 78, 163)
(1, 78, 162)
(1, 78, 161)
(0, 78, 161)
(0, 78, 160)
(1, 78, 159)
(0, 79, 160)
(1, 79, 159)
(0, 80, 159)
(1, 80, 158)
(0, 81, 159)
(1, 81, 158)
(0, 82, 159)
(0, 82, 160)
(1, 81, 160)
(0, 81, 161)
(0, 81, 162)
(1, 81, 162)
(0, 82, 162)
(1, 82, 162)
(1, 82, 163)
(0, 83, 164)
(0, 83, 165)
(1, 83, 165)
(0, 84, 166)
(0, 84, 167)
(0, 84, 168)
(0, 84, 169)
(1, 83, 169)
(0, 83, 169)
(1, 82, 169)
(0, 82, 169)
(1, 81, 168)
(0, 81, 169)
(0, 81, 170)
(0, 81, 171)
(0, 81, 172)
(0, 81, 173)
(0, 81, 174)
(1, 81, 174)
(1, 81, 175)
(1, 81, 176)
(1, 81, 177)
(0, 82, 178)
(1, 82, 177)
(1, 82, 176)
(1, 82, 175)
(1, 82, 174)
(1, 82, 173)
(0, 83, 173)
(1, 83, 173)
(0, 84, 174)
(1, 84, 174)
(1, 84, 175)
(0, 85, 176)
(0, 85, 177)
(0, 85, 178)
(1, 85, 178)
(0, 86, 178)
(1, 86, 177)
(0, 87, 177)
(1, 87, 177)
(1, 87, 178)
(0, 88, 179)
(1, 88, 178)
(1, 88, 177)
(1, 88, 176)
(0, 89, 176)
(0, 89, 175)
(1, 88, 174)
(0, 88, 175)
(1, 87, 174)
(0, 87, 175)
(1, 86, 174)
(0, 86, 175)
(1, 85, 174)
(1, 85, 173)
(1, 85, 172)
(0, 85, 172)
(1, 84, 171)
(1, 84, 170)
(0, 85, 170)
(1, 85, 169)
(0, 86, 169)
(1, 86, 168)
(0, 87, 169)
(1, 87, 169)
(0, 88, 170)
(1, 88, 169)
(0, 89, 170)
(1, 89, 170)
(0, 90, 171)
(1, 90, 170)
(0, 91, 170)
(0, 91, 169)
(1, 90, 168)
(1, 90, 167)
(0, 90, 167)
(0, 90, 166)
(1, 89, 165)
(1, 89, 164)
(1, 89, 163)
(1, 89, 162)
(0, 89, 162)
(1, 88, 162)
(0, 88, 163)
(0, 88, 164)
(0, 88, 165)
(1, 88, 165)
(1, 88, 166)
(1, 88, 167)
(0, 88, 168)
(1, 87, 167)
(1, 87, 166)
(0, 87, 166)
(0, 87, 165)
(0, 87, 164)
(0, 87, 163)
(0, 87, 162)
(1, 87, 161)
(0, 88, 161)
(1, 88, 160)
(0, 89, 160)
(1, 89, 160)
(0, 90, 161)
(1, 90, 161)
(1, 90, 162)
(1, 90, 163)
(1, 90, 164)
(0, 91, 165)
(0, 91, 166)
(1, 91, 166)
(0, 92, 166)
(0, 92, 165)
(1, 92, 164)
(1, 92, 163)
(0, 92, 163)
(1, 91, 162)
(1, 91, 161)
(1, 91, 160)
(0, 92, 160)
(1, 92, 160)
(0, 93, 160)
(0, 93, 159)
(1, 93, 158)
(0, 94, 158)
(0, 94, 157)
(1, 94, 156)
(0, 95, 157)
(1, 95, 157)
(0, 96, 157)
(0, 96, 156)
(0, 96, 155)
(1, 96, 154)
(1, 96, 153)
(1, 96, 152)
(1, 96, 151)
(0, 97, 151)
(1, 97, 150)
(0, 98, 151)
(0, 98, 152)
(1, 98, 152)
(0, 99, 153)
(1, 99, 153)
(1, 99, 154)
(1, 99, 155)
(1, 99, 156)
(0, 99, 157)
(1, 98, 157)
(1, 98, 158)
(0, 99, 159)
(1, 99, 159)
(0, 100, 160)
(0, 100, 161)
(1, 99, 161)
(0, 99, 161)
(1, 98, 161)
(0, 98, 162)
(1, 97, 161)
(1, 97, 160)
(1, 97, 159)
(0, 97, 159)
(1, 96, 159)
(0, 96, 159)
(1, 95, 159)
(1, 95, 160)
(0, 95, 161)
(0, 95, 162)
(1, 94, 162)
(1, 94, 163)
(1, 94, 164)
(1, 94, 165)
(1, 94, 166)
(0, 94, 167)
(1, 93, 166)
(0, 93, 167)
(0, 93, 168)
(1, 93, 168)
(1, 93, 169)
(1, 93, 170)
(1, 93, 171)
(0, 93, 172)
(1, 92, 172)
(1, 92, 173)
(0, 93, 174)
(1, 93, 173)
(0, 94, 173)
(1, 94, 173)
(0, 95, 174)
(1, 95, 174)
(0, 96, 175)
(0, 96, 176)
(0, 96, 177)
(1, 96, 177)
(0, 97, 178)
(1, 97, 178)
(0, 98, 178)
(1, 98, 177)
(1, 98, 176)
(0, 99, 176)
(1, 99, 176)
(0, 100, 177)
(1, 100, 177)
(1, 100, 178)
(1, 100, 179)
(0, 100, 180)
(1, 99, 180)
(0, 99, 181)
(1, 98, 180)
(0, 98, 181)
(1, 97, 180)
(0, 97, 181)
(1, 96, 180)
(1, 96, 179)
(0, 96, 179)
(1, 95, 178)
(0, 95, 178)
(1, 94, 178)
(0, 94, 179)
(0, 94, 180)
(1, 94, 180)
(0, 95, 180)
(1, 95, 180)
(1, 95, 181)
(0, 96, 182)
(1, 96, 182)
(0, 97, 183)
(0, 97, 184)
(1, 96, 184)
(0, 96, 185)
(0, 96, 186)
(1, 95, 186)
(1, 95, 187)
(0, 95, 188)
(0, 95, 189)
(0, 95, 190)
(1, 94, 190)
(0, 94, 191)
(1, 93, 190)
(0, 93, 190)
(1, 92, 189)
(1, 92, 188)
(1, 92, 187)
(0, 92, 187)
(1, 91, 187)
(0, 91, 188)
(0, 91, 189)
(0, 91, 190)
(1, 90, 190)
(0, 90, 191)
(1, 89, 191)
(1, 89, 192)
(0, 90, 193)
(1, 90, 193)
(0, 91, 193)
(0, 91, 192)
(1, 91, 191)
(0, 92, 191)
(1, 92, 191)
(1, 92, 192)
(1, 92, 193)
(0, 92, 194)
(0, 92, 195)
(1, 92, 195)
(0, 93, 195)
(1, 93, 194)
(0, 94, 195)
(0, 94, 196)
(1, 94, 196)
(1, 94, 197)
(0, 95, 198)
(0, 95, 199)
(1, 94, 199)
(0, 94, 200)
(1, 93, 200)
(0, 93, 200)
(1, 92, 200)
(0, 92, 200)
(1, 91, 200)
(0, 91, 200)
(1, 90, 200)
(0, 90, 200)
(1, 89, 200)
(0, 89, 200)
(1, 88, 199)
(1, 88, 198)
(0, 88, 198)
(1, 87, 197)
(0, 87, 198)
(1, 86, 197)
(1, 86, 196)
(1, 86, 195)
(0, 87, 195)
(1, 87, 195)
(0, 88, 195)
(0, 88, 194)
(0, 88, 193)
(1, 87, 192)
(1, 87, 191)
(0, 87, 191)
(0, 87, 190)
(0, 87, 189)
(0, 87, 188)
(1, 87, 187)
(1, 87, 186)
(0, 88, 186)
(1, 88, 185)
(1, 88, 184)
(1, 88, 183)
(1, 88, 182)
(0, 89, 182)
(1, 89, 181)
(1, 89, 180)
(0, 89, 180)
(1, 88, 180)
(0, 88, 181)
(1, 87, 180)
(0, 87, 181)
(1, 86, 181)
(0, 86, 181)
(1, 85, 180)
(0, 85, 181)
(1, 84, 181)
(0, 84, 181)
(1, 83, 180)
(1, 83, 179)
(0, 83, 179)
(1, 82, 179)
(1, 82, 180)
(1, 82, 181)
(1, 82, 182)
(0, 82, 183)
(1, 81, 182)
(1, 81, 181)
(1, 81, 180)
(0, 81, 180)
(1, 80, 180)
(1, 80, 181)
(1, 80, 182)
(1, 80, 183)
(0, 80, 184)
(0, 80, 185)
(0, 80, 186)
(1, 80, 186)
(0, 81, 186)
(0, 81, 185)
(1, 81, 184)
(0, 82, 185)
(1, 82, 184)
(0, 83, 185)
(0, 83, 186)
(1, 83, 186)
(0, 84, 187)
(1, 84, 187)
(0, 85, 187)
(1, 85, 187)
(1, 85, 188)
(0, 85, 189)
(1, 84, 189)
(1, 84, 190)
(0, 84, 191)
(1, 83, 190)
(1, 83, 189)
(1, 83, 188)
(0, 83, 188)
(1, 82, 188)
(0, 82, 189)
(1, 81, 189)
(0, 81, 190)
(1, 80, 190)
(0, 80, 191)
(1, 79, 191)
(0, 79, 192)
(0, 79, 193)
(0, 79, 194)
(1, 79, 194)
(1, 79, 195)
(1, 79, 196)
(1, 79, 197)
(1, 79, 198)
(1, 79, 199)
(0, 79, 200)
(1, 78, 200)
(0, 78, 200)
(1, 77, 199)
(0, 77, 199)
(1, 76, 199)
(0, 76, 199)
(1, 75, 198)
(0, 75, 199)
(0, 75, 200)
(1, 74, 200)
(0, 74, 200)
(1, 73, 199)
(0, 73, 200)
(1, 72, 200)
(0, 72, 200)
(1, 71, 199)
(1, 71, 198)
(0, 71, 198)
(0, 71, 197)
(1, 70, 196)
(1, 70, 195)
(0, 70, 195)
(0, 70, 194)
(0, 70, 193)
(1, 70, 192)
(0, 71, 192)
(1, 71, 192)
(1, 71, 193)
(0, 72, 194)
(1, 72, 193)
(1, 72, 192)
(1, 72, 191)
(1, 72, 190)
(0, 72, 190)
(0, 72, 189)
(1, 71, 188)
(0, 71, 188)
(0, 71, 187)
(1, 71, 186)
(0, 72, 187)
(1, 72, 186)
(0, 73, 187)
(1, 73, 186)
(1, 73, 185)
(1, 73, 184)
(1, 73, 183)
(1, 73, 182)
(1, 73, 181)
(1, 73, 180)
(0, 74, 180)
(0, 74, 179)
(1, 73, 178)
(1, 73, 177)
(0, 74, 177)
(0, 74, 176)
(1, 74, 175)
(0, 75, 175)
(0, 75, 174)
(1, 75, 173)
(0, 76, 174)
(1, 76, 174)
(0, 77, 174)
(1, 77, 174)
(1, 77, 175)
(0, 78, 176)
(0, 78, 177)
(1, 77, 177)
(1, 77, 178)
(0, 78, 179)
(1, 78, 178)
(0, 79, 178)
(1, 79, 177)
(1, 79, 176)
(0, 79, 176)
(0, 79, 175)
(1, 78, 174)
(1, 78, 173)
(0, 78, 173)
(1, 77, 172)
(0, 77, 172)
(1, 76, 172)
(0, 76, 172)
(0, 76, 171)
(1, 75, 170)
(0, 75, 171)
(0, 75, 172)
(1, 74, 172)
(0, 74, 173)
(1, 73, 172)
(0, 73, 172)
(1, 72, 172)
(1, 72, 173)
(1, 72, 174)
(1, 72, 175)
(1, 72, 176)
(0, 72, 177)
(1, 71, 176)
(1, 71, 175)
(1, 71, 174)
(1, 71, 173)
(1, 71, 172)
(0, 71, 172)
(0, 71, 171)
(1, 70, 170)
(0, 70, 170)
(1, 69, 169)
(1, 69, 168)
(0, 69, 168)
(1, 68, 167)
(0, 68, 168)
(0, 68, 169)
(1, 67, 169)
(0, 67, 170)
(1, 66, 169)
(0, 66, 169)
(1, 65, 169)
(0, 65, 170)
(1, 64, 170)
(0, 64, 171)
(1, 63, 171)
(0, 63, 171)
(1, 62, 170)
(1, 62, 169)
(1, 62, 168)
(1, 62, 167)
(0, 63, 167)
(1, 63, 167)
(0, 64, 167)
(0, 64, 166)
(1, 63, 165)
(1, 63, 164)
(0, 63, 164)
(1, 62, 164)
(0, 62, 164)
(0, 62, 163)
(1, 61, 162)
(0, 61, 163)
(1, 60, 163)
(0, 60, 163)
(1, 59, 162)
(1, 59, 161)
(0, 59, 161)
(1, 58, 160)
(0, 58, 160)
(1, 57, 159)
(0, 57, 159)
(1, 56, 158)
(0, 56, 158)
(0, 56, 157)
(1, 56, 156)
(1, 56, 155)
(0, 56, 155)
(0, 56, 154)
(0, 56, 153)
(1, 55, 152)
(0, 55, 153)
(1, 54, 152)
(1, 54, 151)
(0, 54, 151)
(1, 53, 150)
(0, 53, 151)
(0, 53, 152)
(0, 53, 153)
(0, 53, 154)
(0, 53, 155)
(1, 52, 155)
(0, 52, 155)
(1, 51, 155)
(0, 51, 155)
(1, 50, 155)
(1, 50, 156)
(0, 51, 157)
(0, 51, 158)
(0, 51, 159)
(1, 50, 159)
(0, 50, 160)
(1, 49, 159)
(0, 49, 160)
(0, 49, 161)
(1, 48, 161)
(0, 48, 161)
(1, 47, 161)
(0, 47, 162)
(1, 46, 161)
(0, 46, 162)
(1, 45, 161)
(1, 45, 160)
(1, 45, 159)
(1, 45, 158)
(0, 45, 158)
(1, 44, 158)
(1, 44, 159)
(0, 44, 160)
(1, 43, 159)
(1, 43, 158)
(0, 43, 158)
(1, 42, 158)
(0, 42, 159)
(1, 41, 158)
(0, 41, 159)
(1, 40, 159)
(1, 40, 160)
(1, 40, 161)
(1, 40, 162)
(0, 41, 163)
(0, 41, 164)
(0, 41, 165)
(0, 41, 166)
(1, 41, 166)
(0, 42, 166)
(0, 42, 165)
(0, 42, 164)
(1, 42, 163)
(0, 43, 163)
(1, 43, 163)
(0, 44, 164)
(0, 44, 165)
(1, 43, 165)
(0, 43, 166)
(0, 43, 167)
(1, 43, 167)
(0, 44, 167)
(1, 44, 166)
(0, 45, 166)
(0, 45, 165)
(1, 45, 164)
(0, 46, 164)
(1, 46, 164)
(0, 47, 165)
(1, 47, 165)
(1, 47, 166)
(1, 47, 167)
(1, 47, 168)
(1, 47, 169)
(0, 48, 170)
(0, 48, 171)
(1, 47, 171)
(0, 47, 172)
(0, 47, 173)
(0, 47, 174)
(1, 47, 174)
(0, 48, 174)
(1, 48, 174)
(1, 48, 175)
(0, 48, 176)
(1, 47, 176)
(0, 47, 176)
(1, 46, 176)
(0, 46, 177)
(1, 45, 176)
(0, 45, 177)
(1, 44, 176)
(1, 44, 175)
(0, 45, 175)
(1, 45, 174)
(1, 45, 173)
(0, 45, 173)
(1, 44, 172)
(0, 44, 172)
(0, 44, 171)
(1, 43, 170)
(0, 43, 170)
(0, 43, 169)
(1, 42, 168)
(0, 42, 169)
(1, 41, 168)
(0, 41, 168)
(1, 40, 167)
(0, 40, 167)
(1, 39, 166)
(1, 39, 165)
(1, 39, 164)
(1, 39, 163)
(0, 39, 163)
(1, 38, 162)
(1, 38, 161)
(0, 39, 161)
(1, 39, 160)
(1, 39, 159)
(1, 39, 158)
(0, 39, 158)
(0, 39, 157)
(1, 39, 156)
(0, 40, 156)
(1, 40, 156)
(0, 41, 156)
(0, 41, 155)
(1, 41, 154)
(1, 41, 153)
(0, 41, 153)
(1, 40, 152)
(1, 40, 151)
(1, 40, 150)
(1, 40, 149)
(1, 40, 148)
(0, 40, 148)
(1, 39, 147)
(1, 39, 146)
(1, 39, 145)
(0, 40, 145)
(1, 40, 144)
(0, 41, 144)
(1, 41, 143)
(1, 41, 142)
(0, 41, 142)
(1, 40, 142)
(0, 40, 143)
(1, 39, 142)
(1, 39, 141)
(0, 39, 141)
(1, 38, 141)
(0, 38, 142)
(1, 37, 141)
(1, 37, 140)
(0, 37, 140)
(1, 36, 140)
(1, 36, 141)
(1, 36, 142)
(1, 36, 143)
(0, 37, 144)
(1, 37, 144)
(1, 37, 145)
(1, 37, 146)
(1, 37, 147)
(0, 38, 148)
(0, 38, 149)
(1, 37, 149)
(0, 37, 150)
(1, 36, 149)
(1, 36, 148)
(0, 36, 148)
(1, 35, 148)
(0, 35, 149)
(0, 35, 150)
(0, 35, 151)
(0, 35, 152)
(1, 35, 152)
(1, 35, 153)
(0, 36, 154)
(0, 36, 155)
(1, 35, 155)
(0, 35, 155)
(1, 34, 154)
(0, 34, 155)
(1, 33, 154)
(0, 33, 154)
(0, 33, 153)
(0, 33, 152)
(1, 33, 151)
(1, 33, 150)
(1, 33, 149)
(0, 34, 149)
(0, 34, 148)
(1, 33, 147)
(0, 33, 148)
(1, 32, 148)
(0, 32, 148)
(1, 31, 148)
(1, 31, 149)
(1, 31, 150)
(0, 31, 151)
(1, 30, 151)
(1, 30, 152)
(1, 30, 153)
(0, 30, 154)
(1, 29, 154)
(0, 29, 154)
(1, 28, 154)
(0, 28, 155)
(1, 27, 154)
(1, 27, 153)
(0, 27, 153)
(1, 26, 153)
(0, 26, 153)
(0, 26, 152)
(0, 26, 151)
(0, 26, 150)
(0, 26, 149)
(1, 26, 148)
(1, 26, 147)
(0, 27, 147)
(1, 27, 147)
