(0, 46, 123)
(1, 45, 123)
(1, 45, 124)
(0, 46, 125)
(0, 46, 126)
(1, 46, 126)
(1, 46, 127)
(0, 46, 128)
(0, 46, 129)
(1, 45, 129)
(0, 45, 129)
(1, 44, 128)
(0, 44, 129)
(1, 43, 129)
(0, 43, 130)
(1, 42, 130)
(0, 42, 130)
(1, 41, 129)
(1, 41, 128)
(0, 41, 128)
(1, 40, 128)
(0, 40, 128)
(1, 39, 127)
(0, 39, 127)
(1, 38, 127)
(0, 38, 128)
(1, 37, 127)
(1, 37, 126)
(0, 37, 126)
(1, 36, 126)
(1, 36, 127)
(1, 36, 128)
(1, 36, 129)
(0, 37, 130)
(1, 37, 129)
(0, 38, 130)
(1, 38, 130)
(0, 39, 131)
(1, 39, 130)
(0, 40, 130)
(1, 40, 130)
(1, 40, 131)
(1, 40, 132)
(0, 41, 133)
(1, 41, 133)
(0, 42, 134)
(1, 42, 134)
(1, 42, 135)
(1, 42, 136)
(0, 43, 137)
(1, 43, 137)
(0, 44, 138)
(0, 44, 139)
(1, 43, 139)
(0, 43, 139)
(1, 42, 138)
(0, 42, 139)
(1, 41, 139)
(1, 41, 140)
(0, 41, 141)
(0, 41, 142)
(1, 40, 142)
(0, 40, 143)
(1, 39, 143)
(0, 39, 144)
(1, 38, 144)
(1, 38, 145)
(0, 39, 146)
(0, 39, 147)
(0, 39, 148)
(0, 39, 149)
(1, 38, 149)
(0, 38, 149)
(1, 37, 148)
(0, 37, 148)
(1, 36, 148)
(1, 36, 149)
(0, 37, 150)
(0, 37, 151)
(1, 36, 151)
(0, 36, 152)
(1, 35, 151)
(0, 35, 151)
(1, 34, 150)
(1, 34, 149)
(0, 34, 149)
(1, 33, 148)
(0, 33, 149)
(1, 32, 149)
(1, 32, 150)
(0, 32, 151)
(1, 31, 151)
(0, 31, 152)
(1, 30, 152)
(0, 30, 152)
(0, 30, 151)
(0, 30, 150)
(1, 30, 149)
(0, 31, 150)
(1, 31, 149)
(1, 31, 148)
(1, 31, 147)
(0, 32, 147)
(1, 32, 146)
(1, 32, 145)
(0, 33, 145)
(1, 33, 144)
(0, 34, 145)
(1, 34, 144)
(1, 34, 143)
(0, 35, 143)
(0, 35, 142)
(1, 34, 141)
(1, 34, 140)
(0, 35, 140)
(0, 35, 139)
(1, 35, 138)
(1, 35, 137)
(0, 36, 137)
(0, 36, 136)
(0, 36, 135)
(1, 35, 134)
(0, 35, 134)
(1, 34, 134)
(1, 34, 135)
(0, 34, 136)
(1, 33, 135)
(0, 33, 136)
(1, 32, 135)
(0, 32, 135)
(1, 31, 134)
(1, 31, 133)
(1, 31, 132)
(0, 32, 132)
(1, 32, 132)
(0, 33, 132)
(1, 33, 131)
(1, 33, 130)
(0, 33, 130)
(1, 32, 130)
(0, 32, 130)
(0, 32, 129)
(0, 32, 128)
(1, 31, 127)
(0, 31, 128)
(0, 31, 129)
(0, 31, 130)
(1, 30, 130)
(1, 30, 131)
(1, 30, 132)
(1, 30, 133)
(0, 30, 134)
(1, 29, 133)
(1, 29, 132)
(0, 29, 132)
(1, 28, 131)
(1, 28, 130)
(0, 28, 130)
(0, 28, 129)
(1, 27, 128)
(1, 27, 127)
(1, 27, 126)
(0, 28, 126)
(0, 28, 125)
(0, 28, 124)
(1, 27, 123)
(0, 27, 124)
(1, 26, 124)
(1, 26, 125)
(0, 26, 126)
(0, 26, 127)
(1, 25, 127)
(0, 25, 128)
(1, 24, 127)
(0, 24, 128)
(1, 23, 128)
(1, 23, 129)
(0, 23, 130)
(0, 23, 131)
(1, 22, 131)
(0, 22, 132)
(1, 21, 132)
(0, 21, 133)
(0, 21, 134)
(0, 21, 135)
(0, 21, 136)
(1, 21, 136)
(0, 22, 136)
(1, 22, 135)
(0, 23, 136)
(1, 23, 136)
(1, 23, 137)
(1, 23, 138)
(0, 24, 139)
(0, 24, 140)
(1, 23, 140)
(0, 23, 141)
(0, 23, 142)
(0, 23, 143)
(1, 22, 143)
(1, 22, 144)
(0, 23, 145)
(0, 23, 146)
(0, 23, 147)
(1, 22, 147)
(1, 22, 148)
(0, 23, 149)
(1, 23, 148)
(0, 24, 149)
(0, 24, 150)
(1, 23, 150)
(0, 23, 151)
(1, 22, 150)
(0, 22, 150)
(1, 21, 149)
(0, 21, 150)
(1, 20, 149)
(0, 20, 149)
(1, 19, 149)
(0, 19, 149)
(0, 19, 148)
(1, 18, 147)
(0, 18, 148)
(1, 17, 148)
(1, 17, 149)
(0, 18, 150)
(0, 18, 151)
(1, 18, 151)
(0, 19, 151)
(1, 19, 151)
(0, 20, 151)
(1, 20, 151)
(0, 21, 152)
(1, 21, 151)
(0, 22, 152)
(0, 22, 153)
(1, 21, 153)
(0, 21, 154)
(1, 20, 154)
(0, 20, 155)
(0, 20, 156)
(1, 19, 156)
(0, 19, 157)
(1, 18, 156)
(1, 18, 155)
(0, 18, 155)
(0, 18, 154)
(1, 17, 153)
(0, 17, 154)
(1, 16, 153)
(0, 16, 153)
(1, 15, 153)
(0, 15, 153)
(1, 14, 153)
(0, 14, 154)
(1, 13, 154)
(0, 13, 155)
(0, 13, 156)
(0, 13, 157)
(0, 13, 158)
(0, 13, 159)
(1, 13, 159)
(1, 13, 160)
(0, 13, 161)
(1, 12, 160)
(0, 12, 161)
(1, 11, 160)
(0, 11, 160)
(1, 10, 159)
(0, 10, 160)
(1, 9, 159)
(0, 9, 160)
(1, 8, 159)
(0, 8, 159)
(1, 7, 159)
(0, 7, 160)
(0, 7, 161)
(1, 7, 161)
(0, 8, 161)
(1, 8, 161)
(0, 9, 162)
(1, 9, 161)
(0, 10, 162)
(1, 10, 162)
(0, 11, 163)
(0, 11, 164)
(1, 11, 164)
(0, 12, 165)
(1, 12, 165)
(0, 13, 166)
(1, 13, 165)
(0, 14, 165)
(0, 14, 164)
(1, 14, 163)
(0, 15, 164)
(0, 15, 165)
(0, 15, 166)
(1, 15, 166)
(0, 16, 167)
(1, 16, 167)
(1, 16, 168)
(1, 16, 169)
(0, 17, 170)
(0, 17, 171)
(0, 17, 172)
(0, 17, 173)
(1, 17, 173)
(1, 17, 174)
(0, 17, 175)
(1, 16, 175)
(0, 16, 175)
(1, 15, 174)
(1, 15, 173)
(1, 15, 172)
(0, 16, 172)
(0, 16, 171)
(1, 15, 170)
(0, 15, 170)
(1, 14, 169)
(1, 14, 168)
(0, 14, 168)
(1, 13, 168)
(0, 13, 169)
(0, 13, 170)
(0, 13, 171)
(1, 12, 171)
(1, 12, 172)
(1, 12, 173)
(0, 12, 174)
(1, 11, 173)
(1, 11, 172)
(1, 11, 171)
(0, 11, 171)
(1, 10, 171)
(0, 10, 171)
(0, 10, 170)
(1, 9, 169)
(1, 9, 168)
(0, 10, 168)
(0, 10, 167)
(0, 10, 166)
(0, 10, 165)
(0, 10, 164)
(1, 9, 163)
(0, 9, 164)
(1, 8, 163)
(0, 8, 164)
(1, 7, 164)
(0, 7, 165)
(0, 7, 166)
(0, 7, 167)
(1, 6, 167)
(0, 6, 167)
(1, 5, 167)
(0, 5, 167)
(0, 5, 166)
(0, 5, 165)
(1, 5, 164)
(0, 6, 164)
(0, 6, 163)
(1, 5, 162)
(0, 5, 163)
(1, 4, 162)
(1, 4, 161)
(0, 4, 161)
(1, 3, 161)
(0, 3, 161)
(0, 3, 160)
(0, 3, 159)
(0, 3, 158)
(0, 3, 157)
(1, 3, 156)
(1, 3, 155)
(1, 3, 154)
(1, 3, 153)
(1, 3, 152)
(1, 3, 151)
(0, 3, 151)
(0, 3, 150)
(1, 2, 149)
(0, 2, 149)
(0, 2, 148)
(1, 1, 147)
(0, 1, 148)
(0, 1, 149)
(1, 0, 149)
(1, 0, 150)
(1, 0, 151)
(0, 0, 152)
(0, 0, 153)
(0, 0, 154)
(1, -1, 154)
(0, -1, 154)
(1, -2, 153)
(0, -2, 154)
(1, -3, 154)
(1, -3, 155)
(0, -2, 156)
(1, -2, 156)
(1, -2, 157)
(0, -1, 158)
(1, -1, 158)
(0, 0, 158)
(1, 0, 158)
(0, 1, 159)
(1, 1, 158)
(0, 2, 159)
(0, 2, 160)
(0, 2, 161)
(0, 2, 162)
(1, 2, 162)
(1, 2, 163)
(0, 3, 164)
(0, 3, 165)
(0, 3, 166)
(0, 3, 167)
(0, 3, 168)
(1, 2, 168)
(1, 2, 169)
(0, 3, 170)
(0, 3, 171)
(1, 2, 171)
(0, 2, 172)
(0, 2, 173)
(1, 2, 173)
(1, 2, 174)
(0, 3, 175)
(1, 3, 174)
(1, 3, 173)
(1, 3, 172)
(0, 4, 172)
(1, 4, 171)
(0, 5, 171)
(1, 5, 170)
(1, 5, 169)
(0, 6, 169)
(1, 6, 169)
(0, 7, 170)
(1, 7, 170)
(1, 7, 171)
(1, 7, 172)
(0, 8, 173)
(0, 8, 174)
(0, 8, 175)
(1, 8, 175)
(1, 8, 176)
(0, 8, 177)
(1, 7, 177)
(0, 7, 178)
(1, 6, 178)
(0, 6, 179)
(1, 5, 179)
(0, 5, 180)
(1, 4, 180)
(0, 4, 180)
(1, 3, 180)
(1, 3, 181)
(0, 3, 182)
(1, 2, 182)
(0, 2, 183)
(0, 2, 184)
(1, 2, 184)
(1, 2, 185)
(0, 2, 186)
(1, 1, 185)
(0, 1, 186)
(1, 0, 185)
(0, 0, 186)
(1, -1, 185)
(0, -1, 186)
(0, -1, 187)
(1, -2, 187)
(1, -2, 188)
(1, -2, 189)
(0, -2, 190)
(1, -3, 190)
(1, -3, 191)
(1, -3, 192)
(0, -3, 193)
(1, -4, 192)
(0, -4, 193)
(1, -5, 193)
(1, -5, 194)
(1, -5, 195)
(1, -5, 196)
(1, -5, 197)
(0, -4, 198)
(0, -4, 199)
(0, -4, 200)
(1, -5, 200)
(0, -5, 200)
(1, -6, 199)
(1, -6, 198)
(0, -6, 198)
(0, -6, 197)
(1, -7, 196)
(0, -7, 196)
(0, -7, 195)
(1, -7, 194)
(0, -6, 194)
(1, -6, 193)
(1, -6, 192)
(0, -5, 192)
(0, -5, 191)
(0, -5, 190)
(0, -5, 189)
(1, -6, 188)
(1, -6, 187)
(0, -5, 187)
(1, -5, 186)
(1, -5, 185)
(0, -4, 185)
(1, -4, 184)
(0, -3, 184)
(0, -3, 183)
(1, -4, 182)
(0, -4, 182)
(1, -5, 181)
(0, -5, 182)
(0, -5, 183)
(1, -6, 183)
(1, -6, 184)
(1, -6, 185)
(0, -6, 186)
(1, -7, 186)
(1, -7, 187)
(1, -7, 188)
(0, -7, 189)
(0, -7, 190)
(1, -7, 190)
(1, -7, 191)
(0, -7, 192)
(0, -7, 193)
(1, -8, 193)
(0, -8, 194)
(0, -8, 195)
(0, -8, 196)
(1, -9, 196)
(0, -9, 197)
(1, -10, 196)
(0, -10, 197)
(0, -10, 198)
(0, -10, 199)
(0, -10, 200)
(1, -11, 200)
(0, -11, 200)
(0, -11, 199)
(0, -11, 198)
(1, -12, 197)
(0, -12, 197)
(1, -13, 196)
(0, -13, 197)
(1, -14, 196)
(1, -14, 195)
(1, -14, 194)
(1, -14, 193)
(0, -13, 193)
(0, -13, 192)
(1, -14, 191)
(0, -14, 192)
(1, -15, 192)
(0, -15, 193)
(1, -16, 192)
(0, -16, 193)
(0, -16, 194)
(1, -16, 194)
(0, -15, 195)
(1, -15, 195)
(1, -15, 196)
(0, -15, 197)
(0, -15, 198)
(1, -16, 198)
(0, -16, 198)
(1, -17, 198)
(1, -17, 199)
(0, -17, 200)
(1, -18, 200)
(0, -18, 200)
(1, -19, 200)
(0, -19, 200)
(1, -20, 200)
(0, -20, 200)
(1, -21, 200)
(0, -21, 200)
(0, -21, 199)
(1, -21, 198)
(1, -21, 197)
(0, -20, 197)
(1, -20, 196)
(0, -19, 196)
(1, -19, 196)
(0, -18, 197)
(1, -18, 197)
(0, -17, 197)
(0, -17, 196)
(1, -18, 195)
(0, -18, 195)
(1, -19, 194)
(1, -19, 193)
(1, -19, 192)
(1, -19, 191)
(0, -18, 191)
(1, -18, 191)
(0, -17, 191)
(1, -17, 191)
(0, -16, 191)
(0, -16, 190)
(0, -16, 189)
(1, -16, 188)
(0, -15, 189)
(1, -15, 189)
(0, -14, 190)
(1, -14, 189)
(1, -14, 188)
(1, -14, 187)
(0, -14, 187)
(1, -15, 186)
(1, -15, 185)
(0, -15, 185)
(0, -15, 184)
(0, -15, 183)
(1, -16, 182)
(0, -16, 182)
(0, -16, 181)
(1, -17, 180)
(0, -17, 180)
(1, -18, 180)
(1, -18, 181)
(1, -18, 182)
(0, -18, 183)
(1, -19, 182)
(0, -19, 182)
(1, -20, 182)
(0, -20, 183)
(1, -21, 182)
(0, -21, 182)
(0, -21, 181)
(1, -22, 180)
(0, -22, 180)
(1, -23, 180)
(0, -23, 181)
(0, -23, 182)
(0, -23, 183)
(0, -23, 184)
(1, -23, 184)
(0, -22, 185)
(1, -22, 185)
(0, -21, 185)
(1, -21, 185)
(0, -20, 186)
(1, -20, 185)
(0, -19, 185)
(1, -19, 185)
(1, -19, 186)
(1, -19, 187)
(0, -19, 188)
(1, -20, 188)
(1, -20, 189)
(0, -20, 190)
(1, -21, 189)
(1, -21, 188)
(0, -21, 188)
(1, -22, 187)
(0, -22, 188)
(1, -23, 187)
(1, -23, 186)
(0, -23, 186)
(1, -24, 186)
(0, -24, 187)
(1, -25, 186)
(1, -25, 185)
(0, -24, 185)
(0, -24, 184)
(0, -24, 183)
(0, -24, 182)
(1, -25, 181)
(0, -25, 182)
(1, -26, 182)
(1, -26, 183)
(0, -26, 184)
(1, -27, 183)
(0, -27, 184)
(0, -27, 185)
(0, -27, 186)
(1, -27, 186)
(1, -27, 187)
(1, -27, 188)
(1, -27, 189)
(0, -26, 190)
(0, -26, 191)
(0, -26, 192)
(0, -26, 193)
(1, -27, 193)
(0, -27, 193)
(0, -27, 192)
(0, -27, 191)
(1, -28, 190)
(0, -28, 191)
(1, -29, 190)
(0, -29, 191)
(0, -29, 192)
(0, -29, 193)
(1, -30, 193)
(0, -30, 194)
(0, -30, 195)
(1, -30, 195)
(0, -29, 195)
(1, -29, 194)
(0, -28, 195)
(1, -28, 194)
(0, -27, 195)
(0, -27, 196)
(1, -28, 196)
(0, -28, 197)
(1, -29, 196)
(0, -29, 197)
(1, -30, 197)
(0, -30, 198)
(1, -31, 198)
(1, -31, 199)
(0, -31, 200)
(1, -32, 199)
(1, -32, 198)
(1, -32, 197)
(1, -32, 196)
(1, -32, 195)
(0, -32, 195)
(1, -33, 194)
(1, -33, 193)
(0, -33, 193)
(0, -33, 192)
(1, -33, 191)
(1, -33, 190)
(0, -33, 190)
(1, -34, 189)
(0, -34, 190)
(1, -35, 190)
(0, -35, 190)
(1, -36, 189)
(0, -36, 189)
(1, -37, 188)
(0, -37, 189)
(1, -38, 188)
(1, -38, 187)
(0, -37, 187)
(0, -37, 186)
(1, -38, 185)
(0, -38, 186)
(1, -39, 185)
(0, -39, 185)
(1, -40, 184)
(0, -40, 184)
(1, -41, 183)
(0, -41, 183)
(1, -42, 183)
(0, -42, 183)
(1, -43, 183)
(0, -43, 183)
(1, -44, 183)
(0, -44, 183)
(1, -45, 182)
(1, -45, 181)
(0, -45, 181)
(1, -46, 181)
(0, -46, 181)
(0, -46, 180)
(1, -47, 179)
(0, -47, 179)
(1, -48, 179)
(0, -48, 180)
(0, -48, 181)
(1, -48, 181)
(0, -47, 182)
(1, -47, 182)
(0, -46, 183)
(1, -46, 183)
(0, -45, 184)
(0, -45, 185)
(1, -45, 185)
(0, -44, 185)
(1, -44, 185)
(1, -44, 186)
(0, -44, 187)
(0, -44, 188)
(0, -44, 189)
(1, -44, 189)
(0, -43, 189)
(1, -43, 189)
(1, -43, 190)
(1, -43, 191)
(0, -42, 192)
(0, -42, 193)
(0, -42, 194)
(0, -42, 195)
(1, -43, 195)
(0, -43, 196)
(1, -44, 196)
(0, -44, 196)
(1, -45, 196)
(0, -45, 197)
(1, -46, 197)
(0, -46, 197)
(0, -46, 196)
(0, -46, 195)
(1, -46, 194)
(0, -45, 194)
(0, -45, 193)
(1, -46, 192)
(0, -46, 192)
(1, -47, 192)
(0, -47, 192)
(1, -48, 191)
(0, -48, 191)
(1, -49, 190)
(0, -49, 190)
(1, -50, 190)
(1, -50, 191)
(0, -49, 192)
(0, -49, 193)
(1, -49, 193)
(0, -48, 194)
(1, -48, 193)
(0, -47, 194)
(0, -47, 195)
(0, -47, 196)
(0, -47, 197)
(0, -47, 198)
(1, -48, 198)
(0, -48, 198)
(1, -49, 197)
(1, -49, 196)
(0, -49, 196)
(0, -49, 195)
(1, -50, 194)
(0, -50, 194)
(0, -50, 193)
(1, -51, 192)
(1, -51, 191)
(1, -51, 190)
(0, -51, 190)
(0, -51, 189)
(1, -52, 188)
(0, -52, 189)
(0, -52, 190)
(0, -52, 191)
(1, -53, 191)
(0, -53, 191)
(0, -53, 190)
(0, -53, 189)
(1, -54, 188)
(0, -54, 188)
(1, -55, 187)
(0, -55, 187)
(0, -55, 186)
(0, -55, 185)
(0, -55, 184)
(1, -55, 183)
(1, -55, 182)
(0, -54, 182)
(0, -54, 181)
(1, -55, 180)
(1, -55, 179)
(0, -55, 179)
(1, -56, 178)
(0, -56, 179)
(0, -56, 180)
(1, -57, 180)
(0, -57, 181)
(0, -57, 182)
(1, -58, 182)
(0, -58, 182)
(1, -59, 181)
(1, -59, 180)
(0, -58, 180)
(1, -58, 179)
(1, -58, 178)
(0, -57, 178)
(0, -57, 177)
(1, -58, 176)
(1, -58, 175)
(0, -57, 175)
(1, -57, 174)
(0, -56, 174)
(1, -56, 174)
(0, -55, 174)
(1, -55, 174)
(1, -55, 175)
(0, -54, 176)
(1, -54, 175)
(0, -53, 176)
(1, -53, 176)
(0, -52, 176)
(1, -52, 176)
(0, -51, 177)
(1, -51, 177)
(1, -51, 178)
(0, -51, 179)
(1, -52, 179)
(0, -52, 180)
(0, -52, 181)
(0, -52, 182)
(0, -52, 183)
(0, -52, 184)
(1, -52, 184)
(1, -52, 185)
(1, -52, 186)
(0, -51, 187)
(1, -51, 186)
(1, -51, 185)
(1, -51, 184)
(0, -50, 184)
(1, -50, 183)
(1, -50, 182)
(0, -50, 182)
(0, -50, 181)
(1, -50, 180)
(1, -50, 179)
(0, -49, 179)
(1, -49, 178)
(0, -48, 178)
(0, -48, 177)
(1, -49, 176)
(0, -49, 176)
(1, -50, 176)
(0, -50, 176)
(0, -50, 175)
(1, -51, 174)
(1, -51, 173)
(0, -51, 173)
(1, -52, 172)
(1, -52, 171)
(0, -52, 171)
(1, -53, 170)
(1, -53, 169)
(1, -53, 168)
(1, -53, 167)
(0, -53, 167)
(1, -54, 167)
(0, -54, 167)
(1, -55, 166)
(0, -55, 166)
(0, -55, 165)
(1, -55, 164)
(1, -55, 163)
(0, -55, 163)
(0, -55, 162)
(0, -55, 161)
(1, -55, 160)
(0, -54, 160)
(1, -54, 160)
(0, -53, 160)
(1, -53, 160)
(0, -52, 161)
(1, -52, 161)
(0, -51, 162)
(1, -51, 161)
(0, -50, 161)
(1, -50, 161)
(1, -50, 162)
(0, -49, 163)
(0, -49, 164)
(1, -49, 164)
(0, -48, 164)
(1, -48, 163)
(1, -48, 162)
(1, -48, 161)
(1, -48, 160)
(1, -48, 159)
(0, -48, 159)
(0, -48, 158)
(0, -48, 157)
(0, -48, 156)
(1, -48, 155)
(0, -47, 156)
(1, -47, 155)
(0, -46, 155)
(1, -46, 155)
(1, -46, 156)
(1, -46, 157)
(0, -46, 158)
(1, -47, 158)
(1, -47, 159)
(1, -47, 160)
(0, -46, 161)
(0, -46, 162)
(1, -46, 162)
(1, -46, 163)
(0, -46, 164)
(0, -46, 165)
(1, -47, 165)
(0, -47, 166)
(1, -48, 166)
(0, -48, 166)
(1, -49, 166)
(0, -49, 166)
(1, -50, 165)
(0, -50, 166)
(1, -51, 166)
(0, -51, 167)
(0, -51, 168)
(1, -51, 168)
(0, -50, 169)
(1, -50, 169)
(1, -50, 170)
(0, -49, 171)
(0, -49, 172)
(1, -49, 172)
(0, -48, 172)
(1, -48, 172)
(1, -48, 173)
(1, -48, 174)
(1, -48, 175)
(0, -47, 176)
(1, -47, 176)
(0, -46, 176)
(1, -46, 176)
(0, -45, 176)
(1, -45, 175)
(1, -45, 174)
(1, -45, 173)
(0, -44, 173)
(1, -44, 172)
(0, -43, 173)
(0, -43, 174)
(1, -44, 174)
(1, -44, 175)
(1, -44, 176)
(1, -44, 177)
(0, -43, 178)
(1, -43, 178)
(0, -42, 178)
(1, -42, 177)
(1, -42, 176)
(0, -41, 176)
(1, -41, 176)
(0, -40, 177)
(1, -40, 176)
(0, -39, 176)
(1, -39, 176)
(0, -38, 177)
(1, -38, 176)
(0, -37, 176)
(1, -37, 175)
(1, -37, 174)
(0, -36, 174)
(1, -36, 173)
(0, -35, 174)
(1, -35, 173)
(0, -34, 173)
(0, -34, 172)
(1, -35, 171)
(0, -35, 171)
(1, -36, 171)
(0, -36, 172)
(1, -37, 171)
(0, -37, 171)
(0, -37, 170)
(1, -38, 169)
(1, -38, 168)
(0, -38, 168)
(1, -39, 168)
(0, -39, 169)
(1, -40, 168)
(1, -40, 167)
(0, -40, 167)
(0, -40, 166)
(0, -40, 165)
(1, -40, 164)
(0, -39, 165)
(1, -39, 165)
(0, -38, 165)
(1, -38, 164)
(1, -38, 163)
(0, -37, 163)
(0, -37, 162)
(1, -38, 161)
(0, -38, 161)
(1, -39, 161)
(0, -39, 162)
(1, -40, 161)
(1, -40, 160)
(0, -39, 160)
(1, -39, 159)
(1, -39, 158)
(0, -39, 158)
(1, -40, 157)
(1, -40, 156)
(0, -40, 156)
(0, -40, 155)
(1, -41, 154)
(0, -41, 154)
(1, -42, 153)
(1, -42, 152)
(0, -42, 152)
(1, -43, 152)
(1, -43, 153)
(0, -43, 154)
(0, -43, 155)
(0, -43, 156)
(0, -43, 157)
(1, -43, 157)
(0, -42, 157)
(0, -42, 156)
(1, -42, 155)
(0, -41, 156)
(0, -41, 157)
(0, -41, 158)
(0, -41, 159)
(0, -41, 160)
(0, -41, 161)
(1, -42, 161)
(0, -42, 161)
(1, -43, 160)
(0, -43, 160)
(1, -44, 160)
(0, -44, 160)
(1, -45, 159)
(1, -45, 158)
(0, -44, 158)
(0, -44, 157)
(1, -45, 156)
(1, -45, 155)
(0, -44, 155)
(0, -44, 154)
(0, -44, 153)
(1, -44, 152)
(1, -44, 151)
(0, -43, 151)
(1, -43, 150)
(0, -42, 150)
(1, -42, 150)
(0, -41, 151)
(1, -41, 151)
(0, -40, 152)
(0, -40, 153)
(1, -40, 153)
(0, -39, 154)
(1, -39, 153)
(0, -38, 153)
(1, -38, 153)
(0, -37, 154)
(0, -37, 155)
(0, -37, 156)
(1, -37, 156)
(0, -36, 156)
(1, -36, 156)
(0, -35, 156)
(0, -35, 155)
(0, -35, 154)
(1, -36, 153)
(0, -36, 153)
(1, -37, 152)
(1, -37, 151)
(0, -36, 151)
(1, -36, 150)
(0, -35, 150)
(0, -35, 149)
(1, -35, 148)
(0, -34, 149)
(0, -34, 150)
(0, -34, 151)
(1, -34, 151)
(1, -34, 152)
(0, -33, 153)
(0, -33, 154)
(1, -34, 154)
(0, -34, 155)
(0, -34, 156)
(1, -34, 156)
(0, -33, 156)
(1, -33, 155)
(0, -32, 156)
(1, -32, 155)
(0, -31, 156)
(0, -31, 157)
(0, -31, 158)
(0, -31, 159)
(0, -31, 160)
(1, -31, 160)
(1, -31, 161)
(0, -30, 162)
(1, -30, 161)
(0, -29, 161)
(0, -29, 160)
(1, -29, 159)
(0, -28, 159)
(1, -28, 159)
(1, -28, 160)
(1, -28, 161)
(1, -28, 162)
(0, -27, 163)
(1, -27, 163)
(1, -27, 164)
(1, -27, 165)
(0, -26, 166)
(1, -26, 165)
(1, -26, 164)
(0, -25, 164)
(1, -25, 164)
(0, -24, 165)
(1, -24, 165)
(1, -24, 166)
(0, -24, 167)
(1, -25, 166)
(0, -25, 167)
(1, -26, 167)
(1, -26, 168)
(0, -25, 169)
(0, -25, 170)
(1, -26, 170)
(0, -26, 170)
(1, -27, 169)
(0, -27, 170)
(1, -28, 169)
(1, -28, 168)
(0, -27, 168)
(0, -27, 167)
(1, -28, 166)
(1, -28, 165)
(0, -28, 165)
(0, -28, 164)
(1, -29, 163)
(0, -29, 164)
(1, -30, 164)
(1, -30, 165)
(1, -30, 166)
(0, -30, 167)
(1, -31, 167)
(0, -31, 167)
(0, -31, 166)
(1, -31, 165)
(1, -31, 164)
(1, -31, 163)
(0, -31, 163)
(1, -32, 162)
(1, -32, 161)
(0, -32, 161)
(1, -33, 160)
(0, -33, 161)
(1, -34, 160)
(1, -34, 159)
(1, -34, 158)
(0, -34, 158)
(1, -35, 158)
(0, -35, 159)
(0, -35, 160)
(0, -35, 161)
(0, -35, 162)
(1, -35, 162)
(0, -34, 162)
(1, -34, 162)
(0, -33, 163)
(0, -33, 164)
(1, -34, 164)
(1, -34, 165)
(0, -34, 166)
(1, -35, 166)
(1, -35, 167)
(0, -35, 168)
(0, -35, 169)
(1, -35, 169)
(0, -34, 170)
(1, -34, 169)
(0, -33, 170)
(1, -33, 170)
(0, -32, 171)
(0, -32, 172)
(1, -32, 172)
(0, -31, 172)
(1, -31, 171)
(0, -30, 172)
(1, -30, 172)
(0, -29, 172)
(0, -29, 171)
(1, -29, 170)
(0, -28, 171)
(1, -28, 171)
(1, -28, 172)
(0, -27, 173)
(1, -27, 173)
(1, -27, 174)
(0, -26, 175)
(1, -26, 174)
(0, -25, 174)
(1, -25, 174)
(1, -25, 175)
(0, -24, 176)
(1, -24, 175)
(0, -23, 176)
(1, -23, 176)
(0, -22, 177)
(1, -22, 177)
(1, -22, 178)
(0, -21, 179)
(1, -21, 178)
(0, -20, 178)
(1, -20, 177)
(0, -19, 178)
(1, -19, 177)
(0, -18, 178)
(1, -18, 178)
(0, -17, 178)
(1, -17, 178)
(0, -16, 179)
(1, -16, 178)
(0, -15, 179)
(0, -15, 180)
(1, -15, 180)
(1, -15, 181)
(0, -14, 182)
(1, -14, 181)
(0, -13, 182)
(1, -13, 181)
(1, -13, 180)
(0, -12, 180)
(0, -12, 179)
(0, -12, 178)
(1, -12, 177)
(1, -12, 176)
(0, -11, 176)
(1, -11, 175)
(0, -10, 175)
(0, -10, 174)
(1, -10, 173)
(1, -10, 172)
(0, -10, 172)
(1, -11, 171)
(0, -11, 172)
(0, -11, 173)
(0, -11, 174)
(1, -12, 174)
(0, -12, 175)
(1, -13, 174)
(0, -13, 175)
(1, -14, 174)
(0, -14, 174)
(0, -14, 173)
(1, -14, 172)
(0, -13, 173)
(1, -13, 172)
(1, -13, 171)
(0, -13, 171)
(1, -14, 170)
(0, -14, 170)
(1, -15, 170)
(0, -15, 171)
(1, -16, 170)
(0, -16, 170)
(1, -17, 169)
(1, -17, 168)
(0, -16, 168)
(0, -16, 167)
(1, -17, 166)
(0, -17, 166)
(0, -17, 165)
(0, -17, 164)
(0, -17, 163)
(0, -17, 162)
(1, -17, 161)
(0, -16, 161)
(1, -16, 160)
(0, -15, 160)
(0, -15, 159)
(1, -16, 158)
(0, -16, 158)
(1, -17, 158)
(1, -17, 159)
(0, -17, 160)
(1, -18, 160)
(0, -18, 160)
(1, -19, 159)
(0, -19, 159)
(0, -19, 158)
(1, -20, 157)
(0, -20, 157)
(0, -20, 156)
(1, -21, 155)
(0, -21, 156)
(1, -22, 155)
(0, -22, 156)
(1, -23, 156)
(1, -23, 157)
(0, -23, 158)
(1, -24, 158)
(1, -24, 159)
(0, -24, 160)
(1, -25, 159)
(1, -25, 158)
(1, -25, 157)
(0, -24, 157)
(1, -24, 156)
(1, -24, 155)
(0, -23, 155)
(0, -23, 154)
(1, -24, 153)
(0, -24, 153)
(1, -25, 152)
(0, -25, 153)
(1, -26, 152)
(0, -26, 153)
(1, -27, 153)
(1, -27, 154)
(1, -27, 155)
(0, -26, 156)
(1, -26, 156)
(1, -26, 157)
(0, -26, 158)
(1, -27, 158)
(0, -27, 158)
(1, -28, 157)
(0, -28, 157)
(1, -29, 157)
(0, -29, 158)
(1, -30, 157)
(0, -30, 157)
(0, -30, 156)
(0, -30, 155)
(1, -31, 154)
(0, -31, 154)
(0, -31, 153)
(1, -31, 152)
(1, -31, 151)
(1, -31, 150)
(1, -31, 149)
(0, -30, 149)
(1, -30, 148)
(1, -30, 147)
(0, -29, 147)
(1, -29, 146)
(0, -28, 146)
(1, -28, 146)
(0, -27, 147)
(0, -27, 148)
(1, -28, 148)
(1, -28, 149)
(0, -27, 150)
(1, -27, 150)
(0, -26, 151)
(1, -26, 150)
(0, -25, 151)
(1, -25, 150)
(0, -24, 150)
(1, -24, 150)
(0, -23, 150)
(0, -23, 149)
(0, -23, 148)
(1, -23, 147)
(1, -23, 146)
(0, -23, 146)
(0, -23, 145)
(0, -23, 144)
(1, -23, 143)
(0, -22, 143)
(0, -22, 142)
(1, -23, 141)
(0, -23, 142)
(1, -24, 142)
(0, -24, 143)
(0, -24, 144)
(1, -25, 144)
(0, -25, 144)
(0, -25, 143)
(0, -25, 142)
(0, -25, 141)
(0, -25, 140)
(1, -26, 139)
(1, -26, 138)
(1, -26, 137)
(1, -26, 136)
(1, -26, 135)
(0, -26, 135)
(1, -27, 135)
(0, -27, 136)
(0, -27, 137)
(1, -28, 137)
(1, -28, 138)
(0, -28, 139)
(1, -29, 139)
(0, -29, 139)
(0, -29, 138)
(0, -29, 137)
(0, -29, 136)
(1, -29, 135)
(0, -28, 135)
(0, -28, 134)
(1, -28, 133)
(0, -27, 134)
(1, -27, 133)
(1, -27, 132)
(0, -27, 132)
(1, -28, 131)
(1, -28, 130)
(1, -28, 129)
(0, -27, 129)
(0, -27, 128)
(1, -27, 127)
(0, -26, 128)
(1, -26, 128)
(1, -26, 129)
(0, -25, 130)
(1, -25, 129)
(0, -24, 129)
(1, -24, 128)
(1, -24, 127)
(0, -23, 127)
(1, -23, 127)
(0, -22, 127)
(0, -22, 126)
(1, -23, 125)
(0, -23, 125)
(0, -23, 124)
(0, -23, 123)
(1, -23, 122)
(0, -22, 122)
(1, -22, 122)
(0, -21, 122)
(1, -21, 121)
(0, -20, 122)
(0, -20, 123)
(0, -20, 124)
(0, -20, 125)
(0, -20, 126)
(1, -20, 126)
(1, -20, 127)
(0, -19, 128)
(1, -19, 128)
(0, -18, 128)
(0, -18, 127)
(1, -18, 126)
(0, -17, 126)
(1, -17, 125)
(1, -17, 124)
(1, -17, 123)
(0, -17, 123)
(1, -18, 123)
(0, -18, 124)
(1, -19, 123)
(0, -19, 123)
(0, -19, 122)
(1, -19, 121)
(0, -18, 121)
(1, -18, 120)
(0, -17, 121)
(1, -17, 120)
(0, -16, 120)
(0, -16, 119)
(1, -17, 118)
(0, -17, 119)
(1, -18, 118)
(0, -18, 118)
(1, -19, 117)
(0, -19, 117)
(1, -20, 116)
(1, -20, 115)
(0, -20, 115)
(1, -21, 115)
(1, -21, 116)
(0, -21, 117)
(1, -22, 117)
(0, -22, 118)
(1, -23, 117)
(0, -23, 118)
(1, -24, 118)
(0, -24, 118)
(0, -24, 117)
(1, -24, 116)
(1, -24, 115)
(1, -24, 114)
(0, -24, 114)
(1, -25, 113)
(1, -25, 112)
(0, -25, 112)
(1, -26, 111)
(0, -26, 112)
(1, -27, 112)
(1, -27, 113)
(1, -27, 114)
(1, -27, 115)
(0, -27, 116)
(0, -27, 117)
(1, -27, 117)
(0, -26, 118)
(1, -26, 118)
(1, -26, 119)
(1, -26, 120)
(0, -25, 121)
(1, -25, 120)
(0, -24, 121)
(0, -24, 122)
(0, -24, 123)
(1, -25, 123)
(0, -25, 123)
(1, -26, 123)
(1, -26, 124)
(1, -26, 125)
(0, -26, 126)
(1, -27, 125)
(0, -27, 126)
(1, -28, 126)
(0, -28, 126)
(1, -29, 125)
(0, -29, 126)
(0, -29, 127)
(1, -30, 127)
(0, -30, 128)
(0, -30, 129)
(1, -30, 129)
(1, -30, 130)
(1, -30, 131)
(1, -30, 132)
(0, -30, 133)
(0, -30, 134)
(0, -30, 135)
(1, -31, 135)
(1, -31, 136)
(0, -30, 137)
(0, -30, 138)
(0, -30, 139)
(1, -31, 139)
(1, -31, 140)
(1, -31, 141)
(0, -30, 142)
(1, -30, 142)
(0, -29, 143)
(0, -29, 144)
(0, -29, 145)
(1, -30, 145)
(0, -30, 145)
(1, -31, 145)
(0, -31, 146)
(0, -31, 147)
(0, -31, 148)
(1, -32, 148)
(0, -32, 149)
(0, -32, 150)
(1, -33, 150)
(0, -33, 150)
(0, -33, 149)
(0, -33, 148)
(1, -33, 147)
(0, -32, 147)
(0, -32, 146)
(1, -33, 145)
(0, -33, 145)
(1, -34, 145)
(0, -34, 145)
(1, -35, 145)
(0, -35, 145)
(0, -35, 144)
(1, -35, 143)
(0, -34, 143)
(1, -34, 142)
(1, -34, 141)
(0, -33, 141)
(1, -33, 141)
(1, -33, 142)
(0, -32, 143)
(1, -32, 142)
(1, -32, 141)
(1, -32, 140)
(1, -32, 139)
(0, -32, 139)
(0, -32, 138)
(0, -32, 137)
(1, -32, 136)
(1, -32, 135)
(1, -32, 134)
(0, -31, 134)
(0, -31, 133)
(0, -31, 132)
(1, -32, 131)
(0, -32, 131)
(1, -33, 130)
(1, -33, 129)
(0, -32, 129)
(1, -32, 128)
(0, -31, 128)
(0, -31, 127)
(0, -31, 126)
(0, -31, 125)
(1, -31, 124)
(0, -30, 124)
(1, -30, 123)
(0, -29, 124)
(1, -29, 123)
(1, -29, 122)
(0, -28, 122)
(0, -28, 121)
(1, -29, 120)
(0, -29, 120)
(1, -30, 119)
(0, -30, 120)
(0, -30, 121)
(1, -31, 121)
(0, -31, 122)
(1, -32, 122)
(0, -32, 123)
(1, -33, 122)
(1, -33, 121)
(0, -32, 121)
(0, -32, 120)
(1, -32, 119)
(1, -32, 118)
(0, -32, 118)
(1, -33, 117)
(1, -33, 116)
(1, -33, 115)
(1, -33, 114)
(1, -33, 113)
(0, -32, 113)
(1, -32, 112)
(0, -31, 113)
(1, -31, 113)
(0, -30, 114)
(0, -30, 115)
(1, -30, 115)
(0, -29, 116)
(0, -29, 117)
(1, -29, 117)
(0, -28, 117)
(0, -28, 116)
(0, -28, 115)
(0, -28, 114)
(0, -28, 113)
(1, -29, 112)
(0, -29, 112)
(1, -30, 112)
(0, -30, 112)
(0, -30, 111)
(0, -30, 110)
(1, -30, 109)
(1, -30, 108)
(0, -29, 108)
(0, -29, 107)
(1, -30, 106)
(1, -30, 105)
(1, -30, 104)
(0, -29, 104)
(0, -29, 103)
(0, -29, 102)
(1, -30, 101)
(0, -30, 101)
(1, -31, 101)
(1, -31, 102)
(0, -31, 103)
(1, -32, 103)
(0, -32, 104)
(1, -33, 103)
(0, -33, 104)
(0, -33, 105)
(0, -33, 106)
(0, -33, 107)
(0, -33, 108)
(0, -33, 109)
(1, -34, 109)
(0, -34, 109)
(1, -35, 108)
(0, -35, 109)
(0, -35, 110)
(1, -36, 110)
(1, -36, 111)
(0, -36, 112)
(0, -36, 113)
(0, -36, 114)
(1, -37, 114)
(1, -37, 115)
(0, -36, 116)
(1, -36, 116)
(1, -36, 117)
(0, -35, 118)
(1, -35, 118)
(0, -34, 119)
(1, -34, 118)
(0, -33, 119)
(0, -33, 120)
(1, -34, 120)
(0, -34, 121)
(0, -34, 122)
(1, -35, 122)
(0, -35, 123)
(1, -36, 123)
(0, -36, 123)
(0, -36, 122)
(1, -37, 121)
(1, -37, 120)
(0, -37, 120)
(1, -38, 120)
(0, -38, 121)
(1, -39, 121)
(0, -39, 121)
(1, -40, 121)
(1, -40, 122)
(0, -40, 123)
(1, -41, 122)
(0, -41, 123)
(0, -41, 124)
(1, -42, 124)
(0, -42, 124)
(1, -43, 123)
(0, -43, 124)
(0, -43, 125)
(1, -43, 125)
(1, -43, 126)
(0, -43, 127)
(1, -44, 126)
(0, -44, 126)
(1, -45, 125)
(0, -45, 126)
(1, -46, 125)
(1, -46, 124)
(0, -46, 124)
(1, -47, 124)
(0, -47, 125)
(0, -47, 126)
(1, -47, 126)
(0, -46, 127)
(1, -46, 127)
(0, -45, 128)
(1, -45, 127)
(0, -44, 128)
(1, -44, 128)
(1, -44, 129)
(0, -43, 130)
(1, -43, 130)
(0, -42, 131)
(1, -42, 131)
(0, -41, 132)
(0, -41, 133)
(1, -41, 133)
(1, -41, 134)
(1, -41, 135)
(1, -41, 136)
(0, -40, 137)
(0, -40, 138)
(0, -40, 139)
(0, -40, 140)
(0, -40, 141)
(1, -41, 141)
(1, -41, 142)
(0, -41, 143)
(0, -41, 144)
(0, -41, 145)
(0, -41, 146)
(1, -42, 146)
(0, -42, 146)
(0, -42, 145)
(0, -42, 144)
(1, -43, 143)
(1, -43, 142)
(0, -43, 142)
(1, -44, 142)
(0, -44, 143)
(0, -44, 144)
(0, -44, 145)
(1, -45, 145)
(1, -45, 146)
(0, -45, 147)
(1, -46, 147)
(0, -46, 147)
(1, -47, 147)
(0, -47, 147)
(0, -47, 146)
(1, -48, 145)
(1, -48, 144)
(1, -48, 143)
(0, -47, 143)
(1, -47, 142)
(0, -46, 143)
(1, -46, 142)
(1, -46, 141)
(1, -46, 140)
(0, -45, 140)
(0, -45, 139)
(0, -45, 138)
(1, -45, 137)
(1, -45, 136)
(0, -44, 136)
(0, -44, 135)
(1, -44, 134)
(0, -43, 135)
(1, -43, 135)
(0, -42, 135)
(0, -42, 134)
(1, -43, 133)
(0, -43, 133)
(0, -43, 132)
(1, -44, 131)
(0, -44, 131)
(1, -45, 130)
(0, -45, 131)
(1, -46, 130)
(0, -46, 130)
(1, -47, 129)
(0, -47, 130)
(1, -48, 129)
(0, -48, 129)
(1, -49, 129)
(0, -49, 130)
(1, -50, 129)
(0, -50, 130)
(0, -50, 131)
(1, -51, 131)
(0, -51, 132)
(1, -52, 131)
(1, -52, 130)
(0, -52, 130)
(1, -53, 130)
(0, -53, 130)
(1, -54, 129)
(0, -54, 130)
(1, -55, 129)
(1, -55, 128)
(0, -55, 128)
(0, -55, 127)
(0, -55, 126)
(1, -55, 125)
(1, -55, 124)
(0, -54, 124)
(0, -54, 123)
(0, -54, 122)
(0, -54, 121)
(1, -54, 120)
(0, -53, 121)
(1, -53, 121)
(0, -52, 121)
(1, -52, 121)
(1, -52, 122)
(1, -52, 123)
(1, -52, 124)
(1, -52, 125)
(0, -51, 126)
(0, -51, 127)
(1, -51, 127)
(0, -50, 128)
(1, -50, 127)
(1, -50, 126)
(0, -50, 126)
(0, -50, 125)
(0, -50, 124)
(0, -50, 123)
(1, -51, 122)
(1, -51, 121)
(1, -51, 120)
(1, -51, 119)
(0, -50, 119)
(1, -50, 119)
(0, -49, 119)
(0, -49, 118)
(1, -49, 117)
(0, -48, 117)
(1, -48, 116)
(0, -47, 117)
(0, -47, 118)
(1, -48, 118)
(0, -48, 119)
(0, -48, 120)
(1, -49, 120)
(1, -49, 121)
(0, -49, 122)
(0, -49, 123)
(0, -49, 124)
(0, -49, 125)
(1, -49, 125)
(0, -48, 125)
(0, -48, 124)
(0, -48, 123)
(1, -48, 122)
(0, -47, 122)
(0, -47, 121)
(0, -47, 120)
(1, -47, 119)
(0, -46, 119)
(1, -46, 119)
(0, -45, 119)
(0, -45, 118)
(1, -46, 117)
(0, -46, 117)
(0, -46, 116)
(0, -46, 115)
(1, -47, 114)
(0, -47, 114)
(1, -48, 114)
(0, -48, 114)
(1, -49, 114)
(0, -49, 114)
(1, -50, 113)
(0, -50, 114)
(1, -51, 114)
(1, -51, 115)
(1, -51, 116)
(1, -51, 117)
(0, -51, 118)
(1, -52, 117)
(1, -52, 116)
(1, -52, 115)
(1, -52, 114)
(0, -52, 114)
(1, -53, 113)
(0, -53, 113)
(1, -54, 113)
(0, -54, 114)
(0, -54, 115)
(0, -54, 116)
(1, -55, 116)
(0, -55, 116)
(1, -56, 116)
(0, -56, 117)
(1, -57, 117)
(0, -57, 117)
(1, -58, 116)
(0, -58, 117)
(1, -59, 116)
(1, -59, 115)
(0, -58, 115)
(0, -58, 114)
(1, -58, 113)
(1, -58, 112)
(1, -58, 111)
(0, -57, 111)
(1, -57, 110)
(0, -56, 111)
(1, -56, 110)
(0, -55, 110)
(1, -55, 110)
(1, -55, 111)
(0, -54, 112)
(1, -54, 111)
(1, -54, 110)
(1, -54, 109)
(0, -54, 109)
(0, -54, 108)
(1, -54, 107)
(0, -53, 107)
(1, -53, 107)
(0, -52, 108)
(1, -52, 107)
(1, -52, 106)
(0, -52, 106)
(0, -52, 105)
(1, -52, 104)
(1, -52, 103)
(1, -52, 102)
(1, -52, 101)
(0, -51, 101)
(1, -51, 101)
(1, -51, 102)
(1, -51, 103)
(1, -51, 104)
(1, -51, 105)
(1, -51, 106)
(1, -51, 107)
(1, -51, 108)
(0, -51, 109)
(0, -51, 110)
(1, -52, 110)
(0, -52, 111)
(0, -52, 112)
(1, -52, 112)
(0, -51, 112)
(1, -51, 112)
(0, -50, 112)
(1, -50, 111)
(1, -50, 110)
(0, -49, 110)
(1, -49, 109)
(0, -48, 110)
(1, -48, 110)
(0, -47, 111)
(1, -47, 110)
(1, -47, 109)
(0, -47, 109)
(1, -48, 108)
(1, -48, 107)
(1, -48, 106)
(0, -47, 106)
(1, -47, 106)
(1, -47, 107)
(0, -46, 108)
(1, -46, 108)
(0, -45, 109)
(1, -45, 108)
(0, -44, 109)
(0, -44, 110)
(0, -44, 111)
(0, -44, 112)
(0, -44, 113)
(1, -44, 113)
(1, -44, 114)
(1, -44, 115)
(1, -44, 116)
(1, -44, 117)
(1, -44, 118)
(0, -43, 119)
(1, -43, 119)
(0, -42, 120)
(1, -42, 119)
(1, -42, 118)
(1, -42, 117)
(0, -42, 117)
(1, -43, 116)
(1, -43, 115)
(0, -42, 115)
(1, -42, 114)
(1, -42, 113)
(0, -41, 113)
(0, -41, 112)
(1, -42, 111)
(1, -42, 110)
(0, -41, 110)
(1, -41, 110)
(0, -40, 111)
(0, -40, 112)
(0, -40, 113)
(1, -40, 113)
(1, -40, 114)
(0, -40, 115)
(0, -40, 116)
(1, -40, 116)
(0, -39, 117)
(0, -39, 118)
(0, -39, 119)
(1, -39, 119)
(0, -38, 119)
(1, -38, 118)
(1, -38, 117)
(0, -38, 117)
(0, -38, 116)
(0, -38, 115)
(0, -38, 114)
(0, -38, 113)
(1, -39, 112)
(1, -39, 111)
(0, -38, 111)
(0, -38, 110)
(0, -38, 109)
(1, -38, 108)
(0, -37, 108)
(1, -37, 107)
(0, -36, 108)
(1, -36, 107)
(1, -36, 106)
(1, -36, 105)
(0, -36, 105)
(1, -37, 104)
(1, -37, 103)
(0, -36, 103)
(1, -36, 102)
(0, -35, 102)
(1, -35, 101)
(0, -34, 102)
(1, -34, 101)
(0, -33, 101)
(1, -33, 100)
(0, -32, 100)
(0, -32, 99)
(0, -32, 98)
(1, -32, 97)
(0, -31, 98)
(1, -31, 97)
(0, -30, 97)
(1, -30, 96)
(0, -29, 96)
(0, -29, 95)
(0, -29, 94)
(1, -30, 93)
(0, -30, 93)
(1, -31, 92)
(1, -31, 91)
(1, -31, 90)
(0, -31, 90)
(1, -32, 90)
(0, -32, 91)
(0, -32, 92)
(0, -32, 93)
(1, -32, 93)
(1, -32, 94)
(0, -32, 95)
(1, -33, 94)
(0, -33, 94)
(0, -33, 93)
(0, -33, 92)
(1, -34, 91)
(0, -34, 91)
(1, -35, 91)
(0, -35, 91)
(0, -35, 90)
(1, -35, 89)
(1, -35, 88)
(0, -34, 88)
(1, -34, 88)
(0, -33, 88)
(1, -33, 87)
(1, -33, 86)
(1, -33, 85)
(1, -33, 84)
(0, -32, 84)
(0, -32, 83)
(1, -32, 82)
(1, -32, 81)
(0, -31, 81)
(0, -31, 80)
(1, -31, 79)
(0, -30, 80)
(0, -30, 81)
(1, -30, 81)
(0, -29, 82)
(0, -29, 83)
(1, -29, 83)
(0, -28, 83)
(1, -28, 83)
(1, -28, 84)
(0, -28, 85)
(0, -28, 86)
(1, -28, 86)
(0, -27, 87)
(0, -27, 88)
(0, -27, 89)
(0, -27, 90)
(0, -27, 91)
(1, -27, 91)
(1, -27, 92)
(0, -27, 93)
(1, -28, 93)
(0, -28, 94)
(0, -28, 95)
(1, -28, 95)
(0, -27, 96)
(1, -27, 95)
(1, -27, 94)
(0, -26, 94)
(1, -26, 94)
(0, -25, 94)
(1, -25, 93)
(1, -25, 92)
(0, -24, 92)
(1, -24, 92)
(0, -23, 92)
(0, -23, 91)
(0, -23, 90)
(1, -24, 89)
(1, -24, 88)
(1, -24, 87)
(1, -24, 86)
(1, -24, 85)
(0, -23, 85)
(1, -23, 84)
(0, -22, 84)
(0, -22, 83)
(1, -23, 82)
(0, -23, 83)
(1, -24, 82)
(1, -24, 81)
(1, -24, 80)
(0, -24, 80)
(0, -24, 79)
(1, -25, 78)
(1, -25, 77)
(0, -25, 77)
(1, -26, 76)
(1, -26, 75)
(0, -25, 75)
(1, -25, 75)
(0, -24, 75)
(1, -24, 75)
(1, -24, 76)
(0, -23, 77)
(1, -23, 76)
(1, -23, 75)
(1, -23, 74)
(0, -23, 74)
(1, -24, 73)
(1, -24, 72)
(1, -24, 71)
(1, -24, 70)
(0, -24, 70)
(0, -24, 69)
(0, -24, 68)
(0, -24, 67)
(1, -25, 66)
(1, -25, 65)
(0, -24, 65)
(1, -24, 65)
(0, -23, 65)
(1, -23, 65)
(0, -22, 66)
(1, -22, 66)
(0, -21, 66)
(1, -21, 65)
(0, -20, 66)
(1, -20, 65)
(0, -19, 65)
(0, -19, 64)
(0, -19, 63)
(1, -19, 62)
(0, -18, 63)
(0, -18, 64)
(1, -18, 64)
(0, -17, 64)
(1, -17, 64)
(0, -16, 64)
(1, -16, 63)
(1, -16, 62)
(0, -16, 62)
(0, -16, 61)
(1, -17, 60)
(1, -17, 59)
(1, -17, 58)
(1, -17, 57)
(0, -16, 57)
(0, -16, 56)
(1, -17, 55)
(0, -17, 55)
(1, -18, 55)
(0, -18, 56)
(0, -18, 57)
(1, -19, 57)
(0, -19, 58)
(1, -20, 57)
(1, -20, 56)
(0, -20, 56)
(0, -20, 55)
(1, -20, 54)
(0, -19, 54)
(1, -19, 54)
(0, -18, 54)
(0, -18, 53)
(1, -18, 52)
(1, -18, 51)
(1, -18, 50)
(0, -17, 50)
(1, -17, 49)
(0, -16, 49)
(1, -16, 48)
(1, -16, 47)
(1, -16, 46)
(1, -16, 45)
(1, -16, 44)
(0, -16, 44)
(0, -16, 43)
(1, -17, 42)
(1, -17, 41)
(1, -17, 40)
(0, -16, 40)
(1, -16, 40)
(0, -15, 40)
(1, -15, 40)
(1, -15, 41)
(0, -14, 42)
(1, -14, 41)
(1, -14, 40)
(0, -13, 40)
(1, -13, 39)
(1, -13, 38)
(0, -13, 38)
(0, -13, 37)
(1, -13, 36)
(0, -12, 36)
(1, -12, 36)
(0, -11, 36)
(1, -11, 35)
(0, -10, 36)
(1, -10, 36)
(0, -9, 37)
(0, -9, 38)
(0, -9, 39)
(1, -9, 39)
(1, -9, 40)
(0, -9, 41)
(1, -10, 40)
(0, -10, 41)
(0, -10, 42)
(1, -11, 42)
(0, -11, 43)
(0, -11, 44)
(0, -11, 45)
(1, -12, 45)
(1, -12, 46)
(0, -12, 47)
(1, -13, 46)
(1, -13, 45)
(0, -13, 45)
(0, -13, 44)
(1, -14, 43)
(0, -14, 44)
(0, -14, 45)
(1, -15, 45)
(1, -15, 46)
(1, -15, 47)
(1, -15, 48)
(0, -14, 49)
(1, -14, 48)
(0, -13, 48)
(1, -13, 48)
(1, -13, 49)
(0, -13, 50)
(1, -14, 50)
(1, -14, 51)
(1, -14, 52)
(0, -14, 53)
(1, -15, 52)
(0, -15, 53)
(0, -15, 54)
(1, -15, 54)
(1, -15, 55)
(1, -15, 56)
(0, -15, 57)
(0, -15, 58)
(1, -16, 58)
(1, -16, 59)
(0, -15, 60)
(1, -15, 60)
(0, -14, 61)
(1, -14, 60)
(1, -14, 59)
(0, -14, 59)
(0, -14, 58)
(1, -14, 57)
(0, -13, 58)
(1, -13, 57)
(1, -13, 56)
(0, -13, 56)
(1, -14, 55)
(1, -14, 54)
(0, -13, 54)
(1, -13, 54)
(0, -12, 54)
(1, -12, 54)
(0, -11, 54)
(1, -11, 54)
(0, -10, 54)
(1, -10, 53)
(0, -9, 53)
(1, -9, 53)
(0, -8, 53)
(1, -8, 53)
(0, -7, 54)
(1, -7, 54)
(0, -6, 55)
(0, -6, 56)
(1, -7, 56)
(1, -7, 57)
(0, -6, 58)
(1, -6, 57)
(0, -5, 57)
(1, -5, 56)
(1, -5, 55)
(0, -5, 55)
(0, -5, 54)
(1, -6, 53)
(0, -6, 53)
(1, -7, 52)
(0, -7, 52)
(0, -7, 51)
(1, -7, 50)
(0, -6, 50)
(1, -6, 50)
(1, -6, 51)
(0, -5, 52)
(1, -5, 52)
(0, -4, 53)
(1, -4, 52)
(0, -3, 53)
(1, -3, 52)
(1, -3, 51)
(0, -3, 51)
(0, -3, 50)
(0, -3, 49)
(1, -3, 48)
(1, -3, 47)
(1, -3, 46)
(0, -2, 46)
(1, -2, 46)
(0, -1, 47)
(0, -1, 48)
(0, -1, 49)
(1, -1, 49)
(0, 0, 50)
(1, 0, 50)
(0, 1, 51)
(0, 1, 52)
(1, 0, 52)
(0, 0, 53)
(1, -1, 53)
(0, -1, 53)
(1, -2, 53)
(1, -2, 54)
(0, -2, 55)
(1, -3, 54)
(0, -3, 55)
(0, -3, 56)
(1, -4, 56)
(1, -4, 57)
(0, -4, 58)
(0, -4, 59)
(1, -5, 59)
(1, -5, 60)
(0, -4, 61)
(0, -4, 62)
(0, -4, 63)
(1, -4, 63)
(0, -3, 63)
(0, -3, 62)
(0, -3, 61)
(1, -3, 60)
(0, -2, 61)
(0, -2, 62)
(0, -2, 63)
(1, -2, 63)
(1, -2, 64)
(0, -1, 65)
(0, -1, 66)
(0, -1, 67)
(1, -2, 67)
(0, -2, 68)
(1, -3, 68)
(0, -3, 69)
(1, -4, 69)
(1, -4, 70)
(0, -4, 71)
(1, -5, 70)
(0, -5, 70)
(1, -6, 69)
(0, -6, 70)
(1, -7, 70)
(0, -7, 71)
(0, -7, 72)
(1, -8, 72)
(0, -8, 73)
(0, -8, 74)
(0, -8, 75)
(1, -8, 75)
(1, -8, 76)
(0, -8, 77)
(1, -9, 77)
(0, -9, 77)
(1, -10, 76)
(0, -10, 76)
(1, -11, 75)
(1, -11, 74)
(0, -11, 74)
(1, -12, 73)
(0, -12, 74)
(0, -12, 75)
(1, -12, 75)
(1, -12, 76)
(0, -11, 77)
(1, -11, 77)
(0, -10, 78)
(1, -10, 78)
(1, -10, 79)
(1, -10, 80)
(0, -10, 81)
(1, -11, 81)
(1, -11, 82)
(1, -11, 83)
(1, -11, 84)
(0, -11, 85)
(0, -11, 86)
(1, -12, 86)
(0, -12, 86)
(0, -12, 85)
(0, -12, 84)
(0, -12, 83)
(1, -12, 82)
(1, -12, 81)
(1, -12, 80)
(1, -12, 79)
(0, -12, 79)
(1, -13, 78)
(1, -13, 77)
(1, -13, 76)
(0, -13, 76)
(1, -14, 76)
(0, -14, 76)
(1, -15, 76)
(0, -15, 76)
(1, -16, 76)
(0, -16, 77)
(1, -17, 77)
(1, -17, 78)
(0, -16, 79)
(1, -16, 78)
(0, -15, 79)
(0, -15, 80)
(0, -15, 81)
(1, -16, 81)
(1, -16, 82)
(0, -15, 83)
(1, -15, 83)
(0, -14, 83)
(1, -14, 83)
(0, -13, 84)
(0, -13, 85)
(0, -13, 86)
(0, -13, 87)
(1, -14, 87)
(0, -14, 88)
(1, -15, 88)
(1, -15, 89)
(0, -15, 90)
(1, -16, 90)
(0, -16, 90)
(0, -16, 89)
(1, -17, 88)
(0, -17, 89)
(0, -17, 90)
(0, -17, 91)
(1, -17, 91)
(1, -17, 92)
(0, -16, 93)
(1, -16, 92)
(0, -15, 92)
(1, -15, 91)
(0, -14, 91)
(1, -14, 90)
(1, -14, 89)
(0, -13, 89)
(1, -13, 88)
(0, -12, 88)
(1, -12, 88)
(1, -12, 89)
(0, -11, 90)
(0, -11, 91)
(1, -11, 91)
(1, -11, 92)
(0, -11, 93)
(1, -12, 93)
(1, -12, 94)
(1, -12, 95)
(0, -11, 96)
(0, -11, 97)
(0, -11, 98)
(1, -11, 98)
(0, -10, 98)
(1, -10, 97)
(0, -9, 97)
(1, -9, 97)
(1, -9, 98)
(1, -9, 99)
(1, -9, 100)
(0, -9, 101)
(1, -10, 101)
(0, -10, 101)
(1, -11, 101)
(1, -11, 102)
(1, -11, 103)
(1, -11, 104)
(1, -11, 105)
(0, -11, 106)
(1, -12, 106)
(0, -12, 106)
(0, -12, 105)
(0, -12, 104)
(1, -13, 103)
(1, -13, 102)
(1, -13, 101)
(0, -12, 101)
(0, -12, 100)
(1, -13, 99)
(0, -13, 100)
(1, -14, 100)
(1, -14, 101)
(0, -14, 102)
(1, -15, 102)
(0, -15, 103)
(1, -16, 102)
(0, -16, 103)
(0, -16, 104)
(1, -17, 104)
(0, -17, 105)
(1, -18, 104)
(0, -18, 105)
(1, -19, 105)
(0, -19, 105)
(1, -20, 104)
(0, -20, 105)
(1, -21, 105)
(1, -21, 106)
(1, -21, 107)
(0, -20, 108)
(1, -20, 108)
(0, -19, 108)
(1, -19, 108)
(0, -18, 108)
(1, -18, 108)
(0, -17, 108)
(0, -17, 107)
(1, -17, 106)
(0, -16, 107)
(1, -16, 106)
(0, -15, 107)
(0, -15, 108)
(1, -16, 108)
(1, -16, 109)
(0, -15, 110)
(1, -15, 110)
(0, -14, 110)
(0, -14, 109)
(1, -14, 108)
(1, -14, 107)
(0, -13, 107)
(1, -13, 107)
(1, -13, 108)
(1, -13, 109)
(1, -13, 110)
(1, -13, 111)
(0, -12, 112)
(1, -12, 112)
(1, -12, 113)
(1, -12, 114)
(1, -12, 115)
(0, -12, 116)
(0, -12, 117)
(1, -12, 117)
(1, -12, 118)
(0, -12, 119)
(1, -13, 119)
(0, -13, 120)
(1, -14, 120)
(0, -14, 120)
(1, -15, 120)
(1, -15, 121)
(0, -15, 122)
(1, -16, 122)
(1, -16, 123)
(1, -16, 124)
(0, -15, 125)
(0, -15, 126)
(1, -16, 126)
(0, -16, 127)
(1, -17, 127)
(0, -17, 128)
(0, -17, 129)
(0, -17, 130)
(1, -18, 130)
(0, -18, 130)
(1, -19, 130)
(0, -19, 131)
(1, -20, 131)
(1, -20, 132)
(0, -20, 133)
(0, -20, 134)
(1, -20, 134)
(0, -19, 135)
(1, -19, 135)
(1, -19, 136)
(1, -19, 137)
(0, -19, 138)
(0, -19, 139)
(1, -19, 139)
(1, -19, 140)
(1, -19, 141)
(0, -18, 142)
(1, -18, 142)
(1, -18, 143)
(0, -18, 144)
(1, -19, 144)
(0, -19, 145)
(0, -19, 146)
(0, -19, 147)
(0, -19, 148)
(0, -19, 149)
(0, -19, 150)
(1, -20, 150)
(0, -20, 151)
(0, -20, 152)
(1, -20, 152)
(0, -19, 153)
(0, -19, 154)
(0, -19, 155)
(1, -19, 155)
(0, -18, 156)
(1, -18, 155)
(0, -17, 156)
(1, -17, 155)
(1, -17, 154)
(0, -16, 154)
(1, -16, 154)
(1, -16, 155)
(1, -16, 156)
(0, -15, 157)
(1, -15, 156)
(0, -14, 157)
(1, -14, 156)
(0, -13, 157)
(0, -13, 158)
(1, -13, 158)
(0, -12, 159)
(1, -12, 158)
(0, -11, 159)
(1, -11, 159)
(0, -10, 160)
(1, -10, 160)
(1, -10, 161)
(0, -9, 162)
(0, -9, 163)
(0, -9, 164)
(0, -9, 165)
(1, -9, 165)
(1, -9, 166)
(0, -9, 167)
(0, -9, 168)
(0, -9, 169)
(1, -9, 169)
(0, -8, 169)
(1, -8, 169)
(0, -7, 170)
(0, -7, 171)
(1, -8, 171)
(1, -8, 172)
(1, -8, 173)
(1, -8, 174)
(1, -8, 175)
(1, -8, 176)
(0, -7, 177)
(0, -7, 178)
(1, -8, 178)
(0, -8, 178)
(1, -9, 178)
(0, -9, 179)
(0, -9, 180)
(1, -10, 180)
(1, -10, 181)
(0, -10, 182)
(1, -11, 182)
(0, -11, 183)
(1, -12, 183)
(1, -12, 184)
(1, -12, 185)
(0, -11, 186)
(1, -11, 186)
(0, -10, 187)
(1, -10, 186)
(1, -10, 185)
(1, -10, 184)
(1, -10, 183)
(0, -9, 183)
(1, -9, 182)
(1, -9, 181)
(0, -8, 181)
(1, -8, 180)
(0, -7, 180)
(1, -7, 179)
(0, -6, 179)
(1, -6, 178)
(0, -5, 179)
(1, -5, 178)
(1, -5, 177)
(0, -5, 177)
(1, -6, 176)
(1, -6, 175)
(1, -6, 174)
(0, -5, 174)
(0, -5, 173)
(1, -6, 172)
(1, -6, 171)
(0, -5, 171)
(1, -5, 170)
(1, -5, 169)
(0, -5, 169)
(0, -5, 168)
(1, -6, 167)
(0, -6, 168)
(1, -7, 167)
(1, -7, 166)
(0, -6, 166)
(0, -6, 165)
(1, -6, 164)
(0, -5, 165)
(1, -5, 165)
(0, -4, 165)
(1, -4, 165)
(0, -3, 165)
(0, -3, 164)
(0, -3, 163)
(1, -4, 162)
(0, -4, 162)
(1, -5, 162)
(0, -5, 162)
(1, -6, 161)
(1, -6, 160)
(0, -5, 160)
(0, -5, 159)
(1, -6, 158)
(1, -6, 157)
(0, -6, 157)
(1, -7, 157)
(0, -7, 157)
(0, -7, 156)
(1, -7, 155)
(1, -7, 154)
(0, -6, 154)
(0, -6, 153)
(1, -6, 152)
(0, -5, 152)
(1, -5, 152)
(0, -4, 152)
(1, -4, 152)
(0, -3, 152)
(1, -3, 152)
(0, -2, 152)
(0, -2, 151)
(1, -3, 150)
(0, -3, 150)
(1, -4, 149)
(1, -4, 148)
(0, -4, 148)
(0, -4, 147)
(1, -5, 146)
(0, -5, 146)
(0, -5, 145)
(1, -6, 144)
(0, -6, 145)
(1, -7, 145)
(0, -7, 145)
(1, -8, 145)
(0, -8, 145)
(0, -8, 144)
(1, -8, 143)
(1, -8, 142)
(0, -7, 142)
(1, -7, 141)
(0, -6, 141)
(0, -6, 140)
(1, -7, 139)
(0, -7, 140)
(1, -8, 140)
(0, -8, 141)
(1, -9, 141)
(1, -9, 142)
(0, -9, 143)
(1, -10, 143)
(0, -10, 143)
(1, -11, 143)
(0, -11, 144)
(1, -12, 143)
(1, -12, 142)
(1, -12, 141)
(0, -12, 141)
(1, -13, 140)
(1, -13, 139)
(0, -12, 139)
(1, -12, 138)
(0, -11, 139)
(0, -11, 140)
(1, -11, 140)
(0, -10, 140)
(1, -10, 139)
(0, -9, 140)
(1, -9, 139)
(0, -8, 139)
(0, -8, 138)
(1, -8, 137)
(0, -7, 138)
(1, -7, 137)
(0, -6, 137)
(1, -6, 136)
(0, -5, 137)
(1, -5, 136)
(0, -4, 137)
(1, -4, 136)
(1, -4, 135)
(0, -4, 135)
(1, -5, 134)
(0, -5, 135)
(1, -6, 134)
(0, -6, 134)
(1, -7, 134)
(1, -7, 135)
(0, -7, 136)
(1, -8, 135)
(1, -8, 134)
(0, -8, 134)
(1, -9, 133)
(1, -9, 132)
(0, -9, 132)
(0, -9, 131)
(1, -9, 130)
(0, -8, 130)
(0, -8, 129)
(1, -9, 128)
(0, -9, 128)
(1, -10, 128)
(1, -10, 129)
(0, -10, 130)
(0, -10, 131)
(0, -10, 132)
(0, -10, 133)
(1, -11, 133)
(0, -11, 133)
(1, -12, 132)
(0, -12, 133)
(1, -13, 133)
(0, -13, 133)
(1, -14, 132)
(0, -14, 133)
(0, -14, 134)
(1, -15, 134)
(0, -15, 134)
(0, -15, 133)
(1, -16, 132)
(1, -16, 131)
(0, -15, 131)
(1, -15, 131)
(0, -14, 131)
(1, -14, 130)
(0, -13, 131)
(1, -13, 131)
(0, -12, 131)
(0, -12, 130)
(1, -12, 129)
(0, -11, 129)
(1, -11, 128)
(1, -11, 127)
(1, -11, 126)
(0, -10, 126)
(1, -10, 126)
(0, -9, 126)
(0, -9, 125)
(1, -10, 124)
(0, -10, 124)
(1, -11, 123)
(0, -11, 123)
(1, -12, 123)
(0, -12, 124)
(0, -12, 125)
(1, -12, 125)
(1, -12, 126)
(0, -12, 127)
(0, -12, 128)
(1, -13, 128)
(0, -13, 129)
(1, -14, 128)
(1, -14, 127)
(0, -14, 127)
(0, -14, 126)
(1, -14, 125)
(0, -13, 125)
(0, -13, 124)
(0, -13, 123)
(0, -13, 122)
(1, -13, 121)
(0, -12, 122)
(1, -12, 121)
(1, -12, 120)
(0, -11, 120)
(1, -11, 119)
(0, -10, 119)
(0, -10, 118)
(0, -10, 117)
(0, -10, 116)
(0, -10, 115)
(0, -10, 114)
(0, -10, 113)
(1, -11, 112)
(1, -11, 111)
(1, -11, 110)
(0, -10, 110)
(1, -10, 109)
(0, -9, 109)
(1, -9, 108)
(0, -8, 108)
(1, -8, 108)
(0, -7, 108)
(0, -7, 107)
(0, -7, 106)
(1, -8, 105)
(0, -8, 106)
(1, -9, 106)
(0, -9, 107)
(1, -10, 106)
(1, -10, 105)
(1, -10, 104)
(1, -10, 103)
(0, -9, 103)
(1, -9, 102)
(0, -8, 102)
(1, -8, 101)
(1, -8, 100)
(1, -8, 99)
(1, -8, 98)
(0, -7, 98)
(1, -7, 98)
(0, -6, 99)
(0, -6, 100)
(1, -6, 100)
(0, -5, 100)
(0, -5, 99)
(0, -5, 98)
(0, -5, 97)
(1, -5, 96)
(0, -4, 96)
(1, -4, 96)
(0, -3, 97)
(0, -3, 98)
(0, -3, 99)
(0, -3, 100)
(0, -3, 101)
(0, -3, 102)
(1, -4, 102)
(1, -4, 103)
(0, -4, 104)
(1, -5, 103)
(0, -5, 103)
(1, -6, 103)
(1, -6, 104)
(1, -6, 105)
(0, -6, 106)
(0, -6, 107)
(1, -6, 107)
(0, -5, 108)
(1, -5, 107)
(0, -4, 108)
(0, -4, 109)
(1, -5, 109)
(1, -5, 110)
(0, -5, 111)
(1, -6, 111)
(1, -6, 112)
(0, -6, 113)
(0, -6, 114)
(0, -6, 115)
(1, -6, 115)
(0, -5, 116)
(0, -5, 117)
(1, -5, 117)
(1, -5, 118)
(1, -5, 119)
(1, -5, 120)
(0, -5, 121)
(0, -5, 122)
(1, -6, 122)
(0, -6, 123)
(1, -7, 122)
(1, -7, 121)
(1, -7, 120)
(0, -7, 120)
(1, -8, 120)
(1, -8, 121)
(0, -8, 122)
(0, -8, 123)
(1, -8, 123)
(1, -8, 124)
(1, -8, 125)
(0, -8, 126)
(0, -8, 127)
(1, -8, 127)
(0, -7, 127)
(1, -7, 127)
(1, -7, 128)
(1, -7, 129)
(0, -6, 130)
(1, -6, 129)
(0, -5, 130)
(1, -5, 130)
(0, -4, 130)
(1, -4, 130)
(0, -3, 130)
(1, -3, 130)
(0, -2, 130)
(1, -2, 129)
(0, -1, 129)
(1, -1, 128)
(0, 0, 129)
(0, 0, 130)
(1, -1, 130)
(1, -1, 131)
(1, -1, 132)
(0, -1, 133)
(0, -1, 134)
(1, -1, 134)
(0, 0, 134)
(1, 0, 134)
(0, 1, 135)
(1, 1, 135)
(0, 2, 135)
(1, 2, 135)
(0, 3, 136)
(0, 3, 137)
(1, 3, 137)
(0, 4, 138)
(1, 4, 138)
(1, 4, 139)
(0, 4, 140)
(1, 3, 139)
(0, 3, 139)
(1, 2, 138)
(0, 2, 138)
(1, 1, 138)
(0, 1, 138)
(1, 0, 138)
(0, 0, 138)
(1, -1, 138)
(1, -1, 139)
(1, -1, 140)
(1, -1, 141)
(1, -1, 142)
(0, -1, 143)
(1, -2, 142)
(1, -2, 141)
(1, -2, 140)
(1, -2, 139)
(0, -2, 139)
(1, -3, 139)
(0, -3, 139)
(1, -4, 139)
(1, -4, 140)
(1, -4, 141)
(0, -4, 142)
(0, -4, 143)
(1, -4, 143)
(1, -4, 144)
(1, -4, 145)
(0, -3, 146)
(0, -3, 147)
(1, -3, 147)
(0, -2, 148)
(1, -2, 147)
(0, -1, 148)
(1, -1, 148)
(0, 0, 148)
(0, 0, 147)
(1, 0, 146)
(1, 0, 145)
(1, 0, 144)
(0, 1, 144)
(1, 1, 143)
(0, 2, 143)
(1, 2, 143)
(0, 3, 144)
(1, 3, 144)
(1, 3, 145)
(1, 3, 146)
(1, 3, 147)
(0, 4, 148)
(0, 4, 149)
(1, 4, 149)
(0, 5, 149)
(0, 5, 148)
(1, 5, 147)
(0, 6, 148)
(0, 6, 149)
(1, 6, 149)
(0, 7, 150)
(0, 7, 151)
(0, 7, 152)
(0, 7, 153)
(1, 7, 153)
(1, 7, 154)
(0, 8, 155)
(0, 8, 156)
(0, 8, 157)
(1, 8, 157)
(0, 9, 158)
(1, 9, 157)
(0, 10, 158)
(1, 10, 157)
(0, 11, 158)
(1, 11, 158)
(0, 12, 158)
(0, 12, 157)
(1, 11, 156)
(1, 11, 155)
(0, 12, 155)
(0, 12, 154)
(0, 12, 153)
(1, 11, 152)
(0, 11, 153)
(1, 10, 152)
(1, 10, 151)
(0, 11, 151)
(0, 11, 150)
(1, 10, 149)
(0, 10, 150)
(1, 9, 149)
(0, 9, 150)
(1, 8, 150)
(0, 8, 150)
(0, 8, 149)
(1, 7, 148)
(0, 7, 148)
(0, 7, 147)
(1, 7, 146)
(0, 8, 147)
(1, 8, 146)
(0, 9, 146)
(1, 9, 145)
(0, 10, 146)
(0, 10, 147)
(1, 10, 147)
(0, 11, 147)
(1, 11, 146)
(0, 12, 146)
(1, 12, 146)
(1, 12, 147)
(0, 13, 148)
(0, 13, 149)
(1, 13, 149)
(0, 14, 149)
(0, 14, 148)
(0, 14, 147)
(0, 14, 146)
(1, 14, 145)
(1, 14, 144)
(1, 14, 143)
(0, 14, 143)
(1, 13, 143)
(0, 13, 143)
(0, 13, 142)
(1, 12, 141)
(0, 12, 142)
(1, 11, 141)
(0, 11, 141)
(1, 10, 141)
(1, 10, 142)
(0, 10, 143)
(1, 9, 143)
(0, 9, 143)
(1, 8, 143)
(0, 8, 143)
(0, 8, 142)
(1, 8, 141)
(0, 9, 141)
(0, 9, 140)
(1, 9, 139)
(0, 10, 140)
(1, 10, 139)
(0, 11, 139)
(1, 11, 139)
(0, 12, 139)
(0, 12, 138)
(0, 12, 137)
(0, 12, 136)
(1, 12, 135)
(0, 13, 135)
(1, 13, 135)
(1, 13, 136)
(0, 14, 137)
(0, 14, 138)
(1, 14, 138)
(0, 15, 139)
(1, 15, 138)
(0, 16, 139)
(0, 16, 140)
(1, 16, 140)
(0, 17, 141)
(1, 17, 140)
(1, 17, 139)
(0, 17, 139)
(0, 17, 138)
(0, 17, 137)
(0, 17, 136)
(0, 17, 135)
(1, 17, 134)
(0, 18, 135)
(0, 18, 136)
(0, 18, 137)
(0, 18, 138)
(1, 18, 138)
(0, 19, 139)
(0, 19, 140)
(1, 18, 140)
(1, 18, 141)
(1, 18, 142)
(1, 18, 143)
(0, 19, 144)
(0, 19, 145)
(1, 19, 145)
(0, 20, 145)
(1, 20, 145)
(1, 20, 146)
(0, 21, 147)
(1, 21, 146)
(1, 21, 145)
(1, 21, 144)
(1, 21, 143)
(0, 21, 143)
(1, 20, 143)
(0, 20, 143)
(0, 20, 142)
(1, 20, 141)
(1, 20, 140)
(0, 21, 140)
(0, 21, 139)
(1, 20, 138)
(1, 20, 137)
(0, 20, 137)
(0, 20, 136)
(1, 19, 135)
(1, 19, 134)
(1, 19, 133)
(0, 20, 133)
(0, 20, 132)
(1, 20, 131)
(1, 20, 130)
(0, 21, 130)
(0, 21, 129)
(1, 20, 128)
(1, 20, 127)
(0, 21, 127)
(1, 21, 127)
(0, 22, 128)
(1, 22, 127)
(1, 22, 126)
(1, 22, 125)
(0, 23, 125)
(0, 23, 124)
(1, 23, 123)
(1, 23, 122)
(0, 23, 122)
(1, 22, 122)
(0, 22, 123)
(1, 21, 123)
(0, 21, 124)
(0, 21, 125)
(1, 20, 125)
(0, 20, 126)
(1, 19, 125)
(0, 19, 125)
(0, 19, 124)
(1, 19, 123)
(1, 19, 122)
(1, 19, 121)
(0, 20, 121)
(0, 20, 120)
(1, 19, 119)
(0, 19, 120)
(1, 18, 119)
(0, 18, 120)
(1, 17, 119)
(0, 17, 120)
(0, 17, 121)
(0, 17, 122)
(0, 17, 123)
(1, 17, 123)
(1, 17, 124)
(0, 17, 125)
(1, 16, 124)
(0, 16, 125)
(0, 16, 126)
(0, 16, 127)
(1, 16, 127)
(0, 17, 128)
(0, 17, 129)
(1, 16, 129)
(1, 16, 130)
(0, 17, 131)
(0, 17, 132)
(1, 16, 132)
(0, 16, 133)
(0, 16, 134)
(0, 16, 135)
(1, 15, 135)
(0, 15, 135)
(0, 15, 134)
(0, 15, 133)
(0, 15, 132)
(1, 15, 131)
(1, 15, 130)
(0, 15, 130)
(1, 14, 129)
(0, 14, 129)
(1, 13, 128)
(0, 13, 129)
(0, 13, 130)
(1, 12, 130)
(0, 12, 131)
(1, 11, 131)
(0, 11, 132)
(1, 10, 132)
(1, 10, 133)
(1, 10, 134)
(0, 10, 135)
(1, 9, 135)
(0, 9, 135)
(0, 9, 134)
(0, 9, 133)
(0, 9, 132)
(0, 9, 131)
(1, 9, 130)
(0, 10, 130)
(1, 10, 129)
(0, 11, 129)
(0, 11, 128)
(1, 10, 127)
(0, 10, 128)
(1, 9, 128)
(0, 9, 128)
(1, 8, 127)
(0, 8, 127)
(0, 8, 126)
(1, 8, 125)
(0, 9, 126)
(1, 9, 125)
(0, 10, 126)
(1, 10, 125)
(0, 11, 125)
(1, 11, 125)
(0, 12, 126)
(1, 12, 126)
(0, 13, 126)
(1, 13, 126)
(0, 14, 127)
(1, 14, 126)
(1, 14, 125)
(1, 14, 124)
(0, 15, 124)
(1, 15, 123)
(0, 16, 123)
(0, 16, 122)
(0, 16, 121)
(1, 15, 120)
(0, 15, 120)
(1, 14, 120)
(1, 14, 121)
(1, 14, 122)
(0, 14, 123)
(1, 13, 122)
(0, 13, 122)
(0, 13, 121)
(1, 12, 120)
(1, 12, 119)
(1, 12, 118)
(1, 12, 117)
(0, 12, 117)
(0, 12, 116)
(1, 12, 115)
(1, 12, 114)
(0, 12, 114)
(1, 11, 114)
(0, 11, 115)
(0, 11, 116)
(1, 10, 116)
(0, 10, 117)
(1, 9, 117)
(0, 9, 118)
(1, 8, 117)
(1, 8, 116)
(0, 8, 116)
(0, 8, 115)
(1, 8, 114)
(1, 8, 113)
(1, 8, 112)
(0, 9, 112)
(1, 9, 112)
(0, 10, 113)
(1, 10, 112)
(0, 11, 113)
(1, 11, 112)
(0, 12, 112)
(0, 12, 111)
(1, 11, 110)
(0, 11, 111)
(1, 10, 110)
(0, 10, 110)
(0, 10, 109)
(1, 10, 108)
(1, 10, 107)
(0, 11, 107)
(0, 11, 106)
(1, 10, 105)
(1, 10, 104)
(0, 10, 104)
(1, 9, 103)
(0, 9, 104)
(1, 8, 104)
(0, 8, 104)
(1, 7, 103)
(0, 7, 104)
(1, 6, 104)
(0, 6, 105)
(0, 6, 106)
(1, 6, 106)
(0, 7, 106)
(1, 7, 105)
(0, 8, 106)
(0, 8, 107)
(1, 7, 107)
(0, 7, 108)
(1, 6, 108)
(0, 6, 108)
(1, 5, 108)
(1, 5, 109)
(0, 6, 110)
(0, 6, 111)
(1, 5, 111)
(1, 5, 112)
(0, 5, 113)
(0, 5, 114)
(0, 5, 115)
(1, 5, 115)
(1, 5, 116)
(0, 5, 117)
(1, 4, 117)
(1, 4, 118)
(0, 4, 119)
(1, 3, 119)
(0, 3, 119)
(1, 2, 119)
(0, 2, 120)
(1, 1, 120)
(0, 1, 121)
(1, 0, 120)
(1, 0, 119)
(0, 1, 119)
(1, 1, 118)
(1, 1, 117)
(1, 1, 116)
(1, 1, 115)
(1, 1, 114)
(0, 1, 114)
(1, 0, 113)
(0, 0, 113)
(1, -1, 113)
(0, -1, 113)
(1, -2, 113)
(0, -2, 113)
(1, -3, 112)
(0, -3, 112)
(0, -3, 111)
(1, -3, 110)
(1, -3, 109)
(0, -2, 109)
(1, -2, 108)
