(1, -26, 28)
(0, -25, 28)
(0, -25, 27)
(0, -25, 26)
(1, -25, 25)
(0, -24, 26)
(1, -24, 26)
(0, -23, 26)
(1, -23, 25)
(1, -23, 24)
(1, -23, 23)
(1, -23, 22)
(0, -23, 22)
(0, -23, 21)
(1, -24, 20)
(1, -24, 19)
(0, -23, 19)
(0, -23, 18)
(0, -23, 17)
(0, -23, 16)
(1, -23, 15)
(0, -22, 15)
(0, -22, 14)
(1, -23, 13)
(1, -23, 12)
(1, -23, 11)
(0, -23, 11)
(1, -24, 11)
(1, -24, 12)
(0, -24, 13)
(1, -25, 13)
(0, -25, 13)
(0, -25, 12)
(1, -25, 11)
(1, -25, 10)
(1, -25, 9)
(0, -24, 9)
(1, -24, 8)
(0, -23, 9)
(1, -23, 8)
(1, -23, 7)
(1, -23, 6)
(1, -23, 5)
(1, -23, 4)
(0, -22, 4)
(0, -22, 3)
(0, -22, 2)
(1, -23, 1)
(0, -23, 1)
(1, -24, 1)
(0, -24, 1)
(0, -24, 0)
(0, -24, -1)
(1, -24, -2)
(1, -24, -3)
(0, -23, -3)
(0, -23, -4)
(1, -23, -5)
(0, -22, -5)
(0, -22, -6)
(1, -22, -7)
(0, -21, -7)
(0, -21, -8)
(0, -21, -9)
(0, -21, -10)
(1, -22, -11)
(0, -22, -10)
(1, -23, -11)
(0, -23, -10)
(1, -24, -10)
(0, -24, -10)
(1, -25, -10)
(0, -25, -10)
(1, -26, -10)
(0, -26, -10)
(1, -27, -11)
(0, -27, -10)
(0, -27, -9)
(1, -28, -9)
(1, -28, -8)
(0, -28, -7)
(1, -29, -8)
(0, -29, -7)
(0, -29, -6)
(0, -29, -5)
(0, -29, -4)
(1, -30, -4)
(0, -30, -3)
(1, -31, -4)
(1, -31, -5)
(0, -31, -5)
(1, -32, -6)
(0, -32, -5)
(1, -33, -5)
(0, -33, -5)
(1, -34, -6)
(1, -34, -7)
(0, -34, -7)
(1, -35, -8)
(0, -35, -8)
(1, -36, -8)
(0, -36, -8)
(0, -36, -9)
(1, -36, -10)
(1, -36, -11)
(1, -36, -12)
(0, -36, -12)
(0, -36, -13)
(0, -36, -14)
(1, -36, -15)
(1, -36, -16)
(1, -36, -17)
(0, -36, -17)
(1, -37, -17)
(0, -37, -17)
(0, -37, -18)
(0, -37, -19)
(1, -37, -20)
(0, -36, -19)
(1, -36, -20)
(1, -36, -21)
(0, -35, -21)
(1, -35, -21)
(0, -34, -21)
(1, -34, -21)
(0, -33, -20)
(0, -33, -19)
(0, -33, -18)
(1, -34, -18)
(0, -34, -17)
(0, -34, -16)
(1, -35, -16)
(1, -35, -15)
(0, -34, -14)
(1, -34, -14)
(0, -33, -13)
(1, -33, -13)
(0, -32, -13)
(0, -32, -14)
(0, -32, -15)
(0, -32, -16)
(0, -32, -17)
(1, -32, -18)
(1, -32, -19)
(0, -32, -19)
(0, -32, -20)
(0, -32, -21)
(1, -32, -22)
(1, -32, -23)
(0, -31, -23)
(1, -31, -23)
(0, -30, -22)
(1, -30, -23)
(0, -29, -22)
(1, -29, -23)
(1, -29, -24)
(0, -28, -24)
(0, -28, -25)
(1, -28, -26)
(0, -27, -26)
(1, -27, -27)
(1, -27, -28)
(0, -27, -28)
(1, -28, -28)
(0, -28, -28)
(1, -29, -29)
(1, -29, -30)
(1, -29, -31)
(0, -28, -31)
(0, -28, -32)
(1, -28, -33)
(0, -27, -33)
(1, -27, -34)
(1, -27, -35)
(0, -27, -35)
(0, -27, -36)
(1, -27, -37)
(0, -26, -36)
(1, -26, -37)
(0, -25, -36)
(1, -25, -37)
(0, -24, -36)
(1, -24, -36)
(1, -24, -35)
(0, -23, -34)
(0, -23, -33)
(1, -23, -33)
(0, -22, -32)
(1, -22, -33)
(1, -22, -34)
(1, -22, -35)
(1, -22, -36)
(0, -22, -36)
(0, -22, -37)
(0, -22, -38)
(1, -23, -39)
(0, -23, -39)
(1, -24, -40)
(0, -24, -40)
(0, -24, -41)
(1, -25, -42)
(0, -25, -41)
(1, -26, -42)
(0, -26, -41)
(1, -27, -41)
(1, -27, -40)
(0, -27, -39)
(1, -28, -39)
(1, -28, -38)
(0, -28, -37)
(0, -28, -36)
(0, -28, -35)
(0, -28, -34)
(1, -29, -34)
(0, -29, -33)
(1, -30, -33)
(0, -30, -32)
(1, -31, -32)
(1, -31, -31)
(1, -31, -30)
(1, -31, -29)
(0, -30, -28)
(1, -30, -28)
(0, -29, -27)
(0, -29, -26)
(0, -29, -25)
(1, -30, -25)
(0, -30, -24)
(1, -31, -25)
(1, -31, -26)
(0, -31, -26)
(1, -32, -26)
(1, -32, -25)
(0, -32, -24)
(1, -33, -25)
(0, -33, -25)
(1, -34, -25)
(0, -34, -24)
(1, -35, -24)
(0, -35, -23)
(1, -36, -23)
(0, -36, -22)
(1, -37, -22)
(0, -37, -22)
(1, -38, -23)
(1, -38, -24)
(1, -38, -25)
(0, -37, -25)
(0, -37, -26)
(1, -38, -27)
(0, -38, -26)
(1, -39, -27)
(0, -39, -26)
(1, -40, -27)
(0, -40, -27)
(0, -40, -28)
(0, -40, -29)
(1, -40, -30)
(0, -39, -30)
(1, -39, -30)
(0, -38, -29)
(1, -38, -29)
(0, -37, -29)
(0, -37, -30)
(1, -37, -31)
(1, -37, -32)
(1, -37, -33)
(1, -37, -34)
(1, -37, -35)
(0, -36, -35)
(0, -36, -36)
(1, -36, -37)
(0, -35, -37)
(1, -35, -37)
(0, -34, -37)
(1, -34, -38)
(1, -34, -39)
(1, -34, -40)
(0, -34, -40)
(0, -34, -41)
(1, -35, -42)
(0, -35, -41)
(0, -35, -40)
(0, -35, -39)
(1, -36, -39)
(0, -36, -39)
(1, -37, -40)
(0, -37, -40)
(0, -37, -41)
(1, -37, -42)
(1, -37, -43)
(0, -36, -43)
(1, -36, -43)
(0, -35, -43)
(0, -35, -44)
(0, -35, -45)
(0, -35, -46)
(1, -36, -47)
(0, -36, -46)
(1, -37, -47)
(0, -37, -46)
(0, -37, -45)
(1, -38, -45)
(0, -38, -45)
(1, -39, -45)
(0, -39, -44)
(0, -39, -43)
(0, -39, -42)
(0, -39, -41)
(1, -39, -41)
(1, -39, -40)
(1, -39, -39)
(0, -38, -38)
(1, -38, -38)
(1, -38, -37)
(0, -38, -36)
(0, -38, -35)
(1, -38, -35)
(1, -38, -34)
(0, -38, -33)
(1, -39, -34)
(0, -39, -33)
(1, -40, -34)
(0, -40, -33)
(1, -41, -33)
(0, -41, -32)
(1, -42, -33)
(0, -42, -33)
(1, -43, -34)
(0, -43, -33)
(1, -44, -33)
(0, -44, -33)
(0, -44, -34)
(1, -44, -35)
(1, -44, -36)
(0, -43, -36)
(0, -43, -37)
(0, -43, -38)
(0, -43, -39)
(0, -43, -40)
(0, -43, -41)
(0, -43, -42)
(1, -44, -43)
(0, -44, -43)
(1, -45, -43)
(0, -45, -43)
(1, -46, -43)
(1, -46, -42)
(1, -46, -41)
(0, -45, -40)
(1, -45, -40)
(0, -44, -39)
(0, -44, -38)
(1, -45, -38)
(0, -45, -37)
(1, -46, -37)
(0, -46, -37)
(1, -47, -38)
(0, -47, -38)
(1, -48, -39)
(0, -48, -38)
(1, -49, -39)
(0, -49, -39)
(1, -50, -40)
(1, -50, -41)
(1, -50, -42)
(0, -49, -42)
(1, -49, -42)
(0, -48, -42)
(0, -48, -43)
(0, -48, -44)
(1, -48, -45)
(1, -48, -46)
(1, -48, -47)
(0, -47, -47)
(1, -47, -48)
(1, -47, -49)
(0, -47, -49)
(1, -48, -50)
(0, -48, -50)
(1, -49, -50)
(0, -49, -50)
(1, -50, -50)
(0, -50, -50)
(1, -51, -51)
(1, -51, -52)
(0, -50, -52)
(1, -50, -53)
(0, -49, -52)
(1, -49, -52)
(0, -48, -52)
(1, -48, -52)
(0, -47, -51)
(1, -47, -51)
(0, -46, -50)
(1, -46, -51)
(0, -45, -51)
(1, -45, -52)
(1, -45, -53)
(0, -44, -53)
(1, -44, -53)
(0, -43, -53)
(1, -43, -54)
(0, -42, -54)
(0, -42, -55)
(1, -43, -56)
(0, -43, -56)
(1, -44, -56)
(0, -44, -56)
(0, -44, -57)
(0, -44, -58)
(0, -44, -59)
(0, -44, -60)
(1, -44, -61)
(0, -43, -61)
(0, -43, -62)
(0, -43, -63)
(1, -43, -64)
(0, -42, -64)
(1, -42, -65)
(1, -42, -66)
(0, -41, -66)
(0, -41, -67)
(1, -42, -68)
(0, -42, -67)
(1, -43, -67)
(0, -43, -67)
(0, -43, -68)
(1, -43, -69)
(1, -43, -70)
(0, -43, -70)
(0, -43, -71)
(0, -43, -72)
(0, -43, -73)
(1, -44, -74)
(1, -44, -75)
(0, -43, -75)
(1, -43, -76)
(0, -42, -75)
(0, -42, -74)
(0, -42, -73)
(0, -42, -72)
(1, -42, -72)
(1, -42, -71)
(0, -41, -70)
(0, -41, -69)
(1, -41, -69)
(0, -40, -68)
(1, -40, -68)
(0, -39, -67)
(1, -39, -67)
(0, -38, -67)
(1, -38, -68)
(0, -37, -67)
(1, -37, -68)
(0, -36, -67)
(0, -36, -66)
(1, -36, -66)
(0, -35, -65)
(0, -35, -64)
(1, -35, -64)
(0, -34, -63)
(0, -34, -62)
(1, -35, -62)
(1, -35, -61)
(1, -35, -60)
(0, -34, -59)
(0, -34, -58)
(1, -35, -58)
(0, -35, -57)
(0, -35, -56)
(0, -35, -55)
(0, -35, -54)
(1, -36, -54)
(1, -36, -53)
(0, -36, -52)
(1, -37, -52)
(0, -37, -51)
(0, -37, -50)
(0, -37, -49)
(1, -37, -49)
(0, -36, -49)
(1, -36, -50)
(1, -36, -51)
(0, -35, -51)
(1, -35, -51)
(0, -34, -51)
(0, -34, -52)
(0, -34, -53)
(0, -34, -54)
(1, -34, -55)
(0, -33, -54)
(0, -33, -53)
(0, -33, -52)
(0, -33, -51)
(0, -33, -50)
(0, -33, -49)
(1, -34, -49)
(1, -34, -48)
(0, -34, -47)
(0, -34, -46)
(0, -34, -45)
(1, -34, -45)
(1, -34, -44)
(1, -34, -43)
(0, -33, -42)
(1, -33, -43)
(0, -32, -42)
(0, -32, -41)
(1, -33, -41)
(1, -33, -40)
(1, -33, -39)
(1, -33, -38)
(0, -32, -37)
(0, -32, -36)
(1, -33, -36)
(1, -33, -35)
(0, -32, -34)
(1, -32, -35)
(0, -31, -34)
(1, -31, -34)
(0, -30, -34)
(1, -30, -35)
(1, -30, -36)
(0, -29, -36)
(0, -29, -37)
(0, -29, -38)
(0, -29, -39)
(0, -29, -40)
(1, -29, -41)
(0, -28, -40)
(1, -28, -41)
(1, -28, -42)
(0, -28, -42)
(1, -29, -43)
(1, -29, -44)
(0, -29, -44)
(0, -29, -45)
(0, -29, -46)
(1, -29, -47)
(0, -28, -46)
(0, -28, -45)
(1, -28, -45)
(1, -28, -44)
(0, -27, -43)
(1, -27, -43)
(0, -26, -43)
(1, -26, -44)
(0, -25, -44)
(1, -25, -44)
(0, -24, -43)
(1, -24, -44)
(0, -23, -43)
(0, -23, -42)
(1, -23, -42)
(0, -22, -42)
(1, -22, -43)
(0, -21, -43)
(0, -21, -44)
(1, -22, -45)
(0, -22, -45)
(1, -23, -45)
(0, -23, -45)
(1, -24, -46)
(0, -24, -46)
(1, -25, -46)
(0, -25, -46)
(0, -25, -47)
(1, -26, -48)
(0, -26, -47)
(1, -27, -48)
(1, -27, -49)
(0, -26, -49)
(0, -26, -50)
(0, -26, -51)
(1, -27, -52)
(0, -27, -52)
(1, -28, -52)
(0, -28, -52)
(1, -29, -52)
(0, -29, -52)
(0, -29, -53)
(1, -29, -54)
(0, -28, -54)
(0, -28, -55)
(1, -28, -56)
(0, -27, -56)
(1, -27, -56)
(0, -26, -56)
(0, -26, -57)
(0, -26, -58)
(1, -27, -59)
(0, -27, -59)
(1, -28, -59)
(0, -28, -59)
(1, -29, -60)
(0, -29, -59)
(0, -29, -58)
(1, -29, -58)
(1, -29, -57)
(0, -29, -56)
(1, -30, -56)
(1, -30, -55)
(0, -30, -54)
(0, -30, -53)
(1, -31, -53)
(0, -31, -53)
(0, -31, -54)
(1, -32, -55)
(0, -32, -55)
(0, -32, -56)
(0, -32, -57)
(1, -32, -58)
(0, -31, -57)
(1, -31, -58)
(1, -31, -59)
(1, -31, -60)
(1, -31, -61)
(1, -31, -62)
(0, -31, -62)
(1, -32, -62)
(0, -32, -61)
(1, -33, -62)
(0, -33, -62)
(0, -33, -63)
(1, -33, -64)
(1, -33, -65)
(0, -32, -65)
(1, -32, -66)
(1, -32, -67)
(1, -32, -68)
(0, -32, -68)
(1, -33, -69)
(1, -33, -70)
(0, -32, -70)
(0, -32, -71)
(1, -32, -72)
(1, -32, -73)
(0, -32, -73)
(1, -33, -74)
(0, -33, -73)
(1, -34, -74)
(1, -34, -75)
(1, -34, -76)
(1, -34, -77)
(1, -34, -78)
(0, -34, -78)
(1, -35, -78)
(1, -35, -77)
(1, -35, -76)
(1, -35, -75)
(1, -35, -74)
(0, -35, -73)
(1, -36, -74)
(0, -36, -73)
(0, -36, -72)
(1, -37, -72)
(1, -37, -71)
(0, -37, -70)
(1, -38, -71)
(0, -38, -71)
(0, -38, -72)
(0, -38, -73)
(1, -38, -74)
(0, -37, -74)
(0, -37, -75)
(0, -37, -76)
(0, -37, -77)
(1, -38, -78)
(0, -38, -77)
(1, -39, -78)
(1, -39, -79)
(0, -38, -79)
(1, -38, -80)
(1, -38, -81)
(0, -38, -81)
(1, -39, -82)
(0, -39, -82)
(0, -39, -83)
(1, -39, -84)
(1, -39, -85)
(0, -38, -85)
(0, -38, -86)
(0, -38, -87)
(1, -38, -88)
(0, -37, -88)
(1, -37, -88)
(0, -36, -88)
(0, -36, -89)
(0, -36, -90)
(1, -36, -91)
(1, -36, -92)
(1, -36, -93)
(1, -36, -94)
(0, -35, -94)
(1, -35, -94)
(1, -35, -93)
(0, -34, -92)
(1, -34, -93)
(0, -33, -93)
(1, -33, -94)
(0, -32, -94)
(0, -32, -95)
(1, -33, -96)
(1, -33, -97)
(0, -33, -97)
(0, -33, -98)
(1, -34, -99)
(0, -34, -99)
(1, -35, -99)
(0, -35, -99)
(0, -35, -100)
(0, -35, -101)
(1, -35, -102)
(0, -34, -101)
(1, -34, -101)
(0, -33, -100)
(1, -33, -100)
(0, -32, -99)
(1, -32, -99)
(0, -31, -99)
(0, -31, -100)
(0, -31, -101)
(1, -31, -102)
(1, -31, -103)
(0, -31, -103)
(0, -31, -104)
(1, -32, -105)
(0, -32, -105)
(0, -32, -106)
(0, -32, -107)
(0, -32, -108)
(1, -33, -109)
(0, -33, -108)
(1, -34, -109)
(1, -34, -110)
(0, -34, -110)
(0, -34, -111)
(1, -35, -112)
(0, -35, -111)
(1, -36, -111)
(0, -36, -111)
(1, -37, -112)
(1, -37, -113)
(0, -37, -113)
(1, -38, -114)
(0, -38, -113)
(1, -39, -114)
(0, -39, -114)
(1, -40, -114)
(1, -40, -113)
(1, -40, -112)
(1, -40, -111)
(0, -39, -110)
(0, -39, -109)
(1, -39, -109)
(0, -38, -108)
(0, -38, -107)
(1, -39, -107)
(0, -39, -106)
(1, -40, -107)
(0, -40, -106)
(1, -41, -107)
(0, -41, -107)
(1, -42, -108)
(1, -42, -109)
(0, -41, -109)
(0, -41, -110)
(1, -42, -111)
(0, -42, -111)
(1, -43, -111)
(0, -43, -110)
(1, -44, -111)
(1, -44, -112)
(0, -43, -112)
(1, -43, -113)
(0, -42, -113)
(0, -42, -114)
(1, -43, -115)
(1, -43, -116)
(1, -43, -117)
(0, -42, -117)
(1, -42, -117)
(0, -41, -116)
(1, -41, -117)
(1, -41, -118)
(1, -41, -119)
(0, -41, -119)
(1, -42, -119)
(0, -42, -119)
(1, -43, -119)
(0, -43, -118)
(1, -44, -119)
(0, -44, -119)
(1, -45, -119)
(0, -45, -118)
(0, -45, -117)
(0, -45, -116)
(0, -45, -115)
(1, -46, -115)
(0, -46, -115)
(0, -46, -116)
(1, -47, -117)
(1, -47, -118)
(1, -47, -119)
(0, -47, -119)
(0, -47, -120)
(1, -48, -121)
(1, -48, -122)
(1, -48, -123)
(0, -47, -123)
(1, -47, -123)
(0, -46, -122)
(0, -46, -121)
(1, -46, -121)
(0, -45, -121)
(0, -45, -122)
(0, -45, -123)
(1, -46, -124)
(0, -46, -124)
(0, -46, -125)
(0, -46, -126)
(0, -46, -127)
(0, -46, -128)
(0, -46, -129)
(0, -46, -130)
(1, -46, -131)
(1, -46, -132)
(0, -46, -132)
(0, -46, -133)
(0, -46, -134)
(1, -47, -135)
(0, -47, -135)
(0, -47, -136)
(1, -47, -137)
(0, -46, -136)
(1, -46, -137)
(1, -46, -138)
(1, -46, -139)
(0, -45, -139)
(1, -45, -139)
(1, -45, -138)
(0, -44, -137)
(1, -44, -137)
(0, -43, -137)
(1, -43, -137)
(0, -42, -137)
(0, -42, -138)
(1, -43, -139)
(1, -43, -140)
(0, -42, -140)
(0, -42, -141)
(0, -42, -142)
(0, -42, -143)
(0, -42, -144)
(0, -42, -145)
(1, -42, -146)
(0, -41, -145)
(1, -41, -145)
(1, -41, -144)
(0, -41, -143)
(0, -41, -142)
(0, -41, -141)
(0, -41, -140)
(1, -41, -140)
(1, -41, -139)
(0, -41, -138)
(0, -41, -137)
(1, -41, -137)
(0, -40, -136)
(1, -40, -137)
(0, -39, -137)
(0, -39, -138)
(0, -39, -139)
(0, -39, -140)
(1, -40, -141)
(1, -40, -142)
(1, -40, -143)
(1, -40, -144)
(1, -40, -145)
(0, -39, -145)
(0, -39, -146)
(0, -39, -147)
(0, -39, -148)
(1, -40, -149)
(0, -40, -148)
(1, -41, -148)
(0, -41, -148)
(1, -42, -149)
(0, -42, -148)
(1, -43, -148)
(0, -43, -148)
(1, -44, -149)
(0, -44, -148)
(1, -45, -148)
(0, -45, -148)
(1, -46, -149)
(0, -46, -148)
(1, -47, -148)
(1, -47, -147)
(1, -47, -146)
(1, -47, -145)
(0, -46, -144)
(1, -46, -144)
(1, -46, -143)
(1, -46, -142)
(0, -46, -141)
(1, -47, -142)
(1, -47, -143)
(0, -47, -143)
(1, -48, -144)
(1, -48, -145)
(0, -48, -145)
(1, -49, -146)
(0, -49, -146)
(1, -50, -147)
(0, -50, -146)
(0, -50, -145)
(1, -50, -145)
(1, -50, -144)
(1, -50, -143)
(0, -49, -142)
(1, -49, -142)
(1, -49, -141)
(0, -49, -140)
(1, -50, -141)
(0, -50, -141)
(1, -51, -141)
(1, -51, -140)
(0, -51, -139)
(1, -52, -139)
(0, -52, -138)
(1, -53, -139)
(1, -53, -140)
(0, -53, -140)
(1, -54, -140)
(0, -54, -139)
(0, -54, -138)
(1, -54, -138)
(1, -54, -137)
(0, -54, -136)
(1, -55, -137)
(0, -55, -136)
(0, -55, -135)
(1, -55, -135)
(0, -54, -134)
(0, -54, -133)
(1, -55, -133)
(0, -55, -133)
(1, -56, -133)
(1, -56, -132)
(0, -56, -131)
(1, -57, -132)
(1, -57, -133)
(0, -57, -133)
(1, -58, -134)
(0, -58, -134)
(1, -59, -134)
(1, -59, -133)
(0, -58, -132)
(1, -58, -132)
(1, -58, -131)
(1, -58, -130)
(0, -57, -129)
(0, -57, -128)
(1, -58, -128)
(1, -58, -127)
(0, -58, -126)
(1, -59, -126)
(0, -59, -126)
(1, -60, -127)
(0, -60, -126)
(1, -61, -126)
(1, -61, -125)
(0, -60, -124)
(1, -60, -124)
(0, -59, -124)
(1, -59, -124)
(0, -58, -123)
(0, -58, -122)
(1, -58, -122)
(0, -57, -122)
(1, -57, -123)
(1, -57, -124)
(0, -56, -124)
(1, -56, -125)
(0, -55, -124)
(0, -55, -123)
(1, -55, -123)
(1, -55, -122)
(1, -55, -121)
(0, -55, -120)
(1, -56, -120)
(0, -56, -119)
(0, -56, -118)
(1, -57, -118)
(0, -57, -117)
(1, -58, -118)
(0, -58, -117)
(1, -59, -117)
(1, -59, -116)
(0, -58, -115)
(0, -58, -114)
(0, -58, -113)
(1, -59, -113)
(0, -59, -113)
(1, -60, -114)
(0, -60, -113)
(1, -61, -113)
(0, -61, -113)
(1, -62, -114)
(1, -62, -115)
(0, -62, -115)
(0, -62, -116)
(0, -62, -117)
(1, -62, -118)
(1, -62, -119)
(0, -61, -119)
(1, -61, -119)
(0, -60, -119)
(0, -60, -120)
(0, -60, -121)
(1, -61, -122)
(0, -61, -121)
(1, -62, -121)
(0, -62, -121)
(1, -63, -121)
(1, -63, -120)
(0, -63, -119)
(1, -64, -120)
(1, -64, -121)
(1, -64, -122)
(0, -64, -122)
(1, -65, -123)
(1, -65, -124)
(1, -65, -125)
(0, -65, -125)
(0, -65, -126)
(1, -65, -127)
(1, -65, -128)
(1, -65, -129)
(0, -65, -129)
(1, -66, -130)
(1, -66, -131)
(0, -65, -131)
(1, -65, -131)
(0, -64, -130)
(1, -64, -131)
(0, -63, -130)
(0, -63, -129)
(0, -63, -128)
(1, -63, -128)
(0, -62, -127)
(1, -62, -127)
(0, -61, -127)
(1, -61, -128)
(1, -61, -129)
(0, -60, -129)
(0, -60, -130)
(0, -60, -131)
(1, -60, -132)
(1, -60, -133)
(0, -60, -133)
(1, -61, -134)
(0, -61, -133)
(1, -62, -133)
(0, -62, -133)
(1, -63, -133)
(0, -63, -133)
(1, -64, -134)
(0, -64, -134)
(0, -64, -135)
(1, -65, -136)
(0, -65, -136)
(1, -66, -136)
(0, -66, -136)
(1, -67, -136)
(1, -67, -135)
(1, -67, -134)
(0, -66, -133)
(0, -66, -132)
(1, -67, -132)
(1, -67, -131)
(0, -67, -130)
(0, -67, -129)
(0, -67, -128)
(1, -68, -128)
(0, -68, -128)
(1, -69, -128)
(0, -69, -128)
(0, -69, -129)
(0, -69, -130)
(1, -70, -131)
(0, -70, -131)
(1, -71, -132)
(0, -71, -132)
(1, -72, -133)
(0, -72, -132)
(1, -73, -133)
(1, -73, -134)
(0, -73, -134)
(0, -73, -135)
(1, -73, -136)
(0, -72, -136)
(0, -72, -137)
(1, -73, -138)
(1, -73, -139)
(1, -73, -140)
(0, -73, -140)
(1, -74, -141)
(0, -74, -140)
(0, -74, -139)
(0, -74, -138)
(0, -74, -137)
(1, -75, -137)
(1, -75, -136)
(1, -75, -135)
(1, -75, -134)
(1, -75, -133)
(0, -75, -132)
(1, -76, -133)
(0, -76, -133)
(0, -76, -134)
(1, -76, -135)
(1, -76, -136)
(1, -76, -137)
(0, -76, -137)
(0, -76, -138)
(0, -76, -139)
(1, -76, -140)
(1, -76, -141)
(0, -76, -141)
(1, -77, -142)
(0, -77, -141)
(0, -77, -140)
(0, -77, -139)
(0, -77, -138)
(1, -78, -138)
(0, -78, -138)
(0, -78, -139)
(0, -78, -140)
(0, -78, -141)
(1, -79, -142)
(0, -79, -141)
(0, -79, -140)
(1, -80, -140)
(1, -80, -139)
(1, -80, -138)
(0, -80, -137)
(1, -81, -137)
(0, -81, -136)
(0, -81, -135)
(0, -81, -134)
(0, -81, -133)
(0, -81, -132)
(1, -82, -132)
(0, -82, -131)
(0, -82, -130)
(0, -82, -129)
(1, -83, -129)
(1, -83, -128)
(1, -83, -127)
(0, -83, -126)
(1, -84, -126)
(1, -84, -125)
(0, -83, -124)
(0, -83, -123)
(0, -83, -122)
(1, -83, -122)
(1, -83, -121)
(1, -83, -120)
(1, -83, -119)
(1, -83, -118)
(0, -82, -117)
(0, -82, -116)
(1, -82, -116)
(1, -82, -115)
(0, -81, -114)
(1, -81, -114)
(0, -80, -113)
(0, -80, -112)
(1, -81, -112)
(0, -81, -111)
(1, -82, -111)
(1, -82, -110)
(1, -82, -109)
(1, -82, -108)
(1, -82, -107)
(0, -81, -106)
(0, -81, -105)
(1, -81, -105)
(1, -81, -104)
(0, -81, -103)
(0, -81, -102)
(1, -81, -102)
(0, -80, -101)
(1, -80, -102)
(0, -79, -101)
(0, -79, -100)
(0, -79, -99)
(1, -79, -99)
(1, -79, -98)
(0, -78, -97)
(1, -78, -97)
(0, -77, -97)
(1, -77, -98)
(0, -76, -98)
(0, -76, -99)
(1, -76, -100)
(0, -75, -100)
(1, -75, -100)
(0, -74, -100)
(0, -74, -101)
(1, -74, -102)
(1, -74, -103)
(1, -74, -104)
(0, -74, -104)
(1, -75, -104)
(0, -75, -104)
(1, -76, -104)
(0, -76, -104)
(1, -77, -104)
(0, -77, -104)
(0, -77, -105)
(0, -77, -106)
(0, -77, -107)
(1, -78, -108)
(1, -78, -109)
(1, -78, -110)
(0, -77, -110)
(0, -77, -111)
(1, -78, -112)
(0, -78, -111)
(1, -79, -112)
(1, -79, -113)
(0, -78, -113)
(1, -78, -114)
(1, -78, -115)
(0, -78, -115)
(1, -79, -115)
(0, -79, -115)
(1, -80, -115)
(0, -80, -115)
(1, -81, -116)
(1, -81, -117)
(1, -81, -118)
(0, -81, -118)
(0, -81, -119)
(0, -81, -120)
(0, -81, -121)
(1, -81, -122)
(0, -80, -122)
(0, -80, -123)
(1, -81, -124)
(0, -81, -124)
(0, -81, -125)
(0, -81, -126)
(1, -82, -127)
(1, -82, -128)
(0, -81, -128)
(1, -81, -128)
(0, -80, -127)
(1, -80, -127)
(1, -80, -126)
(0, -79, -125)
(1, -79, -125)
(0, -78, -125)
(0, -78, -126)
(0, -78, -127)
(1, -79, -128)
(0, -79, -128)
(1, -80, -129)
(0, -80, -129)
(0, -80, -130)
(1, -80, -131)
(1, -80, -132)
(0, -79, -132)
(1, -79, -132)
(0, -78, -131)
(1, -78, -131)
(0, -77, -130)
(1, -77, -130)
(0, -76, -130)
(1, -76, -130)
(0, -75, -129)
(1, -75, -130)
(0, -74, -130)
(1, -74, -131)
(0, -73, -131)
(1, -73, -131)
(1, -73, -130)
(0, -73, -129)
(0, -73, -128)
(1, -74, -128)
(0, -74, -128)
(1, -75, -128)
(0, -75, -127)
(1, -76, -127)
(0, -76, -126)
(1, -77, -126)
(0, -77, -125)
(0, -77, -124)
(0, -77, -123)
(0, -77, -122)
(0, -77, -121)
(0, -77, -120)
(0, -77, -119)
(1, -78, -119)
(1, -78, -118)
(0, -77, -117)
(0, -77, -116)
(1, -77, -116)
(0, -76, -116)
(0, -76, -117)
(1, -76, -118)
(0, -75, -118)
(0, -75, -119)
(1, -75, -120)
(1, -75, -121)
(0, -74, -121)
(1, -74, -121)
(0, -73, -120)
(1, -73, -120)
(1, -73, -119)
(1, -73, -118)
(1, -73, -117)
(0, -72, -116)
(1, -72, -117)
(1, -72, -118)
(0, -71, -118)
(1, -71, -119)
(1, -71, -120)
(0, -71, -120)
(0, -71, -121)
(1, -72, -122)
(1, -72, -123)
(0, -72, -123)
(0, -72, -124)
(0, -72, -125)
(1, -72, -126)
(0, -71, -125)
(1, -71, -126)
(0, -70, -125)
(0, -70, -124)
(0, -70, -123)
(1, -70, -123)
(1, -70, -122)
(0, -69, -121)
(1, -69, -121)
(1, -69, -120)
(1, -69, -119)
(0, -69, -118)
(1, -70, -118)
(1, -70, -117)
(1, -70, -116)
(0, -70, -115)
(1, -71, -115)
(0, -71, -115)
(1, -72, -115)
(0, -72, -114)
(1, -73, -114)
(1, -73, -113)
(0, -73, -112)
(1, -74, -112)
(0, -74, -111)
(1, -75, -111)
(0, -75, -111)
(1, -76, -111)
(1, -76, -110)
(1, -76, -109)
(1, -76, -108)
(0, -76, -107)
(0, -76, -106)
(1, -76, -106)
(0, -75, -106)
(1, -75, -106)
(0, -74, -106)
(1, -74, -107)
(0, -73, -107)
(1, -73, -107)
(0, -72, -106)
(0, -72, -105)
(1, -72, -105)
(0, -71, -104)
(1, -71, -105)
(1, -71, -106)
(0, -71, -106)
(0, -71, -107)
(1, -72, -108)
(0, -72, -108)
(0, -72, -109)
(0, -72, -110)
(0, -72, -111)
(1, -72, -112)
(0, -71, -111)
(1, -71, -111)
(0, -70, -111)
(0, -70, -112)
(0, -70, -113)
(1, -70, -114)
(0, -69, -113)
(1, -69, -114)
(0, -68, -114)
(1, -68, -114)
(0, -67, -114)
(1, -67, -114)
(0, -66, -113)
(0, -66, -112)
(1, -66, -112)
(0, -65, -112)
(1, -65, -112)
(0, -64, -111)
(1, -64, -112)
(0, -63, -112)
(1, -63, -112)
(0, -62, -112)
(1, -62, -112)
(1, -62, -111)
(0, -62, -110)
(1, -63, -110)
(0, -63, -110)
(1, -64, -110)
(0, -64, -109)
(0, -64, -108)
(1, -65, -108)
(1, -65, -107)
(0, -65, -106)
(1, -66, -106)
(0, -66, -106)
(0, -66, -107)
(0, -66, -108)
(1, -67, -109)
(0, -67, -108)
(0, -67, -107)
(0, -67, -106)
(0, -67, -105)
(1, -67, -105)
(0, -66, -104)
(0, -66, -103)
(1, -67, -103)
(0, -67, -103)
(1, -68, -103)
(1, -68, -102)
(0, -68, -101)
(1, -69, -101)
(0, -69, -101)
(0, -69, -102)
(1, -70, -103)
(0, -70, -103)
(1, -71, -103)
(0, -71, -102)
(1, -72, -103)
(0, -72, -103)
(1, -73, -103)
(1, -73, -102)
(0, -72, -101)
(1, -72, -101)
(1, -72, -100)
(0, -71, -99)
(0, -71, -98)
(1, -71, -98)
(1, -71, -97)
(0, -70, -96)
(1, -70, -97)
(1, -70, -98)
(0, -69, -98)
(1, -69, -98)
(0, -68, -97)
(1, -68, -97)
(1, -68, -96)
(0, -67, -95)
(1, -67, -96)
(1, -67, -97)
(1, -67, -98)
(0, -67, -98)
(0, -67, -99)
(0, -67, -100)
(1, -67, -101)
(0, -66, -101)
(1, -66, -102)
(0, -65, -102)
(1, -65, -103)
(0, -64, -103)
(1, -64, -104)
(1, -64, -105)
(0, -63, -105)
(0, -63, -106)
(1, -63, -107)
(0, -62, -107)
(1, -62, -108)
(0, -61, -108)
(0, -61, -109)
(1, -61, -110)
(0, -60, -110)
(1, -60, -111)
(0, -59, -110)
(1, -59, -111)
(0, -58, -110)
(1, -58, -110)
(0, -57, -110)
(1, -57, -111)
(0, -56, -110)
(1, -56, -111)
(1, -56, -112)
(1, -56, -113)
(0, -56, -113)
(1, -57, -114)
(0, -57, -114)
(0, -57, -115)
(1, -57, -116)
(0, -56, -116)
(1, -56, -116)
(0, -55, -116)
(1, -55, -117)
(0, -54, -117)
(1, -54, -117)
(0, -53, -116)
(1, -53, -116)
(0, -52, -116)
(1, -52, -117)
(0, -51, -117)
(0, -51, -118)
(0, -51, -119)
(1, -51, -120)
(0, -50, -120)
(1, -50, -120)
(0, -49, -119)
(1, -49, -119)
(1, -49, -118)
(0, -49, -117)
(1, -50, -117)
(0, -50, -116)
(1, -51, -116)
(0, -51, -115)
(0, -51, -114)
(1, -51, -114)
(0, -50, -114)
(1, -50, -115)
(0, -49, -115)
(1, -49, -116)
(0, -48, -116)
(1, -48, -116)
(1, -48, -115)
(0, -48, -114)
(1, -49, -114)
(0, -49, -113)
(0, -49, -112)
(1, -49, -112)
(0, -48, -112)
(1, -48, -113)
(0, -47, -112)
(1, -47, -113)
(0, -46, -113)
(1, -46, -113)
(0, -45, -113)
(1, -45, -113)
(1, -45, -112)
(1, -45, -111)
(0, -45, -110)
(0, -45, -109)
(1, -46, -109)
(0, -46, -108)
(1, -47, -109)
(0, -47, -109)
(0, -47, -110)
(1, -48, -111)
(0, -48, -110)
(0, -48, -109)
(1, -49, -109)
(1, -49, -108)
(0, -48, -107)
(1, -48, -107)
(0, -47, -106)
(1, -47, -106)
(0, -46, -105)
(0, -46, -104)
(1, -46, -104)
(0, -45, -103)
(1, -45, -104)
(0, -44, -103)
(1, -44, -103)
(1, -44, -102)
(0, -43, -101)
(0, -43, -100)
(1, -43, -100)
(1, -43, -99)
(0, -43, -98)
(0, -43, -97)
(0, -43, -96)
(0, -43, -95)
(1, -43, -95)
(0, -42, -95)
(1, -42, -95)
(0, -41, -95)
(1, -41, -95)
(0, -40, -95)
(1, -40, -95)
(0, -39, -94)
(1, -39, -94)
(1, -39, -93)
(0, -39, -92)
(1, -40, -92)
(1, -40, -91)
(0, -40, -90)
(0, -40, -89)
(0, -40, -88)
(0, -40, -87)
(0, -40, -86)
(0, -40, -85)
(1, -41, -85)
(0, -41, -85)
(1, -42, -85)
(0, -42, -84)
(1, -43, -85)
(0, -43, -85)
(1, -44, -86)
(0, -44, -86)
(1, -45, -86)
(1, -45, -85)
(0, -45, -84)
(1, -46, -84)
(0, -46, -84)
(1, -47, -85)
(0, -47, -84)
(1, -48, -84)
(0, -48, -83)
(1, -49, -84)
(1, -49, -85)
(1, -49, -86)
(1, -49, -87)
(0, -48, -87)
(1, -48, -87)
(0, -47, -87)
(1, -47, -88)
(0, -46, -87)
(1, -46, -88)
(0, -45, -88)
(1, -45, -89)
(0, -44, -88)
(1, -44, -88)
(0, -43, -88)
(1, -43, -89)
(0, -42, -88)
(0, -42, -87)
(1, -42, -87)
(0, -41, -87)
(0, -41, -88)
(0, -41, -89)
(0, -41, -90)
(1, -42, -91)
(1, -42, -92)
(0, -42, -92)
(1, -43, -93)
(0, -43, -93)
(1, -44, -94)
(0, -44, -94)
(1, -45, -95)
(0, -45, -95)
(0, -45, -96)
(1, -46, -97)
(0, -46, -96)
(0, -46, -95)
(1, -47, -95)
(0, -47, -94)
(1, -48, -94)
(0, -48, -94)
(1, -49, -94)
(0, -49, -94)
(1, -50, -94)
(1, -50, -93)
(0, -49, -92)
(1, -49, -92)
(0, -48, -92)
(1, -48, -92)
(0, -47, -92)
(1, -47, -92)
(0, -46, -92)
(1, -46, -93)
(0, -45, -93)
(1, -45, -93)
(0, -44, -92)
(1, -44, -92)
(0, -43, -91)
(0, -43, -90)
(1, -44, -90)
(0, -44, -90)
(1, -45, -91)
(0, -45, -91)
(1, -46, -91)
(0, -46, -90)
(1, -47, -90)
(0, -47, -90)
(1, -48, -90)
(0, -48, -90)
(1, -49, -90)
(0, -49, -90)
(1, -50, -90)
(0, -50, -89)
(0, -50, -88)
(1, -51, -88)
(0, -51, -88)
(1, -52, -89)
(0, -52, -88)
(1, -53, -89)
(0, -53, -88)
(1, -54, -88)
(0, -54, -87)
(0, -54, -86)
(1, -55, -86)
(0, -55, -86)
(1, -56, -86)
(0, -56, -86)
(1, -57, -87)
(1, -57, -88)
(0, -57, -88)
(0, -57, -89)
(0, -57, -90)
(0, -57, -91)
(0, -57, -92)
(1, -58, -93)
(0, -58, -93)
(0, -58, -94)
(1, -58, -95)
(1, -58, -96)
(0, -57, -96)
(0, -57, -97)
(0, -57, -98)
(1, -57, -99)
(0, -56, -99)
(0, -56, -100)
(1, -57, -101)
(0, -57, -101)
(0, -57, -102)
(0, -57, -103)
(1, -58, -104)
(0, -58, -103)
(1, -59, -104)
(0, -59, -103)
(1, -60, -103)
(0, -60, -103)
(0, -60, -104)
(1, -60, -105)
(1, -60, -106)
(0, -60, -106)
(1, -61, -106)
(0, -61, -106)
(1, -62, -106)
(1, -62, -105)
(0, -61, -104)
(0, -61, -103)
(1, -62, -103)
(0, -62, -103)
(1, -63, -103)
(1, -63, -102)
(0, -62, -101)
(0, -62, -100)
(0, -62, -99)
(0, -62, -98)
(0, -62, -97)
(0, -62, -96)
(0, -62, -95)
(1, -63, -95)
(0, -63, -95)
(1, -64, -95)
(0, -64, -94)
(1, -65, -94)
(1, -65, -93)
(1, -65, -92)
(0, -65, -91)
(0, -65, -90)
(1, -66, -90)
(0, -66, -89)
(1, -67, -90)
(0, -67, -90)
(0, -67, -91)
(0, -67, -92)
(0, -67, -93)
(1, -68, -94)
(0, -68, -94)
(1, -69, -95)
(0, -69, -95)
(1, -70, -95)
(0, -70, -94)
(1, -71, -94)
(0, -71, -93)
(0, -71, -92)
(0, -71, -91)
(1, -71, -91)
(1, -71, -90)
(0, -70, -89)
(1, -70, -89)
(0, -69, -88)
(1, -69, -88)
(0, -68, -87)
(0, -68, -86)
(1, -68, -86)
(1, -68, -85)
(0, -68, -84)
(0, -68, -83)
(1, -68, -83)
(1, -68, -82)
(0, -68, -81)
(0, -68, -80)
(1, -68, -80)
(0, -67, -79)
(1, -67, -80)
(0, -66, -79)
(1, -66, -79)
(0, -65, -79)
(0, -65, -80)
(0, -65, -81)
(0, -65, -82)
(1, -66, -83)
(0, -66, -83)
(1, -67, -84)
(1, -67, -85)
(0, -66, -85)
(1, -66, -85)
(0, -65, -84)
(1, -65, -85)
(0, -64, -85)
(1, -64, -86)
(1, -64, -87)
(1, -64, -88)
(0, -63, -88)
(1, -63, -88)
(0, -62, -88)
(1, -62, -89)
(0, -61, -88)
(1, -61, -89)
(1, -61, -90)
(0, -61, -90)
(1, -62, -91)
(1, -62, -92)
(0, -62, -92)
(0, -62, -93)
(1, -62, -94)
(0, -61, -94)
(1, -61, -94)
(0, -60, -93)
(0, -60, -92)
(1, -60, -92)
(0, -59, -92)
(1, -59, -92)
(1, -59, -91)
(1, -59, -90)
(0, -58, -89)
(0, -58, -88)
(1, -59, -88)
(1, -59, -87)
(0, -59, -86)
(1, -60, -87)
(0, -60, -86)
(0, -60, -85)
(0, -60, -84)
(1, -61, -84)
(1, -61, -83)
(1, -61, -82)
(0, -60, -81)
(0, -60, -80)
(0, -60, -79)
(1, -60, -79)
(1, -60, -78)
(0, -60, -77)
(0, -60, -76)
(0, -60, -75)
(1, -61, -75)
(0, -61, -74)
(1, -62, -74)
(0, -62, -74)
(0, -62, -75)
(0, -62, -76)
(0, -62, -77)
(1, -63, -78)
(1, -63, -79)
(1, -63, -80)
(0, -63, -80)
(1, -64, -81)
(0, -64, -80)
(0, -64, -79)
(1, -64, -79)
(1, -64, -78)
(1, -64, -77)
(1, -64, -76)
(0, -63, -75)
(0, -63, -74)
(0, -63, -73)
(1, -63, -73)
(1, -63, -72)
(0, -63, -71)
(1, -64, -72)
(0, -64, -72)
(1, -65, -72)
(0, -65, -71)
(1, -66, -71)
(0, -66, -70)
(0, -66, -69)
(1, -66, -69)
(0, -65, -68)
(0, -65, -67)
(1, -65, -67)
(1, -65, -66)
(0, -64, -65)
(1, -64, -66)
(0, -63, -65)
(1, -63, -65)
(1, -63, -64)
(0, -62, -63)
(1, -62, -63)
(0, -61, -63)
(1, -61, -63)
(1, -61, -62)
(0, -60, -61)
(1, -60, -61)
(0, -59, -60)
(1, -59, -60)
(0, -58, -60)
(1, -58, -60)
(0, -57, -59)
(1, -57, -60)
(1, -57, -61)
(0, -57, -61)
(1, -58, -62)
(0, -58, -62)
(1, -59, -63)
(0, -59, -63)
(0, -59, -64)
(1, -59, -65)
(1, -59, -66)
(0, -59, -66)
(1, -60, -67)
(1, -60, -68)
(0, -59, -68)
(0, -59, -69)
(0, -59, -70)
(1, -59, -71)
(0, -58, -71)
(1, -58, -71)
(0, -57, -70)
(1, -57, -70)
(0, -56, -69)
(1, -56, -69)
(1, -56, -68)
(0, -56, -67)
(0, -56, -66)
(0, -56, -65)
(1, -56, -65)
(0, -55, -65)
(0, -55, -66)
(1, -55, -67)
(0, -54, -66)
(1, -54, -66)
(0, -53, -66)
(1, -53, -67)
(0, -52, -67)
(0, -52, -68)
(1, -53, -69)
(0, -53, -69)
(1, -54, -70)
(1, -54, -71)
(0, -54, -71)
(1, -55, -72)
(1, -55, -73)
(0, -54, -73)
(1, -54, -74)
(1, -54, -75)
(1, -54, -76)
(0, -53, -76)
(1, -53, -76)
(1, -53, -75)
(0, -52, -74)
(1, -52, -75)
(0, -51, -74)
(1, -51, -74)
(0, -50, -74)
(0, -50, -75)
(1, -51, -76)
(1, -51, -77)
(1, -51, -78)
(0, -51, -78)
(0, -51, -79)
(1, -51, -80)
(1, -51, -81)
(0, -51, -81)
(1, -52, -81)
(0, -52, -81)
(1, -53, -81)
(0, -53, -80)
(0, -53, -79)
(1, -54, -79)
(0, -54, -78)
(0, -54, -77)
(1, -55, -77)
(0, -55, -76)
(1, -56, -76)
(1, -56, -75)
(0, -56, -74)
(1, -57, -74)
(1, -57, -73)
(0, -57, -72)
(1, -58, -73)
(0, -58, -73)
(0, -58, -74)
(0, -58, -75)
(1, -58, -76)
(0, -57, -76)
(0, -57, -77)
(1, -58, -78)
(1, -58, -79)
(0, -57, -79)
(1, -57, -79)
(0, -56, -79)
(1, -56, -80)
(0, -55, -79)
(1, -55, -80)
(0, -54, -80)
(0, -54, -81)
(1, -54, -82)
(1, -54, -83)
(0, -53, -83)
(1, -53, -84)
(0, -52, -84)
(0, -52, -85)
(1, -52, -86)
(0, -51, -86)
(1, -51, -86)
(1, -51, -85)
(1, -51, -84)
(1, -51, -83)
(0, -50, -82)
(1, -50, -82)
(0, -49, -81)
(0, -49, -80)
(0, -49, -79)
(0, -49, -78)
(0, -49, -77)
(0, -49, -76)
(1, -49, -76)
(0, -48, -75)
(1, -48, -75)
(1, -48, -74)
(0, -48, -73)
(1, -49, -74)
(0, -49, -73)
(1, -50, -73)
(1, -50, -72)
(1, -50, -71)
(1, -50, -70)
(0, -49, -69)
(1, -49, -69)
(0, -48, -69)
(1, -48, -69)
(0, -47, -68)
(1, -47, -69)
(0, -46, -68)
(1, -46, -68)
(0, -45, -68)
(1, -45, -68)
(1, -45, -67)
(0, -45, -66)
(1, -46, -66)
(1, -46, -65)
(1, -46, -64)
(0, -46, -63)
(0, -46, -62)
(1, -47, -62)
(1, -47, -61)
(0, -46, -60)
(1, -46, -60)
(0, -45, -59)
(0, -45, -58)
(0, -45, -57)
(0, -45, -56)
(1, -46, -56)
(0, -46, -55)
(0, -46, -54)
(0, -46, -53)
(1, -47, -53)
(0, -47, -53)
(0, -47, -54)
(1, -48, -55)
(0, -48, -54)
(1, -49, -55)
(0, -49, -55)
(1, -50, -56)
(1, -50, -57)
(1, -50, -58)
(0, -49, -58)
(1, -49, -59)
(1, -49, -60)
(1, -49, -61)
(0, -49, -61)
(0, -49, -62)
(1, -49, -63)
(0, -48, -63)
(1, -48, -63)
(0, -47, -63)
(0, -47, -64)
(1, -48, -65)
(0, -48, -65)
(1, -49, -65)
(0, -49, -65)
(1, -50, -66)
(0, -50, -65)
(1, -51, -66)
(0, -51, -65)
(0, -51, -64)
(1, -51, -64)
(0, -50, -63)
(0, -50, -62)
(0, -50, -61)
(0, -50, -60)
(1, -51, -60)
(0, -51, -59)
(1, -52, -60)
(0, -52, -59)
(0, -52, -58)
(1, -53, -58)
(0, -53, -58)
(1, -54, -58)
(0, -54, -58)
(0, -54, -59)
(1, -54, -60)
(0, -53, -60)
(0, -53, -61)
(0, -53, -62)
(1, -54, -63)
(0, -54, -63)
(1, -55, -63)
(1, -55, -62)
(0, -55, -61)
(0, -55, -60)
(0, -55, -59)
(0, -55, -58)
(1, -56, -58)
(0, -56, -57)
(1, -57, -58)
(0, -57, -57)
(1, -58, -58)
(0, -58, -57)
(1, -59, -58)
(0, -59, -58)
(1, -60, -58)
(0, -60, -58)
(0, -60, -59)
(1, -61, -60)
(0, -61, -59)
(1, -62, -59)
(0, -62, -59)
(1, -63, -60)
(0, -63, -59)
(1, -64, -60)
(0, -64, -60)
(0, -64, -61)
(1, -65, -62)
(1, -65, -63)
(1, -65, -64)
(0, -65, -64)
(1, -66, -65)
(0, -66, -65)
(1, -67, -66)
(1, -67, -67)
(1, -67, -68)
(0, -67, -68)
(0, -67, -69)
(1, -68, -70)
(1, -68, -71)
(1, -68, -72)
(1, -68, -73)
(1, -68, -74)
(0, -68, -74)
(1, -69, -74)
(0, -69, -73)
(1, -70, -73)
(0, -70, -73)
(1, -71, -74)
(1, -71, -75)
(0, -71, -75)
(1, -72, -75)
(0, -72, -74)
(1, -73, -74)
(0, -73, -74)
(0, -73, -75)
(1, -74, -76)
(1, -74, -77)
(0, -74, -77)
(1, -75, -78)
(1, -75, -79)
(0, -74, -79)
(0, -74, -80)
(1, -74, -81)
(1, -74, -82)
(1, -74, -83)
(0, -74, -83)
(1, -75, -83)
(0, -75, -83)
(1, -76, -83)
(1, -76, -82)
(0, -76, -81)
(0, -76, -80)
(1, -77, -80)
(0, -77, -80)
(1, -78, -80)
(1, -78, -79)
(0, -78, -78)
(1, -79, -79)
(0, -79, -78)
(1, -80, -78)
(0, -80, -77)
(1, -81, -78)
(1, -81, -79)
(1, -81, -80)
(0, -81, -80)
(1, -82, -80)
(1, -82, -79)
(1, -82, -78)
(1, -82, -77)
(0, -81, -76)
(1, -81, -76)
(1, -81, -75)
(0, -80, -74)
(1, -80, -74)
(0, -79, -74)
(1, -79, -75)
(0, -78, -74)
(1, -78, -74)
(1, -78, -73)
(0, -77, -72)
(1, -77, -73)
(1, -77, -74)
(0, -76, -74)
(1, -76, -74)
(1, -76, -73)
(1, -76, -72)
(0, -76, -71)
(0, -76, -70)
(1, -76, -70)
(1, -76, -69)
(1, -76, -68)
(1, -76, -67)
(0, -76, -66)
(1, -77, -67)
(0, -77, -67)
(1, -78, -68)
(1, -78, -69)
(1, -78, -70)
(0, -78, -70)
(1, -79, -70)
(0, -79, -70)
(0, -79, -71)
(1, -80, -72)
(0, -80, -71)
(1, -81, -71)
(0, -81, -70)
(1, -82, -71)
(0, -82, -71)
(1, -83, -72)
(1, -83, -73)
(0, -82, -73)
(0, -82, -74)
(0, -82, -75)
(1, -83, -76)
(0, -83, -75)
(1, -84, -75)
(1, -84, -74)
(1, -84, -73)
(1, -84, -72)
(0, -84, -71)
(1, -85, -72)
(0, -85, -72)
(0, -85, -73)
(1, -85, -74)
(1, -85, -75)
(0, -85, -75)
(1, -86, -76)
(1, -86, -77)
(0, -86, -77)
(0, -86, -78)
(1, -86, -79)
(0, -85, -79)
(1, -85, -79)
(1, -85, -78)
(1, -85, -77)
(0, -84, -76)
(1, -84, -77)
(1, -84, -78)
(1, -84, -79)
(1, -84, -80)
(1, -84, -81)
(0, -83, -81)
(1, -83, -82)
(0, -82, -81)
(1, -82, -82)
(1, -82, -83)
(0, -81, -83)
(1, -81, -83)
(0, -80, -83)
(1, -80, -83)
(0, -79, -82)
(1, -79, -82)
(0, -78, -82)
(0, -78, -83)
(1, -78, -84)
(1, -78, -85)
(0, -77, -85)
(1, -77, -86)
(0, -76, -86)
(1, -76, -86)
(0, -75, -86)
(1, -75, -87)
(0, -74, -86)
(1, -74, -87)
(0, -73, -86)
(1, -73, -86)
(1, -73, -85)
(0, -72, -84)
(1, -72, -85)
(1, -72, -86)
(0, -71, -86)
(1, -71, -86)
(1, -71, -85)
(0, -70, -84)
(1, -70, -85)
(1, -70, -86)
(1, -70, -87)
(0, -70, -87)
(1, -71, -88)
(0, -71, -88)
(1, -72, -89)
(1, -72, -90)
(0, -72, -90)
(0, -72, -91)
(1, -73, -92)
(0, -73, -91)
(0, -73, -90)
(1, -74, -90)
(0, -74, -89)
(1, -75, -90)
(0, -75, -89)
(0, -75, -88)
(1, -76, -88)
(0, -76, -88)
(0, -76, -89)
(1, -77, -90)
(1, -77, -91)
(1, -77, -92)
(1, -77, -93)
(0, -77, -93)
(1, -78, -94)
(0, -78, -93)
(1, -79, -93)
(0, -79, -92)
(1, -80, -93)
(1, -80, -94)
(0, -80, -94)
(0, -80, -95)
(1, -80, -96)
(1, -80, -97)
(0, -80, -97)
(1, -81, -97)
(0, -81, -96)
(1, -82, -97)
(0, -82, -96)
(1, -83, -96)
(1, -83, -95)
(0, -83, -94)
(1, -84, -94)
(0, -84, -94)
(1, -85, -95)
(1, -85, -96)
(1, -85, -97)
(1, -85, -98)
(0, -85, -98)
(0, -85, -99)
(0, -85, -100)
(0, -85, -101)
(1, -85, -102)
(1, -85, -103)
(1, -85, -104)
(1, -85, -105)
(0, -84, -105)
(1, -84, -105)
(0, -83, -105)
(0, -83, -106)
(0, -83, -107)
(1, -83, -108)
(1, -83, -109)
(0, -83, -109)
(1, -84, -110)
(0, -84, -109)
(0, -84, -108)
(1, -85, -108)
(0, -85, -108)
(1, -86, -108)
(0, -86, -108)
(1, -87, -108)
(0, -87, -108)
(1, -88, -109)
(0, -88, -108)
(1, -89, -108)
(0, -89, -107)
(0, -89, -106)
(1, -90, -106)
(0, -90, -106)
(1, -91, -106)
(0, -91, -106)
(1, -92, -106)
(0, -92, -106)
(1, -93, -106)
(1, -93, -105)
(1, -93, -104)
(1, -93, -103)
(0, -92, -102)
(1, -92, -103)
(1, -92, -104)
(0, -91, -104)
(1, -91, -104)
(0, -90, -103)
(1, -90, -103)
(0, -89, -103)
(0, -89, -104)
(1, -89, -105)
(0, -88, -104)
(0, -88, -103)
(0, -88, -102)
(1, -88, -102)
(0, -87, -102)
(1, -87, -102)
(1, -87, -101)
(0, -87, -100)
(0, -87, -99)
(0, -87, -98)
(0, -87, -97)
(0, -87, -96)
(1, -88, -96)
(0, -88, -96)
(1, -89, -96)
(0, -89, -95)
(1, -90, -96)
(1, -90, -97)
(0, -90, -97)
(1, -91, -97)
(0, -91, -97)
(1, -92, -97)
(0, -92, -97)
(0, -92, -98)
(0, -92, -99)
(1, -93, -100)
(0, -93, -100)
(1, -94, -100)
(0, -94, -100)
(1, -95, -100)
(0, -95, -99)
(1, -96, -100)
(0, -96, -99)
(1, -97, -99)
(0, -97, -98)
(1, -98, -98)
(0, -98, -98)
(1, -99, -99)
(0, -99, -98)
(1, -100, -98)
(0, -100, -97)
(0, -100, -96)
(0, -100, -95)
(1, -100, -95)
(0, -99, -94)
(1, -99, -94)
(0, -98, -94)
(1, -98, -95)
(1, -98, -96)
(0, -97, -96)
(1, -97, -97)
(0, -96, -97)
(1, -96, -97)
(0, -95, -96)
(1, -95, -96)
(1, -95, -95)
(0, -94, -94)
(1, -94, -94)
(1, -94, -93)
(0, -94, -92)
(0, -94, -91)
(0, -94, -90)
(0, -94, -89)
(0, -94, -88)
(1, -95, -88)
(1, -95, -87)
(0, -95, -86)
(0, -95, -85)
(1, -95, -85)
(0, -94, -85)
(1, -94, -85)
(1, -94, -84)
(0, -93, -83)
(1, -93, -84)
(1, -93, -85)
(0, -92, -85)
(1, -92, -85)
(1, -92, -84)
(0, -91, -83)
(0, -91, -82)
(0, -91, -81)
(0, -91, -80)
(1, -92, -80)
(0, -92, -80)
(1, -93, -80)
(0, -93, -80)
(1, -94, -81)
(1, -94, -82)
(0, -94, -82)
(1, -95, -82)
(0, -95, -82)
(0, -95, -83)
(1, -96, -84)
(0, -96, -83)
(1, -97, -83)
(1, -97, -82)
(0, -97, -81)
(0, -97, -80)
(1, -97, -80)
(0, -96, -80)
(1, -96, -80)
(1, -96, -79)
(0, -96, -78)
(0, -96, -77)
(1, -97, -77)
(1, -97, -76)
(0, -97, -75)
(1, -98, -75)
(0, -98, -74)
(1, -99, -75)
(1, -99, -76)
(0, -99, -76)
(1, -100, -76)
(0, -100, -75)
(0, -100, -74)
(1, -100, -74)
(0, -99, -73)
(0, -99, -72)
(1, -99, -72)
(0, -98, -72)
(1, -98, -73)
(0, -97, -72)
(1, -97, -72)
(0, -96, -71)
(0, -96, -70)
(1, -96, -70)
(1, -96, -69)
(1, -96, -68)
(0, -95, -67)
(0, -95, -66)
(1, -95, -66)
(0, -94, -66)
(0, -94, -67)
(0, -94, -68)
(1, -95, -69)
(1, -95, -70)
(1, -95, -71)
(1, -95, -72)
(0, -95, -72)
(0, -95, -73)
(0, -95, -74)
(0, -95, -75)
(1, -95, -76)
(0, -94, -75)
(1, -94, -76)
(0, -93, -76)
(1, -93, -76)
(0, -92, -75)
(1, -92, -75)
(0, -91, -75)
(1, -91, -76)
(0, -90, -76)
(1, -90, -77)
(0, -89, -76)
(0, -89, -75)
(0, -89, -74)
(0, -89, -73)
(1, -89, -73)
(0, -88, -72)
(1, -88, -72)
(0, -87, -72)
(1, -87, -72)
(0, -86, -71)
(0, -86, -70)
(0, -86, -69)
(1, -87, -69)
(0, -87, -69)
(1, -88, -69)
(0, -88, -69)
(1, -89, -69)
(0, -89, -69)
(1, -90, -70)
(0, -90, -69)
(1, -91, -69)
(0, -91, -68)
(1, -92, -69)
(0, -92, -69)
(1, -93, -69)
(0, -93, -68)
(0, -93, -67)
(1, -93, -67)
(0, -92, -66)
(1, -92, -66)
(0, -91, -66)
(1, -91, -66)
(0, -90, -66)
(0, -90, -67)
(1, -90, -68)
(0, -89, -67)
(0, -89, -66)
(1, -89, -66)
(0, -88, -66)
(1, -88, -67)
(0, -87, -66)
(1, -87, -66)
(1, -87, -65)
(1, -87, -64)
(1, -87, -63)
(1, -87, -62)
(0, -86, -61)
(1, -86, -61)
(0, -85, -61)
(0, -85, -62)
(1, -85, -63)
(0, -84, -63)
(1, -84, -64)
(0, -83, -63)
(1, -83, -63)
(0, -82, -62)
(0, -82, -61)
(1, -83, -61)
(1, -83, -60)
(0, -82, -59)
(0, -82, -58)
(0, -82, -57)
(1, -83, -57)
(1, -83, -56)
(1, -83, -55)
(0, -83, -54)
(0, -83, -53)
(0, -83, -52)
(1, -84, -52)
(1, -84, -51)
(0, -84, -50)
(0, -84, -49)
(0, -84, -48)
(1, -84, -48)
(0, -83, -48)
(1, -83, -49)
(0, -82, -48)
(1, -82, -49)
(1, -82, -50)
(1, -82, -51)
(0, -81, -51)
(0, -81, -52)
(1, -81, -53)
(0, -80, -52)
(1, -80, -52)
(1, -80, -51)
(0, -79, -50)
(1, -79, -50)
(1, -79, -49)
(0, -78, -48)
(1, -78, -48)
(0, -77, -47)
(1, -77, -47)
(0, -76, -47)
(0, -76, -48)
(1, -77, -49)
(1, -77, -50)
(0, -76, -50)
(0, -76, -51)
(1, -77, -52)
(0, -77, -51)
(1, -78, -52)
(0, -78, -52)
(1, -79, -53)
(0, -79, -53)
(1, -80, -54)
(0, -80, -54)
(1, -81, -55)
(1, -81, -56)
(1, -81, -57)
(0, -81, -57)
(0, -81, -58)
(1, -81, -59)
(0, -80, -59)
(1, -80, -60)
(1, -80, -61)
(1, -80, -62)
(0, -79, -62)
(1, -79, -63)
(1, -79, -64)
(0, -78, -64)
(1, -78, -65)
(0, -77, -65)
(1, -77, -65)
(0, -76, -64)
(1, -76, -64)
(1, -76, -63)
(1, -76, -62)
(1, -76, -61)
(0, -76, -60)
(1, -77, -61)
(0, -77, -61)
(1, -78, -61)
(1, -78, -60)
(1, -78, -59)
(0, -77, -58)
(1, -77, -59)
(0, -76, -58)
(1, -76, -59)
(0, -75, -58)
(1, -75, -58)
(1, -75, -57)
(0, -74, -56)
(1, -74, -56)
(0, -73, -56)
(1, -73, -57)
(1, -73, -58)
(0, -72, -58)
(1, -72, -59)
(1, -72, -60)
(0, -71, -60)
(0, -71, -61)
(0, -71, -62)
(1, -72, -63)
(1, -72, -64)
(0, -71, -64)
(0, -71, -65)
(0, -71, -66)
(1, -72, -67)
(1, -72, -68)
(0, -72, -68)
(1, -73, -69)
(1, -73, -70)
(0, -72, -70)
(1, -72, -71)
(0, -71, -70)
(0, -71, -69)
(1, -71, -69)
(0, -70, -69)
(1, -70, -69)
(0, -69, -69)
(1, -69, -69)
(0, -68, -68)
(0, -68, -67)
(1, -68, -67)
(1, -68, -66)
(1, -68, -65)
(0, -67, -64)
(0, -67, -63)
(1, -67, -63)
(0, -66, -62)
(0, -66, -61)
(1, -67, -61)
(0, -67, -61)
(1, -68, -62)
(0, -68, -61)
(1, -69, -61)
(0, -69, -60)
(0, -69, -59)
(0, -69, -58)
(1, -69, -58)
(0, -68, -57)
(1, -68, -57)
(1, -68, -56)
(1, -68, -55)
(1, -68, -54)
(0, -68, -53)
(1, -69, -54)
(0, -69, -53)
(1, -70, -54)
(0, -70, -54)
(1, -71, -55)
(1, -71, -56)
(0, -71, -56)
(1, -72, -56)
(0, -72, -55)
(0, -72, -54)
(1, -72, -54)
(0, -71, -53)
(1, -71, -53)
(0, -70, -52)
(1, -70, -52)
(0, -69, -51)
(0, -69, -50)
(0, -69, -49)
(0, -69, -48)
(1, -69, -48)
(0, -68, -47)
(0, -68, -46)
(1, -69, -46)
(0, -69, -45)
(1, -70, -46)
(0, -70, -45)
(0, -70, -44)
(0, -70, -43)
(1, -71, -43)
(1, -71, -42)
(0, -71, -41)
(0, -71, -40)
(1, -71, -40)
(1, -71, -39)
(0, -70, -38)
(0, -70, -37)
(0, -70, -36)
(1, -70, -36)
(0, -69, -36)
(1, -69, -37)
(0, -68, -37)
(0, -68, -38)
(0, -68, -39)
(1, -68, -40)
(1, -68, -41)
(0, -67, -41)
(0, -67, -42)
(1, -68, -43)
(1, -68, -44)
(0, -67, -44)
(0, -67, -45)
(1, -67, -46)
(1, -67, -47)
(0, -67, -47)
(0, -67, -48)
(0, -67, -49)
(1, -68, -50)
(1, -68, -51)
(0, -67, -51)
(1, -67, -52)
(0, -66, -52)
(1, -66, -52)
(1, -66, -51)
(0, -66, -50)
(0, -66, -49)
(0, -66, -48)
(1, -66, -48)
(0, -65, -48)
(1, -65, -48)
(0, -64, -48)
(1, -64, -48)
(1, -64, -47)
(1, -64, -46)
(1, -64, -45)
(1, -64, -44)
(0, -63, -43)
(0, -63, -42)
(1, -63, -42)
(1, -63, -41)
(0, -62, -40)
(1, -62, -41)
(1, -62, -42)
(1, -62, -43)
(0, -62, -43)
(0, -62, -44)
(0, -62, -45)
(0, -62, -46)
(0, -62, -47)
(1, -62, -48)
(1, -62, -49)
(0, -61, -49)
(0, -61, -50)
(0, -61, -51)
(1, -62, -52)
(0, -62, -52)
(1, -63, -53)
(0, -63, -53)
(0, -63, -54)
(1, -63, -55)
(0, -62, -54)
(1, -62, -54)
(0, -61, -53)
(1, -61, -53)
(0, -60, -52)
(1, -60, -52)
(0, -59, -52)
(1, -59, -52)
(0, -58, -51)
(0, -58, -50)
(1, -58, -50)
(0, -57, -49)
(1, -57, -50)
(0, -56, -50)
(1, -56, -50)
(0, -55, -49)
(0, -55, -48)
(1, -55, -48)
(0, -54, -48)
(1, -54, -49)
(1, -54, -50)
(0, -54, -50)
(0, -54, -51)
(1, -54, -52)
(0, -53, -51)
(1, -53, -51)
(0, -52, -51)
(1, -52, -51)
(1, -52, -50)
(0, -52, -49)
(0, -52, -48)
(1, -52, -48)
(0, -51, -48)
(1, -51, -48)
(0, -50, -47)
(0, -50, -46)
(1, -51, -46)
(0, -51, -45)
(1, -52, -46)
(0, -52, -46)
(1, -53, -47)
(0, -53, -47)
(1, -54, -47)
(1, -54, -46)
(1, -54, -45)
(0, -53, -44)
(1, -53, -45)
(0, -52, -44)
(1, -52, -44)
(0, -51, -43)
(1, -51, -43)
(1, -51, -42)
(0, -51, -41)
(1, -52, -42)
(0, -52, -42)
(1, -53, -43)
(0, -53, -42)
(1, -54, -43)
(0, -54, -43)
(1, -55, -43)
(0, -55, -42)
(1, -56, -42)
(1, -56, -41)
(0, -55, -40)
(0, -55, -39)
(1, -55, -39)
(0, -54, -39)
(1, -54, -39)
(0, -53, -38)
(0, -53, -37)
(0, -53, -36)
(0, -53, -35)
(1, -53, -35)
(0, -52, -34)
(0, -52, -33)
(1, -53, -33)
(0, -53, -33)
(1, -54, -34)
(0, -54, -33)
(1, -55, -34)
(1, -55, -35)
(0, -55, -35)
(0, -55, -36)
(1, -56, -37)
(0, -56, -36)
(0, -56, -35)
(0, -56, -34)
(1, -57, -34)
(0, -57, -34)
(1, -58, -34)
(0, -58, -34)
(1, -59, -35)
(1, -59, -36)
(0, -58, -36)
(1, -58, -36)
(0, -57, -36)
(0, -57, -37)
(0, -57, -38)
(1, -58, -39)
(1, -58, -40)
(0, -58, -40)
(0, -58, -41)
(1, -59, -42)
(0, -59, -41)
(0, -59, -40)
(1, -60, -40)
(1, -60, -39)
(0, -60, -38)
(0, -60, -37)
(1, -61, -37)
(1, -61, -36)
(0, -61, -35)
(0, -61, -34)
(0, -61, -33)
(0, -61, -32)
(1, -61, -32)
(0, -60, -32)
(1, -60, -32)
(1, -60, -31)
(1, -60, -30)
(0, -60, -29)
(1, -61, -30)
(0, -61, -30)
(1, -62, -30)
(0, -62, -30)
(0, -62, -31)
(1, -63, -32)
(0, -63, -32)
(0, -63, -33)
(1, -63, -34)
(1, -63, -35)
(0, -63, -35)
(1, -64, -36)
(0, -64, -35)
(1, -65, -35)
(0, -65, -34)
(0, -65, -33)
(0, -65, -32)
(1, -65, -32)
(1, -65, -31)
(0, -64, -30)
(1, -64, -30)
(1, -64, -29)
(0, -63, -28)
(1, -63, -29)
(0, -62, -28)
(0, -62, -27)
(1, -62, -27)
(0, -61, -27)
(1, -61, -27)
(0, -60, -26)
(1, -60, -27)
(0, -59, -27)
(0, -59, -28)
(1, -59, -29)
(0, -58, -29)
(1, -58, -29)
(1, -58, -28)
(0, -58, -27)
(0, -58, -26)
(1, -59, -26)
(1, -59, -25)
(0, -59, -24)
(1, -60, -24)
(1, -60, -23)
(0, -59, -22)
(0, -59, -21)
(1, -60, -21)
(1, -60, -20)
(0, -60, -19)
(1, -61, -20)
(0, -61, -19)
(1, -62, -19)
(1, -62, -18)
(1, -62, -17)
(0, -61, -16)
(0, -61, -15)
(1, -61, -15)
(1, -61, -14)
(1, -61, -13)
(0, -61, -12)
(0, -61, -11)
(1, -62, -11)
(0, -62, -10)
(1, -63, -11)
(0, -63, -10)
(1, -64, -10)
(1, -64, -9)
(0, -63, -8)
(1, -63, -8)
(0, -62, -8)
(1, -62, -9)
(0, -61, -8)
(1, -61, -9)
(1, -61, -10)
(0, -60, -10)
(0, -60, -11)
(1, -60, -12)
(0, -59, -11)
(0, -59, -10)
(1, -59, -10)
(1, -59, -9)
(0, -58, -8)
(1, -58, -9)
(1, -58, -10)
(1, -58, -11)
(1, -58, -12)
(1, -58, -13)
(0, -57, -13)
(0, -57, -14)
(1, -57, -15)
(1, -57, -16)
(0, -56, -16)
(1, -56, -16)
(0, -55, -15)
(1, -55, -16)
(1, -55, -17)
(0, -54, -17)
(1, -54, -17)
(1, -54, -16)
(1, -54, -15)
(1, -54, -14)
(0, -53, -13)
(1, -53, -13)
(0, -52, -12)
(1, -52, -13)
(0, -51, -12)
(1, -51, -12)
(0, -50, -11)
(1, -50, -11)
(1, -50, -10)
(1, -50, -9)
(0, -49, -8)
(0, -49, -7)
(1, -49, -7)
(1, -49, -6)
(0, -49, -5)
(1, -50, -6)
(0, -50, -5)
(1, -51, -5)
(1, -51, -4)
(0, -50, -3)
(1, -50, -4)
(0, -49, -3)
(1, -49, -3)
(1, -49, -2)
(1, -49, -1)
(0, -49, 0)
(0, -49, 1)
(1, -50, 1)
(1, -50, 2)
(1, -50, 3)
(1, -50, 4)
(1, -50, 5)
(1, -50, 6)
(0, -50, 7)
(1, -51, 7)
(0, -51, 7)
(1, -52, 6)
(1, -52, 5)
(0, -52, 5)
(0, -52, 4)
(1, -53, 3)
(0, -53, 4)
(1, -54, 4)
(0, -54, 4)
(1, -55, 3)
(1, -55, 2)
(0, -55, 2)
(0, -55, 1)
(1, -55, 0)
(0, -54, 0)
(1, -54, -1)
(0, -53, 0)
(1, -53, -1)
(0, -52, -1)
(1, -52, -1)
(0, -51, 0)
(1, -51, -1)
(1, -51, -2)
(0, -51, -2)
(1, -52, -3)
(0, -52, -3)
(1, -53, -4)
(0, -53, -3)
(1, -54, -3)
(0, -54, -2)
(1, -55, -3)
(0, -55, -2)
(1, -56, -3)
(1, -56, -4)
(1, -56, -5)
(0, -55, -5)
(0, -55, -6)
(1, -56, -7)
(0, -56, -6)
(1, -57, -7)
(0, -57, -6)
(1, -58, -7)
(0, -58, -6)
(0, -58, -5)
(1, -58, -5)
(0, -57, -4)
(0, -57, -3)
(0, -57, -2)
(1, -58, -2)
(0, -58, -1)
(0, -58, 0)
(0, -58, 1)
(1, -59, 1)
(1, -59, 2)
(1, -59, 3)
(1, -59, 4)
(0, -59, 5)
(0, -59, 6)
(1, -59, 6)
(0, -58, 7)
(1, -58, 6)
(1, -58, 5)
(0, -57, 5)
(1, -57, 4)
(1, -57, 3)
(0, -56, 3)
(1, -56, 3)
(1, -56, 4)
(0, -55, 5)
(0, -55, 6)
(0, -55, 7)
(1, -55, 7)
(1, -55, 8)
(0, -55, 9)
(0, -55, 10)
(0, -55, 11)
(1, -55, 11)
(1, -55, 12)
(1, -55, 13)
(0, -55, 14)
(0, -55, 15)
(1, -56, 15)
(0, -56, 16)
(1, -57, 16)
(0, -57, 17)
(0, -57, 18)
(0, -57, 19)
(1, -57, 19)
(0, -56, 19)
(0, -56, 18)
(1, -56, 17)
(0, -55, 17)
(1, -55, 17)
(0, -54, 17)
(0, -54, 16)
(0, -54, 15)
(1, -54, 14)
(0, -53, 15)
(1, -53, 14)
(0, -52, 15)
(1, -52, 14)
(1, -52, 13)
(0, -51, 13)
(1, -51, 12)
(1, -51, 11)
(1, -51, 10)
(0, -50, 10)
(1, -50, 10)
(0, -49, 11)
(1, -49, 11)
(0, -48, 12)
(1, -48, 12)
(0, -47, 12)
(0, -47, 11)
(0, -47, 10)
(1, -47, 9)
(0, -46, 9)
(1, -46, 9)
(0, -45, 9)
(0, -45, 8)
(0, -45, 7)
(1, -45, 6)
(1, -45, 5)
(0, -45, 5)
(1, -46, 4)
(1, -46, 3)
(0, -45, 3)
(1, -45, 3)
(0, -44, 4)
(1, -44, 3)
(0, -43, 4)
(1, -43, 4)
(1, -43, 5)
(0, -42, 6)
(1, -42, 6)
(1, -42, 7)
(1, -42, 8)
(0, -42, 9)
(0, -42, 10)
(0, -42, 11)
(0, -42, 12)
(1, -43, 12)
(0, -43, 13)
(0, -43, 14)
(1, -43, 14)
(1, -43, 15)
(1, -43, 16)
(0, -43, 17)
(1, -44, 16)
(0, -44, 17)
(0, -44, 18)
(0, -44, 19)
(1, -45, 19)
(0, -45, 19)
(1, -46, 19)
(0, -46, 19)
(1, -47, 18)
(0, -47, 18)
(1, -48, 17)
(0, -48, 18)
(0, -48, 19)
(1, -48, 19)
(0, -47, 20)
(1, -47, 20)
(0, -46, 21)
(0, -46, 22)
(0, -46, 23)
(1, -46, 23)
(1, -46, 24)
(1, -46, 25)
(0, -45, 26)
(1, -45, 26)
(0, -44, 27)
(1, -44, 27)
(1, -44, 28)
(1, -44, 29)
(0, -43, 30)
(0, -43, 31)
(1, -43, 31)
(1, -43, 32)
(0, -43, 33)
(1, -44, 33)
(0, -44, 34)
(0, -44, 35)
(0, -44, 36)
(1, -45, 36)
(0, -45, 37)
(1, -46, 37)
(1, -46, 38)
(0, -46, 39)
(0, -46, 40)
(0, -46, 41)
(1, -46, 41)
(0, -45, 41)
(1, -45, 40)
(0, -44, 40)
(1, -44, 40)
(1, -44, 41)
(1, -44, 42)
(0, -44, 43)
(1, -45, 43)
(1, -45, 44)
(0, -44, 45)
(1, -44, 44)
(0, -43, 44)
(1, -43, 44)
(0, -42, 44)
(0, -42, 43)
(0, -42, 42)
(1, -43, 41)
(1, -43, 40)
(1, -43, 39)
(0, -43, 39)
(1, -44, 38)
(1, -44, 37)
(0, -43, 37)
(1, -43, 36)
(1, -43, 35)
(1, -43, 34)
(0, -42, 34)
(1, -42, 34)
(0, -41, 34)
(0, -41, 33)
(1, -42, 32)
(1, -42, 31)
(1, -42, 30)
(0, -42, 30)
(0, -42, 29)
(1, -43, 28)
(1, -43, 27)
(0, -42, 27)
(0, -42, 26)
(1, -43, 25)
(1, -43, 24)
(0, -43, 24)
(1, -44, 24)
(0, -44, 24)
(0, -44, 23)
(0, -44, 22)
(1, -44, 21)
(0, -43, 21)
(1, -43, 20)
(1, -43, 19)
(1, -43, 18)
(0, -42, 18)
(1, -42, 18)
(0, -41, 18)
(1, -41, 17)
(1, -41, 16)
(1, -41, 15)
(1, -41, 14)
(0, -40, 14)
(1, -40, 13)
(0, -39, 14)
(1, -39, 14)
(0, -38, 15)
(1, -38, 15)
(0, -37, 15)
(1, -37, 15)
(0, -36, 15)
(0, -36, 14)
(1, -36, 13)
(0, -35, 14)
(1, -35, 13)
(0, -34, 14)
(0, -34, 15)
(1, -34, 15)
(0, -33, 16)
(0, -33, 17)
(1, -33, 17)
(0, -32, 17)
(1, -32, 17)
(1, -32, 18)
(0, -32, 19)
(0, -32, 20)
(1, -33, 20)
(0, -33, 20)
(1, -34, 19)
(1, -34, 18)
(0, -34, 18)
(1, -35, 17)
(0, -35, 17)
(1, -36, 16)
(0, -36, 17)
(0, -36, 18)
(1, -37, 18)
(0, -37, 19)
(0, -37, 20)
(0, -37, 21)
(0, -37, 22)
(1, -38, 22)
(0, -38, 22)
(1, -39, 22)
(1, -39, 23)
(1, -39, 24)
(0, -39, 25)
(1, -40, 24)
(0, -40, 25)
(1, -41, 25)
(0, -41, 26)
(0, -41, 27)
(0, -41, 28)
(1, -41, 28)
(1, -41, 29)
(1, -41, 30)
(0, -40, 31)
(1, -40, 31)
(1, -40, 32)
(0, -40, 33)
(0, -40, 34)
(0, -40, 35)
(1, -40, 35)
(0, -39, 36)
(1, -39, 35)
(0, -38, 35)
(1, -38, 34)
(1, -38, 33)
(0, -37, 33)
(1, -37, 32)
(0, -36, 32)
(1, -36, 32)
(0, -35, 33)
(0, -35, 34)
(1, -36, 34)
(0, -36, 35)
(0, -36, 36)
(1, -36, 36)
(1, -36, 37)
(1, -36, 38)
(0, -35, 39)
(1, -35, 38)
(0, -34, 39)
(1, -34, 39)
(0, -33, 40)
(0, -33, 41)
(0, -33, 42)
(1, -33, 42)
(0, -32, 43)
(1, -32, 42)
(0, -31, 43)
(1, -31, 42)
(0, -30, 43)
(0, -30, 44)
(1, -31, 44)
(1, -31, 45)
(0, -31, 46)
(1, -32, 46)
(0, -32, 46)
(0, -32, 45)
(1, -33, 44)
(0, -33, 44)
(1, -34, 43)
(0, -34, 43)
(1, -35, 42)
(1, -35, 41)
(0, -35, 41)
(1, -36, 40)
(0, -36, 41)
(0, -36, 42)
(0, -36, 43)
(0, -36, 44)
(1, -36, 44)
(1, -36, 45)
(0, -36, 46)
(1, -37, 46)
(0, -37, 47)
(1, -38, 46)
(0, -38, 47)
(1, -39, 47)
(1, -39, 48)
(0, -39, 49)
(1, -40, 49)
(0, -40, 49)
(1, -41, 49)
(0, -41, 50)
(0, -41, 51)
(1, -41, 51)
(1, -41, 52)
(0, -41, 53)
(1, -42, 53)
(0, -42, 54)
(0, -42, 55)
(1, -43, 55)
(1, -43, 56)
(0, -43, 57)
(0, -43, 58)
(1, -43, 58)
(0, -42, 59)
(0, -42, 60)
(1, -43, 60)
(0, -43, 61)
(1, -44, 61)
(0, -44, 61)
(1, -45, 60)
(0, -45, 61)
(0, -45, 62)
(1, -45, 62)
(1, -45, 63)
(0, -44, 64)
(1, -44, 64)
(0, -43, 64)
(0, -43, 63)
(1, -43, 62)
(0, -42, 62)
(1, -42, 61)
(0, -41, 62)
(1, -41, 62)
(1, -41, 63)
(1, -41, 64)
(0, -41, 65)
(0, -41, 66)
(0, -41, 67)
(1, -42, 67)
(0, -42, 68)
(0, -42, 69)
(0, -42, 70)
(1, -42, 70)
(0, -41, 71)
(0, -41, 72)
(1, -42, 72)
(0, -42, 73)
(1, -43, 72)
(0, -43, 73)
(1, -44, 72)
(1, -44, 71)
(0, -43, 71)
(0, -43, 70)
(1, -44, 69)
(0, -44, 69)
(1, -45, 69)
(0, -45, 70)
(1, -46, 70)
(0, -46, 70)
(0, -46, 69)
(1, -46, 68)
(1, -46, 67)
(0, -45, 67)
(1, -45, 66)
(1, -45, 65)
(0, -45, 65)
(1, -46, 65)
(0, -46, 65)
(0, -46, 64)
(0, -46, 63)
(1, -47, 62)
(1, -47, 61)
(0, -46, 61)
(0, -46, 60)
(1, -47, 59)
(1, -47, 58)
(0, -46, 58)
(1, -46, 57)
(1, -46, 56)
(0, -45, 56)
(0, -45, 55)
(1, -46, 54)
(0, -46, 55)
(1, -47, 55)
(0, -47, 55)
(1, -48, 54)
(0, -48, 54)
(1, -49, 53)
(1, -49, 52)
(0, -49, 52)
(1, -50, 52)
(1, -50, 53)
(0, -50, 54)
(1, -51, 54)
(0, -51, 54)
(1, -52, 54)
(1, -52, 55)
(1, -52, 56)
(0, -51, 57)
(1, -51, 57)
(1, -51, 58)
(0, -50, 59)
(1, -50, 59)
(0, -49, 60)
(1, -49, 60)
(1, -49, 61)
(1, -49, 62)
(1, -49, 63)
(0, -48, 64)
(0, -48, 65)
(1, -48, 65)
(1, -48, 66)
(1, -48, 67)
(1, -48, 68)
(0, -48, 69)
(1, -49, 68)
(0, -49, 69)
(0, -49, 70)
(0, -49, 71)
(1, -50, 71)
(1, -50, 72)
(1, -50, 73)
(0, -49, 74)
(1, -49, 73)
(0, -48, 74)
(0, -48, 75)
(0, -48, 76)
(1, -48, 76)
(0, -47, 76)
(1, -47, 75)
(1, -47, 74)
(0, -47, 74)
(0, -47, 73)
(1, -47, 72)
(0, -46, 72)
(1, -46, 72)
(0, -45, 73)
(0, -45, 74)
(1, -45, 74)
(1, -45, 75)
(0, -45, 76)
(1, -46, 76)
(1, -46, 77)
(0, -46, 78)
(1, -47, 78)
(0, -47, 78)
(1, -48, 78)
(0, -48, 78)
(1, -49, 78)
(0, -49, 79)
(0, -49, 80)
(0, -49, 81)
(0, -49, 82)
(1, -49, 82)
(0, -48, 83)
(0, -48, 84)
(1, -49, 84)
(0, -49, 84)
(1, -50, 83)
(0, -50, 83)
(1, -51, 82)
(0, -51, 82)
(0, -51, 81)
(1, -51, 80)
(0, -50, 80)
(0, -50, 79)
(1, -51, 78)
(1, -51, 77)
(1, -51, 76)
(1, -51, 75)
(0, -51, 75)
(1, -52, 75)
(0, -52, 75)
(0, -52, 74)
(1, -52, 73)
(0, -51, 73)
(0, -51, 72)
(1, -52, 71)
(1, -52, 70)
(0, -52, 70)
(1, -53, 70)
(0, -53, 70)
(1, -54, 69)
(0, -54, 70)
(1, -55, 70)
(0, -55, 70)
(1, -56, 69)
(0, -56, 70)
(0, -56, 71)
(0, -56, 72)
(1, -57, 72)
(0, -57, 72)
(1, -58, 72)
(0, -58, 72)
(0, -58, 71)
(1, -58, 70)
(1, -58, 69)
(0, -58, 69)
(1, -59, 68)
(0, -59, 68)
(1, -60, 67)
(0, -60, 68)
(0, -60, 69)
(1, -60, 69)
(0, -59, 70)
(0, -59, 71)
(1, -60, 71)
(0, -60, 71)
(1, -61, 70)
(0, -61, 71)
(1, -62, 71)
(0, -62, 71)
(1, -63, 71)
(1, -63, 72)
(1, -63, 73)
(0, -63, 74)
(0, -63, 75)
(0, -63, 76)
(0, -63, 77)
(1, -63, 77)
(0, -62, 78)
(1, -62, 77)
(1, -62, 76)
(0, -61, 76)
(0, -61, 75)
(1, -61, 74)
(0, -60, 75)
(1, -60, 74)
(0, -59, 75)
(1, -59, 75)
(0, -58, 75)
(1, -58, 75)
(0, -57, 76)
(1, -57, 76)
(0, -56, 76)
(0, -56, 75)
(0, -56, 74)
(1, -56, 73)
(0, -55, 73)
(1, -55, 72)
(0, -54, 73)
(0, -54, 74)
(1, -54, 74)
(0, -53, 75)
(0, -53, 76)
(1, -54, 76)
(1, -54, 77)
(1, -54, 78)
(0, -54, 79)
(1, -55, 78)
(1, -55, 77)
(0, -55, 77)
(1, -56, 77)
(0, -56, 78)
(1, -57, 78)
(0, -57, 79)
(0, -57, 80)
(1, -57, 80)
(0, -56, 81)
(1, -56, 80)
(0, -55, 81)
(1, -55, 80)
(0, -54, 81)
(1, -54, 81)
(1, -54, 82)
(0, -53, 83)
(1, -53, 82)
(0, -52, 83)
(1, -52, 83)
(0, -51, 84)
(1, -51, 84)
(1, -51, 85)
(0, -51, 86)
(0, -51, 87)
(1, -51, 87)
(1, -51, 88)
(0, -50, 89)
(1, -50, 88)
(0, -49, 89)
(1, -49, 89)
(1, -49, 90)
(0, -48, 91)
(1, -48, 91)
(1, -48, 92)
(0, -47, 93)
(0, -47, 94)
(1, -48, 94)
(0, -48, 95)
(1, -49, 95)
(1, -49, 96)
(0, -49, 97)
(1, -50, 97)
(0, -50, 98)
(1, -51, 97)
(1, -51, 96)
(0, -51, 96)
(1, -52, 96)
(0, -52, 97)
(1, -53, 97)
(1, -53, 98)
(0, -52, 99)
(0, -52, 100)
(1, -52, 100)
(0, -51, 101)
(1, -51, 100)
(0, -50, 100)
(1, -50, 99)
(0, -49, 99)
(1, -49, 99)
(0, -48, 100)
(1, -48, 100)
(0, -47, 100)
(0, -47, 99)
(1, -47, 98)
(0, -46, 99)
(0, -46, 100)
(0, -46, 101)
(1, -46, 101)
(1, -46, 102)
(1, -46, 103)
(0, -46, 104)
(1, -47, 104)
(0, -47, 104)
(1, -48, 103)
(1, -48, 102)
(0, -48, 102)
(1, -49, 102)
(0, -49, 103)
(1, -50, 103)
(0, -50, 103)
(1, -51, 102)
(0, -51, 103)
(0, -51, 104)
(1, -51, 104)
(0, -50, 105)
(0, -50, 106)
(0, -50, 107)
(0, -50, 108)
(1, -51, 108)
(0, -51, 108)
(1, -52, 107)
(0, -52, 107)
(1, -53, 107)
(0, -53, 107)
(0, -53, 106)
(0, -53, 105)
(0, -53, 104)
(1, -53, 103)
(1, -53, 102)
(1, -53, 101)
(0, -53, 101)
(0, -53, 100)
(1, -54, 99)
(0, -54, 99)
(1, -55, 99)
(0, -55, 100)
(1, -56, 100)
(1, -56, 101)
(0, -55, 102)
(1, -55, 102)
(0, -54, 103)
(0, -54, 104)
(1, -55, 104)
(0, -55, 105)
(1, -56, 105)
(0, -56, 105)
(1, -57, 105)
(0, -57, 105)
(0, -57, 104)
(1, -57, 103)
(1, -57, 102)
(0, -57, 102)
(1, -58, 101)
(0, -58, 101)
(0, -58, 100)
(0, -58, 99)
(0, -58, 98)
(1, -59, 97)
(0, -59, 98)
(0, -59, 99)
(0, -59, 100)
(1, -60, 100)
(0, -60, 101)
(1, -61, 101)
(1, -61, 102)
(0, -61, 103)
(1, -62, 103)
(1, -62, 104)
(1, -62, 105)
(1, -62, 106)
(0, -62, 107)
(1, -63, 106)
(0, -63, 107)
(1, -64, 107)
(0, -64, 107)
(0, -64, 106)
(1, -65, 105)
(0, -65, 105)
(1, -66, 105)
(1, -66, 106)
(0, -65, 107)
(0, -65, 108)
(0, -65, 109)
(0, -65, 110)
(1, -65, 110)
(1, -65, 111)
(1, -65, 112)
(0, -64, 113)
(0, -64, 114)
(0, -64, 115)
(1, -64, 115)
(1, -64, 116)
(1, -64, 117)
(0, -63, 118)
(1, -63, 117)
(1, -63, 116)
(0, -62, 116)
(1, -62, 115)
(0, -61, 115)
(1, -61, 115)
(0, -60, 116)
(1, -60, 115)
(1, -60, 114)
(0, -60, 114)
(0, -60, 113)
(0, -60, 112)
(1, -60, 111)
(1, -60, 110)
(1, -60, 109)
(0, -60, 109)
(0, -60, 108)
(1, -61, 107)
(1, -61, 106)
(0, -60, 106)
(0, -60, 105)
(1, -60, 104)
(0, -59, 104)
(1, -59, 104)
(1, -59, 105)
(1, -59, 106)
(1, -59, 107)
(0, -58, 108)
(1, -58, 108)
(0, -57, 108)
(1, -57, 107)
(0, -56, 107)
(1, -56, 107)
(1, -56, 108)
(1, -56, 109)
(0, -55, 110)
(0, -55, 111)
(1, -56, 111)
(0, -56, 111)
(1, -57, 111)
(0, -57, 111)
(1, -58, 110)
(0, -58, 111)
(0, -58, 112)
(1, -59, 112)
(1, -59, 113)
(0, -58, 114)
(1, -58, 113)
(0, -57, 113)
(1, -57, 113)
(1, -57, 114)
(1, -57, 115)
(0, -56, 116)
(1, -56, 115)
(0, -55, 116)
(0, -55, 117)
(0, -55, 118)
(0, -55, 119)
(1, -56, 119)
(1, -56, 120)
(0, -56, 121)
(1, -57, 121)
(1, -57, 122)
(0, -57, 123)
(1, -58, 123)
(1, -58, 124)
(0, -58, 125)
(1, -59, 124)
(1, -59, 123)
(0, -59, 123)
(0, -59, 122)
(1, -59, 121)
(0, -58, 122)
(1, -58, 121)
(1, -58, 120)
(0, -58, 120)
(1, -59, 119)
(0, -59, 120)
(1, -60, 120)
(0, -60, 121)
(0, -60, 122)
(0, -60, 123)
(1, -61, 123)
(1, -61, 124)
(1, -61, 125)
(1, -61, 126)
(1, -61, 127)
(0, -61, 128)
(1, -62, 128)
(0, -62, 128)
(1, -63, 127)
(0, -63, 128)
(1, -64, 127)
(1, -64, 126)
(1, -64, 125)
(0, -63, 125)
(1, -63, 124)
(1, -63, 123)
(0, -63, 123)
(1, -64, 123)
(0, -64, 123)
(1, -65, 122)
(1, -65, 121)
(1, -65, 120)
(1, -65, 119)
(0, -65, 119)
(1, -66, 118)
(0, -66, 118)
(1, -67, 117)
(0, -67, 117)
(0, -67, 116)
(0, -67, 115)
(0, -67, 114)
(1, -67, 113)
(1, -67, 112)
(0, -66, 112)
(0, -66, 111)
(0, -66, 110)
(1, -67, 109)
(0, -67, 110)
(0, -67, 111)
(1, -68, 111)
(0, -68, 112)
(1, -69, 111)
(0, -69, 111)
(0, -69, 110)
(1, -70, 109)
(1, -70, 108)
(0, -70, 108)
(1, -71, 108)
(0, -71, 108)
(1, -72, 108)
(1, -72, 109)
(0, -72, 110)
(1, -73, 110)
(0, -73, 111)
(1, -74, 110)
(0, -74, 110)
(1, -75, 109)
(0, -75, 110)
(1, -76, 110)
(0, -76, 110)
(0, -76, 109)
(1, -77, 108)
(0, -77, 108)
(0, -77, 107)
(1, -78, 106)
(0, -78, 106)
(0, -78, 105)
(1, -79, 104)
(1, -79, 103)
(0, -79, 103)
(1, -80, 103)
(0, -80, 103)
(1, -81, 102)
(0, -81, 102)
(0, -81, 101)
(1, -82, 100)
(0, -82, 101)
(1, -83, 100)
(1, -83, 99)
(0, -83, 99)
(0, -83, 98)
(1, -84, 97)
(0, -84, 98)
(1, -85, 98)
(0, -85, 98)
(1, -86, 98)
(0, -86, 99)
(1, -87, 99)
(0, -87, 100)
(1, -88, 99)
(1, -88, 98)
(0, -87, 98)
(1, -87, 97)
(0, -86, 97)
(0, -86, 96)
(1, -86, 95)
(1, -86, 94)
(0, -85, 94)
(1, -85, 94)
(0, -84, 95)
(1, -84, 94)
(0, -83, 94)
(1, -83, 94)
(1, -83, 95)
(0, -82, 96)
(0, -82, 97)
(1, -82, 97)
(0, -81, 97)
(1, -81, 97)
(1, -81, 98)
(0, -80, 99)
(0, -80, 100)
(1, -80, 100)
(0, -79, 101)
(1, -79, 100)
(0, -78, 101)
(0, -78, 102)
(1, -78, 102)
(0, -77, 103)
(1, -77, 102)
(0, -76, 103)
(0, -76, 104)
(1, -76, 104)
(1, -76, 105)
(0, -76, 106)
(0, -76, 107)
(1, -76, 107)
(0, -75, 107)
(1, -75, 106)
(0, -74, 107)
(1, -74, 107)
(1, -74, 108)
(0, -73, 109)
(1, -73, 108)
(1, -73, 107)
(0, -72, 107)
(0, -72, 106)
(1, -72, 105)
(0, -71, 106)
(1, -71, 105)
(0, -70, 106)
(1, -70, 106)
(0, -69, 107)
(1, -69, 106)
(0, -68, 106)
(0, -68, 105)
(1, -68, 104)
(0, -67, 104)
(0, -67, 103)
(1, -68, 102)
(0, -68, 103)
(1, -69, 102)
(1, -69, 101)
(0, -69, 101)
(0, -69, 100)
(1, -69, 99)
(0, -68, 100)
(1, -68, 99)
(0, -67, 100)
(1, -67, 99)
(1, -67, 98)
(1, -67, 97)
(0, -66, 97)
(0, -66, 96)
(1, -67, 95)
(1, -67, 94)
(0, -67, 94)
(0, -67, 93)
(0, -67, 92)
(1, -67, 91)
(0, -66, 91)
(1, -66, 91)
(0, -65, 92)
(0, -65, 93)
(1, -65, 93)
(0, -64, 94)
(0, -64, 95)
(1, -64, 95)
(1, -64, 96)
(0, -64, 97)
(1, -65, 96)
(0, -65, 97)
(0, -65, 98)
(1, -66, 98)
(1, -66, 99)
(1, -66, 100)
(0, -66, 101)
(0, -66, 102)
(1, -66, 102)
(0, -65, 102)
(1, -65, 102)
(0, -64, 103)
(0, -64, 104)
(1, -64, 104)
(0, -63, 105)
(1, -63, 104)
(1, -63, 103)
(1, -63, 102)
(0, -63, 102)
(0, -63, 101)
(0, -63, 100)
(1, -63, 99)
(0, -62, 100)
(1, -62, 100)
(0, -61, 100)
(0, -61, 99)
(1, -62, 98)
(1, -62, 97)
(1, -62, 96)
(0, -61, 96)
(1, -61, 96)
(0, -60, 96)
(0, -60, 95)
(1, -60, 94)
(0, -59, 94)
(1, -59, 94)
(0, -58, 94)
(1, -58, 93)
(0, -57, 94)
(1, -57, 93)
(0, -56, 94)
(0, -56, 95)
(1, -57, 95)
(1, -57, 96)
(0, -56, 97)
(0, -56, 98)
(1, -56, 98)
(0, -55, 98)
(1, -55, 97)
(1, -55, 96)
(1, -55, 95)
(0, -54, 95)
(1, -54, 94)
(1, -54, 93)
(0, -54, 93)
(0, -54, 92)
(1, -54, 91)
(0, -53, 92)
(1, -53, 92)
(0, -52, 93)
(1, -52, 93)
(0, -51, 93)
(1, -51, 92)
(0, -50, 92)
(0, -50, 91)
(1, -51, 90)
(0, -51, 90)
(1, -52, 89)
(0, -52, 90)
(1, -53, 89)
(1, -53, 88)
(1, -53, 87)
(0, -52, 87)
(0, -52, 86)
(1, -53, 85)
(0, -53, 85)
(1, -54, 85)
(0, -54, 86)
(0, -54, 87)
(1, -55, 87)
(0, -55, 87)
(1, -56, 87)
(0, -56, 88)
(1, -57, 87)
(1, -57, 86)
(0, -57, 86)
(1, -58, 86)
(0, -58, 86)
(0, -58, 85)
(0, -58, 84)
(1, -58, 83)
(0, -57, 83)
(0, -57, 82)
(1, -58, 81)
(0, -58, 82)
(1, -59, 81)
(0, -59, 82)
(1, -60, 82)
(1, -60, 83)
(1, -60, 84)
(1, -60, 85)
(0, -60, 86)
(1, -61, 85)
(0, -61, 86)
(1, -62, 85)
(0, -62, 85)
(1, -63, 85)
(1, -63, 86)
(0, -63, 87)
(1, -64, 87)
(0, -64, 87)
(1, -65, 86)
(0, -65, 87)
(1, -66, 86)
(1, -66, 85)
(0, -65, 85)
(0, -65, 84)
(0, -65, 83)
(0, -65, 82)
(0, -65, 81)
(1, -66, 80)
(0, -66, 81)
(1, -67, 80)
(0, -67, 80)
(1, -68, 79)
(0, -68, 79)
(1, -69, 78)
(1, -69, 77)
(0, -69, 77)
(1, -70, 77)
(0, -70, 77)
(1, -71, 76)
(0, -71, 76)
(1, -72, 76)
(1, -72, 77)
(0, -71, 78)
(1, -71, 78)
(1, -71, 79)
(0, -70, 80)
(1, -70, 79)
(0, -69, 80)
(0, -69, 81)
(1, -69, 81)
(0, -68, 81)
(1, -68, 81)
(1, -68, 82)
(0, -68, 83)
(1, -69, 83)
(0, -69, 83)
(1, -70, 83)
(0, -70, 84)
(1, -71, 83)
(0, -71, 83)
(0, -71, 82)
(1, -72, 81)
(0, -72, 81)
(1, -73, 80)
(0, -73, 80)
(1, -74, 80)
(0, -74, 80)
(1, -75, 79)
(0, -75, 79)
(0, -75, 78)
(1, -75, 77)
(0, -74, 77)
(1, -74, 77)
(0, -73, 77)
(1, -73, 76)
(1, -73, 75)
(0, -73, 75)
(0, -73, 74)
(1, -73, 73)
(1, -73, 72)
(0, -73, 72)
(0, -73, 71)
(0, -73, 70)
(1, -74, 69)
(1, -74, 68)
(1, -74, 67)
(1, -74, 66)
(0, -73, 66)
(0, -73, 65)
(0, -73, 64)
(1, -74, 63)
(0, -74, 63)
(1, -75, 62)
(1, -75, 61)
(0, -74, 61)
(0, -74, 60)
(1, -74, 59)
(0, -73, 60)
(1, -73, 60)
(1, -73, 61)
(1, -73, 62)
(0, -72, 63)
(0, -72, 64)
(1, -72, 64)
(1, -72, 65)
(0, -71, 66)
(1, -71, 65)
(0, -70, 65)
(1, -70, 65)
(0, -69, 66)
(1, -69, 66)
(0, -68, 67)
(0, -68, 68)
(1, -68, 68)
(0, -67, 68)
(0, -67, 67)
(0, -67, 66)
(1, -67, 65)
(0, -66, 65)
(0, -66, 64)
(1, -67, 63)
(0, -67, 63)
(0, -67, 62)
(1, -67, 61)
(0, -66, 62)
(1, -66, 61)
(0, -65, 62)
(1, -65, 62)
(1, -65, 63)
(0, -64, 64)
(1, -64, 63)
(1, -64, 62)
(1, -64, 61)
(0, -63, 61)
(1, -63, 61)
(1, -63, 62)
(0, -62, 63)
(1, -62, 63)
(0, -61, 64)
(0, -61, 65)
(1, -61, 65)
(0, -60, 66)
(1, -60, 65)
(0, -59, 66)
(1, -59, 65)
(0, -58, 66)
(0, -58, 67)
(1, -58, 67)
(0, -57, 68)
(1, -57, 67)
(0, -56, 68)
(1, -56, 67)
(1, -56, 66)
(0, -55, 66)
(1, -55, 65)
(0, -54, 65)
(1, -54, 65)
(0, -53, 66)
(1, -53, 66)
(0, -52, 67)
(1, -52, 67)
(0, -51, 67)
(1, -51, 66)
(0, -50, 66)
(1, -50, 65)
(1, -50, 64)
(0, -50, 64)
(1, -51, 64)
(0, -51, 64)
(0, -51, 63)
(0, -51, 62)
(0, -51, 61)
(1, -52, 60)
(1, -52, 59)
(1, -52, 58)
(0, -52, 58)
(1, -53, 57)
(1, -53, 56)
(1, -53, 55)
(0, -53, 55)
(1, -54, 54)
(0, -54, 54)
(1, -55, 53)
(0, -55, 53)
(1, -56, 52)
(1, -56, 51)
(0, -55, 51)
(0, -55, 50)
(1, -56, 49)
(1, -56, 48)
(0, -56, 48)
(0, -56, 47)
(0, -56, 46)
(1, -57, 45)
(1, -57, 44)
(0, -56, 44)
(1, -56, 44)
(0, -55, 45)
(0, -55, 46)
(0, -55, 47)
(1, -55, 47)
(0, -54, 48)
(0, -54, 49)
(0, -54, 50)
(1, -54, 50)
(1, -54, 51)
(1, -54, 52)
(0, -53, 53)
(1, -53, 53)
(0, -52, 53)
(1, -52, 52)
(0, -51, 52)
(0, -51, 51)
(0, -51, 50)
(0, -51, 49)
(0, -51, 48)
(0, -51, 47)
(1, -51, 46)
(1, -51, 45)
(0, -51, 45)
(0, -51, 44)
(0, -51, 43)
(1, -52, 42)
(0, -52, 43)
(1, -53, 43)
(0, -53, 43)
(0, -53, 42)
(1, -54, 41)
(0, -54, 42)
(1, -55, 42)
(0, -55, 42)
(1, -56, 42)
(0, -56, 42)
(1, -57, 41)
(0, -57, 41)
(0, -57, 40)
(1, -57, 39)
(0, -56, 39)
(0, -56, 38)
(1, -57, 37)
(0, -57, 37)
(0, -57, 36)
(0, -57, 35)
(0, -57, 34)
(1, -57, 33)
(0, -56, 34)
(0, -56, 35)
(0, -56, 36)
(1, -56, 36)
(0, -55, 36)
(1, -55, 36)
(1, -55, 37)
(0, -55, 38)
(0, -55, 39)
(1, -55, 39)
(0, -54, 39)
(1, -54, 39)
(0, -53, 40)
(1, -53, 40)
(0, -52, 41)
(1, -52, 40)
(1, -52, 39)
(1, -52, 38)
(0, -51, 38)
(1, -51, 38)
(1, -51, 39)
(1, -51, 40)
(1, -51, 41)
(0, -50, 42)
(0, -50, 43)
(1, -50, 43)
(0, -49, 43)
(0, -49, 42)
(0, -49, 41)
(0, -49, 40)
(1, -49, 39)
(0, -48, 39)
(1, -48, 39)
(0, -47, 39)
(0, -47, 38)
(0, -47, 37)
(1, -47, 36)
(0, -46, 36)
(0, -46, 35)
(0, -46, 34)
(1, -46, 33)
(1, -46, 32)
(1, -46, 31)
(0, -46, 31)
(0, -46, 30)
(0, -46, 29)
(1, -47, 28)
(0, -47, 29)
(0, -47, 30)
(0, -47, 31)
(1, -48, 31)
(0, -48, 32)
(1, -49, 32)
(1, -49, 33)
(0, -49, 34)
(0, -49, 35)
(1, -49, 35)
(1, -49, 36)
(1, -49, 37)
(0, -49, 38)
(1, -50, 37)
(0, -50, 37)
(0, -50, 36)
(1, -51, 35)
(0, -51, 36)
(1, -52, 36)
(0, -52, 36)
(1, -53, 35)
(1, -53, 34)
(0, -53, 34)
(0, -53, 33)
(1, -54, 32)
(0, -54, 33)
(1, -55, 32)
(0, -55, 32)
(0, -55, 31)
(1, -55, 30)
(0, -54, 31)
(1, -54, 30)
(0, -53, 30)
(1, -53, 30)
(0, -52, 30)
(1, -52, 30)
(1, -52, 31)
(1, -52, 32)
(0, -51, 33)
(1, -51, 32)
(0, -50, 32)
(1, -50, 31)
(1, -50, 30)
(0, -49, 30)
(0, -49, 29)
(1, -50, 28)
(1, -50, 27)
(1, -50, 26)
(0, -49, 26)
(1, -49, 25)
(0, -48, 26)
(1, -48, 25)
(1, -48, 24)
(0, -47, 24)
(0, -47, 23)
(1, -48, 22)
(0, -48, 23)
(1, -49, 22)
(1, -49, 21)
(1, -49, 20)
(0, -49, 20)
(0, -49, 19)
(0, -49, 18)
(0, -49, 17)
(1, -50, 16)
(0, -50, 17)
(0, -50, 18)
(0, -50, 19)
(1, -51, 19)
(0, -51, 19)
(1, -52, 18)
(0, -52, 19)
(1, -53, 18)
(0, -53, 18)
(1, -54, 18)
(0, -54, 19)
(1, -55, 19)
(1, -55, 20)
(0, -54, 21)
(1, -54, 20)
(0, -53, 20)
(1, -53, 20)
(1, -53, 21)
(0, -52, 22)
(0, -52, 23)
(1, -52, 23)
(1, -52, 24)
(1, -52, 25)
(0, -51, 26)
(0, -51, 27)
(1, -52, 27)
(0, -52, 27)
(1, -53, 27)
(0, -53, 28)
(1, -54, 27)
(1, -54, 26)
(1, -54, 25)
(0, -54, 25)
(1, -55, 25)
(0, -55, 25)
(0, -55, 24)
(1, -56, 23)
(0, -56, 24)
(1, -57, 23)
(0, -57, 23)
(1, -58, 22)
(0, -58, 22)
(1, -59, 21)
(0, -59, 21)
(1, -60, 21)
(1, -60, 22)
(1, -60, 23)
(0, -59, 24)
(1, -59, 24)
(0, -58, 25)
(1, -58, 24)
(0, -57, 25)
(0, -57, 26)
(1, -57, 26)
(1, -57, 27)
(1, -57, 28)
(0, -57, 29)
(1, -58, 29)
(1, -58, 30)
(0, -58, 31)
(1, -59, 30)
(0, -59, 30)
(1, -60, 30)
(0, -60, 30)
(1, -61, 30)
(0, -61, 31)
(0, -61, 32)
(0, -61, 33)
(1, -62, 33)
(0, -62, 34)
(0, -62, 35)
(1, -63, 35)
(1, -63, 36)
(1, -63, 37)
(0, -63, 38)
(0, -63, 39)
(1, -63, 39)
(0, -62, 39)
(1, -62, 39)
(0, -61, 40)
(1, -61, 39)
(0, -60, 40)
(1, -60, 39)
(0, -59, 39)
(1, -59, 39)
(0, -58, 40)
(0, -58, 41)
(1, -59, 41)
(0, -59, 41)
(1, -60, 41)
(1, -60, 42)
(0, -60, 43)
(0, -60, 44)
(1, -61, 44)
(0, -61, 45)
(1, -62, 44)
(1, -62, 43)
(0, -62, 43)
(0, -62, 42)
(1, -63, 41)
(0, -63, 42)
(1, -64, 42)
(0, -64, 42)
(0, -64, 41)
(0, -64, 40)
(0, -64, 39)
(0, -64, 38)
(0, -64, 37)
(1, -65, 36)
(1, -65, 35)
(0, -64, 35)
(0, -64, 34)
(0, -64, 33)
(0, -64, 32)
(1, -65, 31)
(0, -65, 32)
(1, -66, 31)
(0, -66, 32)
(0, -66, 33)
(1, -67, 33)
(1, -67, 34)
(0, -67, 35)
(1, -68, 34)
(0, -68, 35)
(0, -68, 36)
(1, -69, 36)
(0, -69, 37)
(1, -70, 37)
(0, -70, 37)
(0, -70, 36)
(1, -70, 35)
(1, -70, 34)
(0, -70, 34)
(0, -70, 33)
(0, -70, 32)
(0, -70, 31)
(0, -70, 30)
(1, -70, 29)
(1, -70, 28)
(0, -69, 28)
(1, -69, 28)
(1, -69, 29)
(1, -69, 30)
(0, -68, 31)
(1, -68, 30)
(0, -67, 30)
(1, -67, 29)
(1, -67, 28)
(0, -66, 28)
(1, -66, 27)
(0, -65, 27)
(1, -65, 27)
(0, -64, 28)
(1, -64, 28)
(0, -63, 28)
(1, -63, 28)
(0, -62, 29)
(1, -62, 28)
(0, -61, 28)
(1, -61, 28)
(0, -60, 28)
(1, -60, 27)
(0, -59, 28)
(1, -59, 27)
(1, -59, 26)
(0, -59, 26)
(1, -60, 25)
(0, -60, 25)
(1, -61, 25)
(0, -61, 25)
(1, -62, 24)
(1, -62, 23)
(0, -61, 23)
(0, -61, 22)
(1, -62, 21)
(1, -62, 20)
(1, -62, 19)
(1, -62, 18)
(1, -62, 17)
(0, -62, 17)
(1, -63, 16)
(0, -63, 17)
(1, -64, 16)
(1, -64, 15)
(1, -64, 14)
(0, -64, 14)
(0, -64, 13)
(0, -64, 12)
(1, -65, 11)
(0, -65, 11)
(1, -66, 11)
(1, -66, 12)
(0, -65, 13)
(0, -65, 14)
(1, -66, 14)
(0, -66, 15)
(1, -67, 14)
(0, -67, 14)
(1, -68, 14)
(0, -68, 15)
(1, -69, 15)
(0, -69, 16)
(0, -69, 17)
(1, -69, 17)
(0, -68, 18)
(1, -68, 18)
(0, -67, 18)
(1, -67, 18)
(1, -67, 19)
(0, -66, 20)
(0, -66, 21)
(1, -66, 21)
(1, -66, 22)
(0, -65, 23)
(1, -65, 23)
(0, -64, 23)
(1, -64, 22)
(0, -63, 23)
(1, -63, 23)
(1, -63, 24)
(0, -63, 25)
(1, -64, 24)
(0, -64, 25)
(1, -65, 25)
(0, -65, 25)
(1, -66, 24)
(0, -66, 24)
(1, -67, 24)
(0, -67, 25)
(0, -67, 26)
(1, -68, 26)
(0, -68, 26)
(0, -68, 25)
(1, -69, 24)
(0, -69, 24)
(0, -69, 23)
(0, -69, 22)
(0, -69, 21)
(0, -69, 20)
(0, -69, 19)
(1, -70, 18)
(0, -70, 19)
(1, -71, 18)
(0, -71, 18)
(1, -72, 17)
(0, -72, 17)
(1, -73, 16)
(0, -73, 17)
(1, -74, 17)
(0, -74, 18)
(1, -75, 18)
(1, -75, 19)
(0, -75, 20)
(1, -76, 19)
(1, -76, 18)
(0, -76, 18)
(1, -77, 17)
(1, -77, 16)
(0, -76, 16)
(0, -76, 15)
(1, -76, 14)
(1, -76, 13)
(0, -75, 13)
(1, -75, 13)
(0, -74, 14)
(1, -74, 14)
(0, -73, 15)
(1, -73, 14)
(0, -72, 14)
(1, -72, 14)
(0, -71, 15)
(1, -71, 14)
(0, -70, 14)
(1, -70, 14)
(0, -69, 14)
(1, -69, 13)
(0, -68, 13)
(0, -68, 12)
(1, -68, 11)
(1, -68, 10)
(1, -68, 9)
(0, -67, 9)
(1, -67, 8)
(0, -66, 9)
(1, -66, 8)
(1, -66, 7)
(1, -66, 6)
(1, -66, 5)
(0, -65, 5)
(1, -65, 4)
(0, -64, 5)
(1, -64, 4)
(1, -64, 3)
(1, -64, 2)
(1, -64, 1)
(0, -63, 1)
(1, -63, 1)
(0, -62, 2)
(1, -62, 2)
(0, -61, 2)
(0, -61, 1)
(1, -61, 0)
(1, -61, -1)
(0, -61, -1)
(1, -62, -1)
(0, -62, -1)
(1, -63, -1)
(0, -63, -1)
(0, -63, -2)
(0, -63, -3)
(1, -64, -4)
(0, -64, -3)
(1, -65, -4)
(1, -65, -5)
(0, -64, -5)
(0, -64, -6)
(1, -65, -7)
(0, -65, -7)
(1, -66, -8)
(0, -66, -8)
(1, -67, -8)
(0, -67, -8)
(1, -68, -8)
(0, -68, -7)
(1, -69, -7)
(1, -69, -6)
(0, -69, -5)
(1, -70, -6)
(0, -70, -5)
(1, -71, -6)
(0, -71, -5)
(1, -72, -6)
(0, -72, -5)
(1, -73, -5)
(0, -73, -4)
(0, -73, -3)
(1, -73, -3)
(0, -72, -3)
(1, -72, -4)
(0, -71, -3)
(0, -71, -2)
(0, -71, -1)
(1, -72, -1)
(0, -72, -1)
(1, -73, -1)
(1, -73, 0)
(0, -73, 1)
(1, -74, 0)
(1, -74, -1)
(0, -74, -1)
(0, -74, -2)
(0, -74, -3)
(0, -74, -4)
(0, -74, -5)
(0, -74, -6)
(1, -75, -7)
(0, -75, -6)
(1, -76, -6)
(1, -76, -5)
(0, -76, -4)
(0, -76, -3)
(1, -76, -3)
(1, -76, -2)
(0, -76, -1)
(1, -77, -1)
(0, -77, 0)
(1, -78, 0)
(1, -78, 1)
(0, -77, 2)
(0, -77, 3)
(0, -77, 4)
(0, -77, 5)
(1, -78, 5)
(1, -78, 6)
(1, -78, 7)
(0, -77, 8)
(1, -77, 8)
(0, -76, 8)
(1, -76, 7)
(1, -76, 6)
(0, -75, 6)
(0, -75, 5)
(1, -75, 4)
(1, -75, 3)
(0, -75, 3)
(1, -76, 2)
(1, -76, 1)
(0, -75, 1)
(1, -75, 1)
(0, -74, 2)
(1, -74, 2)
(0, -73, 3)
(0, -73, 4)
(0, -73, 5)
(1, -73, 5)
(1, -73, 6)
(0, -72, 7)
(1, -72, 7)
(1, -72, 8)
(0, -72, 9)
(1, -73, 9)
(1, -73, 10)
(0, -73, 11)
(0, -73, 12)
(1, -74, 12)
(0, -74, 12)
(1, -75, 11)
(0, -75, 11)
(0, -75, 10)
(1, -76, 9)
(0, -76, 10)
(1, -77, 10)
(1, -77, 11)
(0, -77, 12)
(1, -78, 11)
(0, -78, 11)
(1, -79, 11)
(1, -79, 12)
(0, -79, 13)
(1, -80, 12)
(0, -80, 12)
(1, -81, 11)
(0, -81, 12)
(0, -81, 13)
(1, -81, 13)
(0, -80, 14)
(1, -80, 14)
(1, -80, 15)
(1, -80, 16)
(1, -80, 17)
(1, -80, 18)
(0, -79, 19)
(1, -79, 19)
(0, -78, 20)
(0, -78, 21)
(1, -78, 21)
(0, -77, 22)
(0, -77, 23)
(0, -77, 24)
(0, -77, 25)
(1, -78, 25)
(0, -78, 25)
(1, -79, 25)
(1, -79, 26)
(0, -78, 27)
(1, -78, 27)
(0, -77, 28)
(1, -77, 28)
(1, -77, 29)
(1, -77, 30)
(0, -76, 31)
(1, -76, 30)
(0, -75, 31)
(1, -75, 30)
(0, -74, 31)
(1, -74, 31)
(1, -74, 32)
(0, -74, 33)
(1, -75, 32)
(0, -75, 33)
(1, -76, 32)
(0, -76, 33)
(0, -76, 34)
(1, -76, 34)
(1, -76, 35)
(0, -76, 36)
(1, -77, 35)
(0, -77, 36)
(0, -77, 37)
(0, -77, 38)
(1, -77, 38)
(1, -77, 39)
(0, -77, 40)
(0, -77, 41)
(1, -78, 41)
(0, -78, 42)
(1, -79, 41)
(0, -79, 41)
(1, -80, 41)
(0, -80, 41)
(1, -81, 40)
(0, -81, 41)
(1, -82, 41)
(0, -82, 41)
(1, -83, 41)
(1, -83, 42)
(1, -83, 43)
(0, -83, 44)
(1, -84, 43)
(0, -84, 44)
(0, -84, 45)
(1, -84, 45)
(0, -83, 46)
(1, -83, 46)
(0, -82, 47)
(0, -82, 48)
(0, -82, 49)
(1, -83, 49)
(1, -83, 50)
(0, -82, 51)
(1, -82, 50)
(0, -81, 51)
(0, -81, 52)
(0, -81, 53)
(0, -81, 54)
(1, -81, 54)
(1, -81, 55)
(1, -81, 56)
(0, -81, 57)
(1, -82, 57)
(1, -82, 58)
(1, -82, 59)
(1, -82, 60)
(0, -82, 61)
(1, -83, 60)
(1, -83, 59)
(0, -83, 59)
(0, -83, 58)
(1, -83, 57)
(1, -83, 56)
(0, -83, 56)
(1, -84, 55)
(0, -84, 55)
(1, -85, 55)
(1, -85, 56)
(0, -85, 57)
(1, -86, 56)
(0, -86, 57)
(1, -87, 57)
(1, -87, 58)
(0, -86, 59)
(1, -86, 58)
(0, -85, 59)
(0, -85, 60)
(1, -86, 60)
(0, -86, 61)
(0, -86, 62)
(1, -86, 62)
(0, -85, 63)
(0, -85, 64)
(1, -86, 64)
(0, -86, 65)
(1, -87, 64)
(1, -87, 63)
(0, -87, 63)
(0, -87, 62)
(1, -88, 61)
(1, -88, 60)
(0, -88, 60)
(0, -88, 59)
(1, -89, 58)
(1, -89, 57)
(0, -88, 57)
(0, -88, 56)
(1, -89, 55)
(0, -89, 56)
(1, -90, 55)
(0, -90, 55)
(0, -90, 54)
(1, -90, 53)
(0, -89, 54)
(1, -89, 53)
(1, -89, 52)
(1, -89, 51)
(0, -88, 51)
(0, -88, 50)
(1, -89, 49)
(1, -89, 48)
(1, -89, 47)
(1, -89, 46)
(0, -89, 46)
(1, -90, 45)
(1, -90, 44)
(0, -90, 44)
(0, -90, 43)
(1, -90, 42)
(0, -89, 42)
(1, -89, 42)
(1, -89, 43)
(0, -88, 44)
(0, -88, 45)
(1, -88, 45)
(0, -87, 45)
(0, -87, 44)
(1, -87, 43)
(0, -86, 43)
(0, -86, 42)
(1, -87, 41)
(1, -87, 40)
(0, -87, 40)
(1, -88, 40)
(0, -88, 40)
(1, -89, 40)
(0, -89, 40)
(1, -90, 39)
(0, -90, 39)
(1, -91, 38)
(1, -91, 37)
(0, -91, 37)
(1, -92, 37)
(0, -92, 38)
(1, -93, 37)
(0, -93, 37)
(0, -93, 36)
(1, -94, 35)
(0, -94, 35)
(0, -94, 34)
(1, -95, 33)
(1, -95, 32)
(0, -95, 32)
(0, -95, 31)
(0, -95, 30)
(1, -95, 29)
(0, -94, 30)
(1, -94, 30)
(1, -94, 31)
(1, -94, 32)
(0, -93, 33)
(1, -93, 32)
(1, -93, 31)
(1, -93, 30)
(0, -92, 30)
(1, -92, 29)
(0, -91, 30)
(0, -91, 31)
(1, -91, 31)
(1, -91, 32)
(0, -90, 33)
(1, -90, 32)
(0, -89, 32)
(1, -89, 31)
(0, -88, 32)
(1, -88, 32)
(1, -88, 33)
(0, -88, 34)
(1, -89, 33)
(0, -89, 34)
(0, -89, 35)
(1, -90, 35)
(1, -90, 36)
(0, -89, 37)
(0, -89, 38)
(1, -89, 38)
(0, -88, 38)
(0, -88, 37)
(1, -88, 36)
(1, -88, 35)
(0, -87, 35)
(1, -87, 34)
(1, -87, 33)
(0, -86, 33)
(0, -86, 32)
(1, -86, 31)
(0, -85, 32)
(1, -85, 31)
(0, -84, 32)
(1, -84, 31)
(0, -83, 31)
(0, -83, 30)
(1, -83, 29)
(0, -82, 30)
(1, -82, 29)
(0, -81, 29)
(0, -81, 28)
(0, -81, 27)
(1, -82, 26)
(0, -82, 27)
(1, -83, 27)
(0, -83, 28)
(1, -84, 28)
(0, -84, 28)
(1, -85, 27)
(0, -85, 28)
(1, -86, 28)
(1, -86, 29)
(0, -86, 30)
(1, -87, 29)
(0, -87, 29)
(1, -88, 29)
(0, -88, 30)
(1, -89, 29)
(1, -89, 28)
(1, -89, 27)
(1, -89, 26)
(1, -89, 25)
(0, -89, 25)
(1, -90, 24)
(1, -90, 23)
(1, -90, 22)
(1, -90, 21)
(0, -89, 21)
(1, -89, 21)
(0, -88, 22)
(1, -88, 22)
(1, -88, 23)
(0, -87, 24)
(1, -87, 24)
(1, -87, 25)
(0, -87, 26)
(0, -87, 27)
(1, -87, 27)
(0, -86, 27)
(1, -86, 26)
(0, -85, 26)
(1, -85, 25)
(1, -85, 24)
(1, -85, 23)
(0, -85, 23)
(0, -85, 22)
(0, -85, 21)
(1, -86, 20)
(1, -86, 19)
(0, -85, 19)
(1, -85, 18)
(0, -84, 18)
(1, -84, 17)
(1, -84, 16)
(0, -83, 16)
(1, -83, 15)
(0, -82, 16)
(1, -82, 16)
(0, -81, 16)
(0, -81, 15)
(1, -82, 14)
(0, -82, 14)
(0, -82, 13)
(1, -83, 12)
(0, -83, 13)
(0, -83, 14)
(1, -84, 14)
(0, -84, 15)
(1, -85, 15)
(0, -85, 16)
(0, -85, 17)
(1, -86, 17)
(0, -86, 18)
(1, -87, 17)
(0, -87, 18)
(1, -88, 17)
(1, -88, 16)
(0, -88, 16)
(1, -89, 16)
(0, -89, 17)
(0, -89, 18)
(1, -90, 18)
(0, -90, 19)
(0, -90, 20)
(1, -91, 20)
(1, -91, 21)
(0, -91, 22)
(1, -92, 21)
(1, -92, 20)
(0, -92, 20)
(1, -93, 20)
(1, -93, 21)
(1, -93, 22)
(1, -93, 23)
(1, -93, 24)
(0, -93, 25)
(1, -94, 25)
(0, -94, 25)
(0, -94, 24)
(1, -95, 23)
(0, -95, 23)
(1, -96, 23)
(1, -96, 24)
(0, -95, 25)
(0, -95, 26)
(1, -96, 26)
(0, -96, 27)
(1, -97, 27)
(1, -97, 28)
(0, -97, 29)
(0, -97, 30)
(1, -98, 30)
(0, -98, 31)
(0, -98, 32)
(1, -99, 32)
(0, -99, 33)
(1, -100, 32)
(1, -100, 31)
(0, -100, 31)
(0, -100, 30)
(0, -100, 29)
(0, -100, 28)
(0, -100, 27)
(0, -100, 26)
(0, -100, 25)
(0, -100, 24)
(1, -100, 23)
(0, -99, 23)
(1, -99, 22)
(1, -99, 21)
(0, -99, 21)
(1, -100, 21)
(0, -100, 21)
(0, -100, 20)
(1, -100, 19)
(0, -99, 19)
(0, -99, 18)
(0, -99, 17)
(1, -100, 16)
(1, -100, 15)
(0, -99, 15)
(1, -99, 14)
(0, -98, 15)
(1, -98, 15)
(0, -97, 16)
(1, -97, 16)
(1, -97, 17)
(1, -97, 18)
(0, -97, 19)
(0, -97, 20)
(1, -98, 20)
(1, -98, 21)
(0, -97, 22)
(1, -97, 21)
(0, -96, 22)
(1, -96, 21)
(1, -96, 20)
(0, -95, 20)
(0, -95, 19)
(1, -96, 18)
(1, -96, 17)
(0, -95, 17)
(1, -95, 17)
(0, -94, 18)
(1, -94, 18)
(0, -93, 18)
(0, -93, 17)
(0, -93, 16)
(1, -94, 15)
(0, -94, 16)
(1, -95, 15)
(1, -95, 14)
(0, -95, 14)
(1, -96, 14)
(0, -96, 14)
(1, -97, 13)
(0, -97, 13)
(1, -98, 12)
(0, -98, 13)
(1, -99, 12)
(0, -99, 12)
(0, -99, 11)
(0, -99, 10)
(0, -99, 9)
(0, -99, 8)
(1, -99, 7)
(1, -99, 6)
(1, -99, 5)
(0, -99, 5)
(0, -99, 4)
(1, -100, 3)
(0, -100, 3)
(0, -100, 2)
(0, -100, 1)
(0, -100, 0)
(0, -100, -1)
(1, -100, -2)
(0, -99, -2)
(0, -99, -3)
(1, -100, -4)
(0, -100, -4)
(0, -100, -5)
(1, -100, -6)
(0, -99, -5)
(1, -99, -6)
(0, -98, -6)
(1, -98, -6)
(1, -98, -5)
(0, -97, -4)
(1, -97, -4)
(0, -96, -3)
(1, -96, -4)
(0, -95, -4)
(0, -95, -5)
(0, -95, -6)
(1, -95, -7)
(0, -94, -7)
(1, -94, -8)
(0, -93, -7)
(1, -93, -7)
(0, -92, -7)
(1, -92, -7)
(1, -92, -6)
(1, -92, -5)
(0, -91, -4)
(0, -91, -3)
(1, -92, -3)
(1, -92, -2)
(0, -91, -1)
(1, -91, -1)
(0, -90, -1)
(1, -90, -2)
(1, -90, -3)
(0, -89, -3)
(1, -89, -3)
(1, -89, -2)
(1, -89, -1)
(1, -89, 0)
(0, -89, 1)
(1, -90, 0)
(0, -90, 1)
(0, -90, 2)
(0, -90, 3)
(1, -91, 3)
(0, -91, 3)
(0, -91, 2)
(1, -92, 1)
(1, -92, 0)
(0, -92, 0)
(1, -93, 0)
(0, -93, 0)
(1, -94, 0)
(0, -94, 1)
(1, -95, 1)
(0, -95, 2)
(1, -96, 1)
(0, -96, 1)
(1, -97, 1)
(1, -97, 2)
(1, -97, 3)
(1, -97, 4)
(0, -96, 5)
(0, -96, 6)
(1, -96, 6)
(0, -95, 6)
(1, -95, 5)
(1, -95, 4)
(0, -94, 4)
(1, -94, 3)
(1, -94, 2)
(0, -93, 2)
(1, -93, 2)
(1, -93, 3)
(0, -92, 4)
(1, -92, 4)
(1, -92, 5)
(1, -92, 6)
(1, -92, 7)
(0, -92, 8)
(1, -93, 7)
(1, -93, 6)
(0, -93, 6)
(1, -94, 6)
(0, -94, 7)
(0, -94, 8)
(1, -94, 8)
(1, -94, 9)
(1, -94, 10)
(0, -93, 11)
(1, -93, 11)
(0, -92, 11)
(1, -92, 11)
(0, -91, 11)
(1, -91, 10)
(0, -90, 11)
(1, -90, 11)
(0, -89, 11)
(0, -89, 10)
(0, -89, 9)
(0, -89, 8)
(1, -90, 7)
(1, -90, 6)
(0, -89, 6)
(0, -89, 5)
(0, -89, 4)
(0, -89, 3)
(1, -89, 2)
(0, -88, 3)
(1, -88, 2)
(0, -87, 2)
(0, -87, 1)
(1, -88, 0)
(1, -88, -1)
(1, -88, -2)
(0, -87, -2)
(1, -87, -2)
(0, -86, -2)
(0, -86, -3)
(1, -87, -4)
(0, -87, -4)
(1, -88, -4)
(0, -88, -4)
(0, -88, -5)
(1, -88, -6)
(0, -87, -6)
(1, -87, -7)
(0, -86, -6)
(0, -86, -5)
(1, -86, -5)
(0, -85, -4)
(1, -85, -4)
(1, -85, -3)
(1, -85, -2)
(0, -85, -1)
(1, -86, -1)
(0, -86, 0)
(0, -86, 1)
(1, -86, 1)
(1, -86, 2)
(1, -86, 3)
(0, -85, 4)
(1, -85, 3)
(1, -85, 2)
(0, -84, 2)
(1, -84, 1)
(1, -84, 0)
(0, -83, 0)
(1, -83, 0)
(0, -82, 0)
(1, -82, -1)
(0, -81, 0)
(1, -81, 0)
(1, -81, 1)
(0, -80, 2)
(1, -80, 1)
(0, -79, 2)
(1, -79, 1)
(1, -79, 0)
(0, -79, 0)
(1, -80, -1)
(0, -80, -1)
(0, -80, -2)
(1, -80, -3)
(0, -79, -3)
(0, -79, -4)
(1, -80, -5)
(0, -80, -4)
(1, -81, -4)
(0, -81, -4)
(1, -82, -4)
(0, -82, -4)
(1, -83, -5)
(0, -83, -5)
(1, -84, -6)
(1, -84, -7)
(1, -84, -8)
(0, -84, -8)
(1, -85, -8)
(0, -85, -7)
(1, -86, -8)
(1, -86, -9)
(1, -86, -10)
(0, -86, -10)
(1, -87, -11)
(1, -87, -12)
(1, -87, -13)
(0, -86, -13)
(1, -86, -14)
(1, -86, -15)
(1, -86, -16)
(1, -86, -17)
(1, -86, -18)
(1, -86, -19)
(1, -86, -20)
(0, -86, -20)
(1, -87, -20)
(0, -87, -20)
(1, -88, -20)
(0, -88, -20)
(0, -88, -21)
(0, -88, -22)
(0, -88, -23)
(1, -89, -24)
(1, -89, -25)
(1, -89, -26)
(0, -89, -26)
(1, -90, -26)
(0, -90, -26)
(1, -91, -27)
(0, -91, -26)
(1, -92, -26)
(1, -92, -25)
(0, -91, -24)
(1, -91, -25)
(0, -90, -24)
(1, -90, -24)
(1, -90, -23)
(0, -90, -22)
(1, -91, -23)
(0, -91, -22)
(0, -91, -21)
(1, -91, -21)
(1, -91, -20)
(0, -90, -19)
(0, -90, -18)
(0, -90, -17)
(1, -90, -17)
(0, -89, -17)
(0, -89, -18)
(1, -89, -19)
(0, -88, -18)
(1, -88, -18)
(1, -88, -17)
(0, -87, -16)
(1, -87, -16)
(1, -87, -15)
(0, -87, -14)
(1, -88, -15)
(0, -88, -15)
(1, -89, -16)
(0, -89, -15)
(0, -89, -14)
(0, -89, -13)
(0, -89, -12)
(1, -89, -12)
(0, -88, -11)
(1, -88, -11)
(1, -88, -10)
(0, -87, -9)
(0, -87, -8)
(1, -88, -8)
(0, -88, -8)
(1, -89, -9)
(1, -89, -10)
(0, -89, -10)
(1, -90, -10)
(0, -90, -10)
(0, -90, -11)
(1, -91, -12)
(1, -91, -13)
(0, -90, -13)
(0, -90, -14)
(0, -90, -15)
(1, -91, -16)
(0, -91, -15)
(1, -92, -15)
(0, -92, -14)
(0, -92, -13)
(1, -92, -13)
(1, -92, -12)
(1, -92, -11)
(0, -91, -10)
(0, -91, -9)
(1, -92, -9)
(0, -92, -9)
(1, -93, -10)
(0, -93, -9)
(1, -94, -10)
(0, -94, -9)
(1, -95, -10)
(0, -95, -9)
(0, -95, -8)
(1, -96, -8)
(0, -96, -8)
(1, -97, -9)
(0, -97, -8)
(1, -98, -9)
(0, -98, -8)
(1, -99, -9)
(0, -99, -8)
(1, -100, -9)
(1, -100, -10)
(0, -100, -10)
(0, -100, -11)
(1, -100, -12)
(0, -99, -12)
(1, -99, -13)
(0, -98, -12)
(1, -98, -13)
(1, -98, -14)
(1, -98, -15)
(1, -98, -16)
(1, -98, -17)
(1, -98, -18)
(1, -98, -19)
(1, -98, -20)
(0, -97, -20)
(1, -97, -20)
(0, -96, -20)
(1, -96, -21)
(0, -95, -21)
(0, -95, -22)
(1, -96, -23)
(0, -96, -22)
(1, -97, -22)
(0, -97, -22)
(1, -98, -22)
(0, -98, -22)
(0, -98, -23)
(1, -99, -24)
(0, -99, -24)
(0, -99, -25)
(0, -99, -26)
(1, -99, -27)
(0, -98, -26)
(1, -98, -27)
(0, -97, -27)
(1, -97, -27)
(1, -97, -26)
(0, -96, -25)
(1, -96, -25)
(0, -95, -24)
(1, -95, -24)
(0, -94, -23)
(1, -94, -24)
(1, -94, -25)
(0, -93, -25)
(0, -93, -26)
(1, -93, -27)
(1, -93, -28)
(0, -92, -28)
(0, -92, -29)
(1, -93, -30)
(0, -93, -30)
(1, -94, -31)
(1, -94, -32)
(1, -94, -33)
(0, -93, -33)
(1, -93, -34)
(1, -93, -35)
(1, -93, -36)
(0, -93, -36)
(1, -94, -36)
(0, -94, -35)
(0, -94, -34)
(1, -95, -34)
(1, -95, -33)
(1, -95, -32)
(0, -95, -31)
(1, -96, -31)
(1, -96, -30)
(0, -96, -29)
(1, -97, -30)
(1, -97, -31)
(1, -97, -32)
(0, -97, -32)
(0, -97, -33)
(1, -98, -34)
(1, -98, -35)
(0, -98, -35)
(1, -99, -36)
(0, -99, -36)
(1, -100, -36)
(0, -100, -36)
(0, -100, -37)
(0, -100, -38)
(1, -100, -39)
(0, -99, -39)
(0, -99, -40)
(1, -100, -41)
(1, -100, -42)
(0, -100, -42)
(0, -100, -43)
(1, -100, -44)
(0, -99, -44)
(1, -99, -45)
(0, -98, -44)
(1, -98, -45)
(0, -97, -45)
(1, -97, -45)
(0, -96, -44)
(1, -96, -45)
(0, -95, -45)
(1, -95, -45)
(0, -94, -44)
(0, -94, -43)
(1, -94, -43)
(0, -93, -43)
(1, -93, -43)
(1, -93, -42)
(0, -93, -41)
(1, -94, -41)
(0, -94, -41)
(1, -95, -41)
(0, -95, -40)
(1, -96, -40)
(1, -96, -39)
(1, -96, -38)
(0, -95, -37)
(1, -95, -38)
(0, -94, -38)
(1, -94, -39)
(0, -93, -38)
(1, -93, -38)
(0, -92, -37)
(1, -92, -38)
(0, -91, -37)
(1, -91, -37)
(1, -91, -36)
(0, -90, -35)
(1, -90, -36)
(1, -90, -37)
(1, -90, -38)
(1, -90, -39)
(1, -90, -40)
(1, -90, -41)
(0, -89, -41)
(0, -89, -42)
(1, -90, -43)
(0, -90, -43)
(0, -90, -44)
(1, -91, -45)
(1, -91, -46)
(0, -91, -46)
(1, -92, -47)
(1, -92, -48)
(1, -92, -49)
(0, -91, -49)
(0, -91, -50)
(1, -91, -51)
(0, -90, -50)
(0, -90, -49)
(0, -90, -48)
(1, -90, -48)
(1, -90, -47)
(1, -90, -46)
(0, -89, -45)
(1, -89, -45)
(1, -89, -44)
(0, -88, -43)
(0, -88, -42)
(1, -88, -42)
(0, -87, -41)
(0, -87, -40)
(0, -87, -39)
(0, -87, -38)
(1, -87, -38)
(0, -86, -38)
(0, -86, -39)
(0, -86, -40)
(1, -86, -41)
(0, -85, -41)
(0, -85, -42)
(1, -86, -43)
(1, -86, -44)
(0, -86, -44)
(1, -87, -45)
(1, -87, -46)
(0, -87, -46)
(1, -88, -47)
(0, -88, -46)
(1, -89, -47)
(1, -89, -48)
(0, -88, -48)
(1, -88, -49)
(1, -88, -50)
(0, -87, -50)
(1, -87, -51)
(1, -87, -52)
(1, -87, -53)
(0, -86, -53)
(1, -86, -53)
(0, -85, -53)
(1, -85, -53)
(0, -84, -53)
(0, -84, -54)
(0, -84, -55)
(1, -85, -56)
(0, -85, -55)
(1, -86, -56)
(1, -86, -57)
(0, -86, -57)
(1, -87, -58)
(1, -87, -59)
(0, -87, -59)
(1, -88, -60)
(0, -88, -59)
(1, -89, -60)
(0, -89, -59)
(1, -90, -60)
(0, -90, -60)
(0, -90, -61)
(1, -90, -62)
(0, -89, -62)
(0, -89, -63)
(0, -89, -64)
(1, -90, -65)
(0, -90, -64)
(1, -91, -64)
(1, -91, -63)
(0, -91, -62)
(1, -92, -62)
(0, -92, -62)
(1, -93, -62)
(0, -93, -62)
(1, -94, -62)
(1, -94, -61)
(0, -94, -60)
(1, -95, -60)
(0, -95, -60)
(1, -96, -61)
(0, -96, -61)
(0, -96, -62)
(1, -96, -63)
(0, -95, -63)
(0, -95, -64)
(1, -96, -65)
(0, -96, -64)
(1, -97, -65)
(1, -97, -66)
(1, -97, -67)
(0, -97, -67)
(0, -97, -68)
(1, -98, -69)
(0, -98, -69)
(1, -99, -70)
(0, -99, -69)
(1, -100, -70)
(0, -100, -69)
(0, -100, -68)
(0, -100, -67)
(0, -100, -66)
(1, -100, -66)
(0, -99, -66)
(0, -99, -67)
(1, -99, -68)
(0, -98, -67)
(0, -98, -66)
(1, -98, -66)
(1, -98, -65)
(1, -98, -64)
(0, -97, -63)
(0, -97, -62)
(1, -98, -62)
(0, -98, -62)
(1, -99, -62)
(0, -99, -61)
(0, -99, -60)
(0, -99, -59)
(0, -99, -58)
(1, -99, -58)
(1, -99, -57)
(1, -99, -56)
(0, -98, -55)
(0, -98, -54)
(1, -99, -54)
(0, -99, -54)
(1, -100, -55)
(0, -100, -54)
(0, -100, -53)
(0, -100, -52)
(0, -100, -51)
(1, -100, -51)
(0, -99, -51)
(1, -99, -52)
(0, -98, -51)
(1, -98, -52)
(0, -97, -52)
(1, -97, -53)
(1, -97, -54)
(0, -96, -54)
(1, -96, -54)
(0, -95, -53)
(1, -95, -53)
(1, -95, -52)
(1, -95, -51)
(1, -95, -50)
(1, -95, -49)
(0, -94, -48)
(0, -94, -47)
(1, -94, -47)
(0, -93, -46)
(1, -93, -47)
(1, -93, -48)
(0, -93, -48)
(0, -93, -49)
(0, -93, -50)
(1, -93, -51)
(0, -92, -51)
(0, -92, -52)
(1, -93, -53)
(0, -93, -53)
(1, -94, -54)
(0, -94, -54)
(0, -94, -55)
(0, -94, -56)
