(1, -82, 195)
(1, -82, 194)
(0, -82, 194)
(1, -83, 194)
(0, -83, 195)
(0, -83, 196)
(1, -84, 196)
(0, -84, 196)
(1, -85, 196)
(0, -85, 197)
(1, -86, 197)
(1, -86, 198)
(0, -86, 199)
(1, -87, 199)
(0, -87, 200)
(1, -88, 200)
(0, -88, 200)
(1, -89, 199)
(0, -89, 199)
(1, -90, 199)
(0, -90, 199)
(1, -91, 198)
(0, -91, 199)
(0, -91, 200)
(1, -92, 200)
(0, -92, 200)
(1, -93, 199)
(0, -93, 199)
(1, -94, 198)
(1, -94, 197)
(0, -93, 197)
(0, -93, 196)
(0, -93, 195)
(1, -93, 194)
(1, -93, 193)
(0, -93, 193)
(1, -94, 192)
(1, -94, 191)
(0, -93, 191)
(0, -93, 190)
(0, -93, 189)
(0, -93, 188)
(1, -93, 187)
(1, -93, 186)
(1, -93, 185)
(0, -92, 185)
(1, -92, 184)
(1, -92, 183)
(1, -92, 182)
(0, -91, 182)
(0, -91, 181)
(0, -91, 180)
(1, -92, 179)
(0, -92, 179)
(1, -93, 178)
(0, -93, 178)
(1, -94, 177)
(1, -94, 176)
(1, -94, 175)
(0, -94, 175)
(1, -95, 175)
(0, -95, 176)
(1, -96, 176)
(0, -96, 176)
(1, -97, 175)
(0, -97, 176)
(1, -98, 176)
(0, -98, 176)
(1, -99, 175)
(1, -99, 174)
(0, -99, 174)
(1, -100, 174)
(0, -100, 174)
(0, -100, 173)
(1, -100, 172)
(1, -100, 171)
(0, -99, 171)
(1, -99, 171)
(1, -99, 172)
(0, -98, 173)
(1, -98, 173)
(0, -97, 173)
(1, -97, 172)
(1, -97, 171)
(0, -97, 171)
(0, -97, 170)
(0, -97, 169)
(1, -98, 168)
(0, -98, 169)
(1, -99, 168)
(1, -99, 167)
(0, -99, 167)
(1, -100, 166)
(1, -100, 165)
(0, -100, 165)
(0, -100, 164)
(1, -100, 163)
(0, -99, 163)
(0, -99, 162)
(1, -100, 161)
(1, -100, 160)
(0, -99, 160)
(1, -99, 160)
(0, -98, 160)
(0, -98, 159)
(0, -98, 158)
(1, -99, 157)
(0, -99, 158)
(1, -100, 158)
(0, -100, 158)
(0, -100, 157)
(0, -100, 156)
(1, -100, 155)
(0, -99, 156)
(1, -99, 155)
(0, -98, 155)
(1, -98, 154)
(0, -97, 155)
(1, -97, 155)
(1, -97, 156)
(0, -96, 157)
(1, -96, 157)
(1, -96, 158)
(1, -96, 159)
(0, -95, 160)
(1, -95, 160)
(0, -94, 161)
(0, -94, 162)
(1, -95, 162)
(1, -95, 163)
(0, -94, 164)
(1, -94, 163)
(0, -93, 163)
(1, -93, 163)
(1, -93, 164)
(1, -93, 165)
(1, -93, 166)
(1, -93, 167)
(0, -93, 168)
(1, -94, 168)
(0, -94, 169)
(1, -95, 168)
(0, -95, 168)
(1, -96, 168)
(0, -96, 169)
(0, -96, 170)
(1, -96, 170)
(1, -96, 171)
(1, -96, 172)
(0, -95, 173)
(1, -95, 172)
(1, -95, 171)
(0, -94, 171)
(1, -94, 170)
(0, -93, 170)
(1, -93, 169)
(0, -92, 169)
(1, -92, 168)
(0, -91, 168)
(0, -91, 167)
(1, -91, 166)
(1, -91, 165)
(1, -91, 164)
(1, -91, 163)
(0, -90, 163)
(0, -90, 162)
(0, -90, 161)
(1, -91, 160)
(0, -91, 161)
(1, -92, 161)
(0, -92, 161)
(1, -93, 161)
(0, -93, 161)
(0, -93, 160)
(0, -93, 159)
(1, -93, 158)
(1, -93, 157)
(0, -93, 157)
(1, -94, 157)
(0, -94, 157)
(1, -95, 156)
(1, -95, 155)
(0, -95, 155)
(0, -95, 154)
(1, -95, 153)
(0, -94, 153)
(1, -94, 152)
(0, -93, 152)
(1, -93, 151)
(1, -93, 150)
(0, -92, 150)
(1, -92, 150)
(0, -91, 150)
(1, -91, 150)
(1, -91, 151)
(0, -91, 152)
(0, -91, 153)
(0, -91, 154)
(0, -91, 155)
(1, -91, 155)
(0, -90, 155)
(0, -90, 154)
(1, -90, 153)
(1, -90, 152)
(1, -90, 151)
(1, -90, 150)
(0, -89, 150)
(0, -89, 149)
(1, -89, 148)
(0, -88, 149)
(1, -88, 148)
(1, -88, 147)
(0, -88, 147)
(1, -89, 146)
(1, -89, 145)
(0, -88, 145)
(0, -88, 144)
(0, -88, 143)
(0, -88, 142)
(0, -88, 141)
(1, -89, 140)
(0, -89, 140)
(1, -90, 140)
(0, -90, 140)
(1, -91, 140)
(1, -91, 141)
(1, -91, 142)
(0, -91, 143)
(1, -92, 142)
(0, -92, 142)
(1, -93, 142)
(1, -93, 143)
(0, -93, 144)
(1, -94, 143)
(0, -94, 143)
(0, -94, 142)
(1, -94, 141)
(1, -94, 140)
(0, -93, 140)
(1, -93, 140)
(0, -92, 140)
(0, -92, 139)
(1, -93, 138)
(0, -93, 138)
(0, -93, 137)
(1, -94, 136)
(1, -94, 135)
(0, -94, 135)
(0, -94, 134)
(1, -95, 133)
(0, -95, 133)
(1, -96, 133)
(1, -96, 134)
(0, -95, 135)
(0, -95, 136)
(1, -96, 136)
(1, -96, 137)
(1, -96, 138)
(0, -96, 139)
(1, -97, 138)
(0, -97, 138)
(1, -98, 138)
(0, -98, 138)
(0, -98, 137)
(1, -98, 136)
(1, -98, 135)
(0, -98, 135)
(1, -99, 135)
(0, -99, 135)
(0, -99, 134)
(1, -100, 133)
(0, -100, 133)
(0, -100, 132)
(1, -100, 131)
(1, -100, 130)
(0, -100, 130)
(0, -100, 129)
(1, -100, 128)
(0, -99, 129)
(1, -99, 128)
(0, -98, 128)
(0, -98, 127)
(0, -98, 126)
(0, -98, 125)
(1, -99, 124)
(1, -99, 123)
(1, -99, 122)
(0, -98, 122)
(1, -98, 122)
(1, -98, 123)
(0, -97, 124)
(1, -97, 123)
(0, -96, 123)
(1, -96, 122)
(1, -96, 121)
(0, -96, 121)
(0, -96, 120)
(1, -96, 119)
(0, -95, 120)
(1, -95, 120)
(0, -94, 121)
(1, -94, 120)
(1, -94, 119)
(0, -93, 119)
(1, -93, 119)
(1, -93, 120)
(1, -93, 121)
(0, -93, 122)
(0, -93, 123)
(1, -93, 123)
(0, -92, 124)
(1, -92, 124)
(0, -91, 125)
(1, -91, 125)
(0, -90, 125)
(1, -90, 124)
(0, -89, 124)
(1, -89, 123)
(1, -89, 122)
(0, -88, 122)
(0, -88, 121)
(0, -88, 120)
(1, -89, 119)
(1, -89, 118)
(0, -89, 118)
(0, -89, 117)
(1, -90, 116)
(0, -90, 117)
(1, -91, 117)
(0, -91, 118)
(1, -92, 117)
(0, -92, 118)
(1, -93, 117)
(1, -93, 116)
(0, -93, 116)
(1, -94, 115)
(0, -94, 115)
(0, -94, 114)
(1, -94, 113)
(0, -93, 113)
(0, -93, 112)
(1, -94, 111)
(0, -94, 111)
(0, -94, 110)
(1, -94, 109)
(0, -93, 110)
(1, -93, 109)
(1, -93, 108)
(0, -92, 108)
(1, -92, 108)
(1, -92, 109)
(1, -92, 110)
(0, -91, 111)
(0, -91, 112)
(1, -92, 112)
(1, -92, 113)
(0, -92, 114)
(0, -92, 115)
(1, -92, 115)
(0, -91, 116)
(1, -91, 115)
(0, -90, 115)
(0, -90, 114)
(0, -90, 113)
(0, -90, 112)
(0, -90, 111)
(1, -90, 110)
(0, -89, 110)
(1, -89, 110)
(0, -88, 110)
(1, -88, 109)
(1, -88, 108)
(0, -88, 108)
(0, -88, 107)
(1, -88, 106)
(0, -87, 106)
(1, -87, 106)
(0, -86, 106)
(1, -86, 105)
(0, -85, 105)
(1, -85, 105)
(1, -85, 106)
(1, -85, 107)
(0, -85, 108)
(1, -86, 107)
(0, -86, 108)
(0, -86, 109)
(0, -86, 110)
(1, -86, 110)
(0, -85, 111)
(0, -85, 112)
(1, -85, 112)
(1, -85, 113)
(0, -84, 114)
(1, -84, 114)
(0, -83, 115)
(1, -83, 115)
(1, -83, 116)
(0, -83, 117)
(1, -84, 117)
(0, -84, 117)
(1, -85, 116)
(0, -85, 116)
(0, -85, 115)
(1, -86, 114)
(0, -86, 114)
(1, -87, 113)
(0, -87, 114)
(0, -87, 115)
(1, -88, 115)
(1, -88, 116)
(1, -88, 117)
(1, -88, 118)
(0, -87, 119)
(1, -87, 119)
(0, -86, 119)
(0, -86, 118)
(1, -86, 117)
(0, -85, 118)
(1, -85, 118)
(0, -84, 119)
(1, -84, 119)
(1, -84, 120)
(0, -83, 121)
(0, -83, 122)
(0, -83, 123)
(1, -83, 123)
(0, -82, 123)
(1, -82, 122)
(0, -81, 122)
(1, -81, 121)
(1, -81, 120)
(0, -81, 120)
(0, -81, 119)
(0, -81, 118)
(1, -82, 117)
(1, -82, 116)
(1, -82, 115)
(0, -81, 115)
(1, -81, 115)
(1, -81, 116)
(0, -80, 117)
(1, -80, 116)
(0, -79, 117)
(1, -79, 116)
(1, -79, 115)
(1, -79, 114)
(0, -78, 114)
(1, -78, 113)
(1, -78, 112)
(0, -77, 112)
(1, -77, 112)
(0, -76, 112)
(0, -76, 111)
(1, -77, 110)
(0, -77, 110)
(1, -78, 109)
(1, -78, 108)
(0, -77, 108)
(1, -77, 107)
(0, -76, 107)
(1, -76, 107)
(1, -76, 108)
(0, -75, 109)
(0, -75, 110)
(0, -75, 111)
(0, -75, 112)
(0, -75, 113)
(1, -76, 113)
(1, -76, 114)
(0, -76, 115)
(1, -77, 115)
(0, -77, 115)
(1, -78, 115)
(1, -78, 116)
(1, -78, 117)
(0, -77, 118)
(1, -77, 117)
(0, -76, 117)
(1, -76, 116)
(0, -75, 117)
(1, -75, 116)
(1, -75, 115)
(1, -75, 114)
(0, -74, 114)
(1, -74, 113)
(1, -74, 112)
(0, -73, 112)
(1, -73, 112)
(0, -72, 112)
(1, -72, 111)
(1, -72, 110)
(0, -72, 110)
(1, -73, 110)
(0, -73, 110)
(0, -73, 109)
(1, -74, 108)
(1, -74, 107)
(1, -74, 106)
(0, -73, 106)
(1, -73, 106)
(0, -72, 106)
(1, -72, 105)
(0, -71, 106)
(0, -71, 107)
(1, -71, 107)
(0, -70, 108)
(1, -70, 107)
(0, -69, 108)
(1, -69, 108)
(0, -68, 108)
(0, -68, 107)
(1, -68, 106)
(0, -67, 106)
(0, -67, 105)
(0, -67, 104)
(1, -67, 103)
(1, -67, 102)
(0, -66, 102)
(0, -66, 101)
(1, -67, 100)
(0, -67, 101)
(1, -68, 101)
(1, -68, 102)
(0, -68, 103)
(1, -69, 102)
(1, -69, 101)
(0, -69, 101)
(0, -69, 100)
(0, -69, 99)
(0, -69, 98)
(0, -69, 97)
(1, -69, 96)
(1, -69, 95)
(0, -69, 95)
(0, -69, 94)
(1, -69, 93)
(1, -69, 92)
(0, -69, 92)
(1, -70, 91)
(1, -70, 90)
(1, -70, 89)
(0, -70, 89)
(0, -70, 88)
(0, -70, 87)
(1, -70, 86)
(0, -69, 86)
(0, -69, 85)
(1, -70, 84)
(0, -70, 85)
(1, -71, 84)
(0, -71, 85)
(1, -72, 84)
(0, -72, 84)
(1, -73, 83)
(0, -73, 84)
(1, -74, 84)
(0, -74, 84)
(1, -75, 83)
(1, -75, 82)
(0, -74, 82)
(1, -74, 81)
(0, -73, 81)
(1, -73, 81)
(0, -72, 82)
(1, -72, 82)
(0, -71, 82)
(0, -71, 81)
(0, -71, 80)
(0, -71, 79)
(1, -71, 78)
(0, -70, 79)
(1, -70, 79)
(1, -70, 80)
(0, -69, 81)
(0, -69, 82)
(1, -69, 82)
(0, -68, 83)
(1, -68, 82)
(0, -67, 83)
(1, -67, 83)
(1, -67, 84)
(1, -67, 85)
(0, -67, 86)
(1, -68, 86)
(1, -68, 87)
(0, -67, 88)
(1, -67, 87)
(0, -66, 87)
(1, -66, 87)
(1, -66, 88)
(0, -66, 89)
(1, -67, 89)
(0, -67, 90)
(1, -68, 90)
(1, -68, 91)
(0, -67, 92)
(1, -67, 92)
(0, -66, 92)
(1, -66, 91)
(0, -65, 91)
(0, -65, 90)
(1, -65, 89)
(1, -65, 88)
(1, -65, 87)
(0, -64, 87)
(1, -64, 86)
(0, -63, 87)
(1, -63, 87)
(1, -63, 88)
(0, -63, 89)
(0, -63, 90)
(1, -63, 90)
(0, -62, 91)
(0, -62, 92)
(1, -62, 92)
(1, -62, 93)
(1, -62, 94)
(0, -61, 95)
(1, -61, 94)
(0, -60, 95)
(1, -60, 95)
(0, -59, 95)
(1, -59, 94)
(1, -59, 93)
(0, -58, 93)
(0, -58, 92)
(1, -58, 91)
(0, -57, 91)
(0, -57, 90)
(1, -57, 89)
(1, -57, 88)
(1, -57, 87)
(1, -57, 86)
(0, -56, 86)
(1, -56, 86)
(0, -55, 87)
(1, -55, 86)
(0, -54, 86)
(1, -54, 85)
(1, -54, 84)
(0, -53, 84)
(1, -53, 83)
(0, -52, 83)
(1, -52, 82)
(0, -51, 82)
(1, -51, 82)
(1, -51, 83)
(1, -51, 84)
(0, -51, 85)
(0, -51, 86)
(0, -51, 87)
(0, -51, 88)
(1, -51, 88)
(1, -51, 89)
(0, -50, 90)
(1, -50, 89)
(1, -50, 88)
(0, -49, 88)
(1, -49, 88)
(1, -49, 89)
(1, -49, 90)
(0, -49, 91)
(1, -50, 91)
(1, -50, 92)
(0, -49, 93)
(1, -49, 93)
(0, -48, 93)
(1, -48, 92)
(0, -47, 92)
(1, -47, 91)
(0, -46, 92)
(0, -46, 93)
(1, -46, 93)
(1, -46, 94)
(0, -46, 95)
(1, -47, 95)
(0, -47, 95)
(1, -48, 95)
(0, -48, 95)
(1, -49, 95)
(0, -49, 96)
(1, -50, 95)
(0, -50, 95)
(1, -51, 94)
(0, -51, 95)
(1, -52, 95)
(0, -52, 95)
(0, -52, 94)
(1, -53, 93)
(0, -53, 93)
(1, -54, 93)
(0, -54, 94)
(1, -55, 93)
(0, -55, 93)
(1, -56, 93)
(0, -56, 94)
(1, -57, 94)
(0, -57, 95)
(1, -58, 95)
(1, -58, 96)
(0, -57, 97)
(1, -57, 96)
(0, -56, 96)
(1, -56, 96)
(1, -56, 97)
(0, -55, 98)
(0, -55, 99)
(1, -55, 99)
(0, -54, 99)
(1, -54, 99)
(0, -53, 99)
(1, -53, 99)
(0, -52, 99)
(1, -52, 99)
(1, -52, 100)
(1, -52, 101)
(1, -52, 102)
(0, -51, 103)
(1, -51, 102)
(1, -51, 101)
(1, -51, 100)
(0, -50, 100)
(0, -50, 99)
(0, -50, 98)
(1, -50, 97)
(0, -49, 98)
(1, -49, 97)
(0, -48, 97)
(1, -48, 97)
(1, -48, 98)
(1, -48, 99)
(1, -48, 100)
(1, -48, 101)
(1, -48, 102)
(0, -48, 103)
(0, -48, 104)
(0, -48, 105)
(1, -49, 105)
(0, -49, 105)
(1, -50, 105)
(1, -50, 106)
(1, -50, 107)
(1, -50, 108)
(1, -50, 109)
(1, -50, 110)
(1, -50, 111)
(1, -50, 112)
(0, -49, 113)
(1, -49, 112)
(0, -48, 112)
(0, -48, 111)
(0, -48, 110)
(1, -48, 109)
(1, -48, 108)
(1, -48, 107)
(0, -47, 107)
(1, -47, 107)
(0, -46, 107)
(1, -46, 107)
(0, -45, 107)
(1, -45, 107)
(1, -45, 108)
(0, -44, 109)
(1, -44, 109)
(0, -43, 109)
(1, -43, 109)
(0, -42, 110)
(1, -42, 110)
(0, -41, 110)
(1, -41, 109)
(1, -41, 108)
(0, -41, 108)
(1, -42, 108)
(0, -42, 108)
(0, -42, 107)
(1, -43, 106)
(1, -43, 105)
(0, -43, 105)
(0, -43, 104)
(1, -43, 103)
(0, -42, 104)
(1, -42, 104)
(1, -42, 105)
(0, -41, 106)
(1, -41, 106)
(0, -40, 107)
(1, -40, 106)
(1, -40, 105)
(0, -39, 105)
(1, -39, 104)
(1, -39, 103)
(1, -39, 102)
(0, -39, 102)
(1, -40, 101)
(0, -40, 102)
(1, -41, 101)
(1, -41, 100)
(0, -40, 100)
(0, -40, 99)
(1, -41, 98)
(1, -41, 97)
(0, -41, 97)
(1, -42, 96)
(0, -42, 96)
(1, -43, 95)
(0, -43, 96)
(1, -44, 95)
(0, -44, 96)
(1, -45, 95)
(1, -45, 94)
(1, -45, 93)
(0, -44, 93)
(0, -44, 92)
(1, -45, 91)
(1, -45, 90)
(0, -44, 90)
(1, -44, 90)
(0, -43, 91)
(1, -43, 91)
(1, -43, 92)
(0, -42, 93)
(0, -42, 94)
(1, -42, 94)
(0, -41, 94)
(1, -41, 93)
(1, -41, 92)
(1, -41, 91)
(0, -40, 91)
(1, -40, 90)
(0, -39, 91)
(1, -39, 91)
(0, -38, 92)
(0, -38, 93)
(0, -38, 94)
(0, -38, 95)
(1, -39, 95)
(0, -39, 95)
(1, -40, 95)
(1, -40, 96)
(0, -39, 97)
(0, -39, 98)
(1, -39, 98)
(0, -38, 99)
(1, -38, 99)
(1, -38, 100)
(1, -38, 101)
(0, -37, 102)
(1, -37, 101)
(1, -37, 100)
(1, -37, 99)
(0, -36, 99)
(1, -36, 98)
(0, -35, 98)
(0, -35, 97)
(0, -35, 96)
(1, -35, 95)
(1, -35, 94)
(0, -34, 94)
(1, -34, 93)
(1, -34, 92)
(0, -33, 92)
(0, -33, 91)
(1, -33, 90)
(0, -32, 91)
(1, -32, 91)
(0, -31, 92)
(1, -31, 92)
(0, -30, 92)
(0, -30, 91)
(0, -30, 90)
(0, -30, 89)
(1, -31, 88)
(0, -31, 89)
(1, -32, 88)
(1, -32, 87)
(0, -31, 87)
(1, -31, 86)
(0, -30, 87)
(1, -30, 87)
(0, -29, 88)
(1, -29, 88)
(0, -28, 88)
(1, -28, 88)
(0, -27, 88)
(1, -27, 87)
(1, -27, 86)
(0, -26, 86)
(0, -26, 85)
(0, -26, 84)
(0, -26, 83)
(0, -26, 82)
(0, -26, 81)
(1, -27, 80)
(0, -27, 80)
(1, -28, 80)
(0, -28, 80)
(0, -28, 79)
(0, -28, 78)
(1, -28, 77)
(0, -27, 77)
(1, -27, 76)
(0, -26, 76)
(1, -26, 75)
(0, -25, 76)
(0, -25, 77)
(1, -25, 77)
(0, -24, 77)
(1, -24, 77)
(1, -24, 78)
(0, -24, 79)
(1, -25, 79)
(1, -25, 80)
(1, -25, 81)
(1, -25, 82)
(0, -24, 83)
(1, -24, 82)
(0, -23, 82)
(0, -23, 81)
(1, -23, 80)
(0, -22, 81)
(1, -22, 80)
(0, -21, 81)
(0, -21, 82)
(0, -21, 83)
(0, -21, 84)
(1, -21, 84)
(0, -20, 85)
(1, -20, 84)
(0, -19, 85)
(0, -19, 86)
(1, -19, 86)
(0, -18, 87)
(1, -18, 87)
(0, -17, 87)
(1, -17, 87)
(1, -17, 88)
(1, -17, 89)
(0, -16, 90)
(0, -16, 91)
(1, -17, 91)
(0, -17, 92)
(0, -17, 93)
(1, -18, 93)
(0, -18, 94)
(0, -18, 95)
(0, -18, 96)
(1, -18, 96)
(0, -17, 96)
(1, -17, 96)
(0, -16, 97)
(0, -16, 98)
(1, -17, 98)
(0, -17, 98)
(1, -18, 98)
(1, -18, 99)
(0, -17, 100)
(1, -17, 100)
(1, -17, 101)
(0, -17, 102)
(0, -17, 103)
(1, -18, 103)
(0, -18, 104)
(0, -18, 105)
(0, -18, 106)
(1, -18, 106)
(1, -18, 107)
(0, -17, 108)
(1, -17, 108)
(1, -17, 109)
(0, -16, 110)
(1, -16, 110)
(0, -15, 110)
(1, -15, 109)
(1, -15, 108)
(0, -15, 108)
(0, -15, 107)
(1, -16, 106)
(1, -16, 105)
(0, -15, 105)
(1, -15, 104)
(0, -14, 104)
(1, -14, 104)
(0, -13, 105)
(1, -13, 104)
(0, -12, 105)
(1, -12, 105)
(0, -11, 106)
(1, -11, 105)
(1, -11, 104)
(0, -11, 104)
(0, -11, 103)
(1, -11, 102)
(0, -10, 102)
(1, -10, 101)
(0, -9, 101)
(1, -9, 101)
(1, -9, 102)
(1, -9, 103)
(1, -9, 104)
(0, -9, 105)
(1, -10, 105)
(1, -10, 106)
(0, -10, 107)
(0, -10, 108)
(1, -10, 108)
(0, -9, 108)
(1, -9, 108)
(0, -8, 108)
(1, -8, 108)
(0, -7, 109)
(0, -7, 110)
(1, -7, 110)
(0, -6, 111)
(1, -6, 111)
(1, -6, 112)
(0, -5, 113)
(1, -5, 113)
(1, -5, 114)
(0, -4, 115)
(0, -4, 116)
(1, -5, 116)
(0, -5, 117)
(1, -6, 116)
(0, -6, 117)
(0, -6, 118)
(1, -7, 118)
(0, -7, 119)
(1, -8, 118)
(1, -8, 117)
(1, -8, 116)
(0, -8, 116)
(1, -9, 115)
(0, -9, 115)
(0, -9, 114)
(0, -9, 113)
(0, -9, 112)
(0, -9, 111)
(1, -10, 110)
(0, -10, 110)
(1, -11, 109)
(0, -11, 110)
(1, -12, 109)
(0, -12, 110)
(0, -12, 111)
(1, -12, 111)
(1, -12, 112)
(1, -12, 113)
(0, -11, 114)
(0, -11, 115)
(1, -11, 115)
(0, -10, 116)
(0, -10, 117)
(0, -10, 118)
(0, -10, 119)
(0, -10, 120)
(0, -10, 121)
(1, -11, 121)
(0, -11, 121)
(1, -12, 121)
(0, -12, 121)
(1, -13, 121)
(1, -13, 122)
(0, -12, 123)
(1, -12, 123)
(1, -12, 124)
(0, -12, 125)
(1, -13, 125)
(0, -13, 126)
(1, -14, 125)
(1, -14, 124)
(1, -14, 123)
(1, -14, 122)
(1, -14, 121)
(0, -14, 121)
(0, -14, 120)
(0, -14, 119)
(1, -14, 118)
(0, -13, 119)
(1, -13, 119)
(0, -12, 119)
(1, -12, 118)
(0, -11, 118)
(0, -11, 117)
(1, -12, 116)
(0, -12, 116)
(0, -12, 115)
(1, -13, 114)
(0, -13, 114)
(1, -14, 113)
(0, -14, 114)
(1, -15, 114)
(1, -15, 115)
(0, -15, 116)
(1, -16, 115)
(0, -16, 115)
(0, -16, 114)
(0, -16, 113)
(1, -17, 112)
(0, -17, 112)
(0, -17, 111)
(1, -18, 110)
(1, -18, 109)
(0, -18, 109)
(1, -19, 109)
(1, -19, 110)
(0, -19, 111)
(0, -19, 112)
(0, -19, 113)
(1, -20, 113)
(0, -20, 113)
(1, -21, 113)
(0, -21, 113)
(0, -21, 112)
(1, -21, 111)
(0, -20, 111)
(0, -20, 110)
(1, -21, 109)
(0, -21, 109)
(1, -22, 109)
(0, -22, 109)
(1, -23, 108)
(0, -23, 108)
(1, -24, 108)
(0, -24, 108)
(1, -25, 108)
(0, -25, 109)
(1, -26, 108)
(0, -26, 108)
(1, -27, 107)
(1, -27, 106)
(0, -27, 106)
(1, -28, 106)
(0, -28, 107)
(0, -28, 108)
(1, -29, 108)
(0, -29, 109)
(1, -30, 109)
(1, -30, 110)
(1, -30, 111)
(1, -30, 112)
(0, -30, 113)
(1, -31, 113)
(0, -31, 114)
(0, -31, 115)
(0, -31, 116)
(0, -31, 117)
(1, -31, 117)
(0, -30, 117)
(0, -30, 116)
(0, -30, 115)
(1, -30, 114)
(0, -29, 114)
(1, -29, 113)
(0, -28, 114)
(1, -28, 114)
(0, -27, 115)
(0, -27, 116)
(0, -27, 117)
(1, -28, 117)
(0, -28, 118)
(1, -29, 117)
(0, -29, 118)
(1, -30, 118)
(1, -30, 119)
(1, -30, 120)
(0, -30, 121)
(0, -30, 122)
(0, -30, 123)
(0, -30, 124)
(0, -30, 125)
(0, -30, 126)
(1, -31, 126)
(0, -31, 127)
(1, -32, 126)
(0, -32, 127)
(0, -32, 128)
(1, -32, 128)
(0, -31, 129)
(1, -31, 128)
(0, -30, 128)
(1, -30, 127)
(0, -29, 127)
(1, -29, 127)
(0, -28, 127)
(1, -28, 127)
(1, -28, 128)
(1, -28, 129)
(0, -27, 130)
(1, -27, 129)
(0, -26, 130)
(1, -26, 129)
(1, -26, 128)
(1, -26, 127)
(0, -26, 127)
(1, -27, 126)
(0, -27, 126)
(0, -27, 125)
(1, -28, 124)
(1, -28, 123)
(1, -28, 122)
(1, -28, 121)
(1, -28, 120)
(1, -28, 119)
(0, -27, 119)
(1, -27, 119)
(0, -26, 120)
(0, -26, 121)
(1, -26, 121)
(1, -26, 122)
(0, -26, 123)
(0, -26, 124)
(0, -26, 125)
(1, -26, 125)
(0, -25, 126)
(1, -25, 125)
(0, -24, 126)
(0, -24, 127)
(1, -24, 127)
(0, -23, 127)
(0, -23, 126)
(1, -23, 125)
(1, -23, 124)
(0, -23, 124)
(0, -23, 123)
(1, -24, 122)
(1, -24, 121)
(0, -23, 121)
(1, -23, 120)
(1, -23, 119)
(0, -23, 119)
(0, -23, 118)
(0, -23, 117)
(1, -24, 116)
(1, -24, 115)
(0, -24, 115)
(0, -24, 114)
(1, -25, 113)
(0, -25, 114)
(1, -26, 114)
(0, -26, 114)
(0, -26, 113)
(1, -27, 112)
(0, -27, 113)
(1, -28, 112)
(0, -28, 112)
(0, -28, 111)
(1, -28, 110)
(0, -27, 111)
(1, -27, 110)
(0, -26, 111)
(1, -26, 110)
(0, -25, 111)
(1, -25, 111)
(0, -24, 111)
(1, -24, 110)
(0, -23, 111)
(1, -23, 110)
(0, -22, 111)
(0, -22, 112)
(0, -22, 113)
(0, -22, 114)
(0, -22, 115)
(1, -22, 115)
(1, -22, 116)
(1, -22, 117)
(0, -21, 118)
(0, -21, 119)
(0, -21, 120)
(1, -22, 120)
(1, -22, 121)
(1, -22, 122)
(0, -21, 123)
(1, -21, 122)
(0, -20, 123)
(1, -20, 122)
(0, -19, 122)
(1, -19, 121)
(1, -19, 120)
(0, -19, 120)
(0, -19, 119)
(1, -20, 118)
(1, -20, 117)
(0, -19, 117)
(0, -19, 116)
(1, -19, 115)
(1, -19, 114)
(0, -18, 114)
(1, -18, 114)
(1, -18, 115)
(0, -17, 116)
(1, -17, 116)
(0, -16, 117)
(0, -16, 118)
(1, -17, 118)
(1, -17, 119)
(0, -16, 120)
(1, -16, 120)
(1, -16, 121)
(0, -16, 122)
(1, -17, 121)
(0, -17, 122)
(0, -17, 123)
(0, -17, 124)
(0, -17, 125)
(1, -18, 125)
(1, -18, 126)
(1, -18, 127)
(0, -18, 128)
(1, -19, 127)
(0, -19, 128)
(1, -20, 128)
(0, -20, 129)
(1, -21, 129)
(1, -21, 130)
(1, -21, 131)
(0, -21, 132)
(1, -22, 131)
(0, -22, 131)
(0, -22, 130)
(1, -22, 129)
(1, -22, 128)
(0, -22, 128)
(1, -23, 128)
(0, -23, 129)
(1, -24, 129)
(0, -24, 130)
(0, -24, 131)
(1, -24, 131)
(1, -24, 132)
(1, -24, 133)
(0, -23, 134)
(1, -23, 133)
(0, -22, 134)
(1, -22, 134)
(0, -21, 134)
(1, -21, 133)
(0, -20, 133)
(1, -20, 132)
(1, -20, 131)
(0, -19, 131)
(0, -19, 130)
(1, -19, 129)
(0, -18, 130)
(0, -18, 131)
(0, -18, 132)
(1, -19, 132)
(1, -19, 133)
(0, -18, 134)
(0, -18, 135)
(1, -18, 135)
(0, -17, 136)
(1, -17, 135)
(1, -17, 134)
(1, -17, 133)
(0, -17, 133)
(0, -17, 132)
(0, -17, 131)
(1, -17, 130)
(0, -16, 131)
(0, -16, 132)
(1, -16, 132)
(0, -15, 133)
(1, -15, 132)
(0, -14, 133)
(1, -14, 132)
(0, -13, 132)
(1, -13, 132)
(0, -12, 132)
(1, -12, 131)
(0, -11, 131)
(1, -11, 130)
(0, -10, 131)
(1, -10, 130)
(0, -9, 130)
(1, -9, 129)
(0, -8, 130)
(1, -8, 130)
(0, -7, 131)
(1, -7, 130)
(0, -6, 130)
(0, -6, 129)
(0, -6, 128)
(1, -7, 127)
(1, -7, 126)
(0, -7, 126)
(1, -8, 125)
(0, -8, 126)
(0, -8, 127)
(1, -9, 127)
(0, -9, 127)
(1, -10, 126)
(0, -10, 127)
(1, -11, 127)
(1, -11, 128)
(0, -11, 129)
(1, -12, 128)
(0, -12, 129)
(1, -13, 128)
(1, -13, 127)
(0, -12, 127)
(1, -12, 126)
(0, -11, 126)
(1, -11, 125)
(0, -10, 125)
(0, -10, 124)
(1, -10, 123)
(0, -9, 124)
(1, -9, 123)
(0, -8, 124)
(1, -8, 123)
(0, -7, 123)
(0, -7, 122)
(1, -7, 121)
(0, -6, 121)
(0, -6, 120)
(1, -6, 119)
(0, -5, 119)
(1, -5, 118)
(0, -4, 118)
(1, -4, 117)
(0, -3, 118)
(1, -3, 117)
(0, -2, 117)
(1, -2, 116)
(0, -1, 117)
(0, -1, 118)
(1, -2, 118)
(0, -2, 119)
(1, -3, 119)
(0, -3, 120)
(0, -3, 121)
(0, -3, 122)
(1, -3, 122)
(1, -3, 123)
(1, -3, 124)
(0, -3, 125)
(0, -3, 126)
(0, -3, 127)
(1, -3, 127)
(0, -2, 127)
(1, -2, 126)
(1, -2, 125)
(1, -2, 124)
(1, -2, 123)
(0, -1, 123)
(0, -1, 122)
(0, -1, 121)
(1, -1, 120)
(0, 0, 121)
(1, 0, 120)
(0, 1, 120)
(1, 1, 120)
(1, 1, 121)
(0, 2, 122)
(1, 2, 121)
(0, 3, 122)
(1, 3, 121)
(1, 3, 120)
(0, 4, 120)
(0, 4, 119)
(1, 3, 118)
(0, 3, 119)
(1, 2, 119)
(0, 2, 119)
(0, 2, 118)
(1, 1, 117)
(0, 1, 117)
(1, 0, 116)
(1, 0, 115)
(0, 1, 115)
(0, 1, 114)
(0, 1, 113)
(1, 1, 112)
(0, 2, 112)
(0, 2, 111)
(1, 2, 110)
(0, 3, 111)
(1, 3, 110)
(1, 3, 109)
(0, 4, 109)
(0, 4, 108)
(0, 4, 107)
(1, 3, 106)
(1, 3, 105)
(0, 3, 105)
(1, 2, 105)
(1, 2, 106)
(0, 2, 107)
(0, 2, 108)
(0, 2, 109)
(1, 1, 109)
(0, 1, 109)
(0, 1, 108)
(0, 1, 107)
(1, 0, 106)
(0, 0, 106)
(1, -1, 105)
(0, -1, 105)
(0, -1, 104)
(1, -1, 103)
(0, 0, 104)
(1, 0, 103)
(1, 0, 102)
(1, 0, 101)
(0, 1, 101)
(0, 1, 100)
(1, 0, 99)
(0, 0, 100)
(1, -1, 99)
(0, -1, 100)
(1, -2, 99)
(1, -2, 98)
(0, -2, 98)
(1, -3, 98)
(0, -3, 99)
(1, -4, 99)
(0, -4, 99)
(1, -5, 98)
(1, -5, 97)
(1, -5, 96)
(0, -5, 96)
(1, -6, 96)
(1, -6, 97)
(0, -6, 98)
(1, -7, 98)
(0, -7, 99)
(1, -8, 98)
(0, -8, 99)
(1, -9, 98)
(0, -9, 99)
(1, -10, 98)
(1, -10, 97)
(0, -9, 97)
(0, -9, 96)
(1, -9, 95)
(0, -8, 96)
(1, -8, 95)
(0, -7, 95)
(1, -7, 95)
(0, -6, 95)
(0, -6, 94)
(1, -6, 93)
(1, -6, 92)
(1, -6, 91)
(1, -6, 90)
(0, -6, 90)
(1, -7, 89)
(0, -7, 89)
(1, -8, 89)
(0, -8, 89)
(1, -9, 89)
(1, -9, 90)
(0, -9, 91)
(0, -9, 92)
(1, -9, 92)
(1, -9, 93)
(0, -9, 94)
(1, -10, 93)
(0, -10, 93)
(0, -10, 92)
(1, -11, 91)
(0, -11, 91)
(0, -11, 90)
(1, -11, 89)
(0, -10, 90)
(1, -10, 89)
(1, -10, 88)
(0, -9, 88)
(0, -9, 87)
(1, -10, 86)
(1, -10, 85)
(1, -10, 84)
(1, -10, 83)
(0, -9, 83)
(0, -9, 82)
(1, -9, 81)
(0, -8, 82)
(0, -8, 83)
(1, -8, 83)
(1, -8, 84)
(0, -8, 85)
(0, -8, 86)
(0, -8, 87)
(1, -8, 87)
(0, -7, 87)
(1, -7, 87)
(0, -6, 88)
(1, -6, 87)
(1, -6, 86)
(1, -6, 85)
(1, -6, 84)
(1, -6, 83)
(1, -6, 82)
(1, -6, 81)
(0, -5, 81)
(1, -5, 81)
(0, -4, 81)
(0, -4, 80)
(0, -4, 79)
(1, -4, 78)
(1, -4, 77)
(0, -4, 77)
(0, -4, 76)
(0, -4, 75)
(0, -4, 74)
(1, -5, 73)
(0, -5, 73)
(1, -6, 73)
(0, -6, 73)
(1, -7, 72)
(0, -7, 72)
(1, -8, 72)
(0, -8, 72)
(0, -8, 71)
(0, -8, 70)
(0, -8, 69)
(0, -8, 68)
(0, -8, 67)
(1, -9, 66)
(0, -9, 67)
(1, -10, 67)
(0, -10, 68)
(1, -11, 68)
(0, -11, 68)
(1, -12, 67)
(0, -12, 67)
(1, -13, 67)
(1, -13, 68)
(1, -13, 69)
(0, -12, 70)
(1, -12, 69)
(0, -11, 70)
(0, -11, 71)
(1, -11, 71)
(1, -11, 72)
(0, -10, 73)
(0, -10, 74)
(0, -10, 75)
(1, -10, 75)
(0, -9, 76)
(1, -9, 75)
(0, -8, 75)
(1, -8, 75)
(1, -8, 76)
(1, -8, 77)
(0, -8, 78)
(1, -9, 78)
(1, -9, 79)
(0, -9, 80)
(1, -10, 80)
(0, -10, 81)
(1, -11, 80)
(1, -11, 79)
(1, -11, 78)
(0, -11, 78)
(1, -12, 78)
(0, -12, 78)
(0, -12, 77)
(0, -12, 76)
(0, -12, 75)
(1, -13, 74)
(0, -13, 75)
(1, -14, 74)
(0, -14, 75)
(1, -15, 75)
(0, -15, 76)
(1, -16, 76)
(0, -16, 77)
(1, -17, 77)
(1, -17, 78)
(0, -17, 79)
(1, -18, 78)
(0, -18, 78)
(1, -19, 78)
(0, -19, 79)
(0, -19, 80)
(0, -19, 81)
(1, -20, 81)
(0, -20, 81)
(0, -20, 80)
(1, -21, 79)
(0, -21, 79)
(0, -21, 78)
(1, -21, 77)
(0, -20, 78)
(1, -20, 77)
(1, -20, 76)
(0, -19, 76)
(0, -19, 75)
(0, -19, 74)
(0, -19, 73)
(0, -19, 72)
(1, -19, 71)
(0, -18, 71)
(1, -18, 70)
(0, -17, 71)
(1, -17, 71)
(1, -17, 72)
(1, -17, 73)
(0, -17, 74)
(1, -18, 74)
(0, -18, 75)
(0, -18, 76)
(1, -18, 76)
(0, -17, 76)
(1, -17, 75)
(0, -16, 75)
(1, -16, 74)
(0, -15, 74)
(1, -15, 73)
(1, -15, 72)
(0, -14, 72)
(1, -14, 72)
(0, -13, 73)
(1, -13, 72)
(1, -13, 71)
(0, -13, 71)
(1, -14, 70)
(1, -14, 69)
(0, -14, 69)
(1, -15, 69)
(0, -15, 70)
(1, -16, 70)
(0, -16, 70)
(0, -16, 69)
(1, -17, 68)
(0, -17, 69)
(1, -18, 68)
(1, -18, 67)
(0, -18, 67)
(1, -19, 66)
(0, -19, 66)
(0, -19, 65)
(0, -19, 64)
(1, -19, 63)
(0, -18, 63)
(1, -18, 62)
(0, -17, 62)
(1, -17, 62)
(0, -16, 62)
(1, -16, 62)
(0, -15, 62)
(1, -15, 61)
(1, -15, 60)
(0, -15, 60)
(1, -16, 59)
(0, -16, 59)
(0, -16, 58)
(0, -16, 57)
(1, -16, 56)
(0, -15, 56)
(0, -15, 55)
(1, -15, 54)
(0, -14, 55)
(1, -14, 55)
(0, -13, 55)
(1, -13, 54)
(0, -12, 54)
(1, -12, 53)
(0, -11, 53)
(1, -11, 53)
(0, -10, 54)
(1, -10, 54)
(0, -9, 54)
(1, -9, 54)
(0, -8, 54)
(1, -8, 54)
(1, -8, 55)
(1, -8, 56)
(0, -7, 57)
(1, -7, 57)
(0, -6, 57)
(0, -6, 56)
(1, -7, 55)
(1, -7, 54)
(1, -7, 53)
(1, -7, 52)
(0, -6, 52)
(1, -6, 51)
(0, -5, 51)
(1, -5, 50)
(0, -4, 51)
(1, -4, 50)
(0, -3, 51)
(1, -3, 50)
(0, -2, 51)
(0, -2, 52)
(0, -2, 53)
(0, -2, 54)
(1, -2, 54)
(1, -2, 55)
(0, -1, 56)
(0, -1, 57)
(1, -2, 57)
(1, -2, 58)
(0, -2, 59)
(0, -2, 60)
(1, -2, 60)
(1, -2, 61)
(0, -1, 62)
(1, -1, 61)
(1, -1, 60)
(0, 0, 60)
(0, 0, 59)
(1, 0, 58)
(0, 1, 58)
(0, 1, 57)
(0, 1, 56)
(0, 1, 55)
(1, 0, 54)
(0, 0, 54)
(1, -1, 53)
(1, -1, 52)
(1, -1, 51)
(1, -1, 50)
(0, 0, 50)
(1, 0, 50)
(1, 0, 51)
(1, 0, 52)
(0, 1, 53)
(1, 1, 53)
(0, 2, 53)
(0, 2, 52)
(1, 2, 51)
(1, 2, 50)
(1, 2, 49)
(0, 3, 49)
(0, 3, 48)
(1, 2, 47)
(1, 2, 46)
(1, 2, 45)
(0, 3, 45)
(1, 3, 45)
(0, 4, 45)
(1, 4, 44)
(1, 4, 43)
(0, 5, 43)
(0, 5, 42)
(1, 4, 41)
(1, 4, 40)
(0, 4, 40)
(1, 3, 40)
(0, 3, 40)
(0, 3, 39)
(1, 3, 38)
(0, 4, 38)
(1, 4, 37)
(0, 5, 38)
(0, 5, 39)
(1, 5, 39)
(0, 6, 40)
(1, 6, 40)
(0, 7, 40)
(1, 7, 39)
(0, 8, 39)
(1, 8, 39)
(0, 9, 39)
(1, 9, 39)
(0, 10, 40)
(1, 10, 40)
(0, 11, 41)
(1, 11, 40)
(1, 11, 39)
(0, 12, 39)
(0, 12, 38)
(1, 12, 37)
(0, 13, 38)
(1, 13, 37)
(1, 13, 36)
(0, 14, 36)
(1, 14, 36)
(0, 15, 36)
(0, 15, 35)
(1, 14, 34)
(0, 14, 34)
(1, 13, 33)
(0, 13, 33)
(1, 12, 33)
(0, 12, 34)
(1, 11, 33)
(1, 11, 32)
(1, 11, 31)
(0, 12, 31)
(1, 12, 30)
(0, 13, 31)
(1, 13, 31)
(0, 14, 31)
(0, 14, 30)
(0, 14, 29)
(0, 14, 28)
(1, 14, 27)
(0, 15, 28)
(1, 15, 27)
(0, 16, 27)
(0, 16, 26)
(1, 16, 25)
(0, 17, 25)
(0, 17, 24)
(0, 17, 23)
(0, 17, 22)
(1, 16, 21)
(0, 16, 22)
(1, 15, 22)
(0, 15, 23)
(1, 14, 22)
(1, 14, 21)
(0, 14, 21)
(1, 13, 20)
(1, 13, 19)
(1, 13, 18)
(0, 13, 18)
(1, 12, 17)
(0, 12, 17)
(1, 11, 17)
(1, 11, 18)
(0, 12, 19)
(0, 12, 20)
(0, 12, 21)
(1, 11, 21)
(0, 11, 21)
(1, 10, 21)
(0, 10, 22)
(1, 9, 22)
(0, 9, 22)
(1, 8, 22)
(1, 8, 23)
(1, 8, 24)
(1, 8, 25)
(0, 9, 26)
(1, 9, 25)
(0, 10, 26)
(0, 10, 27)
(0, 10, 28)
(1, 10, 28)
(0, 11, 28)
(1, 11, 27)
(0, 12, 27)
(1, 12, 27)
(1, 12, 28)
(0, 12, 29)
(1, 11, 29)
(0, 11, 30)
(1, 10, 30)
(1, 10, 31)
(1, 10, 32)
(1, 10, 33)
(0, 10, 34)
(1, 9, 34)
(1, 9, 35)
(0, 9, 36)
(1, 8, 35)
(1, 8, 34)
(1, 8, 33)
(0, 8, 33)
(1, 7, 32)
(0, 7, 33)
(0, 7, 34)
(0, 7, 35)
(1, 7, 35)
(1, 7, 36)
(1, 7, 37)
(0, 7, 38)
(1, 6, 37)
(1, 6, 36)
(0, 6, 36)
(1, 5, 35)
(0, 5, 36)
(1, 4, 35)
(0, 4, 36)
(1, 3, 35)
(1, 3, 34)
(1, 3, 33)
(0, 3, 33)
(0, 3, 32)
(0, 3, 31)
(1, 2, 30)
(1, 2, 29)
(0, 3, 29)
(0, 3, 28)
(0, 3, 27)
(1, 2, 26)
(1, 2, 25)
(0, 3, 25)
(1, 3, 24)
(0, 4, 25)
(1, 4, 24)
(0, 5, 25)
(1, 5, 24)
(0, 6, 25)
(1, 6, 25)
(0, 7, 25)
(0, 7, 24)
(1, 6, 23)
(1, 6, 22)
(0, 7, 22)
(0, 7, 21)
(1, 7, 20)
(0, 8, 21)
(1, 8, 20)
(1, 8, 19)
(1, 8, 18)
(0, 9, 18)
(0, 9, 17)
(1, 9, 16)
(0, 10, 16)
(1, 10, 15)
(0, 11, 15)
(0, 11, 14)
(1, 10, 13)
(0, 10, 13)
(1, 9, 12)
(0, 9, 13)
(1, 8, 12)
(0, 8, 12)
(1, 7, 11)
(1, 7, 10)
(1, 7, 9)
(0, 7, 9)
(0, 7, 8)
(1, 7, 7)
(1, 7, 6)
(0, 7, 6)
(1, 6, 6)
(0, 6, 6)
(1, 5, 5)
(0, 5, 6)
(0, 5, 7)
(1, 5, 7)
(1, 5, 8)
(1, 5, 9)
(0, 5, 10)
(0, 5, 11)
(1, 4, 11)
(0, 4, 12)
(0, 4, 13)
(1, 3, 13)
(0, 3, 14)
(1, 2, 14)
(1, 2, 15)
(0, 2, 16)
(1, 1, 15)
(1, 1, 14)
(1, 1, 13)
(0, 2, 13)
(1, 2, 12)
(1, 2, 11)
(1, 2, 10)
(1, 2, 9)
(1, 2, 8)
(1, 2, 7)
(1, 2, 6)
(1, 2, 5)
(0, 2, 5)
(0, 2, 4)
(1, 2, 3)
(1, 2, 2)
(1, 2, 1)
(0, 2, 1)
(0, 2, 0)
(0, 2, -1)
(1, 2, -2)
(0, 3, -2)
(1, 3, -3)
(1, 3, -4)
(0, 3, -4)
(1, 2, -4)
(0, 2, -3)
(1, 1, -4)
(1, 1, -5)
(0, 1, -5)
(0, 1, -6)
(1, 0, -7)
(0, 0, -6)
(1, -1, -6)
(1, -1, -5)
(1, -1, -4)
(0, -1, -3)
(1, -2, -4)
(0, -2, -3)
(1, -3, -4)
(0, -3, -4)
(0, -3, -5)
(0, -3, -6)
(0, -3, -7)
(0, -3, -8)
(1, -4, -9)
(0, -4, -8)
(1, -5, -9)
(0, -5, -8)
(1, -6, -8)
(1, -6, -7)
(0, -6, -6)
(1, -7, -6)
(1, -7, -5)
(0, -7, -4)
(0, -7, -3)
(0, -7, -2)
(0, -7, -1)
(1, -8, -1)
(0, -8, 0)
(1, -9, 0)
(0, -9, 1)
(1, -10, 0)
(0, -10, 0)
(1, -11, -1)
(0, -11, -1)
(1, -12, -1)
(1, -12, 0)
(0, -11, 1)
(0, -11, 2)
(1, -11, 2)
(1, -11, 3)
(0, -10, 4)
(1, -10, 4)
(0, -9, 5)
(1, -9, 4)
(0, -8, 4)
(0, -8, 3)
(1, -8, 2)
(0, -7, 2)
(1, -7, 1)
(0, -6, 2)
(0, -6, 3)
(1, -7, 3)
(1, -7, 4)
(1, -7, 5)
(0, -7, 6)
(0, -7, 7)
(1, -8, 7)
(0, -8, 8)
(1, -9, 8)
(0, -9, 8)
(1, -10, 7)
(0, -10, 8)
(1, -11, 7)
(1, -11, 6)
(0, -11, 6)
(1, -12, 6)
(0, -12, 6)
(1, -13, 6)
(1, -13, 7)
(0, -12, 8)
(0, -12, 9)
(1, -12, 9)
(0, -11, 9)
(1, -11, 9)
(1, -11, 10)
(1, -11, 11)
(0, -11, 12)
(1, -12, 12)
(1, -12, 13)
(0, -11, 14)
(1, -11, 13)
(0, -10, 13)
(1, -10, 12)
(1, -10, 11)
(0, -9, 11)
(1, -9, 11)
(1, -9, 12)
(1, -9, 13)
(1, -9, 14)
(1, -9, 15)
(0, -8, 16)
(1, -8, 15)
(0, -7, 16)
(0, -7, 17)
(1, -7, 17)
(0, -6, 17)
(1, -6, 17)
(0, -5, 18)
(1, -5, 18)
(0, -4, 19)
(0, -4, 20)
(0, -4, 21)
(1, -4, 21)
(0, -3, 21)
(1, -3, 21)
(0, -2, 22)
(1, -2, 22)
(0, -1, 23)
(0, -1, 24)
(1, -1, 24)
(1, -1, 25)
(0, -1, 26)
(1, -2, 26)
(0, -2, 26)
(1, -3, 26)
(0, -3, 27)
(1, -4, 26)
(0, -4, 27)
(0, -4, 28)
(1, -5, 28)
(0, -5, 29)
(1, -6, 28)
(0, -6, 28)
(1, -7, 27)
(1, -7, 26)
(1, -7, 25)
(1, -7, 24)
(1, -7, 23)
(0, -7, 23)
(1, -8, 22)
(0, -8, 22)
(1, -9, 22)
(0, -9, 23)
(1, -10, 22)
(0, -10, 22)
(1, -11, 22)
(0, -11, 23)
(1, -12, 23)
(0, -12, 23)
(1, -13, 23)
(0, -13, 24)
(1, -14, 24)
(0, -14, 24)
(0, -14, 23)
(0, -14, 22)
(0, -14, 21)
(1, -14, 20)
(0, -13, 21)
(1, -13, 20)
(0, -12, 20)
(1, -12, 20)
(0, -11, 21)
(1, -11, 20)
(0, -10, 20)
(1, -10, 19)
(0, -9, 20)
(1, -9, 19)
(1, -9, 18)
(0, -9, 18)
(1, -10, 17)
(0, -10, 17)
(0, -10, 16)
(1, -11, 15)
(0, -11, 16)
(0, -11, 17)
(1, -12, 17)
(0, -12, 17)
(0, -12, 16)
(0, -12, 15)
(1, -13, 14)
(0, -13, 14)
(0, -13, 13)
(0, -13, 12)
(0, -13, 11)
(0, -13, 10)
(1, -14, 9)
(1, -14, 8)
(0, -14, 8)
(1, -15, 8)
(0, -15, 8)
(1, -16, 7)
(0, -16, 7)
(1, -17, 7)
(1, -17, 8)
(0, -16, 9)
(0, -16, 10)
(0, -16, 11)
(1, -17, 11)
(0, -17, 11)
(1, -18, 10)
(1, -18, 9)
(0, -18, 9)
(1, -19, 9)
(0, -19, 10)
(1, -20, 9)
(1, -20, 8)
(0, -20, 8)
(0, -20, 7)
(1, -20, 6)
(0, -19, 7)
(1, -19, 6)
(1, -19, 5)
(0, -18, 5)
(1, -18, 4)
(0, -17, 5)
(1, -17, 5)
(0, -16, 5)
(1, -16, 5)
(0, -15, 5)
(1, -15, 4)
(1, -15, 3)
(1, -15, 2)
(0, -15, 2)
(0, -15, 1)
(1, -15, 0)
(0, -14, 1)
(1, -14, 0)
(0, -13, 0)
(0, -13, -1)
(0, -13, -2)
(1, -13, -3)
(0, -12, -3)
(1, -12, -3)
(0, -11, -3)
(1, -11, -3)
(0, -10, -2)
(1, -10, -2)
(0, -9, -1)
(1, -9, -2)
(1, -9, -3)
(0, -9, -3)
(1, -10, -4)
(0, -10, -4)
(1, -11, -5)
(0, -11, -5)
(1, -12, -5)
(0, -12, -5)
(1, -13, -5)
(0, -13, -4)
(1, -14, -4)
(0, -14, -4)
(1, -15, -5)
(0, -15, -4)
(1, -16, -5)
(0, -16, -4)
(1, -17, -5)
(0, -17, -4)
(1, -18, -4)
(1, -18, -3)
(1, -18, -2)
(0, -17, -1)
(1, -17, -2)
(0, -16, -1)
(0, -16, 0)
(0, -16, 1)
(1, -17, 1)
(0, -17, 2)
(1, -18, 1)
(1, -18, 0)
(0, -18, 0)
(1, -19, 0)
(1, -19, 1)
(0, -19, 2)
(1, -20, 1)
(1, -20, 0)
(1, -20, -1)
(1, -20, -2)
(1, -20, -3)
(0, -20, -3)
(0, -20, -4)
(1, -21, -5)
(0, -21, -5)
(1, -22, -5)
(1, -22, -4)
(0, -22, -3)
(1, -23, -3)
(1, -23, -2)
(0, -23, -1)
(1, -24, -2)
(0, -24, -1)
(1, -25, -2)
(0, -25, -2)
(1, -26, -2)
(1, -26, -1)
(0, -25, 0)
(0, -25, 1)
(1, -26, 1)
(1, -26, 2)
(0, -26, 3)
(0, -26, 4)
(1, -27, 4)
(0, -27, 4)
(1, -28, 4)
(1, -28, 5)
(0, -28, 6)
(1, -29, 5)
(0, -29, 6)
(1, -30, 6)
(0, -30, 7)
(1, -31, 6)
(0, -31, 6)
(1, -32, 6)
(0, -32, 6)
(1, -33, 6)
(0, -33, 7)
(0, -33, 8)
(1, -33, 8)
(1, -33, 9)
(1, -33, 10)
(0, -32, 11)
(0, -32, 12)
(1, -33, 12)
(0, -33, 12)
(1, -34, 12)
(0, -34, 13)
(1, -35, 13)
(0, -35, 13)
(0, -35, 12)
(1, -35, 11)
(0, -34, 11)
(0, -34, 10)
(1, -35, 9)
(0, -35, 9)
(1, -36, 9)
(0, -36, 10)
(1, -37, 9)
(1, -37, 8)
(1, -37, 7)
(1, -37, 6)
(0, -37, 6)
(0, -37, 5)
(1, -38, 4)
(0, -38, 5)
(0, -38, 6)
(0, -38, 7)
(1, -38, 7)
(1, -38, 8)
(1, -38, 9)
(0, -38, 10)
(1, -39, 10)
(0, -39, 11)
(0, -39, 12)
(1, -40, 12)
(0, -40, 13)
(1, -41, 13)
(0, -41, 14)
(1, -42, 14)
(0, -42, 14)
(0, -42, 13)
(1, -42, 12)
(1, -42, 11)
(0, -42, 11)
(0, -42, 10)
(1, -42, 9)
(1, -42, 8)
(0, -42, 8)
(1, -43, 8)
(0, -43, 9)
(1, -44, 9)
(0, -44, 10)
(1, -45, 9)
(0, -45, 10)
(0, -45, 11)
(1, -46, 11)
(0, -46, 11)
(1, -47, 10)
(1, -47, 9)
(1, -47, 8)
(0, -46, 8)
(0, -46, 7)
(1, -47, 6)
(0, -47, 7)
(1, -48, 7)
(0, -48, 7)
(0, -48, 6)
(1, -48, 5)
(0, -47, 5)
(0, -47, 4)
(1, -48, 3)
(0, -48, 3)
(0, -48, 2)
(0, -48, 1)
(1, -48, 0)
(1, -48, -1)
(1, -48, -2)
(0, -48, -2)
(1, -49, -3)
(1, -49, -4)
(0, -49, -4)
(0, -49, -5)
(1, -49, -6)
(0, -48, -6)
(1, -48, -7)
(1, -48, -8)
(0, -47, -8)
(1, -47, -8)
(0, -46, -8)
(1, -46, -8)
(0, -45, -8)
(1, -45, -8)
(1, -45, -7)
(0, -44, -6)
(1, -44, -6)
(0, -43, -6)
(0, -43, -7)
(1, -43, -8)
(0, -42, -8)
(0, -42, -9)
(1, -43, -10)
(0, -43, -9)
(1, -44, -9)
(0, -44, -9)
(0, -44, -10)
(0, -44, -11)
(0, -44, -12)
(0, -44, -13)
(1, -45, -14)
(0, -45, -14)
(1, -46, -15)
(0, -46, -14)
(1, -47, -14)
(1, -47, -13)
(0, -47, -12)
(1, -48, -12)
(0, -48, -11)
(0, -48, -10)
(1, -49, -10)
(0, -49, -10)
(1, -50, -10)
(0, -50, -10)
(1, -51, -10)
(0, -51, -9)
(0, -51, -8)
(0, -51, -7)
(0, -51, -6)
(1, -52, -6)
(0, -52, -5)
(0, -52, -4)
(0, -52, -3)
(1, -53, -3)
(1, -53, -2)
(0, -52, -1)
(1, -52, -1)
(0, -51, -1)
(1, -51, -2)
(0, -50, -1)
(0, -50, 0)
(0, -50, 1)
(0, -50, 2)
(1, -51, 2)
(0, -51, 3)
(1, -52, 2)
(0, -52, 2)
(0, -52, 1)
(1, -53, 0)
(0, -53, 1)
(1, -54, 0)
(0, -54, 1)
(0, -54, 2)
(0, -54, 3)
(1, -55, 3)
(0, -55, 4)
(1, -56, 4)
(0, -56, 5)
(0, -56, 6)
(1, -57, 6)
(0, -57, 6)
(1, -58, 5)
(0, -58, 5)
(1, -59, 4)
(0, -59, 4)
(1, -60, 4)
(0, -60, 4)
(0, -60, 3)
(1, -61, 2)
(0, -61, 3)
(1, -62, 2)
(0, -62, 3)
(0, -62, 4)
(1, -63, 4)
(1, -63, 5)
(0, -62, 6)
(0, -62, 7)
(0, -62, 8)
(1, -62, 8)
(0, -61, 9)
(1, -61, 9)
(0, -60, 9)
(0, -60, 8)
(1, -61, 7)
(0, -61, 7)
(0, -61, 6)
(1, -61, 5)
(0, -60, 6)
(1, -60, 6)
(0, -59, 7)
(1, -59, 6)
(0, -58, 7)
(1, -58, 7)
(1, -58, 8)
(0, -57, 9)
(1, -57, 8)
(0, -56, 8)
(1, -56, 8)
(1, -56, 9)
(1, -56, 10)
(0, -56, 11)
(0, -56, 12)
(1, -57, 12)
(0, -57, 12)
(1, -58, 12)
(0, -58, 12)
(1, -59, 12)
(0, -59, 12)
(1, -60, 12)
(1, -60, 13)
(0, -60, 14)
(1, -61, 13)
(1, -61, 12)
(0, -61, 12)
(1, -62, 12)
(0, -62, 12)
(0, -62, 11)
(0, -62, 10)
(1, -63, 9)
(0, -63, 10)
(0, -63, 11)
(0, -63, 12)
(0, -63, 13)
(1, -64, 13)
(0, -64, 13)
(1, -65, 13)
(0, -65, 14)
(1, -66, 14)
(0, -66, 15)
(1, -67, 15)
(0, -67, 16)
(1, -68, 16)
(0, -68, 17)
(1, -69, 16)
(0, -69, 16)
(0, -69, 15)
(1, -69, 14)
(0, -68, 15)
(1, -68, 14)
(0, -67, 14)
(0, -67, 13)
(0, -67, 12)
(1, -67, 11)
(0, -66, 12)
(1, -66, 12)
(0, -65, 12)
(1, -65, 11)
(0, -64, 11)
(0, -64, 10)
(0, -64, 9)
(0, -64, 8)
(0, -64, 7)
(0, -64, 6)
(0, -64, 5)
(0, -64, 4)
(1, -65, 3)
(0, -65, 3)
(1, -66, 3)
(0, -66, 3)
(1, -67, 3)
(0, -67, 3)
(1, -68, 2)
(0, -68, 2)
(1, -69, 1)
(0, -69, 1)
(1, -70, 0)
(0, -70, 0)
(1, -71, 0)
(0, -71, 0)
(1, -72, -1)
(1, -72, -2)
(0, -71, -2)
(1, -71, -2)
(0, -70, -2)
(1, -70, -2)
(0, -69, -2)
(1, -69, -3)
(0, -68, -2)
(1, -68, -2)
(0, -67, -1)
(1, -67, -1)
(0, -66, -1)
(0, -66, -2)
(1, -66, -3)
(0, -65, -3)
(1, -65, -3)
(0, -64, -2)
(1, -64, -2)
(1, -64, -1)
(1, -64, 0)
(0, -63, 1)
(1, -63, 1)
(0, -62, 1)
(1, -62, 0)
(0, -61, 1)
(1, -61, 0)
(0, -60, 0)
(1, -60, -1)
(0, -59, -1)
(1, -59, -2)
(1, -59, -3)
(0, -58, -3)
(1, -58, -4)
(0, -57, -3)
(1, -57, -4)
(1, -57, -5)
(0, -56, -5)
(1, -56, -5)
(0, -55, -4)
(1, -55, -5)
(0, -54, -5)
(1, -54, -6)
(0, -53, -6)
(0, -53, -7)
(1, -54, -8)
(1, -54, -9)
(0, -54, -9)
(0, -54, -10)
(0, -54, -11)
(1, -55, -12)
(0, -55, -12)
(0, -55, -13)
(1, -55, -14)
(1, -55, -15)
(1, -55, -16)
(1, -55, -17)
(1, -55, -18)
(0, -55, -18)
(0, -55, -19)
(1, -56, -20)
(0, -56, -20)
(1, -57, -21)
(0, -57, -21)
(1, -58, -22)
(1, -58, -23)
(1, -58, -24)
(1, -58, -25)
(0, -57, -25)
(0, -57, -26)
(1, -58, -27)
(0, -58, -26)
(1, -59, -26)
(0, -59, -26)
(0, -59, -27)
(0, -59, -28)
(1, -60, -29)
(0, -60, -29)
(1, -61, -29)
(0, -61, -29)
(1, -62, -30)
(0, -62, -30)
(0, -62, -31)
(1, -63, -32)
(1, -63, -33)
(0, -63, -33)
(1, -64, -33)
(0, -64, -33)
(1, -65, -34)
(0, -65, -33)
