(1, 46, -84)
(0, 46, -83)
(0, 46, -82)
(1, 46, -82)
(0, 47, -81)
(1, 47, -82)
(0, 48, -81)
(0, 48, -80)
(0, 48, -79)
(1, 47, -79)
(0, 47, -78)
(1, 46, -78)
(0, 46, -78)
(1, 45, -78)
(0, 45, -78)
(0, 45, -79)
(1, 44, -80)
(0, 44, -80)
(1, 43, -80)
(0, 43, -80)
(0, 43, -81)
(1, 42, -82)
(0, 42, -81)
(1, 41, -82)
(0, 41, -82)
(1, 40, -82)
(0, 40, -81)
(1, 39, -82)
(1, 39, -83)
(0, 40, -83)
(0, 40, -84)
(1, 40, -85)
(0, 41, -84)
(1, 41, -85)
(1, 41, -86)
(1, 41, -87)
(1, 41, -88)
(0, 41, -88)
(1, 40, -88)
(0, 40, -87)
(0, 40, -86)
(1, 39, -86)
(0, 39, -85)
(1, 38, -85)
(0, 38, -85)
(0, 38, -86)
(0, 38, -87)
(1, 38, -88)
(0, 39, -88)
(0, 39, -89)
(1, 38, -90)
(0, 38, -90)
(1, 37, -91)
(0, 37, -90)
(0, 37, -89)
(0, 37, -88)
(0, 37, -87)
(1, 36, -87)
(0, 36, -86)
(0, 36, -85)
(1, 35, -85)
(0, 35, -84)
(1, 34, -85)
(0, 34, -84)
(1, 33, -85)
(1, 33, -86)
(0, 34, -86)
(0, 34, -87)
(0, 34, -88)
(1, 33, -89)
(1, 33, -90)
(0, 33, -90)
(0, 33, -91)
(0, 33, -92)
(0, 33, -93)
(0, 33, -94)
(1, 33, -95)
(1, 33, -96)
(0, 34, -96)
(0, 34, -97)
(1, 34, -98)
(0, 35, -97)
(0, 35, -96)
(1, 35, -96)
(0, 36, -95)
(1, 36, -96)
(0, 37, -96)
(1, 37, -97)
(0, 38, -97)
(0, 38, -98)
(1, 38, -99)
(1, 38, -100)
(0, 38, -100)
(1, 37, -101)
(0, 37, -100)
(0, 37, -99)
(0, 37, -98)
(1, 36, -98)
(0, 36, -98)
(0, 36, -99)
(1, 35, -100)
(1, 35, -101)
(1, 35, -102)
(0, 35, -102)
(0, 35, -103)
(1, 35, -104)
(0, 36, -103)
(1, 36, -104)
(0, 37, -103)
(1, 37, -104)
(0, 38, -104)
(1, 38, -104)
(1, 38, -103)
(0, 39, -102)
(1, 39, -102)
(0, 40, -101)
(0, 40, -100)
(0, 40, -99)
(1, 40, -99)
(0, 41, -99)
(0, 41, -100)
(1, 41, -101)
(0, 42, -100)
(1, 42, -101)
(0, 43, -100)
(0, 43, -99)
(0, 43, -98)
(1, 43, -98)
(1, 43, -97)
(0, 43, -96)
(1, 42, -97)
(0, 42, -96)
(1, 41, -97)
(0, 41, -96)
(0, 41, -95)
(0, 41, -94)
(1, 41, -94)
(0, 42, -93)
(1, 42, -93)
(0, 43, -93)
(1, 43, -94)
(1, 43, -95)
(0, 44, -95)
(1, 44, -95)
(0, 45, -95)
(1, 45, -95)
(1, 45, -94)
(1, 45, -93)
(0, 46, -92)
(1, 46, -93)
(0, 47, -92)
(1, 47, -92)
(0, 48, -92)
(0, 48, -93)
(1, 48, -94)
(0, 49, -94)
(0, 49, -95)
(1, 48, -96)
(0, 48, -96)
(0, 48, -97)
(1, 47, -98)
(0, 47, -98)
(0, 47, -99)
(1, 47, -100)
(0, 48, -100)
(1, 48, -101)
(0, 49, -100)
(1, 49, -100)
(0, 50, -100)
(1, 50, -101)
(0, 51, -100)
(1, 51, -100)
(0, 52, -100)
(1, 52, -101)
(1, 52, -102)
(1, 52, -103)
(1, 52, -104)
(0, 53, -104)
(1, 53, -104)
(1, 53, -103)
(1, 53, -102)
(0, 54, -101)
(1, 54, -102)
(0, 55, -102)
(0, 55, -103)
(1, 55, -104)
(1, 55, -105)
(0, 56, -105)
(0, 56, -106)
(0, 56, -107)
(1, 55, -108)
(0, 55, -107)
(1, 54, -107)
(0, 54, -107)
(0, 54, -108)
(1, 54, -109)
(1, 54, -110)
(1, 54, -111)
(1, 54, -112)
(0, 55, -112)
(1, 55, -113)
(0, 56, -112)
(0, 56, -111)
(1, 56, -111)
(1, 56, -110)
(0, 57, -109)
(1, 57, -110)
(1, 57, -111)
(0, 58, -111)
(1, 58, -112)
(0, 59, -112)
(0, 59, -113)
(1, 59, -114)
(0, 60, -114)
(1, 60, -115)
(1, 60, -116)
(1, 60, -117)
(0, 61, -117)
(1, 61, -117)
(0, 62, -116)
(0, 62, -115)
(1, 62, -115)
(0, 63, -115)
(1, 63, -115)
(0, 64, -115)
(1, 64, -116)
(1, 64, -117)
(1, 64, -118)
(0, 65, -118)
(1, 65, -119)
(1, 65, -120)
(1, 65, -121)
(0, 66, -121)
(0, 66, -122)
(1, 66, -123)
(0, 67, -123)
(1, 67, -124)
(0, 68, -123)
(0, 68, -122)
(0, 68, -121)
(0, 68, -120)
(1, 67, -120)
(0, 67, -119)
(1, 66, -119)
(1, 66, -118)
(0, 67, -117)
(1, 67, -117)
(0, 68, -116)
(0, 68, -115)
(1, 67, -115)
(0, 67, -115)
(1, 66, -115)
(0, 66, -114)
(1, 65, -115)
(0, 65, -114)
(0, 65, -113)
(0, 65, -112)
(1, 65, -112)
(0, 66, -112)
(1, 66, -113)
(0, 67, -113)
(1, 67, -113)
(0, 68, -113)
(1, 68, -113)
(0, 69, -113)
(1, 69, -114)
(1, 69, -115)
(1, 69, -116)
(0, 70, -116)
(1, 70, -117)
(1, 70, -118)
(0, 70, -118)
(1, 69, -118)
(0, 69, -118)
(0, 69, -119)
(1, 69, -120)
(1, 69, -121)
(0, 69, -121)
(0, 69, -122)
(0, 69, -123)
(0, 69, -124)
(1, 68, -125)
(0, 68, -125)
(0, 68, -126)
(1, 67, -127)
(1, 67, -128)
(1, 67, -129)
(0, 67, -129)
(0, 67, -130)
(1, 67, -131)
(0, 68, -131)
(0, 68, -132)
(1, 68, -133)
(1, 68, -134)
(1, 68, -135)
(1, 68, -136)
(0, 68, -136)
(1, 67, -137)
(1, 67, -138)
(0, 67, -138)
(0, 67, -139)
(1, 66, -140)
(1, 66, -141)
(0, 66, -141)
(1, 65, -142)
(0, 65, -142)
(0, 65, -143)
(1, 65, -144)
(0, 66, -143)
(1, 66, -143)
(0, 67, -143)
(0, 67, -144)
(0, 67, -145)
(1, 66, -146)
(1, 66, -147)
(1, 66, -148)
(0, 66, -148)
(1, 65, -148)
(1, 65, -147)
(0, 65, -146)
(0, 65, -145)
(1, 64, -145)
(0, 64, -145)
(0, 64, -146)
(0, 64, -147)
(1, 64, -148)
(1, 64, -149)
(1, 64, -150)
(0, 64, -150)
(1, 63, -150)
(1, 63, -149)
(0, 63, -148)
(1, 62, -149)
(0, 62, -148)
(1, 61, -149)
(0, 61, -149)
(0, 61, -150)
(1, 60, -151)
(0, 60, -151)
(0, 60, -152)
(1, 59, -153)
(0, 59, -152)
(0, 59, -151)
(0, 59, -150)
(1, 59, -150)
(0, 60, -149)
(0, 60, -148)
(0, 60, -147)
(1, 60, -147)
(1, 60, -146)
(0, 61, -145)
(1, 61, -145)
(1, 61, -144)
(0, 61, -143)
(1, 60, -143)
(0, 60, -143)
(1, 59, -144)
(0, 59, -143)
(1, 58, -143)
(1, 58, -142)
(1, 58, -141)
(0, 58, -140)
(1, 57, -140)
(1, 57, -139)
(0, 58, -138)
(1, 58, -138)
(0, 59, -138)
(1, 59, -139)
(1, 59, -140)
(0, 60, -140)
(1, 60, -140)
(0, 61, -139)
(1, 61, -139)
(1, 61, -138)
(1, 61, -137)
(0, 62, -136)
(1, 62, -136)
(0, 63, -135)
(1, 63, -135)
(0, 64, -135)
(1, 64, -135)
(1, 64, -134)
(0, 64, -133)
(1, 63, -133)
(0, 63, -133)
(1, 62, -134)
(0, 62, -134)
(1, 61, -134)
(0, 61, -133)
(1, 60, -133)
(1, 60, -132)
(1, 60, -131)
(1, 60, -130)
(1, 60, -129)
(0, 61, -128)
(1, 61, -128)
(1, 61, -127)
(0, 61, -126)
(1, 60, -126)
(1, 60, -125)
(0, 60, -124)
(1, 59, -124)
(1, 59, -123)
(1, 59, -122)
(0, 59, -121)
(1, 58, -121)
(1, 58, -120)
(0, 59, -119)
(0, 59, -118)
(1, 58, -118)
(0, 58, -117)
(1, 57, -118)
(1, 57, -119)
(1, 57, -120)
(1, 57, -121)
(1, 57, -122)
(0, 58, -122)
(0, 58, -123)
(1, 58, -124)
(1, 58, -125)
(0, 58, -125)
(1, 57, -126)
(0, 57, -125)
(1, 56, -126)
(0, 56, -126)
(1, 55, -126)
(0, 55, -125)
(1, 54, -125)
(0, 54, -125)
(0, 54, -126)
(1, 53, -127)
(1, 53, -128)
(0, 53, -128)
(1, 52, -129)
(0, 52, -129)
(1, 51, -129)
(0, 51, -129)
(0, 51, -130)
(1, 50, -131)
(0, 50, -131)
(0, 50, -132)
(1, 49, -133)
(0, 49, -132)
(1, 48, -133)
(0, 48, -132)
(0, 48, -131)
(1, 47, -131)
(0, 47, -130)
(1, 46, -130)
(0, 46, -130)
(0, 46, -131)
(0, 46, -132)
(1, 45, -133)
(1, 45, -134)
(0, 45, -134)
(1, 44, -135)
(1, 44, -136)
(0, 44, -136)
(0, 44, -137)
(1, 43, -138)
(0, 43, -137)
(0, 43, -136)
(0, 43, -135)
(1, 42, -135)
(0, 42, -135)
(1, 41, -135)
(1, 41, -134)
(0, 41, -133)
(1, 40, -134)
(1, 40, -135)
(1, 40, -136)
(1, 40, -137)
(1, 40, -138)
(0, 41, -138)
(0, 41, -139)
(1, 41, -140)
(0, 42, -139)
(1, 42, -140)
(1, 42, -141)
(0, 42, -141)
(0, 42, -142)
(1, 41, -143)
(0, 41, -143)
(1, 40, -144)
(0, 40, -144)
(0, 40, -145)
(1, 39, -146)
(0, 39, -145)
(0, 39, -144)
(1, 38, -144)
(0, 38, -144)
(1, 37, -144)
(0, 37, -144)
(1, 36, -145)
(0, 36, -144)
(0, 36, -143)
(0, 36, -142)
(1, 36, -142)
(0, 37, -142)
(1, 37, -142)
(0, 38, -141)
(0, 38, -140)
(1, 37, -140)
(0, 37, -140)
(1, 36, -140)
(0, 36, -140)
(1, 35, -140)
(0, 35, -140)
(1, 34, -140)
(1, 34, -139)
(0, 35, -138)
(0, 35, -137)
(1, 34, -137)
(0, 34, -136)
(0, 34, -135)
(1, 33, -135)
(0, 33, -135)
(1, 32, -136)
(0, 32, -136)
(1, 31, -136)
(1, 31, -135)
(1, 31, -134)
(0, 32, -133)
(0, 32, -132)
(0, 32, -131)
(1, 31, -131)
(0, 31, -130)
(1, 30, -131)
(0, 30, -130)
(0, 30, -129)
(1, 30, -129)
(0, 31, -128)
(0, 31, -127)
(1, 31, -127)
(1, 31, -126)
(0, 32, -125)
(1, 32, -125)
(0, 33, -124)
(1, 33, -124)
(1, 33, -123)
(1, 33, -122)
(0, 33, -121)
(1, 32, -121)
(1, 32, -120)
(0, 33, -119)
(1, 33, -120)
(0, 34, -119)
(0, 34, -118)
(0, 34, -117)
(1, 34, -117)
(0, 35, -116)
(1, 35, -117)
(0, 36, -116)
(1, 36, -117)
(0, 37, -116)
(1, 37, -117)
(0, 38, -116)
(0, 38, -115)
(1, 37, -115)
(1, 37, -114)
(0, 37, -113)
(1, 36, -113)
(1, 36, -112)
(0, 37, -111)
(0, 37, -110)
(1, 36, -110)
(0, 36, -110)
(1, 35, -111)
(0, 35, -111)
(1, 34, -112)
(1, 34, -113)
(0, 34, -113)
(1, 33, -114)
(0, 33, -113)
(1, 32, -114)
(0, 32, -113)
(1, 31, -113)
(0, 31, -113)
(1, 30, -113)
(0, 30, -113)
(1, 29, -113)
(1, 29, -112)
(0, 30, -111)
(0, 30, -110)
(0, 30, -109)
(1, 29, -109)
(0, 29, -108)
(1, 28, -109)
(0, 28, -109)
(1, 27, -110)
(0, 27, -109)
(1, 26, -110)
(0, 26, -109)
(1, 25, -110)
(0, 25, -110)
(1, 24, -110)
(0, 24, -109)
(1, 23, -110)
(0, 23, -109)
(1, 22, -110)
(0, 22, -109)
(1, 21, -109)
(1, 21, -108)
(1, 21, -107)
(0, 21, -106)
(0, 21, -105)
(0, 21, -104)
(1, 21, -104)
(0, 22, -103)
(1, 22, -104)
(0, 23, -104)
(1, 23, -104)
(0, 24, -103)
(1, 24, -103)
(1, 24, -102)
(0, 25, -101)
(0, 25, -100)
(0, 25, -99)
(1, 24, -99)
(1, 24, -98)
(0, 24, -97)
(1, 23, -98)
(0, 23, -98)
(0, 23, -99)
(0, 23, -100)
(1, 23, -101)
(1, 23, -102)
(0, 23, -102)
(1, 22, -102)
(0, 22, -101)
(0, 22, -100)
(1, 21, -100)
(1, 21, -99)
(0, 22, -98)
(0, 22, -97)
(1, 21, -97)
(0, 21, -97)
(1, 20, -97)
(0, 20, -96)
(1, 19, -97)
(1, 19, -98)
(1, 19, -99)
(0, 20, -99)
(0, 20, -100)
(1, 20, -101)
(0, 21, -101)
(0, 21, -102)
(1, 20, -103)
(0, 20, -103)
(0, 20, -104)
(0, 20, -105)
(0, 20, -106)
(1, 19, -107)
(0, 19, -106)
(1, 18, -107)
(0, 18, -107)
(1, 17, -108)
(0, 17, -108)
(0, 17, -109)
(1, 17, -110)
(1, 17, -111)
(0, 18, -111)
(0, 18, -112)
(1, 17, -113)
(0, 17, -113)
(0, 17, -114)
(1, 16, -115)
(0, 16, -114)
(0, 16, -113)
(1, 15, -113)
(1, 15, -112)
(0, 15, -111)
(1, 14, -111)
(1, 14, -110)
(0, 15, -109)
(0, 15, -108)
(1, 14, -108)
(0, 14, -107)
(0, 14, -106)
(1, 14, -106)
(1, 14, -105)
(1, 14, -104)
(0, 15, -103)
(0, 15, -102)
(1, 14, -102)
(1, 14, -101)
(0, 15, -100)
(1, 15, -100)
(0, 16, -100)
(0, 16, -101)
(0, 16, -102)
(1, 16, -103)
(1, 16, -104)
(0, 17, -104)
(1, 17, -104)
(1, 17, -103)
(1, 17, -102)
(0, 18, -101)
(1, 18, -101)
(1, 18, -100)
(0, 18, -99)
(1, 17, -100)
(0, 17, -99)
(1, 16, -99)
(1, 16, -98)
(1, 16, -97)
(1, 16, -96)
(1, 16, -95)
(0, 17, -94)
(1, 17, -94)
(0, 18, -93)
(1, 18, -94)
(0, 19, -93)
(0, 19, -92)
(1, 18, -92)
(1, 18, -91)
(0, 19, -90)
(1, 19, -91)
(0, 20, -91)
(1, 20, -91)
(0, 21, -90)
(1, 21, -91)
(1, 21, -92)
(0, 21, -92)
(0, 21, -93)
(1, 21, -94)
(0, 22, -94)
(1, 22, -95)
(0, 23, -94)
(1, 23, -94)
(0, 24, -94)
(1, 24, -95)
(1, 24, -96)
(0, 25, -96)
(1, 25, -97)
(0, 26, -97)
(1, 26, -98)
(0, 27, -98)
(0, 27, -99)
(1, 26, -100)
(1, 26, -101)
(1, 26, -102)
(0, 27, -102)
(1, 27, -103)
(1, 27, -104)
(1, 27, -105)
(0, 28, -105)
(1, 28, -105)
(1, 28, -104)
(0, 29, -103)
(1, 29, -104)
(0, 30, -104)
(1, 30, -104)
(0, 31, -103)
(1, 31, -104)
(0, 32, -104)
(1, 32, -104)
(1, 32, -103)
(0, 32, -102)
(1, 31, -102)
(0, 31, -101)
(1, 30, -102)
(0, 30, -101)
(0, 30, -100)
(1, 30, -100)
(1, 30, -99)
(0, 31, -98)
(1, 31, -99)
(1, 31, -100)
(0, 32, -100)
(1, 32, -101)
(0, 33, -100)
(1, 33, -100)
(1, 33, -99)
(0, 33, -98)
(1, 32, -98)
(1, 32, -97)
(1, 32, -96)
(0, 32, -95)
(0, 32, -94)
(1, 31, -94)
(0, 31, -93)
(1, 30, -94)
(0, 30, -93)
(1, 29, -94)
(1, 29, -95)
(0, 29, -95)
(1, 28, -96)
(0, 28, -96)
(1, 27, -97)
(0, 27, -96)
(1, 26, -96)
(1, 26, -95)
(0, 27, -94)
(1, 27, -95)
(0, 28, -94)
(1, 28, -94)
(1, 28, -93)
(1, 28, -92)
(1, 28, -91)
(0, 29, -90)
(0, 29, -89)
(0, 29, -88)
(1, 28, -88)
(1, 28, -87)
(0, 29, -86)
(0, 29, -85)
(1, 29, -85)
(1, 29, -84)
(0, 30, -83)
(1, 30, -83)
(1, 30, -82)
(0, 31, -81)
(1, 31, -81)
(1, 31, -80)
(0, 31, -79)
(1, 30, -80)
(0, 30, -79)
(1, 29, -79)
(0, 29, -79)
(0, 29, -80)
(0, 29, -81)
(1, 28, -82)
(0, 28, -81)
(0, 28, -80)
(0, 28, -79)
(1, 27, -79)
(0, 27, -78)
(1, 26, -78)
(0, 26, -77)
(1, 25, -78)
(0, 25, -78)
(0, 25, -79)
(1, 25, -80)
(0, 26, -80)
(0, 26, -81)
(1, 26, -82)
(1, 26, -83)
(0, 27, -83)
(0, 27, -84)
(0, 27, -85)
(1, 26, -86)
(0, 26, -85)
(0, 26, -84)
(1, 25, -84)
(1, 25, -83)
(0, 25, -82)
(1, 24, -82)
(0, 24, -81)
(0, 24, -80)
(0, 24, -79)
(0, 24, -78)
(1, 23, -78)
(0, 23, -77)
(0, 23, -76)
(1, 23, -76)
(0, 24, -76)
(1, 24, -76)
(0, 25, -76)
(1, 25, -76)
(1, 25, -75)
(0, 26, -74)
(1, 26, -74)
(1, 26, -73)
(0, 26, -72)
(0, 26, -71)
(0, 26, -70)
(0, 26, -69)
(1, 25, -69)
(0, 25, -68)
(1, 24, -69)
(0, 24, -68)
(0, 24, -67)
(1, 23, -67)
(0, 23, -66)
(1, 22, -67)
(1, 22, -68)
(0, 22, -68)
(1, 21, -68)
(0, 21, -68)
(1, 20, -68)
(0, 20, -68)
(1, 19, -68)
(0, 19, -67)
(1, 18, -67)
(0, 18, -66)
(0, 18, -65)
(0, 18, -64)
(1, 17, -64)
(0, 17, -64)
(0, 17, -65)
(1, 16, -66)
(0, 16, -66)
(1, 15, -67)
(0, 15, -67)
(0, 15, -68)
(1, 15, -69)
(0, 16, -69)
(1, 16, -69)
(1, 16, -68)
(0, 17, -67)
(1, 17, -68)
(0, 18, -68)
(1, 18, -69)
(1, 18, -70)
(1, 18, -71)
(0, 18, -71)
(1, 17, -72)
(0, 17, -71)
(1, 16, -71)
(0, 16, -71)
(1, 15, -72)
(0, 15, -71)
(1, 14, -71)
(0, 14, -71)
(1, 13, -71)
(0, 13, -71)
(0, 13, -72)
(1, 13, -73)
(0, 14, -73)
(1, 14, -73)
(0, 15, -73)
(1, 15, -74)
(1, 15, -75)
(1, 15, -76)
(1, 15, -77)
(0, 16, -77)
(1, 16, -77)
(0, 17, -77)
(0, 17, -78)
(0, 17, -79)
(0, 17, -80)
(0, 17, -81)
(0, 17, -82)
(1, 17, -83)
(1, 17, -84)
(0, 18, -84)
(1, 18, -84)
(0, 19, -83)
(1, 19, -83)
(0, 20, -82)
(1, 20, -83)
(0, 21, -82)
(1, 21, -83)
(1, 21, -84)
(0, 21, -84)
(1, 20, -85)
(0, 20, -84)
(1, 19, -85)
(0, 19, -85)
(1, 18, -86)
(1, 18, -87)
(1, 18, -88)
(0, 18, -88)
(1, 17, -89)
(0, 17, -88)
(1, 16, -88)
(1, 16, -87)
(0, 16, -86)
(1, 15, -86)
(0, 15, -86)
(0, 15, -87)
(1, 15, -88)
(1, 15, -89)
(0, 16, -89)
(1, 16, -90)
(1, 16, -91)
(0, 16, -91)
(1, 15, -92)
(0, 15, -92)
(1, 14, -92)
(0, 14, -92)
(1, 13, -92)
(0, 13, -92)
(0, 13, -93)
(1, 13, -94)
(1, 13, -95)
(0, 14, -95)
(1, 14, -95)
(0, 15, -94)
(1, 15, -95)
(1, 15, -96)
(1, 15, -97)
(1, 15, -98)
(0, 15, -98)
(1, 14, -99)
(0, 14, -99)
(1, 13, -100)
(0, 13, -99)
(1, 12, -100)
(1, 12, -101)
(0, 12, -101)
(1, 11, -102)
(1, 11, -103)
(1, 11, -104)
(0, 11, -104)
(1, 10, -104)
(1, 10, -103)
(0, 10, -102)
(0, 10, -101)
(1, 10, -101)
(1, 10, -100)
(1, 10, -99)
(0, 11, -98)
(1, 11, -98)
(0, 12, -97)
(0, 12, -96)
(0, 12, -95)
(0, 12, -94)
(0, 12, -93)
(1, 11, -93)
(0, 11, -92)
(1, 10, -92)
(0, 10, -91)
(1, 9, -92)
(0, 9, -91)
(1, 8, -92)
(0, 8, -92)
(1, 7, -92)
(1, 7, -91)
(1, 7, -90)
(0, 8, -89)
(1, 8, -90)
(0, 9, -89)
(1, 9, -89)
(0, 10, -88)
(1, 10, -89)
(0, 11, -88)
(1, 11, -89)
(0, 12, -88)
(1, 12, -88)
(1, 12, -87)
(1, 12, -86)
(0, 13, -85)
(0, 13, -84)
(1, 12, -84)
(0, 12, -83)
(1, 11, -84)
(0, 11, -84)
(0, 11, -85)
(1, 10, -86)
(0, 10, -86)
(1, 9, -86)
(0, 9, -85)
(1, 8, -85)
(1, 8, -84)
(1, 8, -83)
(0, 9, -82)
(1, 9, -82)
(0, 10, -81)
(1, 10, -81)
(0, 11, -81)
(1, 11, -81)
(0, 12, -80)
(1, 12, -80)
(1, 12, -79)
(0, 13, -78)
(0, 13, -77)
(1, 13, -77)
(0, 14, -76)
(0, 14, -75)
(1, 13, -75)
(0, 13, -74)
(1, 12, -74)
(0, 12, -73)
(1, 11, -74)
(0, 11, -74)
(0, 11, -75)
(1, 11, -76)
(1, 11, -77)
(0, 11, -77)
(0, 11, -78)
(1, 10, -79)
(0, 10, -78)
(1, 9, -78)
(1, 9, -77)
(1, 9, -76)
(0, 9, -75)
(1, 8, -76)
(0, 8, -76)
(0, 8, -77)
(1, 8, -78)
(1, 8, -79)
(0, 8, -79)
(1, 7, -80)
(0, 7, -80)
(1, 6, -81)
(1, 6, -82)
(1, 6, -83)
(0, 6, -83)
(1, 5, -83)
(0, 5, -82)
(1, 4, -83)
(0, 4, -82)
(1, 3, -83)
(0, 3, -83)
(1, 2, -83)
(0, 2, -83)
(0, 2, -84)
(1, 2, -85)
(0, 3, -85)
(1, 3, -85)
(0, 4, -84)
(1, 4, -85)
(0, 5, -85)
(1, 5, -86)
(0, 6, -85)
(1, 6, -86)
(1, 6, -87)
(0, 6, -87)
(0, 6, -88)
(0, 6, -89)
(1, 6, -90)
(1, 6, -91)
(1, 6, -92)
(0, 6, -92)
(1, 5, -92)
(0, 5, -92)
(1, 4, -93)
(0, 4, -93)
(0, 4, -94)
(0, 4, -95)
(0, 4, -96)
(1, 4, -97)
(1, 4, -98)
(1, 4, -99)
(0, 4, -99)
(0, 4, -100)
(0, 4, -101)
(0, 4, -102)
(1, 3, -103)
(0, 3, -102)
(1, 2, -102)
(0, 2, -101)
(0, 2, -100)
(0, 2, -99)
(0, 2, -98)
(0, 2, -97)
(1, 2, -97)
(1, 2, -96)
(0, 2, -95)
(0, 2, -94)
(1, 2, -94)
(1, 2, -93)
(1, 2, -92)
(0, 3, -91)
(1, 3, -92)
(0, 4, -91)
(0, 4, -90)
(1, 3, -90)
(0, 3, -89)
(0, 3, -88)
(0, 3, -87)
(1, 2, -87)
(0, 2, -86)
(1, 1, -87)
(0, 1, -87)
(0, 1, -88)
(1, 1, -89)
(1, 1, -90)
(1, 1, -91)
(1, 1, -92)
(1, 1, -93)
(0, 1, -93)
(1, 0, -93)
(0, 0, -92)
(1, -1, -92)
(0, -1, -92)
(0, -1, -93)
(0, -1, -94)
(1, -2, -95)
(0, -2, -95)
(1, -3, -96)
(0, -3, -96)
(1, -4, -97)
(0, -4, -96)
(1, -5, -96)
(0, -5, -95)
(0, -5, -94)
(1, -5, -94)
(1, -5, -93)
(0, -5, -92)
(1, -6, -92)
(0, -6, -92)
(0, -6, -93)
(0, -6, -94)
(1, -7, -95)
(0, -7, -95)
(1, -8, -96)
(1, -8, -97)
(0, -8, -97)
(1, -9, -97)
(1, -9, -96)
(0, -9, -95)
(1, -10, -96)
(1, -10, -97)
(0, -10, -97)
(1, -11, -97)
(1, -11, -96)
(1, -11, -95)
(1, -11, -94)
(0, -11, -93)
(1, -12, -93)
(0, -12, -93)
(1, -13, -94)
(0, -13, -94)
(0, -13, -95)
(1, -14, -96)
(0, -14, -96)
(1, -15, -96)
(0, -15, -95)
(1, -16, -95)
(1, -16, -94)
(0, -16, -93)
(1, -17, -94)
(0, -17, -94)
(0, -17, -95)
(1, -17, -96)
(0, -16, -96)
(1, -16, -97)
(1, -16, -98)
(0, -15, -98)
(1, -15, -99)
(0, -14, -99)
(0, -14, -100)
(0, -14, -101)
(1, -15, -102)
(0, -15, -102)
(1, -16, -102)
(1, -16, -101)
(0, -16, -100)
(1, -17, -101)
(1, -17, -102)
(1, -17, -103)
(0, -16, -103)
(1, -16, -104)
(0, -15, -104)
(1, -15, -104)
(0, -14, -104)
(1, -14, -104)
(0, -13, -104)
(1, -13, -104)
(0, -12, -104)
(1, -12, -104)
(0, -11, -103)
(0, -11, -102)
(1, -11, -102)
(0, -10, -102)
(0, -10, -103)
(0, -10, -104)
(1, -11, -105)
(0, -11, -105)
(1, -12, -106)
(0, -12, -106)
(1, -13, -106)
(0, -13, -106)
(1, -14, -107)
(1, -14, -108)
(1, -14, -109)
(0, -13, -109)
(1, -13, -109)
(0, -12, -108)
(1, -12, -108)
(0, -11, -107)
(1, -11, -107)
(0, -10, -107)
(1, -10, -108)
(0, -9, -108)
(1, -9, -108)
(0, -8, -108)
(1, -8, -109)
(0, -7, -109)
(1, -7, -109)
(1, -7, -108)
(1, -7, -107)
(0, -7, -106)
(1, -8, -107)
(0, -8, -106)
(1, -9, -106)
(1, -9, -105)
(1, -9, -104)
(1, -9, -103)
(0, -9, -102)
(0, -9, -101)
(0, -9, -100)
(1, -9, -100)
(0, -8, -100)
(0, -8, -101)
(1, -8, -102)
(0, -7, -102)
(1, -7, -102)
(0, -6, -102)
(1, -6, -103)
(1, -6, -104)
(1, -6, -105)
(0, -5, -105)
(1, -5, -105)
(0, -4, -104)
(1, -4, -104)
(1, -4, -103)
(0, -3, -102)
(1, -3, -103)
(1, -3, -104)
(1, -3, -105)
(0, -3, -105)
(0, -3, -106)
(0, -3, -107)
(1, -4, -108)
(0, -4, -108)
(1, -5, -108)
(0, -5, -108)
(1, -6, -109)
(1, -6, -110)
(1, -6, -111)
(0, -5, -111)
(0, -5, -112)
(1, -5, -113)
(0, -4, -112)
(1, -4, -113)
(0, -3, -113)
(0, -3, -114)
(1, -4, -115)
(1, -4, -116)
(1, -4, -117)
(0, -4, -117)
(0, -4, -118)
(1, -5, -119)
(1, -5, -120)
(1, -5, -121)
(1, -5, -122)
(0, -4, -122)
(0, -4, -123)
(0, -4, -124)
(0, -4, -125)
(0, -4, -126)
(1, -4, -127)
(0, -3, -126)
(1, -3, -127)
(0, -2, -126)
(1, -2, -127)
(1, -2, -128)
(0, -1, -128)
(0, -1, -129)
(1, -1, -130)
(0, 0, -129)
(1, 0, -129)
(0, 1, -129)
(1, 1, -130)
(0, 2, -130)
(0, 2, -131)
(1, 2, -132)
(1, 2, -133)
(1, 2, -134)
(0, 3, -134)
(1, 3, -135)
(0, 4, -135)
(0, 4, -136)
(1, 3, -137)
(1, 3, -138)
(1, 3, -139)
(0, 3, -139)
(1, 2, -140)
(1, 2, -141)
(0, 2, -141)
(0, 2, -142)
(1, 2, -143)
(1, 2, -144)
(1, 2, -145)
(1, 2, -146)
(1, 2, -147)
(1, 2, -148)
(0, 3, -148)
(1, 3, -148)
(0, 4, -147)
(1, 4, -148)
(1, 4, -149)
(0, 5, -149)
(0, 5, -150)
(1, 4, -151)
(0, 4, -151)
(1, 3, -151)
(0, 3, -151)
(0, 3, -152)
(1, 2, -153)
(0, 2, -152)
(1, 1, -153)
(1, 1, -154)
(1, 1, -155)
(0, 1, -155)
(0, 1, -156)
(0, 1, -157)
(1, 0, -158)
(0, 0, -157)
(1, -1, -157)
(0, -1, -156)
(1, -2, -156)
(0, -2, -155)
(1, -3, -156)
(0, -3, -155)
(0, -3, -154)
(1, -3, -154)
(1, -3, -153)
(0, -3, -152)
(0, -3, -151)
(0, -3, -150)
(0, -3, -149)
(1, -3, -149)
(1, -3, -148)
(0, -3, -147)
(1, -4, -147)
(1, -4, -146)
(1, -4, -145)
(1, -4, -144)
(0, -3, -143)
(1, -3, -143)
(0, -2, -142)
(0, -2, -141)
(1, -3, -141)
(0, -3, -141)
(1, -4, -142)
(0, -4, -141)
(1, -5, -142)
(0, -5, -142)
(1, -6, -143)
(0, -6, -143)
(1, -7, -143)
(0, -7, -142)
(1, -8, -143)
(0, -8, -143)
(1, -9, -144)
(1, -9, -145)
(0, -9, -145)
(1, -10, -146)
(0, -10, -146)
(0, -10, -147)
(1, -11, -148)
(0, -11, -147)
(1, -12, -148)
(0, -12, -148)
(0, -12, -149)
(0, -12, -150)
(1, -12, -151)
(0, -11, -150)
(1, -11, -151)
(0, -10, -150)
(1, -10, -150)
(0, -9, -149)
(1, -9, -149)
(0, -8, -148)
(1, -8, -149)
(0, -7, -149)
(1, -7, -150)
(0, -6, -150)
(1, -6, -150)
(0, -5, -149)
(1, -5, -150)
(1, -5, -151)
(0, -4, -151)
(0, -4, -152)
(0, -4, -153)
(0, -4, -154)
(0, -4, -155)
(0, -4, -156)
(1, -4, -157)
(0, -3, -157)
(0, -3, -158)
(0, -3, -159)
(0, -3, -160)
(1, -3, -161)
(0, -2, -161)
(1, -2, -161)
(0, -1, -160)
(0, -1, -159)
(1, -1, -159)
(0, 0, -159)
(1, 0, -160)
(0, 1, -160)
(1, 1, -161)
(0, 2, -161)
(1, 2, -162)
(0, 3, -161)
(1, 3, -161)
(0, 4, -161)
(0, 4, -162)
(0, 4, -163)
(1, 4, -164)
(0, 5, -163)
(1, 5, -164)
(0, 6, -164)
(1, 6, -165)
(0, 7, -165)
(1, 7, -165)
(1, 7, -164)
(1, 7, -163)
(0, 8, -162)
(0, 8, -161)
(0, 8, -160)
(1, 8, -160)
(0, 9, -159)
(1, 9, -160)
(0, 10, -160)
(1, 10, -161)
(1, 10, -162)
(0, 10, -162)
(1, 9, -162)
(0, 9, -162)
(0, 9, -163)
(1, 8, -164)
(1, 8, -165)
(1, 8, -166)
(0, 9, -166)
(1, 9, -166)
(0, 10, -165)
(1, 10, -166)
(0, 11, -166)
(1, 11, -167)
(1, 11, -168)
(0, 12, -168)
(1, 12, -168)
(1, 12, -167)
(0, 13, -166)
(1, 13, -166)
(0, 14, -166)
(1, 14, -167)
(1, 14, -168)
(0, 14, -168)
(1, 13, -169)
(1, 13, -170)
(1, 13, -171)
(0, 13, -171)
(1, 12, -172)
(1, 12, -173)
(0, 12, -173)
(0, 12, -174)
(1, 12, -175)
(1, 12, -176)
(0, 12, -176)
(1, 11, -177)
(0, 11, -177)
(0, 11, -178)
(1, 10, -179)
(0, 10, -179)
(1, 9, -179)
(0, 9, -179)
(1, 8, -179)
(1, 8, -178)
(0, 9, -177)
(1, 9, -177)
(0, 10, -176)
(0, 10, -175)
(1, 9, -175)
(1, 9, -174)
(1, 9, -173)
(1, 9, -172)
(0, 9, -171)
(0, 9, -170)
(1, 8, -170)
(1, 8, -169)
(0, 8, -168)
(1, 7, -169)
(0, 7, -169)
(1, 6, -170)
(0, 6, -169)
(0, 6, -168)
(1, 5, -168)
(0, 5, -167)
(1, 4, -168)
(0, 4, -168)
(0, 4, -169)
(0, 4, -170)
(0, 4, -171)
(0, 4, -172)
(1, 4, -173)
(1, 4, -174)
(0, 4, -174)
(1, 3, -175)
(0, 3, -175)
(0, 3, -176)
(1, 2, -177)
(0, 2, -176)
(1, 1, -176)
(0, 1, -175)
(1, 0, -176)
(0, 0, -175)
(0, 0, -174)
(0, 0, -173)
(0, 0, -172)
(1, -1, -172)
(0, -1, -171)
(1, -2, -171)
(1, -2, -170)
(0, -1, -169)
(1, -1, -169)
(0, 0, -169)
(1, 0, -170)
(0, 1, -169)
(1, 1, -169)
(0, 2, -169)
(1, 2, -169)
(1, 2, -168)
(1, 2, -167)
(0, 2, -166)
(1, 1, -166)
(0, 1, -165)
(1, 0, -165)
(1, 0, -164)
(0, 0, -163)
(0, 0, -162)
(1, -1, -162)
(0, -1, -162)
(1, -2, -163)
(0, -2, -163)
(0, -2, -164)
(1, -3, -165)
(1, -3, -166)
(0, -2, -166)
(0, -2, -167)
(1, -3, -168)
(0, -3, -168)
(1, -4, -168)
(0, -4, -167)
(1, -5, -168)
(1, -5, -169)
(0, -4, -169)
(0, -4, -170)
(1, -5, -171)
(0, -5, -171)
(0, -5, -172)
(1, -5, -173)
(0, -4, -173)
(1, -4, -174)
(0, -3, -174)
(1, -3, -174)
(0, -2, -174)
(0, -2, -175)
(1, -2, -176)
(1, -2, -177)
(1, -2, -178)
(0, -1, -178)
(1, -1, -179)
(1, -1, -180)
(0, 0, -180)
(1, 0, -180)
(1, 0, -179)
(1, 0, -178)
(0, 1, -177)
(1, 1, -178)
(1, 1, -179)
(0, 2, -179)
(1, 2, -179)
(0, 3, -178)
(1, 3, -178)
(0, 4, -177)
(1, 4, -177)
(0, 5, -176)
(1, 5, -177)
(0, 6, -177)
(1, 6, -177)
(1, 6, -176)
(1, 6, -175)
(0, 7, -174)
(1, 7, -175)
(0, 8, -175)
(0, 8, -176)
(1, 7, -177)
(1, 7, -178)
(1, 7, -179)
(0, 7, -179)
(1, 6, -179)
(0, 6, -179)
(0, 6, -180)
(0, 6, -181)
(0, 6, -182)
(0, 6, -183)
(1, 5, -184)
(0, 5, -183)
(0, 5, -182)
(1, 4, -182)
(0, 4, -181)
(1, 3, -181)
(0, 3, -180)
(1, 2, -181)
(1, 2, -182)
(0, 2, -182)
(1, 1, -183)
(0, 1, -183)
(1, 0, -184)
(0, 0, -183)
(1, -1, -183)
(0, -1, -183)
(0, -1, -184)
(0, -1, -185)
(1, -2, -186)
(1, -2, -187)
(0, -1, -187)
(1, -1, -187)
(0, 0, -187)
(1, 0, -188)
(0, 1, -187)
(1, 1, -188)
(0, 2, -187)
(1, 2, -188)
(0, 3, -188)
(0, 3, -189)
(1, 3, -190)
(1, 3, -191)
(1, 3, -192)
(0, 3, -192)
(1, 2, -193)
(0, 2, -193)
(0, 2, -194)
(0, 2, -195)
(0, 2, -196)
(1, 1, -197)
(0, 1, -197)
(1, 0, -198)
(0, 0, -197)
(1, -1, -197)
(0, -1, -197)
(0, -1, -198)
(1, -1, -199)
(1, -1, -200)
(0, -1, -200)
(1, -2, -200)
(0, -2, -200)
(1, -3, -200)
(0, -3, -199)
(1, -4, -200)
(0, -4, -199)
(0, -4, -198)
(1, -4, -198)
(0, -3, -197)
(1, -3, -197)
(1, -3, -196)
(0, -2, -195)
(1, -2, -196)
(0, -1, -195)
(1, -1, -195)
(0, 0, -195)
(1, 0, -195)
(1, 0, -194)
(1, 0, -193)
(1, 0, -192)
(0, 0, -191)
(0, 0, -190)
(1, -1, -190)
(0, -1, -190)
(0, -1, -191)
(0, -1, -192)
(1, -2, -193)
(0, -2, -193)
(1, -3, -193)
(0, -3, -192)
(1, -4, -193)
(1, -4, -194)
(0, -4, -194)
(1, -5, -195)
(0, -5, -194)
(1, -6, -194)
(1, -6, -193)
(1, -6, -192)
(0, -5, -191)
(0, -5, -190)
(1, -5, -190)
(1, -5, -189)
(0, -4, -188)
(1, -4, -188)
(1, -4, -187)
(0, -3, -186)
(0, -3, -185)
(1, -4, -185)
(0, -4, -185)
(1, -5, -186)
(0, -5, -186)
(1, -6, -187)
(1, -6, -188)
(1, -6, -189)
(0, -6, -189)
(0, -6, -190)
(1, -7, -191)
(0, -7, -191)
(1, -8, -192)
(1, -8, -193)
(0, -8, -193)
(0, -8, -194)
(1, -8, -195)
(1, -8, -196)
(1, -8, -197)
(0, -8, -197)
(0, -8, -198)
(1, -9, -199)
(1, -9, -200)
(0, -9, -200)
(1, -10, -200)
(1, -10, -199)
(1, -10, -198)
(0, -10, -197)
(1, -11, -197)
(1, -11, -196)
(0, -11, -195)
(1, -12, -195)
(1, -12, -194)
(0, -11, -193)
(0, -11, -192)
(0, -11, -191)
(1, -11, -191)
(0, -10, -191)
(1, -10, -191)
(1, -10, -190)
(0, -9, -189)
(0, -9, -188)
(0, -9, -187)
(1, -9, -187)
(0, -8, -186)
(1, -8, -186)
(0, -7, -186)
(1, -7, -186)
(0, -6, -185)
(0, -6, -184)
(1, -6, -184)
(0, -5, -184)
(1, -5, -184)
(1, -5, -183)
(0, -5, -182)
(0, -5, -181)
(1, -6, -181)
(1, -6, -180)
(0, -6, -179)
(1, -7, -180)
(0, -7, -179)
(1, -8, -180)
(1, -8, -181)
(0, -8, -181)
(1, -9, -181)
(1, -9, -180)
(0, -9, -179)
(1, -10, -179)
(0, -10, -179)
(1, -11, -179)
(0, -11, -179)
(1, -12, -180)
(0, -12, -179)
(1, -13, -179)
(0, -13, -178)
(1, -14, -179)
(0, -14, -179)
(1, -15, -179)
(1, -15, -178)
(0, -15, -177)
(1, -16, -178)
(0, -16, -178)
(1, -17, -178)
(1, -17, -177)
(1, -17, -176)
(0, -17, -175)
(0, -17, -174)
(0, -17, -173)
(1, -18, -173)
(0, -18, -172)
(0, -18, -171)
(1, -19, -171)
(1, -19, -170)
(0, -18, -169)
(1, -18, -170)
(0, -17, -170)
(1, -17, -171)
(0, -16, -171)
(1, -16, -171)
(0, -15, -171)
(1, -15, -171)
(1, -15, -170)
(1, -15, -169)
(1, -15, -168)
(0, -14, -167)
(1, -14, -167)
(0, -13, -167)
(1, -13, -168)
(1, -13, -169)
(0, -12, -169)
(0, -12, -170)
(0, -12, -171)
(1, -12, -172)
(1, -12, -173)
(1, -12, -174)
(0, -12, -174)
(0, -12, -175)
(1, -12, -176)
(0, -11, -175)
(1, -11, -176)
(1, -11, -177)
(0, -10, -177)
(1, -10, -177)
(0, -9, -176)
(1, -9, -176)
(0, -8, -175)
(1, -8, -175)
(0, -7, -175)
(1, -7, -176)
(1, -7, -177)
(0, -6, -177)
(1, -6, -178)
(0, -5, -178)
(1, -5, -179)
(0, -4, -179)
(1, -4, -179)
(0, -3, -178)
(0, -3, -177)
(1, -4, -177)
(0, -4, -177)
(1, -5, -177)
(0, -5, -176)
(1, -6, -176)
(1, -6, -175)
(1, -6, -174)
(0, -6, -173)
(1, -7, -174)
(0, -7, -173)
(0, -7, -172)
(1, -7, -172)
(0, -6, -171)
(0, -6, -170)
(1, -6, -170)
(1, -6, -169)
(1, -6, -168)
(1, -6, -167)
(0, -5, -166)
(1, -5, -166)
(0, -4, -165)
(1, -4, -165)
(1, -4, -164)
(0, -4, -163)
(1, -5, -163)
(1, -5, -162)
(0, -5, -161)
(1, -6, -161)
(0, -6, -160)
(0, -6, -159)
(1, -7, -159)
(1, -7, -158)
(0, -7, -157)
(1, -8, -158)
(1, -8, -159)
(0, -8, -159)
(1, -9, -159)
(0, -9, -158)
(1, -10, -159)
(1, -10, -160)
(0, -10, -160)
(1, -11, -160)
(0, -11, -159)
(1, -12, -159)
(1, -12, -158)
(0, -12, -157)
(1, -13, -158)
(0, -13, -157)
(1, -14, -158)
(0, -14, -157)
(1, -15, -157)
(0, -15, -157)
(1, -16, -158)
(0, -16, -158)
(1, -17, -158)
(0, -17, -158)
(1, -18, -158)
(1, -18, -157)
(0, -18, -156)
(1, -19, -156)
(0, -19, -156)
(0, -19, -157)
(1, -20, -158)
(0, -20, -157)
(1, -21, -157)
(0, -21, -156)
(1, -22, -157)
(0, -22, -157)
(0, -22, -158)
(0, -22, -159)
(1, -23, -160)
(0, -23, -160)
(1, -24, -161)
(0, -24, -160)
(1, -25, -160)
(0, -25, -159)
(1, -26, -160)
(0, -26, -159)
(1, -27, -160)
(1, -27, -161)
(1, -27, -162)
(0, -26, -162)
(0, -26, -163)
(0, -26, -164)
(1, -27, -165)
(0, -27, -164)
(0, -27, -163)
(1, -28, -163)
(0, -28, -163)
(0, -28, -164)
(0, -28, -165)
(1, -28, -166)
(1, -28, -167)
(0, -27, -167)
(1, -27, -168)
(1, -27, -169)
(0, -27, -169)
(0, -27, -170)
(1, -27, -171)
(0, -26, -170)
(1, -26, -171)
(0, -25, -171)
(1, -25, -171)
(1, -25, -170)
(1, -25, -169)
(1, -25, -168)
(0, -24, -167)
(1, -24, -167)
(1, -24, -166)
(0, -24, -165)
(0, -24, -164)
(1, -25, -164)
(0, -25, -163)
(0, -25, -162)
(1, -25, -162)
(0, -24, -162)
(1, -24, -163)
(0, -23, -163)
(1, -23, -164)
(1, -23, -165)
(1, -23, -166)
(1, -23, -167)
(1, -23, -168)
(0, -23, -168)
(1, -24, -169)
(1, -24, -170)
(0, -23, -170)
(1, -23, -171)
(0, -22, -170)
(1, -22, -171)
(1, -22, -172)
(0, -21, -172)
(1, -21, -173)
(0, -20, -173)
(0, -20, -174)
(1, -21, -175)
(0, -21, -175)
(0, -21, -176)
(0, -21, -177)
(1, -21, -178)
(1, -21, -179)
(1, -21, -180)
(0, -21, -180)
(0, -21, -181)
(1, -22, -182)
(0, -22, -181)
(1, -23, -182)
(0, -23, -181)
(1, -24, -181)
(0, -24, -181)
(0, -24, -182)
(1, -25, -183)
(0, -25, -182)
(1, -26, -183)
(0, -26, -182)
(0, -26, -181)
(1, -27, -181)
(0, -27, -180)
(0, -27, -179)
(1, -28, -179)
(0, -28, -179)
(0, -28, -180)
(1, -29, -181)
(1, -29, -182)
(0, -28, -182)
(0, -28, -183)
(1, -28, -184)
(1, -28, -185)
(0, -27, -185)
(1, -27, -186)
(0, -26, -186)
(1, -26, -186)
(0, -25, -185)
(1, -25, -185)
(0, -24, -184)
(1, -24, -185)
(1, -24, -186)
(0, -23, -186)
(1, -23, -186)
(0, -22, -186)
(0, -22, -187)
(0, -22, -188)
(1, -22, -189)
(1, -22, -190)
(0, -22, -190)
(1, -23, -190)
(0, -23, -190)
(0, -23, -191)
(1, -23, -192)
(0, -22, -192)
(1, -22, -193)
(0, -21, -193)
(1, -21, -193)
(0, -20, -192)
(1, -20, -193)
(0, -19, -193)
(1, -19, -194)
(0, -18, -193)
(1, -18, -194)
(0, -17, -193)
(0, -17, -192)
(1, -17, -192)
(1, -17, -191)
(0, -16, -190)
(0, -16, -189)
(0, -16, -188)
(1, -16, -188)
(1, -16, -187)
(0, -16, -186)
(1, -17, -187)
(0, -17, -186)
(0, -17, -185)
(1, -18, -185)
(1, -18, -184)
(1, -18, -183)
(0, -17, -182)
(0, -17, -181)
(1, -18, -181)
(0, -18, -180)
(0, -18, -179)
(1, -18, -179)
(0, -17, -179)
(1, -17, -180)
(0, -16, -180)
(1, -16, -181)
(0, -15, -180)
(1, -15, -181)
(0, -14, -181)
(1, -14, -181)
(0, -13, -180)
(1, -13, -181)
(0, -12, -181)
(1, -12, -182)
(0, -11, -181)
(1, -11, -182)
(1, -11, -183)
(0, -11, -183)
(1, -12, -184)
(1, -12, -185)
(1, -12, -186)
(1, -12, -187)
(0, -12, -187)
(1, -13, -187)
(0, -13, -186)
(1, -14, -186)
(0, -14, -186)
(1, -15, -187)
(1, -15, -188)
(0, -14, -188)
(1, -14, -189)
(0, -13, -189)
(1, -13, -190)
(0, -12, -190)
(0, -12, -191)
(0, -12, -192)
(1, -13, -193)
(0, -13, -193)
(1, -14, -193)
(0, -14, -192)
(1, -15, -193)
(1, -15, -194)
(0, -15, -194)
(1, -16, -194)
(0, -16, -194)
(1, -17, -195)
(0, -17, -195)
(0, -17, -196)
(1, -18, -197)
(1, -18, -198)
(0, -18, -198)
(1, -19, -198)
(0, -19, -197)
(1, -20, -198)
(0, -20, -197)
(1, -21, -197)
(0, -21, -196)
(0, -21, -195)
(1, -22, -195)
(0, -22, -194)
(1, -23, -195)
(0, -23, -195)
(1, -24, -196)
(1, -24, -197)
(0, -24, -197)
(0, -24, -198)
(1, -25, -199)
(0, -25, -199)
(1, -26, -199)
(1, -26, -198)
(0, -25, -197)
(0, -25, -196)
(0, -25, -195)
(0, -25, -194)
(0, -25, -193)
(1, -26, -193)
(0, -26, -193)
(1, -27, -194)
(1, -27, -195)
(0, -27, -195)
(1, -28, -196)
(1, -28, -197)
(1, -28, -198)
(0, -28, -198)
(1, -29, -198)
(1, -29, -197)
(0, -29, -196)
(1, -30, -197)
(1, -30, -198)
(1, -30, -199)
(0, -30, -199)
(1, -31, -200)
(0, -31, -199)
(1, -32, -199)
(0, -32, -198)
(0, -32, -197)
(1, -32, -197)
(1, -32, -196)
(0, -32, -195)
(1, -33, -196)
(0, -33, -196)
(1, -34, -196)
(1, -34, -195)
(0, -33, -194)
(0, -33, -193)
(0, -33, -192)
(0, -33, -191)
(0, -33, -190)
(1, -33, -190)
(1, -33, -189)
(0, -33, -188)
(1, -34, -189)
(0, -34, -188)
(1, -35, -189)
(0, -35, -188)
(1, -36, -188)
(0, -36, -187)
(0, -36, -186)
(0, -36, -185)
(1, -37, -185)
(1, -37, -184)
(0, -36, -183)
(1, -36, -184)
(0, -35, -184)
(1, -35, -184)
(0, -34, -183)
(1, -34, -184)
(1, -34, -185)
(0, -33, -185)
(0, -33, -186)
(1, -33, -187)
(0, -32, -187)
(1, -32, -187)
(1, -32, -186)
(0, -32, -185)
(0, -32, -184)
(0, -32, -183)
(1, -33, -183)
(0, -33, -182)
(0, -33, -181)
(0, -33, -180)
(0, -33, -179)
(0, -33, -178)
(0, -33, -177)
(0, -33, -176)
(1, -34, -176)
(0, -34, -176)
(1, -35, -177)
(0, -35, -176)
(1, -36, -176)
(1, -36, -175)
(0, -35, -174)
(0, -35, -173)
(0, -35, -172)
(1, -36, -172)
(0, -36, -171)
(1, -37, -171)
(0, -37, -171)
(1, -38, -172)
(0, -38, -171)
(1, -39, -172)
(0, -39, -172)
(1, -40, -173)
(1, -40, -174)
(0, -39, -174)
(1, -39, -174)
(0, -38, -173)
(1, -38, -174)
(1, -38, -175)
(0, -38, -175)
(0, -38, -176)
(1, -39, -177)
(1, -39, -178)
(0, -38, -178)
(1, -38, -179)
(1, -38, -180)
(0, -38, -180)
(1, -39, -181)
(0, -39, -180)
(1, -40, -181)
(0, -40, -181)
(0, -40, -182)
(1, -40, -183)
(0, -39, -183)
(1, -39, -184)
(0, -38, -183)
(1, -38, -184)
(1, -38, -185)
(1, -38, -186)
(1, -38, -187)
(0, -38, -187)
(1, -39, -187)
(0, -39, -187)
(1, -40, -188)
(1, -40, -189)
(0, -40, -189)
(1, -41, -190)
(1, -41, -191)
(1, -41, -192)
(0, -40, -192)
(1, -40, -192)
(1, -40, -191)
(0, -39, -190)
(1, -39, -191)
(1, -39, -192)
(1, -39, -193)
(0, -39, -193)
(1, -40, -194)
(1, -40, -195)
(0, -40, -195)
(0, -40, -196)
(1, -40, -197)
(0, -39, -197)
(1, -39, -198)
(1, -39, -199)
(0, -39, -199)
(1, -40, -200)
(0, -40, -199)
(1, -41, -200)
(0, -41, -199)
(1, -42, -199)
(0, -42, -198)
(1, -43, -199)
(0, -43, -199)
(1, -44, -200)
(0, -44, -200)
(1, -45, -200)
(0, -45, -199)
(1, -46, -199)
(0, -46, -198)
(0, -46, -197)
(0, -46, -196)
(1, -47, -196)
(0, -47, -196)
(0, -47, -197)
(1, -48, -198)
(1, -48, -199)
(0, -48, -199)
(1, -49, -199)
(1, -49, -198)
(0, -49, -197)
(1, -50, -197)
(0, -50, -196)
(1, -51, -196)
(0, -51, -195)
(1, -52, -195)
(0, -52, -195)
(1, -53, -195)
(0, -53, -195)
(1, -54, -196)
(0, -54, -196)
(1, -55, -197)
(1, -55, -198)
(0, -55, -198)
(0, -55, -199)
(1, -56, -200)
(0, -56, -199)
(1, -57, -200)
(0, -57, -200)
(1, -58, -200)
(0, -58, -199)
(1, -59, -200)
(0, -59, -199)
(1, -60, -199)
(0, -60, -199)
(1, -61, -200)
(0, -61, -200)
(1, -62, -200)
(0, -62, -200)
(1, -63, -200)
(0, -63, -199)
(1, -64, -200)
(0, -64, -199)
(0, -64, -198)
(0, -64, -197)
(1, -65, -197)
(0, -65, -197)
(1, -66, -197)
(1, -66, -196)
(1, -66, -195)
(0, -66, -194)
(0, -66, -193)
(0, -66, -192)
(0, -66, -191)
(0, -66, -190)
(0, -66, -189)
(1, -66, -189)
(0, -65, -189)
(1, -65, -189)
(0, -64, -188)
(0, -64, -187)
(1, -64, -187)
(1, -64, -186)
(1, -64, -185)
(1, -64, -184)
(1, -64, -183)
(0, -63, -182)
(1, -63, -183)
(0, -62, -182)
(0, -62, -181)
(1, -62, -181)
(1, -62, -180)
(1, -62, -179)
(0, -62, -178)
(1, -63, -179)
(1, -63, -180)
(0, -63, -180)
(1, -64, -180)
(1, -64, -179)
(1, -64, -178)
(0, -64, -177)
(1, -65, -178)
(0, -65, -178)
(0, -65, -179)
(1, -65, -180)
(1, -65, -181)
(1, -65, -182)
(0, -65, -182)
(1, -66, -182)
(0, -66, -181)
(1, -67, -182)
(1, -67, -183)
(0, -66, -183)
(1, -66, -184)
(1, -66, -185)
(0, -66, -185)
(0, -66, -186)
(0, -66, -187)
(1, -67, -188)
(0, -67, -187)
(0, -67, -186)
(0, -67, -185)
(0, -67, -184)
(1, -68, -184)
(0, -68, -184)
(0, -68, -185)
(0, -68, -186)
(1, -69, -187)
(0, -69, -186)
(1, -70, -187)
(0, -70, -187)
(1, -71, -188)
(1, -71, -189)
(0, -70, -189)
(1, -70, -189)
(0, -69, -189)
(0, -69, -190)
(1, -70, -191)
(0, -70, -191)
(0, -70, -192)
(1, -70, -193)
(0, -69, -193)
(1, -69, -193)
(0, -68, -193)
(0, -68, -194)
(1, -68, -195)
(0, -67, -195)
(0, -67, -196)
(0, -67, -197)
(1, -68, -198)
(0, -68, -198)
(0, -68, -199)
(1, -69, -200)
(0, -69, -200)
(1, -70, -200)
(0, -70, -199)
(0, -70, -198)
(1, -70, -198)
(1, -70, -197)
(1, -70, -196)
(1, -70, -195)
(0, -70, -194)
(1, -71, -194)
(0, -71, -194)
(0, -71, -195)
(1, -71, -196)
(1, -71, -197)
(0, -71, -197)
(1, -72, -197)
(0, -72, -196)
(1, -73, -196)
(0, -73, -196)
(0, -73, -197)
(1, -74, -198)
(0, -74, -197)
(1, -75, -198)
(1, -75, -199)
(0, -75, -199)
(1, -76, -200)
(0, -76, -200)
(1, -77, -200)
(0, -77, -200)
(1, -78, -200)
(1, -78, -199)
(0, -78, -198)
(0, -78, -197)
(1, -79, -197)
(0, -79, -197)
(1, -80, -198)
(1, -80, -199)
(0, -80, -199)
(1, -81, -199)
(1, -81, -198)
(1, -81, -197)
(1, -81, -196)
(0, -81, -195)
(1, -82, -195)
(0, -82, -195)
(1, -83, -196)
(0, -83, -196)
(0, -83, -197)
(1, -84, -198)
(0, -84, -198)
(1, -85, -198)
(0, -85, -198)
(1, -86, -198)
(1, -86, -197)
(0, -85, -196)
(0, -85, -195)
(1, -85, -195)
(1, -85, -194)
(0, -85, -193)
(1, -86, -194)
(0, -86, -194)
(0, -86, -195)
(1, -87, -196)
(0, -87, -195)
(1, -88, -196)
(1, -88, -197)
(0, -87, -197)
(0, -87, -198)
(1, -88, -199)
(0, -88, -198)
(1, -89, -199)
(0, -89, -198)
(0, -89, -197)
(1, -89, -197)
(1, -89, -196)
(0, -89, -195)
(0, -89, -194)
(1, -90, -194)
(1, -90, -193)
(0, -90, -192)
(1, -91, -192)
(0, -91, -192)
(1, -92, -193)
(1, -92, -194)
(0, -92, -194)
(1, -93, -195)
(0, -93, -195)
(1, -94, -196)
(0, -94, -195)
(1, -95, -196)
(0, -95, -196)
(0, -95, -197)
(1, -95, -198)
(0, -94, -197)
(1, -94, -198)
(1, -94, -199)
(1, -94, -200)
(0, -94, -200)
(1, -95, -200)
(0, -95, -200)
(1, -96, -200)
(0, -96, -200)
(1, -97, -200)
(0, -97, -199)
(1, -98, -200)
(0, -98, -200)
(1, -99, -200)
(0, -99, -199)
(0, -99, -198)
(0, -99, -197)
(1, -99, -197)
(0, -98, -196)
(0, -98, -195)
(1, -99, -195)
(0, -99, -194)
(1, -100, -194)
(1, -100, -193)
(0, -100, -192)
(0, -100, -191)
(1, -100, -191)
(0, -99, -190)
(1, -99, -190)
(0, -98, -190)
(1, -98, -191)
(0, -97, -190)
(1, -97, -191)
(1, -97, -192)
(0, -96, -192)
(1, -96, -192)
(0, -95, -192)
(0, -95, -193)
(1, -95, -194)
(0, -94, -193)
(1, -94, -193)
(0, -93, -192)
(1, -93, -192)
(0, -92, -191)
(1, -92, -191)
(1, -92, -190)
(0, -92, -189)
(1, -93, -190)
(0, -93, -189)
(1, -94, -189)
(1, -94, -188)
(0, -93, -187)
(1, -93, -188)
(0, -92, -187)
(0, -92, -186)
(0, -92, -185)
(0, -92, -184)
(1, -93, -184)
(0, -93, -183)
(1, -94, -184)
(0, -94, -184)
(0, -94, -185)
(1, -95, -186)
(0, -95, -186)
(1, -96, -187)
(0, -96, -187)
(1, -97, -188)
(0, -97, -187)
(0, -97, -186)
(0, -97, -185)
(1, -98, -185)
(0, -98, -184)
(1, -99, -185)
(0, -99, -184)
(1, -100, -184)
(1, -100, -183)
(0, -100, -182)
(0, -100, -181)
(1, -100, -181)
(0, -99, -180)
(1, -99, -181)
(0, -98, -180)
(1, -98, -180)
(1, -98, -179)
(1, -98, -178)
(0, -97, -177)
(1, -97, -178)
(0, -96, -178)
(1, -96, -178)
(1, -96, -177)
(0, -96, -176)
(0, -96, -175)
(0, -96, -174)
(1, -96, -174)
(0, -95, -173)
(1, -95, -174)
(0, -94, -174)
(1, -94, -175)
(1, -94, -176)
(1, -94, -177)
(0, -94, -177)
(1, -95, -178)
(1, -95, -179)
(0, -95, -179)
(1, -96, -180)
(1, -96, -181)
(1, -96, -182)
(1, -96, -183)
(0, -95, -183)
(1, -95, -183)
(1, -95, -182)
(1, -95, -181)
(0, -94, -180)
(1, -94, -181)
(0, -93, -180)
(1, -93, -180)
(0, -92, -180)
(1, -92, -180)
(0, -91, -180)
(1, -91, -181)
(0, -90, -181)
(1, -90, -182)
(0, -89, -182)
(1, -89, -182)
(0, -88, -182)
(1, -88, -183)
(0, -87, -182)
(0, -87, -181)
(0, -87, -180)
(1, -88, -180)
(1, -88, -179)
(0, -87, -178)
(0, -87, -177)
(1, -88, -177)
(1, -88, -176)
(0, -88, -175)
(1, -89, -176)
(0, -89, -175)
(1, -90, -175)
(0, -90, -175)
(0, -90, -176)
(1, -91, -177)
(0, -91, -176)
(1, -92, -176)
(1, -92, -175)
(0, -91, -174)
(1, -91, -174)
(1, -91, -173)
(0, -91, -172)
(0, -91, -171)
(1, -91, -171)
(0, -90, -170)
(1, -90, -171)
(0, -89, -171)
(0, -89, -172)
(1, -89, -173)
(0, -88, -172)
(0, -88, -171)
(0, -88, -170)
(1, -88, -170)
(0, -87, -169)
(0, -87, -168)
(0, -87, -167)
(1, -88, -167)
(1, -88, -166)
(0, -88, -165)
(0, -88, -164)
(1, -89, -164)
(0, -89, -164)
(0, -89, -165)
(1, -90, -166)
(0, -90, -166)
(1, -91, -167)
(0, -91, -166)
(1, -92, -167)
(1, -92, -168)
(0, -92, -168)
(0, -92, -169)
(0, -92, -170)
(0, -92, -171)
(0, -92, -172)
(0, -92, -173)
(1, -93, -174)
(0, -93, -173)
(0, -93, -172)
(1, -94, -172)
(0, -94, -172)
(1, -95, -172)
(0, -95, -171)
(1, -96, -172)
(0, -96, -171)
(1, -97, -171)
(0, -97, -170)
(0, -97, -169)
(1, -98, -169)
(0, -98, -169)
(0, -98, -170)
(0, -98, -171)
(1, -98, -172)
(0, -97, -172)
(0, -97, -173)
(1, -98, -174)
(1, -98, -175)
(0, -98, -175)
(1, -99, -176)
(0, -99, -176)
(1, -100, -177)
(0, -100, -176)
(0, -100, -175)
(0, -100, -174)
(0, -100, -173)
(0, -100, -172)
(0, -100, -171)
(1, -100, -171)
(0, -99, -170)
(0, -99, -169)
(0, -99, -168)
(1, -99, -168)
(1, -99, -167)
(0, -98, -166)
(1, -98, -167)
(0, -97, -166)
(0, -97, -165)
(1, -97, -165)
(0, -96, -164)
(1, -96, -164)
(1, -96, -163)
(1, -96, -162)
(0, -95, -161)
(0, -95, -160)
(0, -95, -159)
(0, -95, -158)
(0, -95, -157)
(1, -95, -157)
(0, -94, -156)
(0, -94, -155)
(1, -95, -155)
(0, -95, -155)
(1, -96, -156)
(0, -96, -155)
(1, -97, -155)
(1, -97, -154)
(0, -96, -153)
(0, -96, -152)
(0, -96, -151)
(1, -96, -151)
(0, -95, -151)
(1, -95, -151)
(1, -95, -150)
(0, -94, -149)
(1, -94, -149)
(0, -93, -148)
(1, -93, -149)
(0, -92, -148)
(0, -92, -147)
(1, -92, -147)
(0, -91, -146)
(0, -91, -145)
(1, -92, -145)
(1, -92, -144)
(1, -92, -143)
(0, -92, -142)
(1, -93, -143)
(1, -93, -144)
(0, -93, -144)
(1, -94, -145)
(1, -94, -146)
(1, -94, -147)
(0, -94, -147)
(1, -95, -147)
(1, -95, -146)
(0, -95, -145)
(0, -95, -144)
(1, -95, -144)
(1, -95, -143)
(1, -95, -142)
(1, -95, -141)
(0, -95, -140)
(1, -96, -140)
(0, -96, -139)
(0, -96, -138)
(1, -96, -138)
(0, -95, -138)
(1, -95, -138)
(0, -94, -138)
(0, -94, -139)
(1, -94, -140)
(0, -93, -140)
(1, -93, -140)
(1, -93, -139)
(0, -92, -138)
(1, -92, -138)
(1, -92, -137)
(0, -91, -136)
(1, -91, -137)
(0, -90, -136)
(1, -90, -136)
(1, -90, -135)
(0, -90, -134)
(0, -90, -133)
(1, -91, -133)
(1, -91, -132)
(1, -91, -131)
(0, -91, -130)
(1, -92, -130)
(0, -92, -130)
(1, -93, -130)
(0, -93, -130)
(1, -94, -131)
(0, -94, -130)
(1, -95, -131)
(1, -95, -132)
(1, -95, -133)
(0, -94, -133)
(0, -94, -134)
(0, -94, -135)
(1, -95, -136)
(0, -95, -135)
(1, -96, -135)
(0, -96, -134)
(1, -97, -134)
(0, -97, -134)
(1, -98, -135)
(1, -98, -136)
(0, -98, -136)
(1, -99, -137)
(0, -99, -136)
(1, -100, -137)
(0, -100, -136)
(0, -100, -135)
(0, -100, -134)
(0, -100, -133)
(0, -100, -132)
(1, -100, -132)
(0, -99, -132)
(0, -99, -133)
(1, -99, -134)
(0, -98, -133)
(1, -98, -133)
(0, -97, -132)
(1, -97, -132)
(0, -96, -131)
(0, -96, -130)
(0, -96, -129)
(1, -97, -129)
(0, -97, -129)
(1, -98, -129)
(0, -98, -128)
(1, -99, -128)
(0, -99, -128)
(1, -100, -128)
(0, -100, -127)
(0, -100, -126)
(1, -100, -126)
(1, -100, -125)
(0, -99, -124)
(1, -99, -124)
(1, -99, -123)
(0, -98, -122)
(1, -98, -123)
(0, -97, -122)
(1, -97, -122)
(0, -96, -121)
(0, -96, -120)
(0, -96, -119)
(1, -96, -119)
(0, -95, -119)
(0, -95, -120)
(0, -95, -121)
(0, -95, -122)
(1, -95, -123)
(1, -95, -124)
(0, -95, -124)
(1, -96, -125)
(0, -96, -125)
(0, -96, -126)
(0, -96, -127)
(1, -96, -128)
(0, -95, -127)
(1, -95, -127)
(0, -94, -126)
(0, -94, -125)
(1, -94, -125)
(1, -94, -124)
(1, -94, -123)
(0, -93, -122)
(1, -93, -122)
(1, -93, -121)
(1, -93, -120)
(0, -92, -119)
(1, -92, -120)
(1, -92, -121)
(0, -91, -121)
(0, -91, -122)
(1, -92, -123)
(0, -92, -123)
(0, -92, -124)
(1, -92, -125)
(1, -92, -126)
(1, -92, -127)
(0, -91, -127)
(1, -91, -128)
(0, -90, -128)
(0, -90, -129)
(1, -90, -130)
(0, -89, -130)
(1, -89, -131)
(0, -88, -130)
(1, -88, -130)
(0, -87, -130)
(0, -87, -131)
(0, -87, -132)
(1, -88, -133)
(1, -88, -134)
(1, -88, -135)
(0, -88, -135)
(1, -89, -136)
(1, -89, -137)
(1, -89, -138)
(0, -88, -138)
(1, -88, -139)
(1, -88, -140)
(1, -88, -141)
(1, -88, -142)
(0, -87, -142)
(1, -87, -142)
(0, -86, -142)
(1, -86, -142)
(0, -85, -142)
(0, -85, -143)
(1, -85, -144)
(1, -85, -145)
(0, -84, -145)
(0, -84, -146)
(1, -84, -147)
(1, -84, -148)
(0, -83, -148)
(1, -83, -148)
(0, -82, -147)
(1, -82, -148)
(0, -81, -147)
(0, -81, -146)
(1, -82, -146)
(0, -82, -145)
(1, -83, -146)
(0, -83, -145)
(0, -83, -144)
(1, -83, -144)
(1, -83, -143)
(0, -83, -142)
(0, -83, -141)
(0, -83, -140)
(1, -83, -140)
(0, -82, -140)
(1, -82, -141)
(1, -82, -142)
(0, -81, -142)
(1, -81, -143)
(0, -80, -142)
(0, -80, -141)
(1, -80, -141)
(0, -79, -140)
(1, -79, -141)
(1, -79, -142)
(0, -78, -142)
(1, -78, -142)
(0, -77, -142)
(1, -77, -143)
(1, -77, -144)
(0, -76, -144)
(1, -76, -145)
(1, -76, -146)
(1, -76, -147)
(1, -76, -148)
(1, -76, -149)
(1, -76, -150)
(0, -76, -150)
(1, -77, -151)
(0, -77, -150)
(1, -78, -150)
(0, -78, -149)
(0, -78, -148)
(0, -78, -147)
(0, -78, -146)
(0, -78, -145)
(1, -79, -145)
(1, -79, -144)
(0, -79, -143)
(1, -80, -144)
(1, -80, -145)
(0, -80, -145)
(0, -80, -146)
(1, -80, -147)
(1, -80, -148)
(1, -80, -149)
(0, -79, -149)
(0, -79, -150)
(0, -79, -151)
(1, -80, -152)
(0, -80, -152)
(1, -81, -153)
(0, -81, -152)
(1, -82, -153)
(1, -82, -154)
(1, -82, -155)
(1, -82, -156)
(1, -82, -157)
(0, -82, -157)
(1, -83, -158)
(0, -83, -157)
(0, -83, -156)
(1, -83, -156)
(1, -83, -155)
(0, -83, -154)
(1, -84, -154)
(0, -84, -153)
(0, -84, -152)
(0, -84, -151)
(1, -85, -151)
(0, -85, -151)
(0, -85, -152)
(0, -85, -153)
(0, -85, -154)
(1, -86, -155)
(1, -86, -156)
(1, -86, -157)
(0, -86, -157)
(1, -87, -157)
(0, -87, -156)
(0, -87, -155)
(1, -88, -155)
(1, -88, -154)
(0, -87, -153)
(1, -87, -153)
(0, -86, -152)
(0, -86, -151)
(1, -87, -151)
(0, -87, -151)
(1, -88, -151)
(0, -88, -150)
(1, -89, -151)
(0, -89, -150)
(1, -90, -151)
(0, -90, -151)
(0, -90, -152)
(1, -90, -153)
(1, -90, -154)
(0, -89, -154)
(0, -89, -155)
(1, -90, -156)
(0, -90, -155)
(1, -91, -156)
(1, -91, -157)
(0, -90, -157)
(0, -90, -158)
(1, -91, -159)
(0, -91, -158)
(1, -92, -159)
(1, -92, -160)
(0, -91, -160)
(0, -91, -161)
(1, -92, -162)
(0, -92, -161)
(1, -93, -162)
(1, -93, -163)
(0, -92, -163)
(0, -92, -164)
(1, -92, -165)
(0, -91, -164)
(0, -91, -163)
(1, -91, -163)
(0, -90, -162)
(1, -90, -162)
(1, -90, -161)
(1, -90, -160)
(0, -89, -159)
(1, -89, -160)
(1, -89, -161)
(1, -89, -162)
(0, -88, -162)
(1, -88, -162)
(0, -87, -161)
(1, -87, -162)
(1, -87, -163)
(0, -87, -163)
(0, -87, -164)
(1, -87, -165)
(1, -87, -166)
(0, -86, -166)
(1, -86, -167)
(0, -85, -166)
(1, -85, -167)
(1, -85, -168)
(0, -84, -168)
(0, -84, -169)
(0, -84, -170)
(1, -85, -171)
(0, -85, -171)
(1, -86, -171)
(0, -86, -171)
(0, -86, -172)
(0, -86, -173)
(1, -86, -174)
(1, -86, -175)
(1, -86, -176)
(1, -86, -177)
(0, -85, -177)
(0, -85, -178)
(0, -85, -179)
(0, -85, -180)
(0, -85, -181)
(1, -85, -182)
(0, -84, -181)
(1, -84, -182)
(1, -84, -183)
(1, -84, -184)
(0, -84, -184)
(1, -85, -184)
(0, -85, -183)
(1, -86, -184)
(0, -86, -183)
(1, -87, -184)
(0, -87, -184)
(0, -87, -185)
(1, -88, -186)
(0, -88, -185)
(1, -89, -186)
(0, -89, -185)
(0, -89, -184)
(1, -90, -184)
(0, -90, -183)
(1, -91, -184)
(0, -91, -184)
(0, -91, -185)
(1, -91, -186)
(1, -91, -187)
(0, -91, -187)
(0, -91, -188)
(1, -91, -189)
(0, -90, -189)
(1, -90, -189)
(0, -89, -189)
(0, -89, -190)
(1, -89, -191)
(1, -89, -192)
(0, -88, -192)
(1, -88, -192)
(0, -87, -191)
(1, -87, -192)
(0, -86, -191)
(1, -86, -191)
(1, -86, -190)
(0, -86, -189)
(1, -87, -190)
(0, -87, -189)
(1, -88, -190)
(0, -88, -189)
(0, -88, -188)
(1, -88, -188)
(0, -87, -187)
(1, -87, -187)
(0, -86, -186)
(1, -86, -187)
(1, -86, -188)
(0, -85, -188)
(1, -85, -189)
(0, -84, -189)
(1, -84, -190)
(0, -83, -189)
(0, -83, -188)
(1, -84, -188)
(1, -84, -187)
(0, -83, -186)
(0, -83, -185)
(1, -83, -185)
(0, -82, -184)
(1, -82, -185)
(1, -82, -186)
(0, -82, -186)
(0, -82, -187)
(1, -82, -188)
(0, -81, -187)
(1, -81, -187)
(0, -80, -186)
(1, -80, -187)
(1, -80, -188)
(0, -79, -188)
(1, -79, -189)
(0, -78, -188)
(0, -78, -187)
(0, -78, -186)
(1, -78, -186)
(1, -78, -185)
(1, -78, -184)
(0, -78, -183)
(1, -79, -184)
(0, -79, -183)
(1, -80, -183)
(0, -80, -182)
(1, -81, -182)
(1, -81, -181)
(0, -80, -180)
(1, -80, -180)
(0, -79, -179)
(1, -79, -179)
(0, -78, -179)
(0, -78, -180)
(1, -78, -181)
(0, -77, -181)
(1, -77, -181)
(0, -76, -181)
(0, -76, -182)
(0, -76, -183)
(0, -76, -184)
(1, -77, -185)
(1, -77, -186)
(0, -76, -186)
(1, -76, -187)
(0, -75, -186)
(0, -75, -185)
(0, -75, -184)
(0, -75, -183)
(1, -75, -183)
(0, -74, -183)
(1, -74, -184)
(1, -74, -185)
(0, -73, -185)
(1, -73, -185)
(1, -73, -184)
(1, -73, -183)
(1, -73, -182)
(0, -73, -181)
(0, -73, -180)
(1, -74, -180)
(1, -74, -179)
(0, -74, -178)
(0, -74, -177)
(0, -74, -176)
(1, -74, -176)
(0, -73, -176)
(0, -73, -177)
(1, -73, -178)
(1, -73, -179)
(0, -72, -179)
(1, -72, -180)
(0, -71, -179)
(0, -71, -178)
(1, -71, -178)
(1, -71, -177)
(0, -71, -176)
(1, -72, -176)
(1, -72, -175)
(1, -72, -174)
(0, -71, -173)
(0, -71, -172)
(0, -71, -171)
(1, -71, -171)
(0, -70, -171)
(1, -70, -171)
(1, -70, -170)
(1, -70, -169)
(0, -69, -168)
(0, -69, -167)
(0, -69, -166)
(1, -69, -166)
(0, -68, -166)
(0, -68, -167)
(1, -68, -168)
(0, -67, -168)
(1, -67, -168)
(0, -66, -168)
(0, -66, -169)
(1, -67, -170)
(0, -67, -170)
(1, -68, -171)
(0, -68, -170)
(1, -69, -171)
(1, -69, -172)
(1, -69, -173)
(0, -68, -173)
(1, -68, -173)
(0, -67, -173)
(1, -67, -174)
(0, -66, -173)
(0, -66, -172)
(0, -66, -171)
(1, -66, -171)
(0, -65, -171)
(0, -65, -172)
(0, -65, -173)
(1, -65, -174)
(0, -64, -174)
(0, -64, -175)
(1, -64, -176)
(0, -63, -175)
(1, -63, -175)
(0, -62, -174)
(1, -62, -174)
(0, -61, -173)
(1, -61, -173)
(0, -60, -172)
(1, -60, -173)
(0, -59, -172)
(0, -59, -171)
(1, -60, -171)
(1, -60, -170)
(0, -59, -169)
(1, -59, -170)
(0, -58, -169)
(0, -58, -168)
(1, -58, -168)
(1, -58, -167)
(1, -58, -166)
(0, -58, -165)
(1, -59, -165)
(1, -59, -164)
(0, -59, -163)
(1, -60, -164)
(0, -60, -164)
(1, -61, -164)
(0, -61, -163)
(0, -61, -162)
(1, -61, -162)
(0, -60, -161)
(1, -60, -162)
(0, -59, -161)
(0, -59, -160)
(1, -59, -160)
(1, -59, -159)
(0, -58, -158)
(1, -58, -158)
(1, -58, -157)
(0, -57, -156)
(0, -57, -155)
(1, -57, -155)
(1, -57, -154)
(1, -57, -153)
(0, -56, -152)
(1, -56, -153)
(0, -55, -152)
(1, -55, -153)
(0, -54, -153)
(1, -54, -153)
(0, -53, -153)
(1, -53, -154)
(0, -52, -154)
(0, -52, -155)
(1, -52, -156)
(0, -51, -155)
(1, -51, -156)
(0, -50, -156)
(0, -50, -157)
(0, -50, -158)
(0, -50, -159)
(1, -51, -160)
(1, -51, -161)
(0, -50, -161)
(1, -50, -161)
(0, -49, -160)
(1, -49, -160)
(0, -48, -160)
(1, -48, -161)
(0, -47, -161)
(0, -47, -162)
(1, -48, -163)
(0, -48, -162)
(1, -49, -163)
(1, -49, -164)
(0, -49, -164)
(1, -50, -164)
(0, -50, -163)
(1, -51, -163)
(0, -51, -163)
(1, -52, -163)
(0, -52, -162)
(1, -53, -162)
(1, -53, -161)
(0, -53, -160)
(1, -54, -160)
(0, -54, -159)
(0, -54, -158)
(1, -54, -158)
(0, -53, -158)
(1, -53, -158)
(1, -53, -157)
(0, -53, -156)
(1, -54, -156)
(0, -54, -156)
(1, -55, -156)
(0, -55, -156)
(1, -56, -156)
(0, -56, -156)
(0, -56, -157)
(1, -57, -158)
(1, -57, -159)
(1, -57, -160)
(1, -57, -161)
(1, -57, -162)
(0, -57, -162)
(0, -57, -163)
(1, -57, -164)
(0, -56, -163)
(1, -56, -163)
(0, -55, -162)
(1, -55, -162)
(0, -54, -162)
(1, -54, -163)
(1, -54, -164)
(0, -53, -164)
(1, -53, -164)
(0, -52, -164)
(1, -52, -165)
(0, -51, -165)
(1, -51, -165)
(0, -50, -165)
(1, -50, -166)
(0, -49, -166)
(1, -49, -167)
(0, -48, -167)
(1, -48, -167)
(0, -47, -166)
(1, -47, -167)
(0, -46, -166)
(1, -46, -167)
(0, -45, -167)
(1, -45, -168)
(0, -44, -167)
(1, -44, -168)
(0, -43, -167)
(1, -43, -167)
(0, -42, -166)
(1, -42, -166)
(0, -41, -165)
(1, -41, -166)
(0, -40, -165)
(0, -40, -164)
(1, -40, -164)
(1, -40, -163)
(0, -39, -162)
(1, -39, -163)
(0, -38, -162)
(0, -38, -161)
(1, -38, -161)
(0, -37, -160)
(0, -37, -159)
(1, -38, -159)
(0, -38, -158)
(1, -39, -158)
(0, -39, -157)
(1, -40, -157)
(0, -40, -156)
(1, -41, -156)
(1, -41, -155)
(1, -41, -154)
(1, -41, -153)
(0, -41, -152)
(0, -41, -151)
(1, -42, -151)
(0, -42, -150)
(1, -43, -151)
(0, -43, -151)
(1, -44, -152)
(1, -44, -153)
(1, -44, -154)
(0, -43, -154)
(0, -43, -155)
(0, -43, -156)
(1, -44, -157)
(0, -44, -157)
(0, -44, -158)
(1, -44, -159)
(1, -44, -160)
(0, -44, -160)
(1, -45, -160)
(0, -45, -159)
(0, -45, -158)
(0, -45, -157)
(1, -46, -157)
(0, -46, -157)
(1, -47, -158)
(0, -47, -157)
(0, -47, -156)
(1, -47, -156)
(1, -47, -155)
(0, -46, -154)
(0, -46, -153)
(1, -46, -153)
(0, -45, -152)
(1, -45, -152)
(1, -45, -151)
(0, -45, -150)
(1, -46, -150)
(1, -46, -149)
(0, -45, -148)
(0, -45, -147)
(1, -46, -147)
(0, -46, -147)
(1, -47, -148)
(0, -47, -148)
(1, -48, -149)
(1, -48, -150)
(0, -48, -150)
(1, -49, -151)
(0, -49, -151)
(0, -49, -152)
(0, -49, -153)
(1, -49, -154)
(1, -49, -155)
(0, -49, -155)
(1, -50, -155)
(0, -50, -154)
(1, -51, -154)
(1, -51, -153)
(1, -51, -152)
(1, -51, -151)
(0, -50, -150)
(1, -50, -150)
(1, -50, -149)
(0, -49, -148)
(1, -49, -148)
(1, -49, -147)
(1, -49, -146)
(1, -49, -145)
(1, -49, -144)
(0, -49, -143)
(1, -50, -144)
(0, -50, -143)
(1, -51, -143)
(1, -51, -142)
(0, -51, -141)
(1, -52, -141)
(0, -52, -141)
(1, -53, -142)
(1, -53, -143)
(0, -52, -143)
(0, -52, -144)
(1, -53, -145)
(0, -53, -144)
(1, -54, -145)
(0, -54, -144)
(1, -55, -144)
(0, -55, -143)
(0, -55, -142)
(1, -56, -142)
(0, -56, -141)
(0, -56, -140)
(1, -56, -140)
(0, -55, -140)
(1, -55, -140)
(0, -54, -140)
(1, -54, -140)
(0, -53, -139)
(1, -53, -140)
(0, -52, -139)
(0, -52, -138)
(1, -53, -138)
(1, -53, -137)
(0, -53, -136)
(0, -53, -135)
(0, -53, -134)
(1, -54, -134)
(0, -54, -133)
(1, -55, -133)
(0, -55, -132)
(1, -56, -133)
(0, -56, -133)
(1, -57, -134)
(0, -57, -133)
(1, -58, -134)
(0, -58, -134)
(1, -59, -135)
(0, -59, -135)
(1, -60, -135)
(0, -60, -135)
(0, -60, -136)
(0, -60, -137)
(1, -61, -138)
(0, -61, -137)
(1, -62, -138)
(0, -62, -137)
(0, -62, -136)
(1, -63, -136)
(0, -63, -136)
(1, -64, -137)
(1, -64, -138)
(0, -63, -138)
(0, -63, -139)
(0, -63, -140)
(1, -63, -141)
(1, -63, -142)
(0, -63, -142)
(1, -64, -142)
(0, -64, -142)
(0, -64, -143)
(1, -65, -144)
(0, -65, -144)
(1, -66, -144)
(0, -66, -143)
(1, -67, -143)
(1, -67, -142)
(0, -67, -141)
(1, -68, -142)
(1, -68, -143)
(0, -68, -143)
(0, -68, -144)
(0, -68, -145)
(1, -68, -146)
(0, -67, -146)
(0, -67, -147)
(1, -67, -148)
(0, -66, -147)
(1, -66, -148)
(1, -66, -149)
(1, -66, -150)
(0, -66, -150)
(1, -67, -150)
(0, -67, -149)
(1, -68, -150)
(0, -68, -149)
(1, -69, -149)
(1, -69, -148)
(0, -69, -147)
(0, -69, -146)
(1, -70, -146)
(0, -70, -146)
(0, -70, -147)
(1, -71, -148)
(1, -71, -149)
(1, -71, -150)
(0, -70, -150)
(1, -70, -150)
(0, -69, -150)
(1, -69, -151)
(0, -68, -151)
(0, -68, -152)
(0, -68, -153)
(1, -69, -154)
(0, -69, -154)
(0, -69, -155)
(1, -70, -156)
(0, -70, -156)
(1, -71, -157)
(1, -71, -158)
(1, -71, -159)
(0, -71, -159)
(1, -72, -159)
(0, -72, -159)
(0, -72, -160)
(0, -72, -161)
(1, -73, -162)
(0, -73, -162)
(1, -74, -162)
(0, -74, -161)
(1, -75, -161)
(0, -75, -161)
(1, -76, -162)
(0, -76, -162)
(1, -77, -163)
(0, -77, -163)
(1, -78, -163)
(1, -78, -162)
(0, -78, -161)
(0, -78, -160)
(1, -79, -160)
(1, -79, -159)
(0, -78, -158)
(1, -78, -159)
(0, -77, -158)
(1, -77, -159)
(1, -77, -160)
(0, -76, -160)
(1, -76, -160)
(1, -76, -159)
(0, -75, -158)
(0, -75, -157)
(0, -75, -156)
(0, -75, -155)
(1, -76, -155)
(1, -76, -154)
(0, -75, -153)
(1, -75, -153)
(0, -74, -152)
(1, -74, -153)
(0, -73, -153)
(0, -73, -154)
(0, -73, -155)
(1, -74, -156)
(1, -74, -157)
(0, -73, -157)
(1, -73, -158)
(0, -72, -157)
(0, -72, -156)
(0, -72, -155)
(0, -72, -154)
(1, -72, -154)
(0, -71, -154)
(1, -71, -155)
(0, -70, -154)
(0, -70, -153)
(0, -70, -152)
(1, -71, -152)
(0, -71, -152)
(1, -72, -152)
(0, -72, -152)
(1, -73, -152)
(0, -73, -151)
(0, -73, -150)
(0, -73, -149)
(1, -74, -149)
(1, -74, -148)
(0, -73, -147)
(0, -73, -146)
(0, -73, -145)
(1, -74, -145)
(0, -74, -145)
(1, -75, -145)
(1, -75, -144)
(0, -75, -143)
(1, -76, -143)
(1, -76, -142)
(0, -75, -141)
(1, -75, -141)
(1, -75, -140)
(0, -75, -139)
(1, -76, -139)
(0, -76, -138)
(0, -76, -137)
(1, -76, -137)
(0, -75, -136)
(1, -75, -136)
(0, -74, -136)
(1, -74, -137)
(0, -73, -137)
(1, -73, -138)
(0, -72, -138)
(0, -72, -139)
(0, -72, -140)
(0, -72, -141)
(0, -72, -142)
(0, -72, -143)
(1, -72, -144)
(0, -71, -144)
(1, -71, -144)
(0, -70, -144)
(1, -70, -144)
(0, -69, -143)
(0, -69, -142)
(0, -69, -141)
(1, -70, -141)
(0, -70, -141)
(1, -71, -141)
(1, -71, -140)
(0, -70, -139)
(1, -70, -139)
(0, -69, -139)
(1, -69, -139)
(0, -68, -138)
(1, -68, -139)
(0, -67, -138)
(1, -67, -138)
(1, -67, -137)
(0, -67, -136)
(1, -68, -136)
(1, -68, -135)
(0, -68, -134)
(1, -69, -135)
(0, -69, -135)
(1, -70, -136)
(0, -70, -135)
(1, -71, -136)
(1, -71, -137)
(0, -71, -137)
(1, -72, -137)
(1, -72, -136)
(1, -72, -135)
(0, -71, -134)
(0, -71, -133)
(0, -71, -132)
(1, -72, -132)
(0, -72, -132)
(1, -73, -132)
(0, -73, -131)
(0, -73, -130)
(1, -74, -130)
(0, -74, -130)
(1, -75, -131)
(0, -75, -131)
(1, -76, -131)
(0, -76, -131)
(1, -77, -132)
(0, -77, -132)
(1, -78, -133)
(0, -78, -133)
(1, -79, -134)
(0, -79, -133)
(1, -80, -134)
(1, -80, -135)
(1, -80, -136)
(1, -80, -137)
(0, -80, -137)
(1, -81, -138)
(0, -81, -138)
(1, -82, -138)
(1, -82, -137)
(1, -82, -136)
(1, -82, -135)
(0, -81, -134)
(1, -81, -134)
(1, -81, -133)
(0, -80, -132)
(0, -80, -131)
(0, -80, -130)
(0, -80, -129)
(1, -80, -129)
(0, -79, -128)
(0, -79, -127)
(1, -79, -127)
(1, -79, -126)
(1, -79, -125)
(0, -79, -124)
(0, -79, -123)
(0, -79, -122)
(1, -80, -122)
(0, -80, -122)
(0, -80, -123)
(1, -81, -124)
(0, -81, -123)
(1, -82, -123)
(0, -82, -123)
(0, -82, -124)
(1, -83, -125)
(0, -83, -125)
(0, -83, -126)
(1, -84, -127)
(0, -84, -126)
(0, -84, -125)
(1, -85, -125)
(1, -85, -124)
(0, -84, -123)
(1, -84, -124)
(0, -83, -123)
(0, -83, -122)
(1, -83, -122)
(1, -83, -121)
(0, -82, -120)
(1, -82, -120)
(0, -81, -119)
(1, -81, -119)
(0, -80, -119)
(1, -80, -120)
(0, -79, -119)
(1, -79, -120)
(0, -78, -120)
(1, -78, -121)
(0, -77, -120)
(1, -77, -121)
(1, -77, -122)
(1, -77, -123)
(0, -76, -123)
(1, -76, -124)
(1, -76, -125)
(1, -76, -126)
(0, -75, -126)
(1, -75, -127)
(0, -74, -126)
(0, -74, -125)
(0, -74, -124)
(1, -74, -124)
(0, -73, -123)
(1, -73, -123)
(0, -72, -122)
(1, -72, -122)
(1, -72, -121)
(0, -72, -120)
(1, -73, -120)
(0, -73, -119)
(0, -73, -118)
(1, -73, -118)
(0, -72, -118)
(1, -72, -119)
(0, -71, -118)
(1, -71, -119)
(1, -71, -120)
(0, -70, -120)
(0, -70, -121)
(1, -70, -122)
(0, -69, -121)
(1, -69, -122)
(0, -68, -121)
(1, -68, -121)
(0, -67, -120)
(0, -67, -119)
(0, -67, -118)
(1, -68, -118)
(0, -68, -117)
(1, -69, -117)
(1, -69, -116)
(1, -69, -115)
(1, -69, -114)
(0, -69, -113)
(0, -69, -112)
(0, -69, -111)
(0, -69, -110)
(1, -70, -110)
(0, -70, -109)
(0, -70, -108)
(0, -70, -107)
(1, -71, -107)
(0, -71, -106)
(1, -72, -106)
(0, -72, -106)
(1, -73, -107)
(0, -73, -106)
(1, -74, -106)
(0, -74, -106)
(1, -75, -106)
(0, -75, -105)
(1, -76, -105)
(0, -76, -104)
(1, -77, -104)
(0, -77, -104)
(1, -78, -104)
(1, -78, -103)
(1, -78, -102)
(1, -78, -101)
(0, -78, -100)
(1, -79, -100)
(0, -79, -99)
(0, -79, -98)
(0, -79, -97)
(1, -79, -97)
(0, -78, -96)
(1, -78, -96)
(0, -77, -95)
(1, -77, -96)
(1, -77, -97)
(0, -76, -97)
(1, -76, -98)
(0, -75, -98)
(1, -75, -99)
(1, -75, -100)
(0, -75, -100)
(1, -76, -100)
(0, -76, -100)
(1, -77, -101)
(1, -77, -102)
(0, -76, -102)
(1, -76, -103)
(0, -75, -103)
(1, -75, -104)
(0, -74, -103)
(0, -74, -102)
(0, -74, -101)
(1, -74, -101)
(0, -73, -101)
(0, -73, -102)
(0, -73, -103)
(0, -73, -104)
(1, -73, -105)
(0, -72, -104)
(1, -72, -104)
(1, -72, -103)
(0, -72, -102)
(0, -72, -101)
(0, -72, -100)
(1, -73, -100)
(1, -73, -99)
(0, -73, -98)
(0, -73, -97)
(1, -73, -97)
(0, -72, -97)
(1, -72, -98)
(1, -72, -99)
(0, -71, -99)
(1, -71, -99)
(0, -70, -99)
(1, -70, -100)
(0, -69, -100)
(1, -69, -100)
(0, -68, -99)
(1, -68, -100)
(0, -67, -100)
(0, -67, -101)
(0, -67, -102)
(1, -68, -103)
(0, -68, -102)
(1, -69, -103)
(1, -69, -104)
(1, -69, -105)
(1, -69, -106)
(1, -69, -107)
(1, -69, -108)
(1, -69, -109)
(0, -68, -109)
(1, -68, -109)
(0, -67, -108)
(0, -67, -107)
(1, -67, -107)
(0, -66, -107)
(1, -66, -108)
(1, -66, -109)
(1, -66, -110)
(0, -65, -110)
(1, -65, -111)
(0, -64, -110)
(1, -64, -111)
(0, -63, -111)
(0, -63, -112)
(1, -64, -113)
(1, -64, -114)
(0, -64, -114)
(1, -65, -115)
(1, -65, -116)
(0, -64, -116)
(1, -64, -116)
(0, -63, -115)
(1, -63, -115)
(0, -62, -114)
(1, -62, -114)
(1, -62, -113)
(1, -62, -112)
(1, -62, -111)
(0, -62, -110)
(1, -63, -110)
(0, -63, -109)
(0, -63, -108)
(1, -64, -108)
(1, -64, -107)
(0, -63, -106)
(0, -63, -105)
(1, -64, -105)
(0, -64, -105)
(1, -65, -105)
(0, -65, -104)
(0, -65, -103)
(1, -66, -103)
