(1, 18, -65)
(0, 19, -65)
(1, 19, -66)
(1, 19, -67)
(0, 19, -67)
(1, 18, -67)
(0, 18, -67)
(0, 18, -68)
(1, 17, -69)
(1, 17, -70)
(1, 17, -71)
(0, 18, -71)
(0, 18, -72)
(0, 18, -73)
(1, 17, -74)
(0, 17, -73)
(0, 17, -72)
(1, 16, -72)
(0, 16, -71)
(1, 15, -72)
(0, 15, -72)
(1, 14, -72)
(1, 14, -71)
(0, 15, -70)
(1, 15, -70)
(0, 16, -69)
(0, 16, -68)
(1, 15, -68)
(0, 15, -68)
(1, 14, -68)
(1, 14, -67)
(1, 14, -66)
(0, 14, -65)
(0, 14, -64)
(0, 14, -63)
(1, 13, -63)
(0, 13, -63)
(1, 12, -63)
(0, 12, -63)
(1, 11, -64)
(0, 11, -64)
(0, 11, -65)
(1, 11, -66)
(0, 12, -66)
(0, 12, -67)
(1, 12, -68)
(0, 13, -68)
(1, 13, -69)
(1, 13, -70)
(0, 13, -70)
(0, 13, -71)
(0, 13, -72)
(0, 13, -73)
(1, 13, -74)
(1, 13, -75)
(0, 14, -75)
(0, 14, -76)
(1, 13, -77)
(0, 13, -77)
(0, 13, -78)
(1, 12, -79)
(0, 12, -78)
(0, 12, -77)
(0, 12, -76)
(0, 12, -75)
(0, 12, -74)
(0, 12, -73)
(1, 11, -73)
(1, 11, -72)
(0, 11, -71)
(1, 10, -72)
(0, 10, -72)
(1, 9, -73)
(1, 9, -74)
(0, 9, -74)
(1, 8, -74)
(0, 8, -74)
(0, 8, -75)
(1, 8, -76)
(0, 9, -76)
(1, 9, -77)
(0, 10, -76)
(1, 10, -77)
(0, 11, -77)
(0, 11, -78)
(1, 10, -79)
(1, 10, -80)
(0, 11, -80)
(0, 11, -81)
(1, 10, -82)
(0, 10, -81)
(1, 9, -82)
(0, 9, -81)
(1, 8, -82)
(1, 8, -83)
(0, 8, -83)
(1, 7, -83)
(1, 7, -82)
(1, 7, -81)
(0, 8, -80)
(1, 8, -80)
(0, 9, -79)
(0, 9, -78)
(1, 8, -78)
(0, 8, -77)
(1, 7, -78)
(0, 7, -77)
(1, 6, -77)
(1, 6, -76)
(0, 7, -75)
(0, 7, -74)
(0, 7, -73)
(1, 7, -73)
(1, 7, -72)
(0, 8, -71)
(0, 8, -70)
(0, 8, -69)
(1, 8, -69)
(0, 9, -68)
(1, 9, -68)
(1, 9, -67)
(0, 10, -66)
(0, 10, -65)
(1, 9, -65)
(0, 9, -64)
(1, 8, -65)
(0, 8, -64)
(0, 8, -63)
(0, 8, -62)
(1, 8, -62)
(1, 8, -61)
(0, 9, -60)
(1, 9, -61)
(0, 10, -61)
(1, 10, -62)
(0, 11, -61)
(0, 11, -60)
(0, 11, -59)
(0, 11, -58)
(1, 10, -58)
(1, 10, -57)
(0, 11, -56)
(1, 11, -57)
(0, 12, -57)
(1, 12, -57)
(1, 12, -56)
(0, 12, -55)
(1, 11, -55)
(0, 11, -54)
(1, 10, -54)
(0, 10, -53)
(1, 9, -53)
(0, 9, -53)
(1, 8, -54)
(1, 8, -55)
(0, 8, -55)
(1, 7, -56)
(0, 7, -55)
(0, 7, -54)
(1, 6, -54)
(1, 6, -53)
(0, 6, -52)
(1, 5, -52)
(0, 5, -52)
(1, 4, -52)
(0, 4, -52)
(1, 3, -53)
(0, 3, -53)
(1, 2, -54)
(0, 2, -54)
(1, 1, -55)
(0, 1, -55)
(1, 0, -56)
(0, 0, -56)
(0, 0, -57)
(1, 0, -58)
(0, 1, -57)
(1, 1, -58)
(1, 1, -59)
(0, 2, -59)
(1, 2, -60)
(0, 3, -60)
(1, 3, -60)
(1, 3, -59)
(0, 4, -58)
(1, 4, -58)
(0, 5, -58)
(1, 5, -59)
(1, 5, -60)
(0, 6, -60)
(1, 6, -60)
(1, 6, -59)
(0, 7, -58)
(1, 7, -58)
(0, 8, -58)
(0, 8, -59)
(1, 7, -60)
(1, 7, -61)
(0, 7, -61)
(0, 7, -62)
(0, 7, -63)
(1, 6, -64)
(0, 6, -63)
(1, 5, -64)
(0, 5, -64)
(1, 4, -65)
(0, 4, -64)
(0, 4, -63)
(1, 4, -63)
(1, 4, -62)
(0, 4, -61)
(1, 3, -62)
(0, 3, -62)
(0, 3, -63)
(1, 2, -64)
(0, 2, -64)
(1, 1, -65)
(1, 1, -66)
(0, 2, -66)
(1, 2, -66)
(0, 3, -66)
(1, 3, -66)
(0, 4, -66)
(1, 4, -67)
(1, 4, -68)
(0, 4, -68)
(1, 3, -69)
(0, 3, -69)
(1, 2, -70)
(0, 2, -70)
(1, 1, -71)
(0, 1, -71)
(1, 0, -72)
(1, 0, -73)
(0, 0, -73)
(1, -1, -73)
(0, -1, -73)
(0, -1, -74)
(1, -2, -75)
(1, -2, -76)
(0, -1, -76)
(0, -1, -77)
(0, -1, -78)
(0, -1, -79)
(1, -1, -80)
(1, -1, -81)
(1, -1, -82)
(0, 0, -82)
(0, 0, -83)
(1, -1, -84)
(0, -1, -84)
(0, -1, -85)
(1, -1, -86)
(0, 0, -85)
(1, 0, -86)
(1, 0, -87)
(0, 0, -87)
(1, -1, -88)
(0, -1, -87)
(1, -2, -87)
(0, -2, -87)
(0, -2, -88)
(1, -3, -89)
(1, -3, -90)
(0, -3, -90)
(1, -4, -91)
(0, -4, -90)
(1, -5, -91)
(0, -5, -91)
(0, -5, -92)
(1, -5, -93)
(0, -4, -93)
(1, -4, -94)
(1, -4, -95)
(0, -3, -95)
(1, -3, -95)
(1, -3, -94)
(1, -3, -93)
(0, -2, -92)
(0, -2, -91)
(1, -2, -91)
(0, -1, -90)
(1, -1, -90)
(0, 0, -90)
(0, 0, -91)
(1, -1, -92)
(0, -1, -92)
(0, -1, -93)
(1, -1, -94)
(0, 0, -94)
(0, 0, -95)
(1, 0, -96)
(1, 0, -97)
(0, 0, -97)
(0, 0, -98)
(0, 0, -99)
(1, 0, -100)
(0, 1, -100)
(1, 1, -101)
(0, 2, -101)
(1, 2, -102)
(0, 3, -101)
(0, 3, -100)
(1, 3, -100)
(0, 4, -99)
(1, 4, -99)
(0, 5, -98)
(1, 5, -99)
(0, 6, -99)
(1, 6, -100)
(0, 7, -100)
(0, 7, -101)
(0, 7, -102)
(1, 7, -103)
(0, 8, -102)
(1, 8, -103)
(0, 9, -102)
(1, 9, -103)
(0, 10, -103)
(0, 10, -104)
(1, 9, -105)
(1, 9, -106)
(0, 9, -106)
(1, 8, -106)
(0, 8, -105)
(1, 7, -106)
(0, 7, -105)
(1, 6, -106)
(0, 6, -106)
(1, 5, -107)
(0, 5, -106)
(1, 4, -107)
(0, 4, -106)
(1, 3, -107)
(0, 3, -106)
(1, 2, -107)
(1, 2, -108)
(1, 2, -109)
(1, 2, -110)
(0, 2, -110)
(0, 2, -111)
(0, 2, -112)
(1, 1, -113)
(0, 1, -113)
(1, 0, -114)
(0, 0, -113)
(0, 0, -112)
(0, 0, -111)
(0, 0, -110)
(1, 0, -110)
(1, 0, -109)
(0, 1, -108)
(1, 1, -108)
(1, 1, -107)
(0, 1, -106)
(0, 1, -105)
(1, 1, -105)
(1, 1, -104)
(1, 1, -103)
(0, 1, -102)
(1, 0, -102)
(0, 0, -102)
(1, -1, -103)
(0, -1, -102)
(1, -2, -103)
(0, -2, -103)
(1, -3, -103)
(0, -3, -103)
(1, -4, -104)
(0, -4, -103)
(1, -5, -104)
(0, -5, -104)
(1, -6, -105)
(0, -6, -105)
(1, -7, -106)
(0, -7, -105)
(1, -8, -105)
(1, -8, -104)
(0, -7, -103)
(1, -7, -104)
(0, -6, -103)
(1, -6, -103)
(1, -6, -102)
(0, -6, -101)
(0, -6, -100)
(1, -7, -100)
(0, -7, -100)
(1, -8, -101)
(0, -8, -100)
(1, -9, -101)
(1, -9, -102)
(0, -9, -102)
(1, -10, -103)
(0, -10, -102)
(1, -11, -102)
(0, -11, -101)
(1, -12, -102)
(0, -12, -101)
(1, -13, -102)
(0, -13, -102)
(1, -14, -103)
(1, -14, -104)
(1, -14, -105)
(0, -14, -105)
(1, -15, -106)
(0, -15, -105)
(1, -16, -105)
(0, -16, -105)
(0, -16, -106)
(1, -17, -107)
(0, -17, -107)
(1, -18, -107)
(1, -18, -106)
(0, -18, -105)
(0, -18, -104)
(1, -19, -104)
(0, -19, -104)
(1, -20, -104)
(0, -20, -104)
(0, -20, -105)
(0, -20, -106)
(1, -20, -107)
(1, -20, -108)
(0, -20, -108)
(1, -21, -109)
(0, -21, -109)
(0, -21, -110)
(0, -21, -111)
(1, -21, -112)
(0, -20, -112)
(0, -20, -113)
(0, -20, -114)
(1, -20, -115)
(0, -19, -114)
(1, -19, -114)
(0, -18, -114)
(1, -18, -115)
(1, -18, -116)
(1, -18, -117)
(1, -18, -118)
(0, -17, -118)
(1, -17, -119)
(1, -17, -120)
(0, -16, -120)
(1, -16, -120)
(0, -15, -120)
(1, -15, -121)
(1, -15, -122)
(0, -14, -122)
(1, -14, -123)
(1, -14, -124)
(1, -14, -125)
(0, -14, -125)
(1, -15, -126)
(0, -15, -125)
(1, -16, -126)
(0, -16, -126)
(1, -17, -126)
(1, -17, -125)
(0, -17, -124)
(1, -18, -124)
(1, -18, -123)
(0, -18, -122)
(0, -18, -121)
(0, -18, -120)
(1, -19, -120)
(0, -19, -120)
(1, -20, -120)
(0, -20, -120)
(0, -20, -121)
(1, -21, -122)
(1, -21, -123)
(0, -21, -123)
(1, -22, -123)
(1, -22, -122)
(0, -22, -121)
(1, -23, -121)
(0, -23, -121)
(0, -23, -122)
(1, -24, -123)
(0, -24, -123)
(1, -25, -124)
(0, -25, -124)
(0, -25, -125)
(0, -25, -126)
(0, -25, -127)
(0, -25, -128)
(1, -25, -129)
(1, -25, -130)
(0, -25, -130)
(0, -25, -131)
(1, -26, -132)
(1, -26, -133)
(0, -25, -133)
(1, -25, -133)
(0, -24, -133)
(1, -24, -134)
(0, -23, -134)
(0, -23, -135)
(1, -24, -136)
(0, -24, -135)
(1, -25, -136)
(1, -25, -137)
(1, -25, -138)
(0, -25, -138)
(1, -26, -139)
(1, -26, -140)
(1, -26, -141)
(0, -26, -141)
(1, -27, -141)
(0, -27, -141)
(0, -27, -142)
(0, -27, -143)
(1, -28, -144)
(0, -28, -143)
(1, -29, -144)
(1, -29, -145)
(1, -29, -146)
(0, -28, -146)
(1, -28, -147)
(0, -27, -147)
(1, -27, -148)
(1, -27, -149)
(0, -27, -149)
(1, -28, -150)
(0, -28, -150)
(0, -28, -151)
(1, -28, -152)
(1, -28, -153)
(0, -27, -153)
(1, -27, -153)
(1, -27, -152)
(1, -27, -151)
(0, -26, -150)
(1, -26, -151)
(1, -26, -152)
(1, -26, -153)
(0, -25, -153)
(0, -25, -154)
(0, -25, -155)
(0, -25, -156)
(1, -25, -157)
(0, -24, -157)
(1, -24, -157)
(1, -24, -156)
(0, -23, -155)
(1, -23, -155)
(0, -22, -154)
(1, -22, -154)
(0, -21, -154)
(1, -21, -154)
(0, -20, -154)
(1, -20, -155)
(0, -19, -154)
(1, -19, -155)
(0, -18, -155)
(1, -18, -155)
(0, -17, -155)
(1, -17, -155)
(0, -16, -155)
(1, -16, -155)
(0, -15, -155)
(0, -15, -156)
(1, -16, -157)
(1, -16, -158)
(0, -15, -158)
(1, -15, -158)
(0, -14, -158)
(0, -14, -159)
(1, -14, -160)
(1, -14, -161)
(1, -14, -162)
(0, -14, -162)
(1, -15, -163)
(1, -15, -164)
(1, -15, -165)
(0, -15, -165)
(1, -16, -166)
(0, -16, -166)
(1, -17, -167)
(0, -17, -166)
(0, -17, -165)
(1, -17, -165)
(1, -17, -164)
(0, -16, -163)
(0, -16, -162)
(1, -17, -162)
(1, -17, -161)
(0, -16, -160)
(0, -16, -159)
(1, -17, -159)
(1, -17, -158)
(0, -17, -157)
(1, -18, -158)
(1, -18, -159)
(1, -18, -160)
(1, -18, -161)
(0, -18, -161)
(1, -19, -162)
(1, -19, -163)
(1, -19, -164)
(0, -19, -164)
(0, -19, -165)
(0, -19, -166)
(0, -19, -167)
(1, -20, -168)
(0, -20, -167)
(0, -20, -166)
(1, -21, -166)
(1, -21, -165)
(0, -20, -164)
(0, -20, -163)
(1, -21, -163)
(0, -21, -163)
(1, -22, -164)
(1, -22, -165)
(1, -22, -166)
(1, -22, -167)
(0, -21, -167)
(0, -21, -168)
(0, -21, -169)
(1, -21, -170)
(1, -21, -171)
(0, -21, -171)
(0, -21, -172)
(1, -21, -173)
(1, -21, -174)
(0, -20, -174)
(1, -20, -174)
(0, -19, -174)
(1, -19, -174)
(0, -18, -173)
(1, -18, -174)
(0, -17, -174)
(1, -17, -174)
(0, -16, -173)
(1, -16, -173)
(1, -16, -172)
(0, -16, -171)
(1, -17, -171)
(0, -17, -171)
(1, -18, -171)
(0, -18, -170)
(1, -19, -170)
(1, -19, -169)
(0, -18, -168)
(1, -18, -169)
(0, -17, -169)
(1, -17, -169)
(0, -16, -169)
(1, -16, -170)
(0, -15, -170)
(1, -15, -171)
(0, -14, -170)
(1, -14, -171)
(0, -13, -170)
(1, -13, -171)
(0, -12, -170)
(1, -12, -171)
(0, -11, -170)
(1, -11, -171)
(0, -10, -170)
(1, -10, -170)
(0, -9, -170)
(1, -9, -171)
(1, -9, -172)
(0, -8, -172)
(1, -8, -172)
(0, -7, -172)
(1, -7, -173)
(1, -7, -174)
(1, -7, -175)
(1, -7, -176)
(0, -7, -176)
(1, -8, -177)
(1, -8, -178)
(1, -8, -179)
(0, -8, -179)
(1, -9, -179)
(0, -9, -179)
(1, -10, -180)
(1, -10, -181)
(0, -9, -181)
(0, -9, -182)
(0, -9, -183)
(1, -9, -184)
(0, -8, -183)
(1, -8, -184)
(0, -7, -183)
(1, -7, -183)
(0, -6, -182)
(0, -6, -181)
(1, -6, -181)
(0, -5, -180)
(1, -5, -180)
(0, -4, -180)
(1, -4, -181)
(0, -3, -180)
(0, -3, -179)
(1, -4, -179)
(1, -4, -178)
(0, -3, -177)
(1, -3, -177)
(0, -2, -177)
(1, -2, -178)
(0, -1, -177)
(1, -1, -177)
(0, 0, -177)
(0, 0, -178)
(1, -1, -179)
(1, -1, -180)
(0, -1, -180)
(1, -2, -180)
(0, -2, -180)
(0, -2, -181)
(1, -2, -182)
(0, -1, -182)
(1, -1, -182)
(0, 0, -182)
(1, 0, -183)
(0, 1, -183)
(1, 1, -184)
(1, 1, -185)
(1, 1, -186)
(1, 1, -187)
(1, 1, -188)
(0, 1, -188)
(1, 0, -188)
(0, 0, -188)
(1, -1, -188)
(0, -1, -188)
(1, -2, -188)
(0, -2, -188)
(1, -3, -188)
(0, -3, -188)
(0, -3, -189)
(1, -4, -190)
(0, -4, -190)
(0, -4, -191)
(1, -4, -192)
(0, -3, -191)
(1, -3, -192)
(0, -2, -191)
(1, -2, -191)
(0, -1, -191)
(0, -1, -192)
(1, -1, -193)
(0, 0, -193)
(1, 0, -193)
(0, 1, -193)
(0, 1, -194)
(0, 1, -195)
(1, 0, -196)
(0, 0, -195)
(1, -1, -195)
(0, -1, -195)
(1, -2, -196)
(0, -2, -195)
(1, -3, -196)
(0, -3, -195)
(1, -4, -196)
(0, -4, -196)
(1, -5, -197)
(0, -5, -197)
(1, -6, -198)
(1, -6, -199)
(1, -6, -200)
(0, -6, -200)
(1, -7, -200)
(0, -7, -199)
(0, -7, -198)
(0, -7, -197)
(0, -7, -196)
(0, -7, -195)
(0, -7, -194)
(1, -8, -194)
(0, -8, -193)
(1, -9, -193)
(0, -9, -193)
(1, -10, -193)
(0, -10, -192)
(1, -11, -193)
(0, -11, -193)
(0, -11, -194)
(1, -12, -195)
(0, -12, -195)
(1, -13, -195)
(1, -13, -194)
(0, -12, -193)
(0, -12, -192)
(0, -12, -191)
(1, -12, -191)
(0, -11, -190)
(1, -11, -190)
(1, -11, -189)
(1, -11, -188)
(0, -10, -187)
(1, -10, -188)
(1, -10, -189)
(1, -10, -190)
(1, -10, -191)
(0, -9, -191)
(1, -9, -191)
(0, -8, -191)
(1, -8, -192)
(0, -7, -191)
(1, -7, -191)
(1, -7, -190)
(0, -6, -189)
(1, -6, -190)
(0, -5, -189)
(1, -5, -189)
(0, -4, -188)
(0, -4, -187)
(1, -5, -187)
(0, -5, -186)
(0, -5, -185)
(0, -5, -184)
(1, -6, -184)
(0, -6, -184)
(1, -7, -185)
(0, -7, -185)
(0, -7, -186)
(1, -8, -187)
(1, -8, -188)
(0, -8, -188)
(1, -9, -188)
(1, -9, -187)
(0, -9, -186)
(1, -10, -186)
(0, -10, -185)
(1, -11, -185)
(1, -11, -184)
(1, -11, -183)
(0, -11, -182)
(1, -12, -183)
(1, -12, -184)
(1, -12, -185)
(1, -12, -186)
(1, -12, -187)
(0, -12, -187)
(0, -12, -188)
(0, -12, -189)
(1, -13, -190)
(0, -13, -189)
(1, -14, -189)
(0, -14, -188)
(0, -14, -187)
(1, -14, -187)
(1, -14, -186)
(1, -14, -185)
(0, -13, -184)
(0, -13, -183)
(1, -14, -183)
(0, -14, -183)
(1, -15, -184)
(0, -15, -184)
(0, -15, -185)
(0, -15, -186)
(1, -16, -187)
(0, -16, -187)
(0, -16, -188)
(1, -16, -189)
(1, -16, -190)
(0, -15, -190)
(1, -15, -190)
(0, -14, -190)
(0, -14, -191)
(0, -14, -192)
(1, -15, -193)
(1, -15, -194)
(1, -15, -195)
(1, -15, -196)
(0, -15, -196)
(1, -16, -196)
(0, -16, -196)
(1, -17, -196)
(0, -17, -195)
(1, -18, -196)
(0, -18, -195)
(0, -18, -194)
(0, -18, -193)
(1, -19, -193)
(1, -19, -192)
(0, -19, -191)
(1, -20, -192)
(0, -20, -192)
(1, -21, -193)
(0, -21, -193)
(0, -21, -194)
(0, -21, -195)
(0, -21, -196)
(1, -21, -197)
(0, -20, -197)
(0, -20, -198)
(1, -21, -199)
(0, -21, -199)
(1, -22, -199)
(0, -22, -199)
(1, -23, -200)
(0, -23, -199)
(1, -24, -200)
(0, -24, -199)
(1, -25, -199)
(0, -25, -199)
(1, -26, -200)
(0, -26, -200)
(1, -27, -200)
(0, -27, -200)
(1, -28, -200)
(0, -28, -200)
(1, -29, -200)
(0, -29, -200)
(1, -30, -200)
(0, -30, -199)
(0, -30, -198)
(1, -30, -198)
(0, -29, -197)
(1, -29, -197)
(0, -28, -196)
(1, -28, -197)
(0, -27, -197)
(1, -27, -197)
(0, -26, -197)
(1, -26, -197)
(0, -25, -197)
(1, -25, -197)
(0, -24, -197)
(1, -24, -198)
(0, -23, -197)
(0, -23, -196)
(1, -24, -196)
(0, -24, -195)
(1, -25, -195)
(0, -25, -194)
(1, -26, -195)
(0, -26, -194)
(1, -27, -195)
(0, -27, -195)
(1, -28, -195)
(0, -28, -194)
(1, -29, -195)
(0, -29, -194)
(1, -30, -195)
(0, -30, -195)
(0, -30, -196)
(1, -31, -197)
(0, -31, -196)
(1, -32, -196)
(0, -32, -196)
(0, -32, -197)
(0, -32, -198)
(1, -32, -199)
(1, -32, -200)
(0, -32, -200)
(1, -33, -200)
(0, -33, -200)
(1, -34, -200)
(0, -34, -199)
(1, -35, -200)
(0, -35, -199)
(1, -36, -199)
(1, -36, -198)
(0, -35, -197)
(1, -35, -198)
(0, -34, -197)
(1, -34, -197)
(1, -34, -196)
(0, -33, -195)
(0, -33, -194)
(1, -33, -194)
(1, -33, -193)
(1, -33, -192)
(0, -32, -191)
(1, -32, -191)
(1, -32, -190)
(0, -31, -189)
(1, -31, -189)
(0, -30, -188)
(0, -30, -187)
(0, -30, -186)
(1, -30, -186)
(1, -30, -185)
(0, -30, -184)
(1, -31, -185)
(0, -31, -184)
(1, -32, -185)
(0, -32, -184)
(1, -33, -184)
(0, -33, -184)
(1, -34, -185)
(0, -34, -185)
(1, -35, -185)
(0, -35, -184)
(0, -35, -183)
(1, -35, -183)
(0, -34, -182)
(0, -34, -181)
(1, -35, -181)
(0, -35, -181)
(1, -36, -181)
(1, -36, -180)
(0, -36, -179)
(1, -37, -180)
(0, -37, -180)
(0, -37, -181)
(0, -37, -182)
(0, -37, -183)
(1, -38, -184)
(0, -38, -184)
(1, -39, -185)
(0, -39, -185)
(1, -40, -185)
(1, -40, -184)
(0, -40, -183)
(1, -41, -184)
(1, -41, -185)
(1, -41, -186)
(0, -40, -186)
(1, -40, -187)
(0, -39, -187)
(0, -39, -188)
(0, -39, -189)
(0, -39, -190)
(1, -40, -191)
(1, -40, -192)
(1, -40, -193)
(0, -39, -193)
(1, -39, -194)
(0, -38, -193)
(1, -38, -194)
(0, -37, -194)
(1, -37, -194)
(1, -37, -193)
(0, -36, -192)
(1, -36, -193)
(1, -36, -194)
(0, -35, -194)
(0, -35, -195)
(1, -36, -196)
(0, -36, -195)
(1, -37, -196)
(1, -37, -197)
(1, -37, -198)
(0, -37, -198)
(1, -38, -199)
(1, -38, -200)
(0, -38, -200)
(1, -39, -200)
(0, -39, -199)
(0, -39, -198)
(1, -40, -198)
(0, -40, -197)
(1, -41, -198)
(0, -41, -197)
(0, -41, -196)
(1, -42, -196)
(0, -42, -195)
(1, -43, -195)
(1, -43, -194)
(0, -42, -193)
(0, -42, -192)
(1, -43, -192)
(0, -43, -192)
(1, -44, -192)
(0, -44, -191)
(1, -45, -192)
(1, -45, -193)
(0, -45, -193)
(1, -46, -193)
(1, -46, -192)
(0, -46, -191)
(1, -47, -191)
(0, -47, -190)
(1, -48, -190)
(0, -48, -190)
(1, -49, -191)
(0, -49, -190)
(0, -49, -189)
(1, -50, -189)
(0, -50, -188)
(0, -50, -187)
(1, -50, -187)
(0, -49, -186)
(0, -49, -185)
(0, -49, -184)
(1, -49, -184)
(1, -49, -183)
(1, -49, -182)
(0, -48, -181)
(0, -48, -180)
(0, -48, -179)
(0, -48, -178)
(1, -49, -178)
(0, -49, -178)
(0, -49, -179)
(0, -49, -180)
(1, -50, -181)
(1, -50, -182)
(1, -50, -183)
(0, -50, -183)
(0, -50, -184)
(0, -50, -185)
(1, -51, -186)
(0, -51, -185)
(1, -52, -186)
(1, -52, -187)
(0, -51, -187)
(0, -51, -188)
(1, -52, -189)
(0, -52, -188)
(1, -53, -189)
(0, -53, -189)
(1, -54, -190)
(0, -54, -189)
(0, -54, -188)
(0, -54, -187)
(1, -54, -187)
(0, -53, -186)
(0, -53, -185)
(1, -53, -185)
(0, -52, -184)
(0, -52, -183)
(1, -52, -183)
(1, -52, -182)
(1, -52, -181)
(0, -52, -180)
(1, -53, -181)
(1, -53, -182)
(0, -53, -182)
(1, -54, -182)
(1, -54, -181)
(1, -54, -180)
(0, -53, -179)
(1, -53, -179)
(1, -53, -178)
(0, -52, -177)
(1, -52, -178)
(0, -51, -177)
(1, -51, -178)
(0, -50, -177)
(0, -50, -176)
(0, -50, -175)
(1, -50, -175)
(1, -50, -174)
(1, -50, -173)
(1, -50, -172)
(0, -50, -171)
(0, -50, -170)
(1, -51, -170)
(0, -51, -170)
(0, -51, -171)
(0, -51, -172)
(1, -51, -173)
(1, -51, -174)
(0, -51, -174)
(1, -52, -175)
(0, -52, -174)
(1, -53, -175)
(0, -53, -174)
(1, -54, -174)
(0, -54, -174)
(1, -55, -175)
(0, -55, -175)
(0, -55, -176)
(0, -55, -177)
(1, -55, -178)
(1, -55, -179)
(0, -55, -179)
(0, -55, -180)
(0, -55, -181)
(1, -55, -182)
(1, -55, -183)
(0, -55, -183)
(1, -56, -183)
(0, -56, -183)
(1, -57, -184)
(1, -57, -185)
(1, -57, -186)
(1, -57, -187)
(0, -56, -187)
(1, -56, -188)
(1, -56, -189)
(1, -56, -190)
(0, -55, -190)
(1, -55, -191)
(1, -55, -192)
(0, -54, -192)
(1, -54, -193)
(0, -53, -193)
(1, -53, -194)
(0, -52, -193)
(0, -52, -192)
(1, -52, -192)
(0, -51, -192)
(0, -51, -193)
(1, -51, -194)
(1, -51, -195)
(0, -50, -195)
(1, -50, -196)
(1, -50, -197)
(0, -49, -197)
(1, -49, -198)
(1, -49, -199)
(1, -49, -200)
(0, -49, -200)
(1, -50, -200)
(0, -50, -200)
(1, -51, -200)
(0, -51, -200)
(1, -52, -200)
(0, -52, -199)
(0, -52, -198)
(1, -52, -198)
(0, -51, -198)
(1, -51, -198)
(1, -51, -197)
(0, -51, -196)
(1, -52, -196)
(0, -52, -196)
(1, -53, -196)
(0, -53, -195)
(1, -54, -196)
(1, -54, -197)
(0, -53, -197)
(0, -53, -198)
(0, -53, -199)
(1, -54, -200)
(0, -54, -199)
(1, -55, -199)
(0, -55, -199)
(1, -56, -199)
(0, -56, -199)
(1, -57, -199)
(0, -57, -199)
(1, -58, -199)
(0, -58, -199)
(1, -59, -199)
(1, -59, -198)
(0, -58, -197)
(0, -58, -196)
(1, -59, -196)
(1, -59, -195)
(0, -59, -194)
(0, -59, -193)
(1, -59, -193)
(1, -59, -192)
(0, -59, -191)
(1, -60, -191)
(1, -60, -190)
(0, -60, -189)
(0, -60, -188)
(0, -60, -187)
(0, -60, -186)
(1, -60, -186)
(1, -60, -185)
(0, -60, -184)
(1, -61, -184)
(0, -61, -184)
(1, -62, -184)
(1, -62, -183)
(0, -62, -182)
(0, -62, -181)
(1, -62, -181)
(0, -61, -180)
(0, -61, -179)
(0, -61, -178)
(1, -61, -178)
(0, -60, -177)
(1, -60, -177)
(0, -59, -176)
(1, -59, -177)
(0, -58, -177)
(1, -58, -177)
(0, -57, -177)
(1, -57, -177)
(0, -56, -176)
(0, -56, -175)
(0, -56, -174)
(1, -57, -174)
(1, -57, -173)
(0, -57, -172)
(0, -57, -171)
(1, -58, -171)
(0, -58, -170)
(1, -59, -170)
(0, -59, -169)
(1, -60, -169)
(1, -60, -168)
(1, -60, -167)
(0, -60, -166)
(1, -61, -166)
(1, -61, -165)
(0, -61, -164)
(0, -61, -163)
(1, -62, -163)
(1, -62, -162)
(0, -61, -161)
(1, -61, -161)
(0, -60, -161)
(1, -60, -161)
(0, -59, -161)
(1, -59, -162)
(1, -59, -163)
(0, -58, -163)
(0, -58, -164)
(1, -59, -165)
(1, -59, -166)
(1, -59, -167)
(0, -58, -167)
(0, -58, -168)
(1, -58, -169)
(0, -57, -168)
(1, -57, -168)
(1, -57, -167)
(1, -57, -166)
(1, -57, -165)
(1, -57, -164)
(1, -57, -163)
(0, -56, -162)
(0, -56, -161)
(0, -56, -160)
(1, -57, -160)
(0, -57, -159)
(1, -58, -159)
(0, -58, -159)
(1, -59, -159)
(0, -59, -159)
(1, -60, -159)
(1, -60, -158)
(0, -59, -157)
(1, -59, -157)
(0, -58, -157)
(1, -58, -157)
(1, -58, -156)
(1, -58, -155)
(1, -58, -154)
(0, -57, -153)
(1, -57, -153)
(0, -56, -153)
(1, -56, -154)
(0, -55, -153)
(1, -55, -154)
(0, -54, -154)
(1, -54, -154)
(0, -53, -154)
(0, -53, -155)
(0, -53, -156)
(0, -53, -157)
(1, -53, -158)
(0, -52, -157)
(1, -52, -157)
(0, -51, -156)
(0, -51, -155)
(1, -51, -155)
(0, -50, -154)
(1, -50, -155)
(0, -49, -154)
(0, -49, -153)
(1, -49, -153)
(0, -48, -152)
(1, -48, -153)
(0, -47, -153)
(0, -47, -154)
(1, -47, -155)
(0, -46, -154)
(0, -46, -153)
(1, -46, -153)
(0, -45, -153)
(0, -45, -154)
(1, -45, -155)
(0, -44, -154)
(1, -44, -155)
(0, -43, -155)
(1, -43, -155)
(0, -42, -154)
(1, -42, -154)
(1, -42, -153)
(0, -41, -152)
(1, -41, -152)
(1, -41, -151)
(0, -40, -150)
(1, -40, -150)
(1, -40, -149)
(0, -39, -148)
(0, -39, -147)
(0, -39, -146)
(0, -39, -145)
(0, -39, -144)
(1, -40, -144)
(0, -40, -144)
(0, -40, -145)
(1, -41, -146)
(1, -41, -147)
(0, -41, -147)
(1, -42, -148)
(1, -42, -149)
(1, -42, -150)
(1, -42, -151)
(0, -42, -151)
(1, -43, -151)
(0, -43, -150)
(1, -44, -151)
(0, -44, -150)
(1, -45, -150)
(0, -45, -150)
(1, -46, -150)
(1, -46, -149)
(0, -45, -148)
(0, -45, -147)
(1, -46, -147)
(0, -46, -147)
(1, -47, -147)
(0, -47, -146)
(1, -48, -146)
(0, -48, -146)
(1, -49, -147)
(0, -49, -146)
(1, -50, -146)
(1, -50, -145)
(1, -50, -144)
(1, -50, -143)
(0, -49, -142)
(1, -49, -142)
(0, -48, -141)
(1, -48, -141)
(0, -47, -141)
(1, -47, -142)
(0, -46, -142)
(1, -46, -142)
(0, -45, -142)
(0, -45, -143)
(1, -46, -144)
(1, -46, -145)
(0, -45, -145)
(1, -45, -146)
(0, -44, -146)
(0, -44, -147)
(1, -44, -148)
(0, -43, -147)
(1, -43, -147)
(1, -43, -146)
(0, -42, -145)
(0, -42, -144)
(1, -42, -144)
(0, -41, -143)
(1, -41, -143)
(1, -41, -142)
(0, -41, -141)
(0, -41, -140)
(0, -41, -139)
(1, -41, -139)
(1, -41, -138)
(1, -41, -137)
(1, -41, -136)
(0, -41, -135)
(1, -42, -136)
(1, -42, -137)
(0, -42, -137)
(1, -43, -137)
(0, -43, -137)
(1, -44, -137)
(0, -44, -137)
(1, -45, -138)
(1, -45, -139)
(0, -44, -139)
(1, -44, -140)
(0, -43, -139)
(1, -43, -140)
(1, -43, -141)
(0, -43, -141)
(0, -43, -142)
(0, -43, -143)
(1, -44, -144)
(0, -44, -143)
(0, -44, -142)
(0, -44, -141)
(1, -45, -141)
(0, -45, -140)
(1, -46, -140)
(0, -46, -140)
(1, -47, -140)
(0, -47, -139)
(0, -47, -138)
(0, -47, -137)
(0, -47, -136)
(0, -47, -135)
(1, -47, -135)
(0, -46, -134)
(1, -46, -134)
(0, -45, -133)
(1, -45, -134)
(0, -44, -134)
(1, -44, -134)
(0, -43, -134)
(1, -43, -134)
(0, -42, -134)
(1, -42, -134)
(1, -42, -133)
(0, -42, -132)
(0, -42, -131)
(0, -42, -130)
(0, -42, -129)
(1, -43, -129)
(0, -43, -129)
(0, -43, -130)
(0, -43, -131)
(1, -44, -132)
(0, -44, -131)
(1, -45, -132)
(0, -45, -131)
(0, -45, -130)
(1, -45, -130)
(0, -44, -129)
(0, -44, -128)
(1, -45, -128)
(0, -45, -127)
(1, -46, -128)
(0, -46, -127)
(0, -46, -126)
(0, -46, -125)
(1, -47, -125)
(1, -47, -124)
(0, -46, -123)
(0, -46, -122)
(1, -47, -122)
(1, -47, -121)
(1, -47, -120)
(1, -47, -119)
(0, -47, -118)
(0, -47, -117)
(0, -47, -116)
(0, -47, -115)
(0, -47, -114)
(0, -47, -113)
(1, -48, -113)
(0, -48, -112)
(1, -49, -113)
(1, -49, -114)
(1, -49, -115)
(0, -49, -115)
(0, -49, -116)
(1, -49, -117)
(0, -48, -117)
(0, -48, -118)
(1, -49, -119)
(1, -49, -120)
(0, -48, -120)
(0, -48, -121)
(1, -49, -122)
(1, -49, -123)
(0, -48, -123)
(0, -48, -124)
(1, -49, -125)
(0, -49, -124)
(1, -50, -125)
(0, -50, -125)
(0, -50, -126)
(1, -50, -127)
(1, -50, -128)
(0, -50, -128)
(0, -50, -129)
(0, -50, -130)
(1, -50, -131)
(0, -49, -131)
(0, -49, -132)
(0, -49, -133)
(0, -49, -134)
(1, -50, -135)
(0, -50, -135)
(1, -51, -135)
(0, -51, -135)
(0, -51, -136)
(0, -51, -137)
(1, -51, -138)
(0, -50, -137)
(1, -50, -138)
(1, -50, -139)
(0, -50, -139)
(1, -51, -140)
(0, -51, -139)
(1, -52, -139)
(0, -52, -139)
(1, -53, -140)
(0, -53, -139)
(1, -54, -140)
(1, -54, -141)
(0, -54, -141)
(1, -55, -141)
(0, -55, -140)
(1, -56, -141)
(1, -56, -142)
(0, -55, -142)
(0, -55, -143)
(1, -56, -144)
(0, -56, -143)
(1, -57, -143)
(1, -57, -142)
(1, -57, -141)
(1, -57, -140)
(1, -57, -139)
(1, -57, -138)
(0, -56, -137)
(1, -56, -137)
(0, -55, -136)
(1, -55, -136)
(0, -54, -135)
(0, -54, -134)
(1, -54, -134)
(0, -53, -134)
(0, -53, -135)
(1, -53, -136)
(0, -52, -135)
(0, -52, -134)
(1, -52, -134)
(0, -51, -133)
(1, -51, -133)
(1, -51, -132)
(0, -51, -131)
(1, -52, -132)
(0, -52, -131)
(1, -53, -132)
(0, -53, -132)
(1, -54, -132)
(0, -54, -132)
(1, -55, -132)
(0, -55, -132)
(1, -56, -133)
(1, -56, -134)
(0, -56, -134)
(1, -57, -135)
(1, -57, -136)
(0, -57, -136)
(1, -58, -136)
(1, -58, -135)
(1, -58, -134)
(0, -58, -133)
(1, -59, -134)
(1, -59, -135)
(1, -59, -136)
(1, -59, -137)
(0, -59, -137)
(1, -60, -137)
(1, -60, -136)
(0, -60, -135)
(1, -61, -136)
(0, -61, -136)
(0, -61, -137)
(1, -61, -138)
(0, -60, -138)
(1, -60, -139)
(1, -60, -140)
(0, -59, -140)
(1, -59, -141)
(0, -58, -141)
(0, -58, -142)
(0, -58, -143)
(1, -58, -144)
(0, -57, -144)
(1, -57, -145)
(1, -57, -146)
(0, -56, -146)
(1, -56, -147)
(1, -56, -148)
(0, -56, -148)
(0, -56, -149)
(1, -56, -150)
(1, -56, -151)
(0, -56, -151)
(1, -57, -151)
(0, -57, -151)
(1, -58, -151)
(0, -58, -151)
(1, -59, -152)
(0, -59, -151)
(1, -60, -151)
(1, -60, -150)
(0, -59, -149)
(1, -59, -149)
(1, -59, -148)
(0, -58, -147)
(1, -58, -147)
(1, -58, -146)
(0, -58, -145)
(1, -59, -146)
(0, -59, -146)
(1, -60, -147)
(1, -60, -148)
(0, -60, -148)
(1, -61, -149)
(0, -61, -149)
(0, -61, -150)
(1, -62, -151)
(0, -62, -150)
(1, -63, -150)
(1, -63, -149)
(0, -62, -148)
(0, -62, -147)
(0, -62, -146)
(1, -63, -146)
(1, -63, -145)
(0, -63, -144)
(0, -63, -143)
(1, -64, -143)
(1, -64, -142)
(0, -64, -141)
(1, -65, -141)
(1, -65, -140)
(0, -64, -139)
(1, -64, -140)
(0, -63, -140)
(1, -63, -140)
(1, -63, -139)
(0, -63, -138)
(1, -64, -138)
(0, -64, -137)
(1, -65, -138)
(0, -65, -137)
(1, -66, -137)
(0, -66, -137)
(1, -67, -138)
(0, -67, -138)
(1, -68, -139)
(0, -68, -139)
(0, -68, -140)
(0, -68, -141)
(1, -69, -142)
(0, -69, -142)
(1, -70, -143)
(0, -70, -143)
(0, -70, -144)
(1, -71, -145)
(0, -71, -145)
(0, -71, -146)
(0, -71, -147)
(1, -71, -148)
(0, -70, -148)
(1, -70, -148)
(1, -70, -147)
(0, -69, -146)
(1, -69, -147)
(0, -68, -147)
(0, -68, -148)
(1, -68, -149)
(0, -67, -149)
(0, -67, -150)
(1, -67, -151)
(0, -66, -150)
(0, -66, -149)
(0, -66, -148)
(1, -66, -148)
(0, -65, -148)
(1, -65, -149)
(1, -65, -150)
(0, -65, -150)
(0, -65, -151)
(0, -65, -152)
(1, -65, -153)
(0, -64, -152)
(1, -64, -153)
(1, -64, -154)
(1, -64, -155)
(0, -63, -155)
(0, -63, -156)
(1, -64, -157)
(1, -64, -158)
(0, -64, -158)
(1, -65, -159)
(0, -65, -159)
(1, -66, -160)
(0, -66, -160)
(0, -66, -161)
(1, -66, -162)
(1, -66, -163)
(0, -66, -163)
(1, -67, -164)
(1, -67, -165)
(1, -67, -166)
(1, -67, -167)
(0, -67, -167)
(0, -67, -168)
(1, -68, -169)
(0, -68, -168)
(1, -69, -169)
(1, -69, -170)
(0, -68, -170)
(1, -68, -171)
(0, -67, -171)
(1, -67, -172)
(1, -67, -173)
(0, -67, -173)
(0, -67, -174)
(0, -67, -175)
(1, -67, -176)
(0, -66, -176)
(0, -66, -177)
(1, -66, -178)
(0, -65, -178)
(0, -65, -179)
(0, -65, -180)
(1, -66, -181)
(0, -66, -181)
(0, -66, -182)
(1, -67, -183)
(0, -67, -183)
(1, -68, -183)
(0, -68, -182)
(0, -68, -181)
(0, -68, -180)
(0, -68, -179)
(1, -69, -179)
(0, -69, -178)
(0, -69, -177)
(0, -69, -176)
(1, -69, -176)
(1, -69, -175)
(0, -69, -174)
(1, -70, -174)
(0, -70, -173)
(1, -71, -173)
(0, -71, -172)
(1, -72, -173)
(0, -72, -172)
(1, -73, -173)
(0, -73, -172)
(0, -73, -171)
(1, -73, -171)
(0, -72, -170)
(1, -72, -170)
(0, -71, -170)
(1, -71, -170)
(0, -70, -169)
(0, -70, -168)
(0, -70, -167)
(1, -71, -167)
(0, -71, -167)
(1, -72, -168)
(0, -72, -168)
(1, -73, -169)
(0, -73, -169)
(1, -74, -170)
(0, -74, -170)
(1, -75, -170)
(0, -75, -169)
(1, -76, -170)
(1, -76, -171)
(0, -75, -171)
(0, -75, -172)
(1, -75, -173)
(1, -75, -174)
(0, -74, -174)
(1, -74, -175)
(1, -74, -176)
(1, -74, -177)
(1, -74, -178)
(0, -73, -178)
(0, -73, -179)
(0, -73, -180)
(1, -74, -181)
(0, -74, -180)
(1, -75, -180)
(0, -75, -179)
(1, -76, -179)
(0, -76, -179)
(1, -77, -180)
(1, -77, -181)
(0, -76, -181)
(1, -76, -182)
(1, -76, -183)
(0, -75, -183)
(0, -75, -184)
(1, -75, -185)
(0, -74, -184)
(1, -74, -185)
(1, -74, -186)
(0, -74, -186)
(0, -74, -187)
(0, -74, -188)
(1, -75, -189)
(0, -75, -188)
(0, -75, -187)
(0, -75, -186)
(1, -76, -186)
(0, -76, -185)
(1, -77, -186)
(0, -77, -185)
(1, -78, -185)
(0, -78, -185)
(0, -78, -186)
(1, -78, -187)
(1, -78, -188)
(0, -78, -188)
(0, -78, -189)
(1, -78, -190)
(1, -78, -191)
(0, -78, -191)
(1, -79, -191)
(0, -79, -190)
(1, -80, -191)
(1, -80, -192)
(0, -80, -192)
(0, -80, -193)
(1, -81, -194)
(0, -81, -194)
(1, -82, -194)
(0, -82, -193)
(1, -83, -194)
(1, -83, -195)
(0, -82, -195)
(0, -82, -196)
(1, -83, -197)
(0, -83, -196)
(1, -84, -196)
(1, -84, -195)
(0, -84, -194)
(1, -85, -195)
(1, -85, -196)
(0, -85, -196)
(0, -85, -197)
(1, -86, -198)
(0, -86, -197)
(0, -86, -196)
(1, -87, -196)
(1, -87, -195)
(0, -86, -194)
(0, -86, -193)
(1, -86, -193)
(0, -85, -193)
(1, -85, -193)
(0, -84, -192)
(1, -84, -193)
(0, -83, -192)
(0, -83, -191)
(1, -83, -191)
(0, -82, -190)
(1, -82, -190)
(0, -81, -189)
(1, -81, -189)
(0, -80, -189)
(1, -80, -189)
(1, -80, -188)
(1, -80, -187)
(0, -79, -186)
(0, -79, -185)
(0, -79, -184)
(1, -79, -184)
(0, -78, -183)
(1, -78, -183)
(1, -78, -182)
(1, -78, -181)
(1, -78, -180)
(0, -78, -179)
(1, -79, -180)
(0, -79, -179)
(1, -80, -180)
(0, -80, -179)
(0, -80, -178)
(1, -81, -178)
(0, -81, -177)
(1, -82, -178)
(0, -82, -177)
(1, -83, -177)
(0, -83, -176)
(1, -84, -176)
(0, -84, -176)
(1, -85, -177)
(0, -85, -177)
(0, -85, -178)
(1, -86, -179)
(0, -86, -179)
(1, -87, -179)
(1, -87, -178)
(1, -87, -177)
(1, -87, -176)
(0, -87, -175)
(1, -88, -175)
(1, -88, -174)
(0, -88, -173)
(1, -89, -173)
(0, -89, -172)
(1, -90, -173)
(0, -90, -173)
(1, -91, -173)
(0, -91, -172)
(1, -92, -172)
(0, -92, -171)
(1, -93, -171)
(1, -93, -170)
(0, -92, -169)
(1, -92, -169)
(0, -91, -168)
(1, -91, -169)
(1, -91, -170)
(1, -91, -171)
(0, -90, -171)
(1, -90, -171)
(1, -90, -170)
(1, -90, -169)
(0, -89, -168)
(1, -89, -169)
(0, -88, -169)
(1, -88, -169)
(1, -88, -168)
(0, -88, -167)
(0, -88, -166)
(1, -89, -166)
(1, -89, -165)
(1, -89, -164)
(0, -89, -163)
(0, -89, -162)
(0, -89, -161)
(1, -90, -161)
(0, -90, -160)
(0, -90, -159)
(1, -90, -159)
(0, -89, -159)
(1, -89, -160)
(0, -88, -159)
(0, -88, -158)
(1, -89, -158)
(0, -89, -157)
(0, -89, -156)
(1, -89, -156)
(1, -89, -155)
(0, -88, -154)
(0, -88, -153)
(0, -88, -152)
(1, -88, -152)
(1, -88, -151)
(0, -87, -150)
(1, -87, -151)
(0, -86, -151)
(1, -86, -151)
(0, -85, -150)
(1, -85, -150)
(1, -85, -149)
(0, -84, -148)
(0, -84, -147)
(0, -84, -146)
(1, -84, -146)
(0, -83, -145)
(1, -83, -145)
(0, -82, -144)
(1, -82, -145)
(0, -81, -145)
(1, -81, -146)
(0, -80, -146)
(1, -80, -146)
(1, -80, -145)
(0, -80, -144)
(0, -80, -143)
(1, -81, -143)
(1, -81, -142)
(0, -80, -141)
(1, -80, -142)
(0, -79, -141)
(0, -79, -140)
(1, -79, -140)
(0, -78, -140)
(0, -78, -141)
(0, -78, -142)
(0, -78, -143)
(0, -78, -144)
(1, -79, -145)
(1, -79, -146)
(0, -78, -146)
(1, -78, -146)
(0, -77, -146)
(1, -77, -146)
(1, -77, -145)
(0, -77, -144)
(0, -77, -143)
(0, -77, -142)
(0, -77, -141)
(0, -77, -140)
(0, -77, -139)
(0, -77, -138)
(1, -77, -138)
(0, -76, -138)
(0, -76, -139)
(1, -76, -140)
(0, -75, -140)
(1, -75, -141)
(0, -74, -140)
(1, -74, -141)
(1, -74, -142)
(0, -73, -142)
(1, -73, -143)
(0, -72, -142)
(1, -72, -143)
(0, -71, -142)
(0, -71, -141)
(1, -72, -141)
(0, -72, -140)
(0, -72, -139)
(1, -72, -139)
(1, -72, -138)
(0, -72, -137)
(1, -73, -138)
(0, -73, -137)
(1, -74, -137)
(1, -74, -136)
(1, -74, -135)
(0, -74, -134)
(1, -75, -134)
(0, -75, -134)
(1, -76, -134)
(1, -76, -133)
(0, -75, -132)
(0, -75, -131)
(1, -75, -131)
(0, -74, -131)
(1, -74, -132)
(0, -73, -132)
(1, -73, -132)
(0, -72, -132)
(0, -72, -133)
(1, -72, -134)
(0, -71, -134)
(0, -71, -135)
(1, -71, -136)
(1, -71, -137)
(0, -70, -137)
(1, -70, -137)
(0, -69, -137)
(1, -69, -138)
(0, -68, -137)
(0, -68, -136)
(1, -69, -136)
(1, -69, -135)
(0, -69, -134)
(1, -70, -135)
(0, -70, -134)
(0, -70, -133)
(0, -70, -132)
(1, -70, -132)
(0, -69, -132)
(1, -69, -132)
(0, -68, -132)
(1, -68, -133)
(1, -68, -134)
(1, -68, -135)
(0, -67, -135)
(1, -67, -136)
(0, -66, -135)
(0, -66, -134)
(1, -66, -134)
(0, -65, -133)
(0, -65, -132)
(1, -65, -132)
(0, -64, -132)
(1, -64, -133)
(1, -64, -134)
(1, -64, -135)
(1, -64, -136)
(0, -63, -136)
(1, -63, -136)
(1, -63, -135)
(0, -62, -134)
(1, -62, -134)
(0, -61, -134)
(1, -61, -134)
(1, -61, -133)
(0, -60, -132)
(1, -60, -132)
(1, -60, -131)
(0, -59, -130)
(1, -59, -131)
(0, -58, -130)
(1, -58, -131)
(0, -57, -131)
(1, -57, -132)
(0, -56, -131)
(1, -56, -131)
(1, -56, -130)
(0, -55, -129)
(1, -55, -129)
(0, -54, -129)
(1, -54, -129)
(0, -53, -128)
(0, -53, -127)
(0, -53, -126)
(0, -53, -125)
(1, -54, -125)
(1, -54, -124)
(1, -54, -123)
(0, -54, -122)
(1, -55, -123)
(0, -55, -122)
(1, -56, -123)
(1, -56, -124)
(0, -55, -124)
(1, -55, -125)
(1, -55, -126)
(0, -55, -126)
(1, -56, -126)
(0, -56, -125)
(1, -57, -126)
(0, -57, -126)
(1, -58, -126)
(0, -58, -126)
(1, -59, -127)
(0, -59, -127)
(1, -60, -128)
(0, -60, -128)
(1, -61, -128)
(0, -61, -128)
(1, -62, -129)
(0, -62, -129)
(0, -62, -130)
(1, -63, -131)
(0, -63, -131)
(1, -64, -131)
(0, -64, -130)
(1, -65, -130)
(0, -65, -129)
(1, -66, -129)
(1, -66, -128)
(0, -65, -127)
(1, -65, -127)
(0, -64, -126)
(0, -64, -125)
(1, -64, -125)
(0, -63, -124)
(1, -63, -125)
(1, -63, -126)
(1, -63, -127)
(0, -62, -127)
(1, -62, -127)
(1, -62, -126)
(1, -62, -125)
(0, -61, -124)
(0, -61, -123)
(1, -61, -123)
(0, -60, -123)
(0, -60, -124)
(1, -60, -125)
(0, -59, -125)
(1, -59, -125)
(0, -58, -124)
(0, -58, -123)
(1, -59, -123)
(1, -59, -122)
(1, -59, -121)
(1, -59, -120)
(0, -59, -119)
(1, -60, -120)
(0, -60, -119)
(1, -61, -120)
(1, -61, -121)
(0, -61, -121)
(1, -62, -121)
(0, -62, -120)
(1, -63, -120)
(0, -63, -119)
(1, -64, -119)
(0, -64, -118)
(1, -65, -119)
(0, -65, -119)
(1, -66, -120)
(0, -66, -119)
(1, -67, -120)
(0, -67, -120)
(1, -68, -121)
(0, -68, -121)
(0, -68, -122)
(1, -68, -123)
(1, -68, -124)
(0, -67, -124)
(0, -67, -125)
(0, -67, -126)
(0, -67, -127)
(1, -68, -128)
(0, -68, -128)
(1, -69, -128)
(1, -69, -127)
(0, -68, -126)
(0, -68, -125)
(1, -69, -125)
(0, -69, -124)
(0, -69, -123)
(0, -69, -122)
(1, -70, -122)
(0, -70, -122)
(1, -71, -123)
(0, -71, -122)
(1, -72, -123)
(1, -72, -124)
(1, -72, -125)
(0, -71, -125)
(0, -71, -126)
(0, -71, -127)
(1, -72, -128)
(1, -72, -129)
(0, -72, -129)
(1, -73, -129)
(1, -73, -128)
(0, -73, -127)
(1, -74, -127)
(0, -74, -126)
(0, -74, -125)
(1, -75, -125)
(0, -75, -125)
(0, -75, -126)
(0, -75, -127)
(0, -75, -128)
(1, -76, -129)
(0, -76, -129)
(0, -76, -130)
(1, -77, -131)
(0, -77, -130)
(0, -77, -129)
(0, -77, -128)
(0, -77, -127)
(1, -77, -127)
(0, -76, -126)
(0, -76, -125)
(1, -77, -125)
(0, -77, -124)
(1, -78, -124)
(0, -78, -123)
(0, -78, -122)
(0, -78, -121)
(0, -78, -120)
(1, -79, -120)
(1, -79, -119)
(1, -79, -118)
(0, -79, -117)
(1, -80, -117)
(0, -80, -116)
(1, -81, -116)
(0, -81, -116)
(1, -82, -116)
(0, -82, -115)
(1, -83, -115)
(1, -83, -114)
(1, -83, -113)
(0, -83, -112)
(1, -84, -112)
(1, -84, -111)
(0, -83, -110)
(0, -83, -109)
(0, -83, -108)
(1, -84, -108)
(0, -84, -107)
(1, -85, -107)
(1, -85, -106)
(1, -85, -105)
(0, -85, -104)
(1, -86, -104)
(0, -86, -103)
(0, -86, -102)
(1, -86, -102)
(0, -85, -101)
(1, -85, -102)
(1, -85, -103)
(0, -84, -103)
(1, -84, -104)
(1, -84, -105)
(1, -84, -106)
(0, -83, -106)
(1, -83, -106)
(1, -83, -105)
(0, -82, -104)
(1, -82, -105)
(0, -81, -104)
(1, -81, -104)
(1, -81, -103)
(1, -81, -102)
(0, -81, -101)
(1, -82, -102)
(0, -82, -102)
(1, -83, -102)
(0, -83, -101)
(1, -84, -101)
(0, -84, -100)
(1, -85, -100)
(0, -85, -99)
(1, -86, -99)
(0, -86, -99)
(1, -87, -99)
(1, -87, -98)
(0, -87, -97)
(1, -88, -98)
(1, -88, -99)
(1, -88, -100)
(1, -88, -101)
(1, -88, -102)
(1, -88, -103)
(0, -88, -103)
(1, -89, -104)
(0, -89, -103)
(1, -90, -104)
(0, -90, -104)
(0, -90, -105)
(1, -90, -106)
(1, -90, -107)
(0, -89, -107)
(0, -89, -108)
(1, -89, -109)
(1, -89, -110)
(0, -89, -110)
(1, -90, -111)
(0, -90, -111)
(1, -91, -112)
(1, -91, -113)
(0, -90, -113)
(1, -90, -114)
(0, -89, -113)
(0, -89, -112)
(1, -89, -112)
(0, -88, -111)
(1, -88, -111)
(1, -88, -110)
(0, -87, -109)
(0, -87, -108)
(1, -87, -108)
(1, -87, -107)
(0, -87, -106)
(0, -87, -105)
(1, -87, -105)
(0, -86, -105)
(1, -86, -106)
(1, -86, -107)
(1, -86, -108)
(1, -86, -109)
(0, -85, -109)
(0, -85, -110)
(0, -85, -111)
(1, -85, -112)
(1, -85, -113)
(1, -85, -114)
(0, -84, -114)
(0, -84, -115)
(1, -85, -116)
(0, -85, -115)
(1, -86, -116)
(0, -86, -116)
(1, -87, -116)
(0, -87, -116)
(0, -87, -117)
(1, -87, -118)
(0, -86, -118)
(1, -86, -119)
(1, -86, -120)
(0, -86, -120)
(1, -87, -120)
(0, -87, -120)
(1, -88, -120)
(0, -88, -120)
(1, -89, -120)
(1, -89, -119)
(1, -89, -118)
(0, -88, -117)
(0, -88, -116)
(0, -88, -115)
(1, -89, -115)
(0, -89, -115)
(0, -89, -116)
(1, -90, -117)
(0, -90, -117)
(0, -90, -118)
(1, -90, -119)
(1, -90, -120)
(1, -90, -121)
(1, -90, -122)
(0, -89, -122)
(1, -89, -123)
(1, -89, -124)
(0, -89, -124)
(1, -90, -125)
(1, -90, -126)
(1, -90, -127)
(0, -90, -127)
(1, -91, -128)
(1, -91, -129)
(0, -90, -129)
(1, -90, -130)
(0, -89, -129)
(1, -89, -130)
(1, -89, -131)
(1, -89, -132)
(0, -89, -132)
(1, -90, -132)
(0, -90, -131)
(1, -91, -131)
(0, -91, -131)
(1, -92, -132)
(0, -92, -132)
(1, -93, -133)
(0, -93, -133)
(1, -94, -134)
(0, -94, -134)
(1, -95, -134)
(0, -95, -133)
(1, -96, -134)
(1, -96, -135)
(0, -95, -135)
(1, -95, -136)
(0, -94, -136)
(1, -94, -136)
(0, -93, -135)
(1, -93, -136)
(0, -92, -135)
(1, -92, -135)
(0, -91, -134)
(1, -91, -135)
(1, -91, -136)
(0, -91, -136)
(0, -91, -137)
(1, -92, -138)
(0, -92, -137)
(1, -93, -138)
(1, -93, -139)
(0, -93, -139)
(0, -93, -140)
(1, -93, -141)
(0, -92, -140)
(1, -92, -141)
(0, -91, -140)
(1, -91, -141)
(1, -91, -142)
(0, -90, -142)
(1, -90, -142)
(0, -89, -141)
(0, -89, -140)
(1, -89, -140)
(0, -88, -139)
(0, -88, -138)
(1, -88, -138)
(1, -88, -137)
(0, -87, -136)
(1, -87, -137)
(1, -87, -138)
(0, -86, -138)
(1, -86, -139)
(1, -86, -140)
(0, -86, -140)
(0, -86, -141)
(1, -87, -142)
(0, -87, -142)
(1, -88, -142)
(0, -88, -142)
(0, -88, -143)
(1, -88, -144)
(1, -88, -145)
(0, -87, -145)
(0, -87, -146)
(1, -88, -147)
(0, -88, -146)
(1, -89, -147)
(0, -89, -147)
(0, -89, -148)
(0, -89, -149)
(1, -89, -150)
(1, -89, -151)
(0, -89, -151)
(1, -90, -152)
(1, -90, -153)
(0, -90, -153)
(0, -90, -154)
(1, -91, -155)
(0, -91, -154)
(1, -92, -155)
(0, -92, -154)
(1, -93, -155)
(0, -93, -155)
(1, -94, -156)
(0, -94, -156)
(1, -95, -157)
(1, -95, -158)
(0, -95, -158)
(1, -96, -158)
(0, -96, -158)
(1, -97, -158)
(1, -97, -157)
(1, -97, -156)
(0, -96, -155)
(1, -96, -155)
(0, -95, -155)
(1, -95, -155)
(1, -95, -154)
(0, -94, -153)
(1, -94, -154)
(0, -93, -153)
(0, -93, -152)
(1, -93, -152)
(0, -92, -152)
(1, -92, -153)
(0, -91, -152)
(0, -91, -151)
(1, -91, -151)
(1, -91, -150)
(1, -91, -149)
(0, -91, -148)
(1, -92, -149)
(0, -92, -148)
(1, -93, -149)
(0, -93, -148)
(1, -94, -149)
(0, -94, -149)
(1, -95, -150)
(0, -95, -150)
(1, -96, -150)
(0, -96, -150)
(0, -96, -151)
(1, -96, -152)
(1, -96, -153)
(0, -96, -153)
(1, -97, -153)
(0, -97, -152)
(1, -98, -152)
(1, -98, -151)
(1, -98, -150)
(0, -97, -149)
(1, -97, -149)
(1, -97, -148)
(0, -96, -147)
(1, -96, -147)
(1, -96, -146)
(0, -96, -145)
(1, -97, -146)
(0, -97, -145)
(1, -98, -146)
(1, -98, -147)
(0, -98, -147)
(1, -99, -147)
(0, -99, -146)
(1, -100, -146)
(1, -100, -145)
(0, -100, -144)
(0, -100, -143)
(0, -100, -142)
(0, -100, -141)
(1, -100, -141)
(1, -100, -140)
(1, -100, -139)
(1, -100, -138)
(0, -100, -137)
(0, -100, -136)
(0, -100, -135)
(0, -100, -134)
(1, -100, -134)
(1, -100, -133)
(0, -99, -132)
(1, -99, -132)
(0, -98, -132)
(1, -98, -132)
(0, -97, -131)
(1, -97, -132)
(0, -96, -131)
(1, -96, -132)
(0, -95, -131)
(1, -95, -131)
(0, -94, -131)
(1, -94, -131)
(1, -94, -130)
(1, -94, -129)
(0, -93, -128)
(1, -93, -128)
(1, -93, -127)
(1, -93, -126)
(0, -93, -125)
(1, -94, -125)
(0, -94, -125)
(1, -95, -125)
(0, -95, -124)
(1, -96, -125)
(1, -96, -126)
(0, -96, -126)
(1, -97, -127)
(1, -97, -128)
(0, -97, -128)
(1, -98, -128)
(0, -98, -128)
(1, -99, -129)
(1, -99, -130)
(0, -99, -130)
(1, -100, -131)
(0, -100, -130)
(0, -100, -129)
(1, -100, -129)
(1, -100, -128)
(0, -100, -127)
(0, -100, -126)
(0, -100, -125)
(0, -100, -124)
(0, -100, -123)
(0, -100, -122)
(1, -100, -122)
(0, -99, -121)
(0, -99, -120)
(1, -100, -120)
(0, -100, -119)
(0, -100, -118)
(1, -100, -118)
(1, -100, -117)
(0, -100, -116)
(0, -100, -115)
(0, -100, -114)
(1, -100, -114)
(0, -99, -113)
(1, -99, -113)
(1, -99, -112)
(1, -99, -111)
(0, -99, -110)
(0, -99, -109)
(0, -99, -108)
(0, -99, -107)
(1, -99, -107)
(1, -99, -106)
(0, -99, -105)
(0, -99, -104)
(1, -99, -104)
(0, -98, -103)
(0, -98, -102)
(1, -99, -102)
(0, -99, -102)
(1, -100, -102)
(1, -100, -101)
(0, -99, -100)
(0, -99, -99)
(1, -100, -99)
(0, -100, -98)
(0, -100, -97)
(1, -100, -97)
(0, -99, -97)
(1, -99, -98)
(0, -98, -98)
(1, -98, -99)
(1, -98, -100)
(1, -98, -101)
(0, -97, -101)
(0, -97, -102)
(0, -97, -103)
(0, -97, -104)
(1, -97, -105)
(1, -97, -106)
(0, -97, -106)
(1, -98, -107)
(1, -98, -108)
(1, -98, -109)
(0, -97, -109)
(1, -97, -109)
(0, -96, -108)
(0, -96, -107)
(1, -96, -107)
(1, -96, -106)
(1, -96, -105)
(1, -96, -104)
(1, -96, -103)
(0, -95, -102)
(1, -95, -103)
(0, -94, -103)
(1, -94, -103)
(0, -93, -103)
(1, -93, -104)
(0, -92, -104)
(1, -92, -104)
(1, -92, -103)
(0, -91, -102)
(1, -91, -102)
(0, -90, -102)
(1, -90, -102)
(1, -90, -101)
(0, -89, -100)
(0, -89, -99)
(1, -90, -99)
(1, -90, -98)
(0, -89, -97)
(1, -89, -97)
(1, -89, -96)
(0, -88, -95)
(0, -88, -94)
(1, -89, -94)
(0, -89, -93)
(0, -89, -92)
(1, -90, -92)
(0, -90, -92)
(0, -90, -93)
(0, -90, -94)
(1, -90, -95)
(1, -90, -96)
(0, -90, -96)
(1, -91, -96)
(0, -91, -95)
(1, -92, -96)
(0, -92, -96)
(1, -93, -97)
(0, -93, -97)
(0, -93, -98)
(0, -93, -99)
(0, -93, -100)
(1, -94, -101)
(0, -94, -101)
(1, -95, -101)
(1, -95, -100)
(1, -95, -99)
(0, -95, -98)
(1, -96, -98)
(1, -96, -97)
(0, -96, -96)
(1, -97, -97)
(0, -97, -96)
(1, -98, -97)
(0, -98, -96)
(1, -99, -96)
(0, -99, -95)
(1, -100, -95)
(0, -100, -94)
(0, -100, -93)
(0, -100, -92)
(1, -100, -92)
(0, -99, -91)
(0, -99, -90)
(1, -100, -90)
(0, -100, -89)
(0, -100, -88)
(0, -100, -87)
(0, -100, -86)
(1, -100, -86)
(0, -99, -86)
(1, -99, -87)
(0, -98, -86)
(0, -98, -85)
(1, -99, -85)
(1, -99, -84)
(1, -99, -83)
(1, -99, -82)
(1, -99, -81)
(0, -99, -80)
(0, -99, -79)
(1, -99, -79)
(0, -98, -79)
(1, -98, -80)
(0, -97, -79)
(0, -97, -78)
(0, -97, -77)
(0, -97, -76)
(1, -97, -76)
(0, -96, -75)
(0, -96, -74)
(0, -96, -73)
(0, -96, -72)
(1, -96, -72)
(0, -95, -72)
(0, -95, -73)
(1, -95, -74)
(1, -95, -75)
(0, -94, -75)
(0, -94, -76)
(0, -94, -77)
(0, -94, -78)
(1, -95, -79)
(0, -95, -79)
(1, -96, -79)
(0, -96, -79)
(0, -96, -80)
(0, -96, -81)
(0, -96, -82)
(0, -96, -83)
(1, -96, -84)
(1, -96, -85)
(1, -96, -86)
(0, -96, -86)
(0, -96, -87)
(1, -96, -88)
(0, -95, -87)
(1, -95, -88)
(0, -94, -87)
(1, -94, -87)
(1, -94, -86)
(1, -94, -85)
(0, -93, -84)
(1, -93, -85)
(0, -92, -85)
(1, -92, -85)
(1, -92, -84)
(1, -92, -83)
(0, -91, -82)
(1, -91, -82)
(1, -91, -81)
(1, -91, -80)
(1, -91, -79)
(0, -90, -78)
(1, -90, -78)
(0, -89, -77)
(1, -89, -77)
(0, -88, -77)
(1, -88, -77)
(1, -88, -76)
(1, -88, -75)
(1, -88, -74)
(1, -88, -73)
(0, -88, -72)
(1, -89, -73)
(0, -89, -72)
(0, -89, -71)
(0, -89, -70)
(1, -90, -70)
(0, -90, -70)
(1, -91, -71)
(0, -91, -71)
(1, -92, -71)
(1, -92, -70)
(1, -92, -69)
(1, -92, -68)
(1, -92, -67)
(0, -91, -66)
(1, -91, -67)
(0, -90, -66)
(1, -90, -67)
(0, -89, -67)
(1, -89, -68)
(0, -88, -67)
(0, -88, -66)
(0, -88, -65)
(0, -88, -64)
(0, -88, -63)
(1, -89, -63)
(0, -89, -63)
(1, -90, -63)
(0, -90, -62)
(1, -91, -62)
(0, -91, -61)
(0, -91, -60)
(0, -91, -59)
(1, -92, -59)
(1, -92, -58)
(1, -92, -57)
(1, -92, -56)
(1, -92, -55)
(1, -92, -54)
(0, -91, -53)
(0, -91, -52)
(1, -91, -52)
(0, -90, -51)
(1, -90, -52)
(0, -89, -52)
(0, -89, -53)
(1, -89, -54)
(1, -89, -55)
(1, -89, -56)
(0, -88, -56)
(1, -88, -56)
(0, -87, -56)
(0, -87, -57)
(1, -88, -58)
(1, -88, -59)
(0, -88, -59)
(1, -89, -59)
(0, -89, -59)
(1, -90, -59)
(0, -90, -59)
(0, -90, -60)
(1, -90, -61)
(0, -89, -61)
(1, -89, -61)
(0, -88, -61)
(1, -88, -62)
(0, -87, -61)
(0, -87, -60)
(1, -87, -60)
(0, -86, -59)
(1, -86, -59)
(0, -85, -58)
(1, -85, -58)
(0, -84, -58)
(0, -84, -59)
(1, -85, -60)
(1, -85, -61)
(0, -85, -61)
(1, -86, -62)
(1, -86, -63)
(1, -86, -64)
(1, -86, -65)
(0, -85, -65)
(1, -85, -66)
(0, -84, -66)
(1, -84, -66)
(0, -83, -66)
(1, -83, -67)
(0, -82, -67)
(1, -82, -67)
(0, -81, -66)
(1, -81, -66)
(1, -81, -65)
(0, -81, -64)
(1, -82, -65)
(0, -82, -65)
(1, -83, -65)
(1, -83, -64)
(0, -83, -63)
(1, -84, -64)
(0, -84, -64)
(1, -85, -64)
(1, -85, -63)
(0, -84, -62)
(1, -84, -62)
(1, -84, -61)
(0, -83, -60)
(0, -83, -59)
(1, -83, -59)
(0, -82, -59)
(1, -82, -60)
(0, -81, -60)
(0, -81, -61)
(0, -81, -62)
(1, -81, -63)
(0, -80, -62)
(1, -80, -62)
(1, -80, -61)
(0, -80, -60)
(0, -80, -59)
(0, -80, -58)
(1, -81, -58)
(0, -81, -58)
(1, -82, -58)
(0, -82, -57)
(0, -82, -56)
(1, -82, -56)
(0, -81, -55)
(0, -81, -54)
(1, -81, -54)
(1, -81, -53)
(0, -81, -52)
(1, -82, -52)
(1, -82, -51)
(0, -81, -50)
(1, -81, -51)
(0, -80, -50)
(0, -80, -49)
(1, -80, -49)
(1, -80, -48)
(0, -79, -47)
(1, -79, -47)
(1, -79, -46)
(1, -79, -45)
(1, -79, -44)
(0, -78, -43)
(1, -78, -44)
(0, -77, -44)
(0, -77, -45)
(0, -77, -46)
(1, -78, -47)
(1, -78, -48)
(0, -77, -48)
(1, -77, -49)
(0, -76, -48)
(1, -76, -49)
(0, -75, -49)
(0, -75, -50)
(1, -75, -51)
(0, -74, -51)
(1, -74, -51)
(0, -73, -51)
(1, -73, -52)
(0, -72, -51)
(1, -72, -51)
(0, -71, -51)
(0, -71, -52)
(1, -72, -53)
(1, -72, -54)
(0, -72, -54)
(1, -73, -54)
(0, -73, -54)
(0, -73, -55)
(0, -73, -56)
(1, -73, -57)
(0, -72, -56)
(1, -72, -57)
(0, -71, -56)
(1, -71, -57)
(0, -70, -56)
(1, -70, -56)
(1, -70, -55)
(1, -70, -54)
(1, -70, -53)
(1, -70, -52)
(0, -70, -51)
(0, -70, -50)
(0, -70, -49)
(1, -70, -49)
(0, -69, -48)
(0, -69, -47)
(1, -69, -47)
(1, -69, -46)
(0, -69, -45)
(1, -70, -45)
(0, -70, -44)
(1, -71, -44)
(0, -71, -44)
(1, -72, -44)
(0, -72, -44)
(1, -73, -44)
(0, -73, -44)
(0, -73, -45)
(1, -74, -46)
(1, -74, -47)
(0, -74, -47)
(1, -75, -48)
(0, -75, -47)
(0, -75, -46)
(0, -75, -45)
(1, -76, -45)
(0, -76, -44)
(0, -76, -43)
(1, -76, -43)
(0, -75, -43)
(1, -75, -44)
(0, -74, -43)
(0, -74, -42)
(0, -74, -41)
(0, -74, -40)
(1, -74, -40)
(0, -73, -40)
(0, -73, -41)
(1, -73, -42)
(0, -72, -41)
(1, -72, -42)
(0, -71, -41)
(0, -71, -40)
(0, -71, -39)
(1, -72, -39)
(1, -72, -38)
(0, -71, -37)
(1, -71, -37)
(0, -70, -37)
(1, -70, -37)
(0, -69, -37)
(0, -69, -38)
(0, -69, -39)
(1, -69, -40)
(0, -68, -39)
(1, -68, -39)
(0, -67, -38)
(1, -67, -38)
(1, -67, -37)
(0, -66, -36)
(1, -66, -36)
(0, -65, -35)
(1, -65, -35)
(0, -64, -35)
(0, -64, -36)
(0, -64, -37)
(1, -64, -38)
(1, -64, -39)
(1, -64, -40)
(0, -63, -40)
(1, -63, -41)
(0, -62, -41)
(1, -62, -42)
(1, -62, -43)
(1, -62, -44)
(1, -62, -45)
(0, -62, -45)
(1, -63, -45)
(0, -63, -45)
(1, -64, -45)
(0, -64, -44)
(1, -65, -44)
(0, -65, -44)
(1, -66, -44)
(1, -66, -43)
(0, -66, -42)
(1, -67, -42)
(0, -67, -42)
(1, -68, -43)
(0, -68, -43)
(0, -68, -44)
(1, -68, -45)
(1, -68, -46)
(1, -68, -47)
(1, -68, -48)
(0, -67, -48)
(1, -67, -48)
(1, -67, -47)
(0, -66, -46)
(1, -66, -46)
(0, -65, -46)
(0, -65, -47)
(1, -66, -48)
(1, -66, -49)
(1, -66, -50)
(0, -65, -50)
(0, -65, -51)
(1, -65, -52)
(1, -65, -53)
(1, -65, -54)
(0, -65, -54)
(1, -66, -54)
(0, -66, -53)
(0, -66, -52)
(0, -66, -51)
(1, -67, -51)
(0, -67, -51)
(0, -67, -52)
(1, -68, -53)
(0, -68, -53)
(0, -68, -54)
(1, -68, -55)
(0, -67, -54)
(1, -67, -55)
(0, -66, -55)
(0, -66, -56)
(0, -66, -57)
(1, -67, -58)
(0, -67, -58)
(1, -68, -58)
(1, -68, -57)
(0, -68, -56)
(1, -69, -57)
(1, -69, -58)
(0, -69, -58)
(1, -70, -59)
(1, -70, -60)
(0, -69, -60)
(1, -69, -61)
(0, -68, -60)
(1, -68, -60)
(0, -67, -60)
(0, -67, -61)
(1, -67, -62)
(0, -66, -61)
(1, -66, -61)
(0, -65, -61)
(1, -65, -61)
(0, -64, -60)
(0, -64, -59)
(1, -65, -59)
(1, -65, -58)
(1, -65, -57)
(1, -65, -56)
(0, -64, -55)
(1, -64, -55)
(0, -63, -55)
(1, -63, -56)
(1, -63, -57)
(1, -63, -58)
(1, -63, -59)
(0, -62, -59)
(0, -62, -60)
(0, -62, -61)
(0, -62, -62)
(1, -63, -63)
(0, -63, -63)
(1, -64, -63)
(0, -64, -63)
(1, -65, -64)
(0, -65, -63)
(1, -66, -63)
(0, -66, -63)
(0, -66, -64)
(1, -66, -65)
(0, -65, -65)
(0, -65, -66)
(0, -65, -67)
(1, -66, -68)
(0, -66, -67)
(1, -67, -67)
(1, -67, -66)
(0, -67, -65)
(1, -68, -65)
(0, -68, -65)
(0, -68, -66)
(1, -69, -67)
(0, -69, -66)
(1, -70, -66)
(1, -70, -65)
(1, -70, -64)
(0, -69, -63)
(0, -69, -62)
(1, -70, -62)
(0, -70, -62)
(1, -71, -62)
(0, -71, -61)
(1, -72, -62)
(0, -72, -61)
(1, -73, -62)
(1, -73, -63)
(0, -73, -63)
(0, -73, -64)
(1, -74, -65)
(1, -74, -66)
(0, -73, -66)
(0, -73, -67)
(0, -73, -68)
(1, -73, -69)
(0, -72, -68)
(1, -72, -68)
(0, -71, -67)
(1, -71, -67)
(0, -70, -67)
(0, -70, -68)
(1, -71, -69)
(0, -71, -69)
(0, -71, -70)
(1, -71, -71)
(0, -70, -71)
(0, -70, -72)
(1, -70, -73)
(0, -69, -72)
(1, -69, -73)
(1, -69, -74)
(0, -68, -74)
(1, -68, -75)
(0, -67, -75)
(0, -67, -76)
(1, -68, -77)
(1, -68, -78)
(0, -67, -78)
(1, -67, -79)
(0, -66, -79)
(0, -66, -80)
(0, -66, -81)
(1, -66, -82)
(1, -66, -83)
(0, -65, -83)
(1, -65, -83)
(0, -64, -82)
(1, -64, -83)
(0, -63, -82)
(1, -63, -83)
(1, -63, -84)
(0, -62, -84)
(1, -62, -84)
(0, -61, -83)
(1, -61, -84)
(0, -60, -84)
(0, -60, -85)
(1, -61, -86)
(0, -61, -85)
(1, -62, -86)
(1, -62, -87)
(0, -62, -87)
(1, -63, -88)
(0, -63, -87)
(0, -63, -86)
(1, -64, -86)
(1, -64, -85)
(0, -64, -84)
(1, -65, -85)
(0, -65, -85)
(1, -66, -86)
(1, -66, -87)
(1, -66, -88)
(0, -65, -88)
(1, -65, -89)
(1, -65, -90)
(1, -65, -91)
(0, -65, -91)
(1, -66, -91)
(0, -66, -90)
(0, -66, -89)
(1, -67, -89)
(0, -67, -89)
(0, -67, -90)
(0, -67, -91)
(1, -67, -92)
(0, -66, -92)
(0, -66, -93)
(1, -66, -94)
(1, -66, -95)
(0, -65, -95)
(1, -65, -96)
(0, -64, -95)
(0, -64, -94)
(1, -65, -94)
(1, -65, -93)
(0, -64, -92)
(1, -64, -93)
(0, -63, -93)
(1, -63, -94)
(0, -62, -94)
(0, -62, -95)
(1, -63, -96)
(1, -63, -97)
(0, -63, -97)
(1, -64, -98)
(0, -64, -98)
(1, -65, -98)
(0, -65, -98)
(0, -65, -99)
(0, -65, -100)
(1, -66, -101)
(1, -66, -102)
(1, -66, -103)
(1, -66, -104)
(1, -66, -105)
(1, -66, -106)
(0, -65, -106)
(1, -65, -107)
(1, -65, -108)
(0, -64, -108)
(1, -64, -108)
(0, -63, -108)
(0, -63, -109)
(1, -63, -110)
(0, -62, -110)
(1, -62, -111)
(0, -61, -110)
(1, -61, -111)
(0, -60, -110)
(0, -60, -109)
(1, -60, -109)
(0, -59, -109)
(1, -59, -110)
(0, -58, -109)
(0, -58, -108)
(1, -59, -108)
(0, -59, -107)
(0, -59, -106)
(0, -59, -105)
(0, -59, -104)
(0, -59, -103)
(1, -59, -103)
(0, -58, -102)
(1, -58, -103)
(0, -57, -103)
(1, -57, -104)
(0, -56, -104)
(1, -56, -105)
(0, -55, -104)
(1, -55, -105)
(0, -54, -105)
(1, -54, -105)
(0, -53, -105)
(1, -53, -106)
(1, -53, -107)
(0, -53, -107)
(1, -54, -108)
(1, -54, -109)
(0, -54, -109)
(0, -54, -110)
(1, -55, -111)
(0, -55, -110)
(1, -56, -111)
(0, -56, -111)
(1, -57, -111)
(0, -57, -111)
(0, -57, -112)
(1, -58, -113)
(0, -58, -112)
(1, -59, -113)
(0, -59, -112)
(1, -60, -113)
(0, -60, -112)
(1, -61, -113)
(0, -61, -112)
(1, -62, -113)
(0, -62, -112)
(1, -63, -113)
(0, -63, -112)
(1, -64, -113)
(0, -64, -113)
(0, -64, -114)
(0, -64, -115)
(0, -64, -116)
(1, -65, -117)
(0, -65, -116)
(1, -66, -116)
(0, -66, -116)
(0, -66, -117)
(1, -67, -118)
(0, -67, -118)
(1, -68, -119)
(0, -68, -118)
(1, -69, -119)
(0, -69, -118)
(1, -70, -118)
(0, -70, -117)
(1, -71, -118)
(0, -71, -117)
(1, -72, -118)
(0, -72, -118)
(1, -73, -119)
(0, -73, -118)
(0, -73, -117)
(1, -73, -117)
(1, -73, -116)
(0, -73, -115)
(1, -74, -115)
(0, -74, -115)
(1, -75, -115)
(0, -75, -115)
(1, -76, -116)
(0, -76, -115)
(1, -77, -115)
(0, -77, -114)
(1, -78, -114)
(1, -78, -113)
(0, -77, -112)
(1, -77, -112)
(0, -76, -111)
(1, -76, -111)
(0, -75, -111)
(1, -75, -111)
(1, -75, -110)
(0, -74, -109)
(0, -74, -108)
(0, -74, -107)
(1, -74, -107)
(0, -73, -106)
(0, -73, -105)
(1, -73, -105)
(1, -73, -104)
(0, -72, -103)
(1, -72, -103)
(1, -72, -102)
(0, -72, -101)
(1, -73, -101)
(0, -73, -101)
(1, -74, -102)
(0, -74, -101)
(1, -75, -101)
(0, -75, -100)
(1, -76, -101)
(1, -76, -102)
(0, -75, -102)
(0, -75, -103)
(1, -75, -104)
(0, -74, -104)
(0, -74, -105)
(1, -75, -106)
(0, -75, -106)
(0, -75, -107)
(0, -75, -108)
(1, -76, -109)
(0, -76, -108)
(1, -77, -108)
(0, -77, -107)
(0, -77, -106)
(1, -78, -106)
(0, -78, -106)
(1, -79, -106)
(0, -79, -105)
(0, -79, -104)
(0, -79, -103)
(1, -80, -103)
(1, -80, -102)
(0, -79, -101)
(1, -79, -102)
(0, -78, -101)
(1, -78, -101)
(0, -77, -100)
(0, -77, -99)
(1, -77, -99)
(0, -76, -98)
(1, -76, -99)
(0, -75, -98)
(1, -75, -99)
(0, -74, -98)
(1, -74, -98)
(0, -73, -97)
(1, -73, -97)
(0, -72, -96)
(1, -72, -97)
(0, -71, -97)
(1, -71, -97)
(0, -70, -97)
(0, -70, -98)
(1, -71, -99)
(0, -71, -99)
(0, -71, -100)
(1, -71, -101)
(0, -70, -100)
(1, -70, -101)
(0, -69, -100)
(1, -69, -101)
(1, -69, -102)
(0, -69, -102)
(1, -70, -103)
(0, -70, -102)
(1, -71, -103)
(1, -71, -104)
(0, -70, -104)
(1, -70, -105)
(0, -69, -105)
(1, -69, -105)
(0, -68, -104)
(0, -68, -103)
(1, -68, -103)
(0, -67, -102)
(0, -67, -101)
(1, -67, -101)
(1, -67, -100)
(0, -67, -99)
(0, -67, -98)
(1, -68, -98)
(0, -68, -97)
(1, -69, -97)
(0, -69, -96)
(0, -69, -95)
(1, -70, -95)
(1, -70, -94)
(0, -69, -93)
(0, -69, -92)
(0, -69, -91)
(0, -69, -90)
(1, -70, -90)
(0, -70, -90)
(1, -71, -90)
(0, -71, -90)
(1, -72, -90)
(1, -72, -89)
(0, -71, -88)
(0, -71, -87)
(0, -71, -86)
(1, -72, -86)
(1, -72, -85)
(0, -72, -84)
(0, -72, -83)
(1, -73, -83)
(1, -73, -82)
(0, -72, -81)
(0, -72, -80)
(1, -73, -80)
(0, -73, -80)
(1, -74, -80)
(0, -74, -80)
(0, -74, -81)
(0, -74, -82)
(1, -75, -83)
(1, -75, -84)
(1, -75, -85)
(0, -74, -85)
(0, -74, -86)
(1, -74, -87)
(1, -74, -88)
(1, -74, -89)
(0, -73, -89)
(1, -73, -90)
(1, -73, -91)
(1, -73, -92)
(1, -73, -93)
(0, -73, -93)
(1, -74, -94)
(0, -74, -93)
(1, -75, -94)
(0, -75, -94)
(1, -76, -95)
(0, -76, -95)
(1, -77, -96)
(1, -77, -97)
(0, -77, -97)
(1, -78, -98)
(0, -78, -97)
(0, -78, -96)
(1, -79, -96)
(0, -79, -96)
(0, -79, -97)
(1, -80, -98)
(0, -80, -97)
(1, -81, -97)
(1, -81, -96)
(0, -81, -95)
(1, -82, -95)
(0, -82, -95)
(0, -82, -96)
(1, -82, -97)
(1, -82, -98)
(0, -82, -98)
(1, -83, -99)
(0, -83, -98)
(1, -84, -98)
(1, -84, -97)
(1, -84, -96)
(1, -84, -95)
(1, -84, -94)
(0, -84, -93)
(1, -85, -94)
(0, -85, -93)
(1, -86, -94)
(0, -86, -93)
(1, -87, -94)
(1, -87, -95)
(1, -87, -96)
(0, -86, -96)
(1, -86, -97)
