(0, 17, -55)
(1, 16, -55)
(1, 16, -54)
(0, 16, -53)
(1, 15, -53)
(0, 15, -53)
(0, 15, -54)
(0, 15, -55)
(1, 14, -56)
(1, 14, -57)
(0, 15, -57)
(1, 15, -57)
(0, 16, -57)
(0, 16, -58)
(1, 15, -59)
(1, 15, -60)
(0, 15, -60)
(0, 15, -61)
(1, 15, -62)
(0, 16, -61)
(1, 16, -61)
(1, 16, -60)
(0, 17, -59)
(0, 17, -58)
(0, 17, -57)
(1, 17, -57)
(0, 18, -56)
(1, 18, -57)
(1, 18, -58)
(0, 19, -58)
(1, 19, -59)
(0, 20, -59)
(0, 20, -60)
(1, 20, -61)
(0, 21, -61)
(0, 21, -62)
(1, 21, -63)
(0, 22, -63)
(1, 22, -64)
(1, 22, -65)
(0, 23, -65)
(0, 23, -66)
(0, 23, -67)
(1, 22, -68)
(1, 22, -69)
(0, 22, -69)
(1, 21, -69)
(0, 21, -68)
(1, 20, -69)
(1, 20, -70)
(0, 20, -70)
(0, 20, -71)
(0, 20, -72)
(0, 20, -73)
(1, 19, -74)
(1, 19, -75)
(0, 20, -75)
(0, 20, -76)
(0, 20, -77)
(1, 19, -78)
(0, 19, -78)
(0, 19, -79)
(0, 19, -80)
(1, 18, -81)
(0, 18, -81)
(1, 17, -81)
(0, 17, -81)
(1, 16, -81)
(0, 16, -81)
(0, 16, -82)
(0, 16, -83)
(1, 15, -84)
(1, 15, -85)
(0, 16, -85)
(1, 16, -86)
(0, 17, -85)
(1, 17, -85)
(0, 18, -85)
(1, 18, -86)
(1, 18, -87)
(1, 18, -88)
(0, 19, -88)
(1, 19, -89)
(0, 20, -88)
(0, 20, -87)
(0, 20, -86)
(1, 19, -86)
(1, 19, -85)
(0, 19, -84)
(1, 18, -84)
(1, 18, -83)
(0, 19, -82)
(1, 19, -83)
(0, 20, -82)
(0, 20, -81)
(1, 20, -81)
(0, 21, -80)
(1, 21, -81)
(0, 22, -81)
(1, 22, -82)
(0, 23, -82)
(1, 23, -83)
(0, 24, -83)
(1, 24, -83)
(0, 25, -82)
(0, 25, -81)
(0, 25, -80)
(1, 24, -80)
(1, 24, -79)
(0, 25, -78)
(0, 25, -77)
(1, 25, -77)
(1, 25, -76)
(0, 26, -75)
(1, 26, -76)
(0, 27, -76)
(1, 27, -76)
(0, 28, -75)
(1, 28, -75)
(0, 29, -75)
(0, 29, -76)
(1, 28, -77)
(0, 28, -77)
(1, 27, -78)
(0, 27, -78)
(1, 26, -79)
(0, 26, -79)
(0, 26, -80)
(1, 26, -81)
(0, 27, -80)
(1, 27, -80)
(0, 28, -79)
(1, 28, -79)
(0, 29, -78)
(1, 29, -79)
(1, 29, -80)
(0, 29, -80)
(1, 28, -81)
(1, 28, -82)
(0, 29, -82)
(1, 29, -83)
(1, 29, -84)
(1, 29, -85)
(1, 29, -86)
(0, 29, -86)
(0, 29, -87)
(1, 28, -88)
(1, 28, -89)
(0, 28, -89)
(1, 27, -89)
(1, 27, -88)
(1, 27, -87)
(1, 27, -86)
(1, 27, -85)
(1, 27, -84)
(0, 27, -83)
(1, 26, -84)
(0, 26, -83)
(1, 25, -84)
(1, 25, -85)
(0, 25, -85)
(0, 25, -86)
(0, 25, -87)
(1, 25, -88)
(0, 26, -87)
(1, 26, -88)
(1, 26, -89)
(1, 26, -90)
(0, 26, -90)
(1, 25, -90)
(0, 25, -90)
(1, 24, -91)
(0, 24, -90)
(1, 23, -90)
(1, 23, -89)
(0, 23, -88)
(1, 22, -88)
(1, 22, -87)
(0, 23, -86)
(0, 23, -85)
(1, 22, -85)
(0, 22, -85)
(1, 21, -86)
(0, 21, -86)
(0, 21, -87)
(1, 21, -88)
(1, 21, -89)
(0, 21, -89)
(0, 21, -90)
(1, 21, -91)
(0, 22, -91)
(1, 22, -91)
(0, 23, -91)
(0, 23, -92)
(1, 22, -93)
(0, 22, -93)
(0, 22, -94)
(1, 22, -95)
(0, 23, -95)
(1, 23, -95)
(1, 23, -94)
(0, 24, -93)
(1, 24, -93)
(0, 25, -92)
(1, 25, -93)
(0, 26, -93)
(0, 26, -94)
(1, 25, -95)
(0, 25, -94)
(1, 24, -95)
(1, 24, -96)
(1, 24, -97)
(1, 24, -98)
(0, 25, -98)
(0, 25, -99)
(1, 24, -100)
(1, 24, -101)
(0, 25, -101)
(0, 25, -102)
(1, 24, -103)
(0, 24, -103)
(1, 23, -104)
(1, 23, -105)
(1, 23, -106)
(0, 23, -106)
(1, 22, -106)
(1, 22, -105)
(0, 22, -104)
(1, 21, -104)
(1, 21, -103)
(0, 22, -102)
(1, 22, -103)
(0, 23, -102)
(0, 23, -101)
(1, 23, -101)
(1, 23, -100)
(0, 23, -99)
(1, 22, -100)
(0, 22, -99)
(0, 22, -98)
(0, 22, -97)
(1, 21, -97)
(0, 21, -96)
(1, 20, -97)
(0, 20, -96)
(0, 20, -95)
(1, 20, -95)
(0, 21, -94)
(0, 21, -93)
(1, 20, -93)
(1, 20, -92)
(0, 20, -91)
(1, 19, -92)
(0, 19, -92)
(0, 19, -93)
(1, 18, -94)
(0, 18, -93)
(1, 17, -94)
(0, 17, -93)
(0, 17, -92)
(1, 16, -92)
(1, 16, -91)
(1, 16, -90)
(0, 16, -89)
(0, 16, -88)
(1, 15, -88)
(0, 15, -88)
(1, 14, -88)
(1, 14, -87)
(0, 14, -86)
(1, 13, -87)
(0, 13, -86)
(0, 13, -85)
(1, 13, -85)
(1, 13, -84)
(1, 13, -83)
(1, 13, -82)
(1, 13, -81)
(0, 13, -80)
(1, 12, -80)
(1, 12, -79)
(1, 12, -78)
(0, 12, -77)
(0, 12, -76)
(0, 12, -75)
(0, 12, -74)
(1, 12, -74)
(0, 13, -74)
(1, 13, -74)
(0, 14, -74)
(0, 14, -75)
(0, 14, -76)
(0, 14, -77)
(1, 14, -78)
(0, 15, -78)
(1, 15, -79)
(0, 16, -79)
(1, 16, -79)
(0, 17, -79)
(1, 17, -79)
(0, 18, -78)
(0, 18, -77)
(1, 17, -77)
(0, 17, -76)
(1, 16, -76)
(0, 16, -76)
(1, 15, -76)
(1, 15, -75)
(1, 15, -74)
(0, 15, -73)
(0, 15, -72)
(1, 15, -72)
(1, 15, -71)
(1, 15, -70)
(1, 15, -69)
(0, 16, -68)
(1, 16, -69)
(1, 16, -70)
(1, 16, -71)
(0, 17, -71)
(1, 17, -71)
(0, 18, -71)
(1, 18, -71)
(1, 18, -70)
(0, 19, -69)
(1, 19, -69)
(1, 19, -68)
(0, 20, -67)
(0, 20, -66)
(0, 20, -65)
(1, 19, -65)
(0, 19, -65)
(0, 19, -66)
(1, 18, -67)
(0, 18, -66)
(1, 17, -66)
(1, 17, -65)
(0, 17, -64)
(1, 16, -65)
(0, 16, -65)
(1, 15, -66)
(1, 15, -67)
(0, 15, -67)
(1, 14, -68)
(0, 14, -68)
(1, 13, -68)
(1, 13, -67)
(0, 13, -66)
(0, 13, -65)
(0, 13, -64)
(1, 12, -64)
(0, 12, -64)
(0, 12, -65)
(1, 11, -66)
(0, 11, -66)
(1, 10, -66)
(0, 10, -66)
(0, 10, -67)
(1, 9, -68)
(1, 9, -69)
(1, 9, -70)
(0, 10, -70)
(1, 10, -71)
(0, 11, -71)
(1, 11, -72)
(1, 11, -73)
(0, 11, -73)
(1, 10, -74)
(1, 10, -75)
(0, 11, -75)
(0, 11, -76)
(0, 11, -77)
(0, 11, -78)
(0, 11, -79)
(1, 11, -80)
(1, 11, -81)
(0, 11, -81)
(0, 11, -82)
(1, 10, -83)
(0, 10, -82)
(0, 10, -81)
(1, 9, -81)
(1, 9, -80)
(0, 9, -79)
(0, 9, -78)
(0, 9, -77)
(1, 9, -77)
(1, 9, -76)
(0, 9, -75)
(0, 9, -74)
(0, 9, -73)
(0, 9, -72)
(1, 8, -72)
(0, 8, -72)
(1, 7, -73)
(1, 7, -74)
(0, 7, -74)
(1, 6, -75)
(0, 6, -74)
(1, 5, -75)
(1, 5, -76)
(0, 5, -76)
(1, 4, -76)
(0, 4, -75)
(1, 3, -76)
(0, 3, -75)
(1, 2, -75)
(0, 2, -75)
(1, 1, -75)
(0, 1, -75)
(1, 0, -75)
(0, 0, -74)
(1, -1, -74)
(0, -1, -74)
(1, -2, -75)
(1, -2, -76)
(0, -2, -76)
(1, -3, -77)
(1, -3, -78)
(1, -3, -79)
(0, -3, -79)
(1, -4, -80)
(1, -4, -81)
(1, -4, -82)
(1, -4, -83)
(0, -4, -83)
(1, -5, -84)
(0, -5, -83)
(1, -6, -83)
(1, -6, -82)
(1, -6, -81)
(1, -6, -80)
(0, -6, -79)
(0, -6, -78)
(1, -6, -78)
(1, -6, -77)
(0, -5, -76)
(0, -5, -75)
(1, -6, -75)
(0, -6, -75)
(1, -7, -76)
(0, -7, -76)
(1, -8, -77)
(0, -8, -76)
(0, -8, -75)
(1, -8, -75)
(1, -8, -74)
(0, -8, -73)
(1, -9, -73)
(1, -9, -72)
(1, -9, -71)
(0, -9, -70)
(0, -9, -69)
(1, -10, -69)
(1, -10, -68)
(1, -10, -67)
(0, -10, -66)
(1, -11, -66)
(0, -11, -66)
(1, -12, -67)
(1, -12, -68)
(0, -12, -68)
(1, -13, -69)
(0, -13, -69)
(1, -14, -70)
(0, -14, -69)
(0, -14, -68)
(1, -15, -68)
(1, -15, -67)
(0, -15, -66)
(0, -15, -65)
(0, -15, -64)
(1, -16, -64)
(0, -16, -64)
(1, -17, -65)
(0, -17, -65)
(1, -18, -66)
(0, -18, -66)
(1, -19, -67)
(0, -19, -66)
(0, -19, -65)
(1, -20, -65)
(0, -20, -65)
(1, -21, -66)
(1, -21, -67)
(0, -21, -67)
(0, -21, -68)
(0, -21, -69)
(0, -21, -70)
(1, -21, -71)
(0, -20, -71)
(1, -20, -72)
(1, -20, -73)
(0, -19, -73)
(1, -19, -73)
(0, -18, -72)
(0, -18, -71)
(1, -18, -71)
(1, -18, -70)
(0, -17, -69)
(1, -17, -69)
(0, -16, -69)
(1, -16, -69)
(0, -15, -69)
(0, -15, -70)
(0, -15, -71)
(0, -15, -72)
(1, -15, -73)
(0, -14, -72)
(1, -14, -73)
(1, -14, -74)
(1, -14, -75)
(1, -14, -76)
(1, -14, -77)
(1, -14, -78)
(0, -14, -78)
(1, -15, -79)
(0, -15, -79)
(0, -15, -80)
(1, -16, -81)
(1, -16, -82)
(0, -15, -82)
(0, -15, -83)
(1, -15, -84)
(1, -15, -85)
(0, -14, -85)
(0, -14, -86)
(0, -14, -87)
(0, -14, -88)
(1, -14, -89)
(0, -13, -89)
(1, -13, -89)
(1, -13, -88)
(0, -13, -87)
(0, -13, -86)
(1, -13, -86)
(0, -12, -86)
(1, -12, -86)
(1, -12, -85)
(0, -11, -84)
(1, -11, -85)
(1, -11, -86)
(0, -10, -86)
(1, -10, -86)
(0, -9, -86)
(0, -9, -87)
(1, -10, -88)
(1, -10, -89)
(0, -10, -89)
(1, -11, -90)
(0, -11, -90)
(0, -11, -91)
(1, -12, -92)
(0, -12, -92)
(1, -13, -92)
(0, -13, -92)
(1, -14, -92)
(0, -14, -91)
(1, -15, -91)
(0, -15, -90)
(1, -16, -91)
(0, -16, -90)
(0, -16, -89)
(0, -16, -88)
(1, -16, -88)
(0, -15, -87)
(0, -15, -86)
(1, -16, -86)
(0, -16, -85)
(0, -16, -84)
(0, -16, -83)
(1, -17, -83)
(0, -17, -82)
(1, -18, -82)
(0, -18, -82)
(1, -19, -83)
(0, -19, -82)
(1, -20, -83)
(0, -20, -82)
(1, -21, -82)
(0, -21, -82)
(1, -22, -82)
(1, -22, -81)
(0, -21, -80)
(1, -21, -80)
(0, -20, -79)
(1, -20, -79)
(0, -19, -78)
(1, -19, -78)
(0, -18, -78)
(0, -18, -79)
(1, -18, -80)
(0, -17, -80)
(1, -17, -80)
(0, -16, -79)
(0, -16, -78)
(1, -17, -78)
(1, -17, -77)
(0, -17, -76)
(1, -18, -76)
(1, -18, -75)
(0, -18, -74)
(1, -19, -75)
(0, -19, -75)
(0, -19, -76)
(1, -20, -77)
(0, -20, -76)
(1, -21, -76)
(0, -21, -75)
(1, -22, -75)
(0, -22, -75)
(1, -23, -75)
(1, -23, -74)
(0, -23, -73)
(1, -24, -74)
(0, -24, -73)
(1, -25, -74)
(1, -25, -75)
(1, -25, -76)
(0, -24, -76)
(1, -24, -77)
(1, -24, -78)
(0, -24, -78)
(1, -25, -79)
(1, -25, -80)
(1, -25, -81)
(1, -25, -82)
(0, -24, -82)
(1, -24, -83)
(1, -24, -84)
(1, -24, -85)
(0, -23, -85)
(1, -23, -85)
(1, -23, -84)
(0, -22, -83)
(1, -22, -84)
(1, -22, -85)
(0, -21, -85)
(0, -21, -86)
(1, -22, -87)
(0, -22, -86)
(1, -23, -87)
(1, -23, -88)
(0, -23, -88)
(1, -24, -88)
(1, -24, -87)
(0, -24, -86)
(1, -25, -86)
(1, -25, -85)
(0, -25, -84)
(1, -26, -84)
(0, -26, -84)
(1, -27, -85)
(1, -27, -86)
(0, -27, -86)
(1, -28, -87)
(0, -28, -86)
(0, -28, -85)
(1, -29, -85)
(0, -29, -85)
(1, -30, -86)
(1, -30, -87)
(1, -30, -88)
(0, -29, -88)
(1, -29, -88)
(0, -28, -88)
(0, -28, -89)
(1, -28, -90)
(0, -27, -89)
(1, -27, -90)
(0, -26, -89)
(0, -26, -88)
(0, -26, -87)
(1, -26, -87)
(0, -25, -87)
(1, -25, -88)
(1, -25, -89)
(0, -25, -89)
(0, -25, -90)
(0, -25, -91)
(1, -26, -92)
(0, -26, -92)
(1, -27, -93)
(0, -27, -92)
(1, -28, -93)
(0, -28, -93)
(0, -28, -94)
(1, -28, -95)
(0, -27, -94)
(1, -27, -95)
(0, -26, -95)
(1, -26, -95)
(1, -26, -94)
(0, -25, -93)
(1, -25, -93)
(0, -24, -92)
(0, -24, -91)
(1, -24, -91)
(0, -23, -91)
(1, -23, -91)
(0, -22, -90)
(1, -22, -91)
(0, -21, -91)
(1, -21, -91)
(0, -20, -91)
(0, -20, -92)
(1, -20, -93)
(0, -19, -92)
(1, -19, -92)
(0, -18, -92)
(0, -18, -93)
(0, -18, -94)
(1, -18, -95)
(1, -18, -96)
(0, -17, -96)
(1, -17, -96)
(0, -16, -96)
(0, -16, -97)
(0, -16, -98)
(1, -17, -99)
(1, -17, -100)
(0, -16, -100)
(1, -16, -101)
(1, -16, -102)
(0, -16, -102)
(1, -17, -102)
(0, -17, -102)
(0, -17, -103)
(0, -17, -104)
(1, -18, -105)
(0, -18, -104)
(0, -18, -103)
(1, -19, -103)
(0, -19, -103)
(0, -19, -104)
(1, -20, -105)
(0, -20, -104)
(1, -21, -104)
(1, -21, -103)
(1, -21, -102)
(0, -20, -101)
(1, -20, -102)
(0, -19, -101)
(1, -19, -101)
(1, -19, -100)
(0, -19, -99)
(0, -19, -98)
(1, -20, -98)
(0, -20, -97)
(1, -21, -97)
(0, -21, -97)
(0, -21, -98)
(0, -21, -99)
(1, -22, -100)
(0, -22, -99)
(0, -22, -98)
(0, -22, -97)
(0, -22, -96)
(1, -22, -96)
(1, -22, -95)
(0, -22, -94)
(1, -23, -95)
(0, -23, -94)
(1, -24, -95)
(1, -24, -96)
(0, -23, -96)
(0, -23, -97)
(0, -23, -98)
(1, -24, -99)
(0, -24, -99)
(1, -25, -100)
(0, -25, -99)
(0, -25, -98)
(1, -26, -98)
(0, -26, -98)
(0, -26, -99)
(0, -26, -100)
(0, -26, -101)
(1, -26, -102)
(0, -25, -102)
(1, -25, -103)
(0, -24, -102)
(0, -24, -101)
(1, -24, -101)
(0, -23, -101)
(1, -23, -102)
(1, -23, -103)
(1, -23, -104)
(0, -22, -104)
(1, -22, -105)
(0, -21, -105)
(1, -21, -106)
(1, -21, -107)
(0, -20, -107)
(1, -20, -107)
(0, -19, -107)
(1, -19, -107)
(0, -18, -106)
(1, -18, -107)
(0, -17, -107)
(1, -17, -108)
(0, -16, -107)
(0, -16, -106)
(1, -16, -106)
(1, -16, -105)
(1, -16, -104)
(0, -15, -103)
(1, -15, -103)
(0, -14, -102)
(1, -14, -103)
(0, -13, -103)
(1, -13, -104)
(0, -12, -103)
(1, -12, -103)
(0, -11, -103)
(1, -11, -104)
(0, -10, -103)
(1, -10, -104)
(0, -9, -104)
(1, -9, -105)
(1, -9, -106)
(0, -9, -106)
(1, -10, -107)
(0, -10, -107)
(1, -11, -107)
(0, -11, -107)
(1, -12, -107)
(1, -12, -106)
(0, -12, -105)
(1, -13, -106)
(1, -13, -107)
(1, -13, -108)
(0, -13, -108)
(0, -13, -109)
(1, -14, -110)
(1, -14, -111)
(1, -14, -112)
(0, -13, -112)
(1, -13, -112)
(0, -12, -112)
(0, -12, -113)
(0, -12, -114)
(0, -12, -115)
(1, -13, -116)
(1, -13, -117)
(0, -12, -117)
(1, -12, -118)
(1, -12, -119)
(1, -12, -120)
(0, -12, -120)
(1, -13, -121)
(1, -13, -122)
(0, -13, -122)
(1, -14, -123)
(1, -14, -124)
(0, -14, -124)
(0, -14, -125)
(1, -14, -126)
(0, -13, -125)
(1, -13, -125)
(1, -13, -124)
(0, -12, -123)
(1, -12, -124)
(1, -12, -125)
(1, -12, -126)
(0, -11, -126)
(1, -11, -126)
(0, -10, -125)
(0, -10, -124)
(0, -10, -123)
(1, -11, -123)
(1, -11, -122)
(0, -10, -121)
(0, -10, -120)
(1, -10, -120)
(0, -9, -119)
(1, -9, -119)
(0, -8, -119)
(0, -8, -120)
(1, -8, -121)
(0, -7, -120)
(1, -7, -121)
(1, -7, -122)
(0, -7, -122)
(1, -8, -123)
(0, -8, -123)
(0, -8, -124)
(0, -8, -125)
(1, -9, -126)
(0, -9, -126)
(0, -9, -127)
(1, -9, -128)
(0, -8, -128)
(1, -8, -128)
(0, -7, -127)
(0, -7, -126)
(1, -7, -126)
(0, -6, -126)
(0, -6, -127)
(0, -6, -128)
(1, -6, -129)
(0, -5, -128)
(1, -5, -128)
(0, -4, -127)
(0, -4, -126)
(1, -5, -126)
(1, -5, -125)
(0, -5, -124)
(0, -5, -123)
(1, -5, -123)
(0, -4, -123)
(1, -4, -123)
(0, -3, -123)
(1, -3, -123)
(1, -3, -122)
(0, -3, -121)
(1, -4, -121)
(0, -4, -120)
(0, -4, -119)
(0, -4, -118)
(0, -4, -117)
(0, -4, -116)
(1, -4, -116)
(0, -3, -116)
(1, -3, -117)
(1, -3, -118)
(0, -3, -118)
(0, -3, -119)
(1, -3, -120)
(0, -2, -119)
(1, -2, -119)
(0, -1, -118)
(1, -1, -118)
(1, -1, -117)
(0, -1, -116)
(0, -1, -115)
(0, -1, -114)
(0, -1, -113)
(0, -1, -112)
(1, -2, -112)
(0, -2, -111)
(0, -2, -110)
(1, -3, -110)
(1, -3, -109)
(0, -3, -108)
(1, -4, -109)
(0, -4, -109)
(1, -5, -109)
(0, -5, -109)
(1, -6, -110)
(0, -6, -110)
(1, -7, -110)
(0, -7, -110)
(1, -8, -111)
(0, -8, -111)
(1, -9, -111)
(0, -9, -111)
(0, -9, -112)
(1, -10, -113)
(1, -10, -114)
(0, -9, -114)
(0, -9, -115)
(0, -9, -116)
(1, -10, -117)
(0, -10, -116)
(0, -10, -115)
(1, -11, -115)
(1, -11, -114)
(0, -11, -113)
(0, -11, -112)
(0, -11, -111)
(1, -12, -111)
(0, -12, -110)
(0, -12, -109)
(1, -12, -109)
(0, -11, -109)
(1, -11, -109)
(0, -10, -109)
(1, -10, -109)
(0, -9, -108)
(1, -9, -109)
(0, -8, -108)
(1, -8, -109)
(0, -7, -108)
(0, -7, -107)
(1, -7, -107)
(1, -7, -106)
(0, -6, -105)
(0, -6, -104)
(0, -6, -103)
(1, -6, -103)
(1, -6, -102)
(0, -6, -101)
(0, -6, -100)
(0, -6, -99)
(1, -7, -99)
(0, -7, -99)
(0, -7, -100)
(1, -8, -101)
(0, -8, -101)
(1, -9, -101)
(0, -9, -100)
(1, -10, -100)
(0, -10, -100)
(0, -10, -101)
(1, -11, -102)
(0, -11, -101)
(1, -12, -101)
(0, -12, -101)
(1, -13, -101)
(0, -13, -100)
(1, -14, -101)
(0, -14, -100)
(0, -14, -99)
(1, -15, -99)
(1, -15, -98)
(0, -14, -97)
(1, -14, -98)
(0, -13, -97)
(0, -13, -96)
(0, -13, -95)
(1, -13, -95)
(0, -12, -95)
(0, -12, -96)
(1, -12, -97)
(0, -11, -96)
(1, -11, -96)
(0, -10, -96)
(0, -10, -97)
(1, -10, -98)
(0, -9, -98)
(1, -9, -98)
(0, -8, -97)
(0, -8, -96)
(1, -8, -96)
(1, -8, -95)
(1, -8, -94)
(0, -7, -93)
(1, -7, -94)
(0, -6, -93)
(1, -6, -94)
(0, -5, -93)
(0, -5, -92)
(1, -6, -92)
(0, -6, -91)
(1, -7, -91)
(0, -7, -91)
(1, -8, -91)
(1, -8, -90)
(0, -7, -89)
(1, -7, -89)
(0, -6, -89)
(1, -6, -90)
(0, -5, -90)
(1, -5, -91)
(0, -4, -90)
(0, -4, -89)
(1, -4, -89)
(0, -3, -89)
(1, -3, -90)
(0, -2, -89)
(1, -2, -89)
(1, -2, -88)
(0, -1, -87)
(0, -1, -86)
(0, -1, -85)
(0, -1, -84)
(1, -2, -84)
(1, -2, -83)
(0, -1, -82)
(1, -1, -83)
(0, 0, -82)
(0, 0, -81)
(1, 0, -81)
(0, 1, -81)
(1, 1, -82)
(0, 2, -81)
(0, 2, -80)
(0, 2, -79)
(1, 2, -79)
(0, 3, -79)
(1, 3, -79)
(0, 4, -79)
(0, 4, -80)
(0, 4, -81)
(1, 3, -82)
(1, 3, -83)
(0, 3, -83)
(1, 2, -84)
(1, 2, -85)
(0, 3, -85)
(1, 3, -86)
(0, 4, -85)
(0, 4, -84)
(1, 4, -84)
(0, 5, -83)
(1, 5, -83)
(0, 6, -82)
(1, 6, -83)
(0, 7, -82)
(0, 7, -81)
(1, 7, -81)
(0, 8, -81)
(1, 8, -82)
(0, 9, -82)
(0, 9, -83)
(1, 9, -84)
(1, 9, -85)
(0, 10, -85)
(1, 10, -85)
(0, 11, -85)
(1, 11, -86)
(1, 11, -87)
(0, 12, -87)
(0, 12, -88)
(1, 11, -89)
(1, 11, -90)
(1, 11, -91)
(0, 12, -91)
(1, 12, -92)
(0, 13, -91)
(0, 13, -90)
(0, 13, -89)
(1, 13, -89)
(0, 14, -89)
(0, 14, -90)
(0, 14, -91)
(0, 14, -92)
(0, 14, -93)
(0, 14, -94)
(0, 14, -95)
(1, 13, -96)
(1, 13, -97)
(0, 13, -97)
(0, 13, -98)
(1, 13, -99)
(1, 13, -100)
(0, 14, -100)
(1, 14, -100)
(0, 15, -99)
(1, 15, -100)
(0, 16, -99)
(0, 16, -98)
(1, 16, -98)
(0, 17, -97)
(1, 17, -97)
(0, 18, -97)
(1, 18, -97)
(0, 19, -97)
(1, 19, -98)
(0, 20, -98)
(1, 20, -99)
(1, 20, -100)
(1, 20, -101)
(0, 20, -101)
(0, 20, -102)
(1, 19, -103)
(1, 19, -104)
(0, 20, -104)
(1, 20, -105)
(1, 20, -106)
(1, 20, -107)
(0, 20, -107)
(0, 20, -108)
(0, 20, -109)
(1, 19, -110)
(1, 19, -111)
(0, 19, -111)
(1, 18, -111)
(1, 18, -110)
(1, 18, -109)
(1, 18, -108)
(0, 18, -107)
(1, 17, -108)
(0, 17, -107)
(1, 16, -108)
(0, 16, -108)
(1, 15, -109)
(1, 15, -110)
(0, 15, -110)
(0, 15, -111)
(0, 15, -112)
(0, 15, -113)
(1, 14, -114)
(0, 14, -113)
(1, 13, -114)
(0, 13, -113)
(0, 13, -112)
(1, 12, -112)
(0, 12, -111)
(1, 11, -112)
(1, 11, -113)
(0, 11, -113)
(1, 10, -113)
(0, 10, -112)
(0, 10, -111)
(1, 9, -111)
(0, 9, -110)
(0, 9, -109)
(0, 9, -108)
(1, 9, -108)
(1, 9, -107)
(1, 9, -106)
(0, 9, -105)
(1, 8, -106)
(0, 8, -105)
(0, 8, -104)
(1, 8, -104)
(0, 9, -103)
(1, 9, -103)
(1, 9, -102)
(0, 10, -101)
(1, 10, -102)
(0, 11, -101)
(1, 11, -101)
(0, 12, -101)
(1, 12, -101)
(1, 12, -100)
(0, 12, -99)
(0, 12, -98)
(1, 11, -98)
(0, 11, -98)
(1, 10, -99)
(0, 10, -99)
(1, 9, -99)
(1, 9, -98)
(0, 9, -97)
(0, 9, -96)
(1, 8, -96)
(1, 8, -95)
(1, 8, -94)
(0, 8, -93)
(0, 8, -92)
(1, 7, -92)
(1, 7, -91)
(0, 7, -90)
(0, 7, -89)
(0, 7, -88)
(1, 6, -88)
(0, 6, -88)
(1, 5, -88)
(0, 5, -87)
(1, 4, -87)
(0, 4, -87)
(1, 3, -88)
(0, 3, -88)
(1, 2, -88)
(0, 2, -88)
(0, 2, -89)
(1, 1, -90)
(0, 1, -90)
(0, 1, -91)
(1, 1, -92)
(0, 2, -92)
(0, 2, -93)
(1, 1, -94)
(1, 1, -95)
(0, 1, -95)
(1, 0, -95)
(1, 0, -94)
(1, 0, -93)
(0, 0, -92)
(1, -1, -93)
(0, -1, -92)
(0, -1, -91)
(1, -2, -91)
(0, -2, -91)
(1, -3, -92)
(0, -3, -92)
(0, -3, -93)
(1, -4, -94)
(0, -4, -94)
(0, -4, -95)
(1, -5, -96)
(0, -5, -96)
(1, -6, -96)
(0, -6, -95)
(1, -7, -96)
(1, -7, -97)
(0, -6, -97)
(1, -6, -98)
(0, -5, -98)
(1, -5, -99)
(1, -5, -100)
(1, -5, -101)
(0, -4, -101)
(1, -4, -102)
(0, -3, -102)
(1, -3, -102)
(0, -2, -101)
(1, -2, -102)
(0, -1, -102)
(1, -1, -102)
(0, 0, -101)
(1, 0, -101)
(0, 1, -100)
(0, 1, -99)
(0, 1, -98)
(0, 1, -97)
(1, 1, -97)
(0, 2, -96)
(1, 2, -97)
(0, 3, -96)
(0, 3, -95)
(1, 3, -95)
(1, 3, -94)
(1, 3, -93)
(1, 3, -92)
(0, 4, -91)
(1, 4, -91)
(0, 5, -91)
(0, 5, -92)
(0, 5, -93)
(1, 5, -94)
(0, 6, -94)
(1, 6, -95)
(1, 6, -96)
(0, 6, -96)
(0, 6, -97)
(1, 6, -98)
(0, 7, -97)
(1, 7, -98)
(1, 7, -99)
(0, 8, -99)
(0, 8, -100)
(1, 7, -101)
(0, 7, -100)
(1, 6, -100)
(0, 6, -100)
(1, 5, -100)
(0, 5, -100)
(1, 4, -101)
(1, 4, -102)
(0, 5, -102)
(1, 5, -103)
(0, 6, -102)
(1, 6, -102)
(0, 7, -102)
(0, 7, -103)
(0, 7, -104)
(1, 6, -105)
(0, 6, -105)
(1, 5, -105)
(0, 5, -104)
(1, 4, -104)
(0, 4, -103)
(1, 3, -104)
(0, 3, -103)
(0, 3, -102)
(0, 3, -101)
(1, 3, -101)
(1, 3, -100)
(0, 4, -99)
(0, 4, -98)
(1, 3, -98)
(0, 3, -98)
(1, 2, -99)
(0, 2, -99)
(0, 2, -100)
(0, 2, -101)
(1, 1, -102)
(0, 1, -102)
(0, 1, -103)
(0, 1, -104)
(1, 0, -105)
(0, 0, -104)
(1, -1, -105)
(0, -1, -105)
(1, -2, -105)
(0, -2, -105)
(1, -3, -105)
(0, -3, -105)
(0, -3, -106)
(1, -3, -107)
(0, -2, -107)
(1, -2, -108)
(0, -1, -107)
(1, -1, -108)
(0, 0, -107)
(1, 0, -107)
(0, 1, -107)
(1, 1, -107)
(0, 2, -106)
(0, 2, -105)
(1, 2, -105)
(0, 3, -105)
(0, 3, -106)
(1, 3, -107)
(0, 4, -107)
(0, 4, -108)
(0, 4, -109)
(0, 4, -110)
(0, 4, -111)
(0, 4, -112)
(0, 4, -113)
(1, 3, -114)
(0, 3, -113)
(0, 3, -112)
(0, 3, -111)
(1, 2, -111)
(1, 2, -110)
(0, 2, -109)
(1, 1, -110)
(0, 1, -110)
(1, 0, -111)
(1, 0, -112)
(1, 0, -113)
(0, 1, -113)
(1, 1, -114)
(0, 2, -114)
(1, 2, -115)
(0, 3, -115)
(1, 3, -116)
(0, 4, -116)
(1, 4, -117)
(0, 5, -117)
(0, 5, -118)
(1, 5, -119)
(1, 5, -120)
(0, 6, -120)
(0, 6, -121)
(0, 6, -122)
(0, 6, -123)
(0, 6, -124)
(0, 6, -125)
(0, 6, -126)
(1, 6, -127)
(0, 7, -126)
(1, 7, -126)
(0, 8, -125)
(1, 8, -125)
(1, 8, -124)
(1, 8, -123)
(0, 9, -122)
(1, 9, -123)
(0, 10, -123)
(1, 10, -123)
(1, 10, -122)
(0, 11, -121)
(1, 11, -121)
(0, 12, -120)
(1, 12, -120)
(0, 13, -119)
(1, 13, -120)
(0, 14, -119)
(1, 14, -120)
(1, 14, -121)
(1, 14, -122)
(0, 15, -122)
(1, 15, -122)
(0, 16, -122)
(0, 16, -123)
(0, 16, -124)
(0, 16, -125)
(1, 16, -126)
(0, 17, -125)
(1, 17, -125)
(0, 18, -124)
(0, 18, -123)
(1, 18, -123)
(0, 19, -122)
(0, 19, -121)
(1, 19, -121)
(1, 19, -120)
(0, 19, -119)
(1, 18, -120)
(0, 18, -119)
(1, 17, -120)
(0, 17, -119)
(1, 16, -119)
(1, 16, -118)
(0, 17, -117)
(1, 17, -117)
(0, 18, -116)
(1, 18, -116)
(0, 19, -115)
(1, 19, -116)
(0, 20, -116)
(1, 20, -116)
(1, 20, -115)
(0, 21, -114)
(0, 21, -113)
(1, 20, -113)
(1, 20, -112)
(0, 21, -111)
(1, 21, -111)
(0, 22, -110)
(1, 22, -110)
(0, 23, -109)
(1, 23, -110)
(1, 23, -111)
(1, 23, -112)
(0, 23, -112)
(0, 23, -113)
(0, 23, -114)
(1, 23, -115)
(0, 24, -115)
(1, 24, -116)
(1, 24, -117)
(1, 24, -118)
(0, 24, -118)
(1, 23, -119)
(0, 23, -119)
(0, 23, -120)
(1, 22, -121)
(0, 22, -120)
(1, 21, -120)
(0, 21, -120)
(1, 20, -121)
(1, 20, -122)
(0, 21, -122)
(1, 21, -122)
(0, 22, -122)
(0, 22, -123)
(1, 21, -124)
(0, 21, -124)
(0, 21, -125)
(1, 20, -126)
(0, 20, -126)
(1, 19, -127)
(0, 19, -126)
(1, 18, -127)
(0, 18, -127)
(1, 17, -128)
(1, 17, -129)
(0, 17, -129)
(1, 16, -130)
(1, 16, -131)
(1, 16, -132)
(0, 17, -132)
(0, 17, -133)
(1, 17, -134)
(0, 18, -134)
(1, 18, -134)
(0, 19, -133)
(1, 19, -134)
(0, 20, -134)
(1, 20, -135)
(0, 21, -134)
(0, 21, -133)
(1, 20, -133)
(0, 20, -132)
(0, 20, -131)
(1, 19, -131)
(1, 19, -130)
(0, 20, -129)
(1, 20, -130)
(0, 21, -129)
(0, 21, -128)
(1, 21, -128)
(0, 22, -127)
(1, 22, -128)
(0, 23, -127)
(1, 23, -128)
(0, 24, -127)
(1, 24, -128)
(0, 25, -128)
(1, 25, -128)
(0, 26, -128)
(1, 26, -128)
(0, 27, -128)
(1, 27, -129)
(0, 28, -128)
(1, 28, -129)
(1, 28, -130)
(0, 29, -130)
(1, 29, -130)
(1, 29, -129)
(0, 30, -128)
(1, 30, -129)
(0, 31, -128)
(1, 31, -129)
(1, 31, -130)
(1, 31, -131)
(0, 31, -131)
(1, 30, -131)
(0, 30, -131)
(0, 30, -132)
(0, 30, -133)
(0, 30, -134)
(1, 30, -135)
(0, 31, -134)
(1, 31, -135)
(0, 32, -134)
(1, 32, -134)
(1, 32, -133)
(1, 32, -132)
(0, 33, -131)
(0, 33, -130)
(1, 33, -130)
(0, 34, -130)
(1, 34, -131)
(1, 34, -132)
(1, 34, -133)
(1, 34, -134)
(0, 34, -134)
(0, 34, -135)
(1, 33, -136)
(1, 33, -137)
(0, 34, -137)
(0, 34, -138)
(0, 34, -139)
(1, 33, -140)
(1, 33, -141)
(0, 33, -141)
(1, 32, -141)
(1, 32, -140)
(1, 32, -139)
(0, 32, -138)
(1, 31, -138)
(0, 31, -137)
(1, 30, -137)
(0, 30, -137)
(0, 30, -138)
(1, 30, -139)
(0, 31, -139)
(1, 31, -140)
(1, 31, -141)
(0, 31, -141)
(1, 30, -141)
(0, 30, -140)
(1, 29, -140)
(0, 29, -140)
(1, 28, -141)
(0, 28, -140)
(1, 27, -141)
(0, 27, -140)
(0, 27, -139)
(1, 26, -139)
(0, 26, -138)
(0, 26, -137)
(0, 26, -136)
(1, 26, -136)
(0, 27, -136)
(1, 27, -136)
(1, 27, -135)
(1, 27, -134)
(0, 28, -133)
(1, 28, -134)
(0, 29, -133)
(0, 29, -132)
(1, 28, -132)
(0, 28, -131)
(1, 27, -132)
(0, 27, -131)
(1, 26, -131)
(0, 26, -131)
(1, 25, -132)
(0, 25, -131)
(0, 25, -130)
(1, 24, -130)
(0, 24, -129)
(1, 23, -130)
(0, 23, -130)
(1, 22, -131)
(1, 22, -132)
(1, 22, -133)
(1, 22, -134)
(0, 23, -134)
(0, 23, -135)
(1, 23, -136)
(0, 24, -136)
(1, 24, -137)
(1, 24, -138)
(0, 25, -138)
(0, 25, -139)
(1, 24, -140)
(1, 24, -141)
(1, 24, -142)
(0, 25, -142)
(1, 25, -143)
(1, 25, -144)
(0, 25, -144)
(1, 24, -144)
(0, 24, -144)
(0, 24, -145)
(0, 24, -146)
(1, 23, -147)
(1, 23, -148)
(1, 23, -149)
(1, 23, -150)
(1, 23, -151)
(1, 23, -152)
(0, 23, -152)
(1, 22, -152)
(1, 22, -151)
(1, 22, -150)
(0, 22, -149)
(0, 22, -148)
(1, 21, -148)
(1, 21, -147)
(0, 22, -146)
(1, 22, -146)
(0, 23, -145)
(0, 23, -144)
(1, 22, -144)
(1, 22, -143)
(0, 23, -142)
(1, 23, -142)
(1, 23, -141)
(0, 23, -140)
(1, 22, -141)
(0, 22, -141)
(1, 21, -141)
(0, 21, -140)
(1, 20, -140)
(0, 20, -139)
(0, 20, -138)
(1, 20, -138)
(1, 20, -137)
(0, 20, -136)
(1, 19, -136)
(0, 19, -136)
(1, 18, -137)
(1, 18, -138)
(0, 19, -138)
(0, 19, -139)
(0, 19, -140)
(1, 19, -141)
(0, 20, -141)
(1, 20, -142)
(0, 21, -142)
(0, 21, -143)
(1, 21, -144)
(1, 21, -145)
(0, 21, -145)
(1, 20, -145)
(0, 20, -145)
(1, 19, -146)
(0, 19, -145)
(0, 19, -144)
(0, 19, -143)
(0, 19, -142)
(1, 18, -142)
(0, 18, -141)
(1, 17, -141)
(0, 17, -141)
(1, 16, -142)
(0, 16, -141)
(1, 15, -142)
(0, 15, -142)
(1, 14, -142)
(1, 14, -141)
(0, 15, -140)
(0, 15, -139)
(1, 15, -139)
(0, 16, -138)
(1, 16, -138)
(0, 17, -138)
(1, 17, -138)
(1, 17, -137)
(0, 17, -136)
(0, 17, -135)
(1, 16, -135)
(0, 16, -134)
(1, 15, -134)
(0, 15, -133)
(1, 14, -133)
(0, 14, -133)
(1, 13, -134)
(0, 13, -133)
(1, 12, -134)
(0, 12, -134)
(1, 11, -135)
(1, 11, -136)
(1, 11, -137)
(1, 11, -138)
(0, 12, -138)
(1, 12, -138)
(0, 13, -138)
(1, 13, -138)
(0, 14, -138)
(0, 14, -139)
(1, 13, -140)
(1, 13, -141)
(0, 13, -141)
(1, 12, -142)
(0, 12, -142)
(1, 11, -143)
(0, 11, -143)
(1, 10, -143)
(0, 10, -143)
(1, 9, -143)
(0, 9, -142)
(1, 8, -143)
(0, 8, -143)
(1, 7, -144)
(1, 7, -145)
(0, 8, -145)
(1, 8, -145)
(0, 9, -144)
(1, 9, -145)
(0, 10, -145)
(1, 10, -146)
(0, 11, -145)
(1, 11, -146)
(0, 12, -146)
(1, 12, -146)
(0, 13, -146)
(1, 13, -147)
(1, 13, -148)
(1, 13, -149)
(1, 13, -150)
(0, 13, -150)
(1, 12, -151)
(1, 12, -152)
(1, 12, -153)
(1, 12, -154)
(1, 12, -155)
(1, 12, -156)
(0, 12, -156)
(1, 11, -157)
(1, 11, -158)
(0, 12, -158)
(1, 12, -159)
(1, 12, -160)
(0, 12, -160)
(1, 11, -160)
(0, 11, -159)
(1, 10, -159)
(0, 10, -158)
(1, 9, -159)
(1, 9, -160)
(0, 9, -160)
(1, 8, -161)
(0, 8, -160)
(0, 8, -159)
(1, 8, -159)
(1, 8, -158)
(0, 9, -157)
(0, 9, -156)
(1, 9, -156)
(1, 9, -155)
(1, 9, -154)
(0, 10, -153)
(1, 10, -153)
(1, 10, -152)
(0, 11, -151)
(0, 11, -150)
(1, 10, -150)
(1, 10, -149)
(0, 10, -148)
(1, 9, -148)
(0, 9, -147)
(1, 8, -148)
(0, 8, -148)
(0, 8, -149)
(1, 8, -150)
(0, 9, -150)
(1, 9, -151)
(1, 9, -152)
(0, 9, -152)
(1, 8, -152)
(0, 8, -152)
(1, 7, -153)
(0, 7, -153)
(1, 6, -153)
(0, 6, -152)
(1, 5, -153)
(0, 5, -153)
(0, 5, -154)
(0, 5, -155)
(0, 5, -156)
(1, 5, -157)
(1, 5, -158)
(1, 5, -159)
(0, 5, -159)
(0, 5, -160)
(1, 5, -161)
(1, 5, -162)
(0, 5, -162)
(1, 4, -163)
(0, 4, -163)
(0, 4, -164)
(1, 4, -165)
(0, 5, -164)
(1, 5, -164)
(0, 6, -164)
(1, 6, -165)
(0, 7, -164)
(0, 7, -163)
(1, 7, -163)
(0, 8, -163)
(1, 8, -163)
(0, 9, -162)
(1, 9, -163)
(0, 10, -162)
(1, 10, -162)
(0, 11, -162)
(1, 11, -163)
(1, 11, -164)
(1, 11, -165)
(1, 11, -166)
(0, 11, -166)
(1, 10, -167)
(0, 10, -166)
(1, 9, -166)
(0, 9, -165)
(1, 8, -165)
(0, 8, -165)
(1, 7, -166)
(1, 7, -167)
(0, 8, -167)
(1, 8, -168)
(1, 8, -169)
(0, 9, -169)
(1, 9, -169)
(0, 10, -169)
(0, 10, -170)
(0, 10, -171)
(1, 9, -172)
(0, 9, -171)
(1, 8, -171)
(0, 8, -171)
(1, 7, -171)
(1, 7, -170)
(0, 7, -169)
(1, 6, -169)
(0, 6, -169)
(0, 6, -170)
(1, 5, -171)
(0, 5, -171)
(1, 4, -172)
(0, 4, -171)
(0, 4, -170)
(1, 4, -170)
(0, 5, -169)
(0, 5, -168)
(1, 4, -168)
(1, 4, -167)
(0, 4, -166)
(1, 3, -166)
(0, 3, -166)
(1, 2, -167)
(0, 2, -167)
(1, 1, -168)
(0, 1, -168)
(0, 1, -169)
(1, 1, -170)
(1, 1, -171)
(0, 1, -171)
(0, 1, -172)
(1, 0, -173)
(0, 0, -173)
(0, 0, -174)
(0, 0, -175)
(1, 0, -176)
(0, 1, -175)
(1, 1, -176)
(0, 2, -175)
(0, 2, -174)
(1, 2, -174)
(0, 3, -173)
(1, 3, -174)
(0, 4, -173)
(1, 4, -174)
(0, 5, -173)
(1, 5, -174)
(1, 5, -175)
(1, 5, -176)
(1, 5, -177)
(0, 5, -177)
(1, 4, -177)
(0, 4, -176)
(1, 3, -176)
(0, 3, -176)
(1, 2, -177)
(0, 2, -177)
(1, 1, -178)
(0, 1, -178)
(1, 0, -179)
(1, 0, -180)
(0, 0, -180)
(1, -1, -180)
(0, -1, -179)
(0, -1, -178)
(1, -2, -178)
(1, -2, -177)
(0, -2, -176)
(1, -3, -177)
(1, -3, -178)
(0, -3, -178)
(1, -4, -178)
(0, -4, -177)
(1, -5, -178)
(1, -5, -179)
(0, -4, -179)
(1, -4, -180)
(0, -3, -180)
(0, -3, -181)
(1, -3, -182)
(1, -3, -183)
(1, -3, -184)
(0, -2, -184)
(1, -2, -184)
(0, -1, -183)
(1, -1, -183)
(0, 0, -183)
(0, 0, -184)
(0, 0, -185)
(1, 0, -186)
(1, 0, -187)
(1, 0, -188)
(0, 1, -188)
(0, 1, -189)
(0, 1, -190)
(1, 1, -191)
(0, 2, -191)
(1, 2, -192)
(0, 3, -191)
(0, 3, -190)
(0, 3, -189)
(1, 3, -189)
(1, 3, -188)
(0, 3, -187)
(1, 2, -187)
(0, 2, -186)
(1, 1, -186)
(1, 1, -185)
(1, 1, -184)
(0, 2, -183)
(1, 2, -183)
(0, 3, -182)
(1, 3, -182)
(1, 3, -181)
(0, 3, -180)
(1, 2, -180)
(1, 2, -179)
(0, 3, -178)
(1, 3, -178)
(0, 4, -178)
(1, 4, -179)
(0, 5, -179)
(1, 5, -179)
(0, 6, -179)
(1, 6, -180)
(1, 6, -181)
(0, 6, -181)
(1, 5, -181)
(0, 5, -181)
(0, 5, -182)
(0, 5, -183)
(1, 5, -184)
(0, 6, -184)
(1, 6, -184)
(1, 6, -183)
(0, 7, -182)
(1, 7, -183)
(0, 8, -183)
(1, 8, -183)
(0, 9, -182)
(1, 9, -183)
(0, 10, -183)
(1, 10, -184)
(0, 11, -184)
(1, 11, -185)
(0, 12, -185)
(1, 12, -186)
(0, 13, -185)
(1, 13, -185)
(0, 14, -185)
(1, 14, -186)
(1, 14, -187)
(0, 14, -187)
(0, 14, -188)
(1, 14, -189)
(1, 14, -190)
(1, 14, -191)
(0, 14, -191)
(1, 13, -191)
(0, 13, -191)
(0, 13, -192)
(1, 12, -193)
(1, 12, -194)
(1, 12, -195)
(1, 12, -196)
(0, 13, -196)
(1, 13, -197)
(0, 14, -197)
(1, 14, -198)
(0, 15, -198)
(1, 15, -198)
(0, 16, -197)
(1, 16, -198)
(0, 17, -197)
(1, 17, -197)
(0, 18, -197)
(1, 18, -198)
(0, 19, -198)
(1, 19, -198)
(0, 20, -198)
(1, 20, -198)
(0, 21, -198)
(0, 21, -199)
(1, 20, -200)
(0, 20, -200)
(1, 19, -200)
(0, 19, -200)
(1, 18, -200)
(0, 18, -200)
(1, 17, -200)
(0, 17, -199)
(1, 16, -200)
(0, 16, -200)
(1, 15, -200)
(0, 15, -200)
(1, 14, -200)
(0, 14, -200)
(1, 13, -200)
(1, 13, -199)
(0, 13, -198)
(1, 12, -199)
(0, 12, -198)
(1, 11, -198)
(1, 11, -197)
(0, 11, -196)
(1, 10, -197)
(0, 10, -197)
(1, 9, -198)
(0, 9, -198)
(1, 8, -199)
(0, 8, -198)
(1, 7, -199)
(0, 7, -198)
(1, 6, -199)
(0, 6, -199)
(1, 5, -199)
(0, 5, -198)
(1, 4, -198)
(1, 4, -197)
(1, 4, -196)
(0, 5, -195)
(1, 5, -196)
(0, 6, -195)
(1, 6, -196)
(0, 7, -195)
(1, 7, -196)
(0, 8, -195)
(1, 8, -195)
(0, 9, -195)
(1, 9, -196)
(0, 10, -195)
(0, 10, -194)
(1, 9, -194)
(0, 9, -193)
(0, 9, -192)
(1, 9, -192)
(0, 10, -192)
(1, 10, -192)
(0, 11, -191)
(1, 11, -191)
(1, 11, -190)
(0, 11, -189)
(1, 10, -189)
(0, 10, -189)
(1, 9, -190)
(0, 9, -190)
(1, 8, -191)
(0, 8, -190)
(1, 7, -190)
(1, 7, -189)
(1, 7, -188)
(0, 7, -187)
(1, 6, -188)
(0, 6, -188)
(0, 6, -189)
(1, 5, -190)
(0, 5, -190)
(0, 5, -191)
(1, 5, -192)
(0, 6, -191)
(1, 6, -191)
(0, 7, -191)
(1, 7, -192)
(0, 8, -192)
(0, 8, -193)
(1, 7, -194)
(0, 7, -193)
(1, 6, -194)
(0, 6, -193)
(1, 5, -194)
(0, 5, -193)
(1, 4, -194)
(0, 4, -194)
(1, 3, -195)
(0, 3, -195)
(1, 2, -196)
(1, 2, -197)
(0, 3, -197)
(0, 3, -198)
(1, 2, -199)
(1, 2, -200)
(0, 2, -200)
(1, 1, -200)
(0, 1, -199)
(0, 1, -198)
(1, 1, -198)
(1, 1, -197)
(0, 1, -196)
(1, 0, -196)
(1, 0, -195)
(0, 0, -194)
(0, 0, -193)
(1, -1, -193)
(1, -1, -192)
(0, 0, -191)
(0, 0, -190)
(0, 0, -189)
(1, -1, -189)
(0, -1, -188)
(1, -2, -188)
(0, -2, -188)
(1, -3, -188)
(0, -3, -188)
(0, -3, -189)
(1, -4, -190)
(1, -4, -191)
(1, -4, -192)
(0, -4, -192)
(1, -5, -193)
(0, -5, -192)
(0, -5, -191)
(1, -6, -191)
(0, -6, -191)
(0, -6, -192)
(0, -6, -193)
(0, -6, -194)
(1, -6, -195)
(0, -5, -194)
(1, -5, -195)
(0, -4, -195)
(0, -4, -196)
(1, -5, -197)
(1, -5, -198)
(0, -5, -198)
(0, -5, -199)
(1, -6, -200)
(0, -6, -200)
(1, -7, -200)
(0, -7, -199)
(1, -8, -200)
(0, -8, -199)
(1, -9, -200)
(0, -9, -199)
(1, -10, -199)
(0, -10, -198)
(0, -10, -197)
(1, -11, -197)
(1, -11, -196)
(1, -11, -195)
(1, -11, -194)
(0, -10, -193)
(1, -10, -194)
(0, -9, -194)
(1, -9, -194)
(1, -9, -193)
(0, -8, -192)
(0, -8, -191)
(0, -8, -190)
(1, -9, -190)
(0, -9, -190)
(1, -10, -190)
(1, -10, -189)
(0, -10, -188)
(0, -10, -187)
(0, -10, -186)
(1, -11, -186)
(0, -11, -185)
(0, -11, -184)
(1, -12, -184)
(0, -12, -183)
(0, -12, -182)
(1, -13, -182)
(1, -13, -181)
(1, -13, -180)
(0, -13, -179)
(0, -13, -178)
(1, -14, -178)
(0, -14, -178)
(1, -15, -179)
(1, -15, -180)
(0, -15, -180)
(0, -15, -181)
(1, -16, -182)
(0, -16, -181)
(0, -16, -180)
(1, -17, -180)
(0, -17, -179)
(1, -18, -179)
(0, -18, -178)
(0, -18, -177)
(0, -18, -176)
(1, -18, -176)
(1, -18, -175)
(0, -17, -174)
(1, -17, -175)
(1, -17, -176)
(1, -17, -177)
(0, -16, -177)
(1, -16, -177)
(0, -15, -177)
(1, -15, -177)
(0, -14, -176)
(0, -14, -175)
(1, -15, -175)
(1, -15, -174)
(0, -15, -173)
(1, -16, -173)
(0, -16, -173)
(1, -17, -173)
(1, -17, -172)
(0, -17, -171)
(1, -18, -172)
(0, -18, -172)
(1, -19, -173)
(0, -19, -173)
(1, -20, -173)
(0, -20, -173)
(0, -20, -174)
(0, -20, -175)
(1, -21, -176)
(1, -21, -177)
(1, -21, -178)
(1, -21, -179)
(0, -21, -179)
(1, -22, -180)
(1, -22, -181)
(0, -21, -181)
(1, -21, -181)
(0, -20, -181)
(0, -20, -182)
(0, -20, -183)
(1, -21, -184)
(1, -21, -185)
(0, -21, -185)
(1, -22, -186)
(1, -22, -187)
(0, -22, -187)
(1, -23, -187)
(1, -23, -186)
(1, -23, -185)
(0, -22, -184)
(0, -22, -183)
(0, -22, -182)
(1, -23, -182)
(0, -23, -181)
(1, -24, -182)
(0, -24, -182)
(1, -25, -182)
(1, -25, -181)
(0, -25, -180)
(0, -25, -179)
(1, -26, -179)
(0, -26, -179)
(1, -27, -180)
(0, -27, -180)
(1, -28, -181)
(1, -28, -182)
(0, -28, -182)
(0, -28, -183)
(1, -28, -184)
(0, -27, -184)
(1, -27, -185)
(0, -26, -184)
(0, -26, -183)
(1, -26, -183)
(0, -25, -183)
(0, -25, -184)
(1, -25, -185)
(1, -25, -186)
(1, -25, -187)
(1, -25, -188)
(1, -25, -189)
(0, -25, -189)
(0, -25, -190)
(0, -25, -191)
(0, -25, -192)
(0, -25, -193)
(0, -25, -194)
(0, -25, -195)
(0, -25, -196)
(1, -26, -197)
(0, -26, -197)
(1, -27, -197)
(0, -27, -197)
(0, -27, -198)
(1, -28, -199)
(0, -28, -198)
(1, -29, -199)
(0, -29, -199)
(1, -30, -199)
(1, -30, -198)
(1, -30, -197)
(0, -30, -196)
(1, -31, -197)
(1, -31, -198)
(1, -31, -199)
(1, -31, -200)
(0, -31, -200)
(1, -32, -200)
(0, -32, -200)
(1, -33, -200)
(0, -33, -200)
(1, -34, -200)
(0, -34, -199)
(0, -34, -198)
(0, -34, -197)
(1, -35, -197)
(0, -35, -197)
(1, -36, -198)
(0, -36, -197)
(1, -37, -197)
(1, -37, -196)
(0, -36, -195)
(0, -36, -194)
(1, -36, -194)
(0, -35, -194)
(1, -35, -194)
(0, -34, -194)
(1, -34, -195)
(0, -33, -194)
(1, -33, -194)
(0, -32, -194)
(1, -32, -195)
(0, -31, -194)
(1, -31, -194)
(0, -30, -194)
(1, -30, -194)
(0, -29, -194)
(1, -29, -195)
(0, -28, -194)
(1, -28, -194)
(0, -27, -194)
(1, -27, -194)
(1, -27, -193)
(0, -27, -192)
(1, -28, -192)
(0, -28, -191)
(0, -28, -190)
(0, -28, -189)
(1, -28, -189)
(0, -27, -189)
(0, -27, -190)
(1, -27, -191)
(0, -26, -190)
(0, -26, -189)
(0, -26, -188)
(0, -26, -187)
(1, -27, -187)
(0, -27, -187)
(1, -28, -187)
(0, -28, -186)
(1, -29, -186)
(0, -29, -186)
(1, -30, -186)
(1, -30, -185)
(1, -30, -184)
(0, -29, -183)
(0, -29, -182)
(0, -29, -181)
(1, -29, -181)
(1, -29, -180)
(0, -29, -179)
(1, -30, -180)
(0, -30, -180)
(0, -30, -181)
(0, -30, -182)
(1, -31, -183)
(0, -31, -183)
(1, -32, -183)
(0, -32, -182)
(1, -33, -182)
(1, -33, -181)
(0, -32, -180)
(1, -32, -180)
(0, -31, -179)
(1, -31, -179)
(1, -31, -178)
(1, -31, -177)
(0, -30, -176)
(1, -30, -177)
(0, -29, -177)
(1, -29, -178)
(0, -28, -177)
(1, -28, -177)
(0, -27, -176)
(0, -27, -175)
(1, -28, -175)
(1, -28, -174)
(0, -28, -173)
(1, -29, -173)
(1, -29, -172)
(0, -28, -171)
(1, -28, -171)
(1, -28, -170)
(0, -27, -169)
(0, -27, -168)
(1, -27, -168)
(0, -26, -167)
(1, -26, -168)
(0, -25, -168)
(0, -25, -169)
(1, -26, -170)
(0, -26, -170)
(0, -26, -171)
(1, -26, -172)
(0, -25, -171)
(1, -25, -171)
(0, -24, -171)
(1, -24, -172)
(1, -24, -173)
(1, -24, -174)
(0, -23, -174)
(0, -23, -175)
(1, -23, -176)
(0, -22, -176)
(1, -22, -176)
(1, -22, -175)
(0, -22, -174)
(0, -22, -173)
(0, -22, -172)
(1, -23, -172)
(1, -23, -171)
(0, -23, -170)
(1, -24, -170)
(0, -24, -169)
(0, -24, -168)
(0, -24, -167)
(0, -24, -166)
(0, -24, -165)
(1, -24, -165)
(0, -23, -164)
(1, -23, -164)
(0, -22, -163)
(1, -22, -164)
(0, -21, -163)
(1, -21, -163)
(1, -21, -162)
(0, -21, -161)
(1, -22, -162)
(0, -22, -161)
(0, -22, -160)
(1, -22, -160)
(1, -22, -159)
(0, -21, -158)
(1, -21, -159)
(0, -20, -159)
(1, -20, -160)
(0, -19, -159)
(0, -19, -158)
(1, -19, -158)
(0, -18, -158)
(1, -18, -158)
(0, -17, -157)
(1, -17, -157)
(0, -16, -157)
(1, -16, -158)
(0, -15, -157)
(1, -15, -158)
(1, -15, -159)
(0, -15, -159)
(1, -16, -160)
(1, -16, -161)
(0, -15, -161)
(1, -15, -161)
(0, -14, -161)
(1, -14, -161)
(0, -13, -160)
(0, -13, -159)
(1, -14, -159)
(1, -14, -158)
(1, -14, -157)
(0, -14, -156)
(1, -15, -156)
(0, -15, -155)
(1, -16, -155)
(1, -16, -154)
(1, -16, -153)
(0, -15, -152)
(1, -15, -153)
(0, -14, -152)
(1, -14, -153)
(1, -14, -154)
(0, -13, -154)
(0, -13, -155)
(1, -13, -156)
(1, -13, -157)
(1, -13, -158)
(0, -12, -158)
(0, -12, -159)
(0, -12, -160)
(0, -12, -161)
(1, -13, -162)
(1, -13, -163)
(0, -12, -163)
(1, -12, -163)
(0, -11, -162)
(1, -11, -163)
(0, -10, -163)
(0, -10, -164)
(1, -10, -165)
(0, -9, -164)
(1, -9, -164)
(0, -8, -164)
(1, -8, -164)
(0, -7, -163)
(1, -7, -164)
(0, -6, -164)
(1, -6, -165)
(0, -5, -165)
(1, -5, -166)
(0, -4, -165)
(0, -4, -164)
(1, -4, -164)
(1, -4, -163)
(0, -3, -162)
(1, -3, -163)
(0, -2, -162)
(1, -2, -162)
(0, -1, -162)
(1, -1, -162)
(0, 0, -162)
(0, 0, -163)
(1, -1, -164)
(0, -1, -164)
(1, -2, -164)
(0, -2, -164)
(0, -2, -165)
(1, -2, -166)
(1, -2, -167)
(0, -2, -167)
(1, -3, -167)
(0, -3, -167)
(0, -3, -168)
(1, -4, -169)
(0, -4, -168)
(1, -5, -169)
(1, -5, -170)
(0, -4, -170)
(1, -4, -171)
(0, -3, -170)
(1, -3, -171)
(0, -2, -171)
(1, -2, -172)
(0, -1, -172)
(1, -1, -172)
(0, 0, -171)
(0, 0, -170)
(1, -1, -170)
(0, -1, -170)
(1, -2, -170)
(1, -2, -169)
(0, -1, -168)
(1, -1, -168)
(1, -1, -167)
(1, -1, -166)
(0, 0, -165)
(1, 0, -166)
(0, 1, -166)
(1, 1, -166)
(1, 1, -165)
(1, 1, -164)
(0, 1, -163)
(0, 1, -162)
(0, 1, -161)
(0, 1, -160)
(0, 1, -159)
(1, 0, -159)
(1, 0, -158)
(1, 0, -157)
(0, 0, -156)
(1, -1, -156)
(0, -1, -156)
(1, -2, -156)
(0, -2, -156)
(0, -2, -157)
(1, -3, -158)
(0, -3, -157)
(1, -4, -158)
(1, -4, -159)
(0, -4, -159)
(1, -5, -159)
(0, -5, -159)
(0, -5, -160)
(1, -6, -161)
(0, -6, -161)
(1, -7, -161)
(1, -7, -160)
(1, -7, -159)
(1, -7, -158)
(0, -7, -157)
(0, -7, -156)
(1, -8, -156)
(0, -8, -155)
(0, -8, -154)
(1, -8, -154)
(1, -8, -153)
(0, -7, -152)
(0, -7, -151)
(0, -7, -150)
(1, -7, -150)
(0, -6, -150)
(1, -6, -150)
(1, -6, -149)
(0, -5, -148)
(0, -5, -147)
(1, -6, -147)
(1, -6, -146)
(0, -5, -145)
(1, -5, -145)
(0, -4, -145)
(1, -4, -145)
(1, -4, -144)
(0, -4, -143)
(0, -4, -142)
(1, -4, -142)
(0, -3, -142)
(1, -3, -143)
(0, -2, -143)
(0, -2, -144)
(0, -2, -145)
(0, -2, -146)
(1, -3, -147)
(0, -3, -147)
(1, -4, -148)
(0, -4, -148)
(0, -4, -149)
(0, -4, -150)
(0, -4, -151)
(1, -4, -152)
(0, -3, -151)
(0, -3, -150)
(0, -3, -149)
(1, -3, -149)
(0, -2, -148)
(1, -2, -148)
(0, -1, -147)
(1, -1, -147)
(1, -1, -146)
(0, -1, -145)
(0, -1, -144)
(1, -1, -144)
(1, -1, -143)
(0, -1, -142)
(0, -1, -141)
(0, -1, -140)
(1, -2, -140)
(0, -2, -140)
(1, -3, -141)
(0, -3, -140)
(0, -3, -139)
(0, -3, -138)
(1, -3, -138)
(0, -2, -137)
(0, -2, -136)
(0, -2, -135)
(1, -3, -135)
(0, -3, -134)
(1, -4, -134)
(0, -4, -134)
(1, -5, -134)
(0, -5, -134)
(1, -6, -135)
(0, -6, -134)
(1, -7, -135)
(0, -7, -134)
(1, -8, -134)
(1, -8, -133)
(0, -8, -132)
(1, -9, -133)
(1, -9, -134)
(0, -9, -134)
(0, -9, -135)
(1, -10, -136)
(0, -10, -136)
(0, -10, -137)
(0, -10, -138)
(0, -10, -139)
(0, -10, -140)
(1, -10, -141)
(0, -9, -141)
(1, -9, -142)
(0, -8, -142)
(0, -8, -143)
(0, -8, -144)
(1, -8, -145)
(0, -7, -145)
(0, -7, -146)
(0, -7, -147)
(1, -8, -148)
(0, -8, -147)
(1, -9, -148)
(1, -9, -149)
(0, -9, -149)
(1, -10, -150)
(0, -10, -149)
(0, -10, -148)
(0, -10, -147)
(1, -11, -147)
(0, -11, -147)
(1, -12, -147)
(0, -12, -146)
(0, -12, -145)
(1, -12, -145)
(0, -11, -144)
(0, -11, -143)
(1, -12, -143)
(0, -12, -142)
(1, -13, -142)
(0, -13, -142)
(1, -14, -142)
(1, -14, -141)
(0, -14, -140)
(1, -15, -141)
(0, -15, -141)
(0, -15, -142)
(1, -16, -143)
(1, -16, -144)
(1, -16, -145)
(0, -16, -145)
(0, -16, -146)
(0, -16, -147)
(1, -17, -148)
(1, -17, -149)
(0, -16, -149)
(1, -16, -150)
(1, -16, -151)
(0, -16, -151)
(1, -17, -152)
(1, -17, -153)
(0, -17, -153)
(0, -17, -154)
(0, -17, -155)
(1, -18, -156)
(0, -18, -156)
(1, -19, -156)
(0, -19, -156)
(1, -20, -156)
(0, -20, -156)
(1, -21, -156)
(1, -21, -155)
(0, -20, -154)
(0, -20, -153)
(1, -20, -153)
(0, -19, -152)
(0, -19, -151)
(1, -19, -151)
(1, -19, -150)
(0, -18, -149)
(0, -18, -148)
(1, -18, -148)
(1, -18, -147)
(0, -17, -146)
(0, -17, -145)
(0, -17, -144)
(1, -18, -144)
(0, -18, -144)
(1, -19, -144)
(0, -19, -143)
(1, -20, -143)
(0, -20, -143)
(0, -20, -144)
(0, -20, -145)
(0, -20, -146)
(1, -20, -147)
(0, -19, -147)
(0, -19, -148)
(1, -20, -149)
(1, -20, -150)
(0, -20, -150)
(1, -21, -151)
(0, -21, -150)
(0, -21, -149)
(0, -21, -148)
(1, -22, -148)
(0, -22, -148)
(1, -23, -148)
(0, -23, -148)
(0, -23, -149)
(1, -24, -150)
(1, -24, -151)
(0, -24, -151)
(1, -25, -152)
(0, -25, -151)
(1, -26, -151)
(1, -26, -150)
(0, -26, -149)
(1, -27, -150)
(1, -27, -151)
(1, -27, -152)
(1, -27, -153)
(1, -27, -154)
(1, -27, -155)
(0, -26, -155)
(1, -26, -156)
(1, -26, -157)
(0, -25, -157)
(1, -25, -158)
(1, -25, -159)
(1, -25, -160)
(0, -24, -160)
(0, -24, -161)
(0, -24, -162)
(1, -25, -163)
(0, -25, -162)
(1, -26, -162)
(1, -26, -161)
(1, -26, -160)
(1, -26, -159)
(0, -26, -158)
(1, -27, -158)
(0, -27, -157)
(1, -28, -158)
(1, -28, -159)
(0, -27, -159)
(1, -27, -160)
(1, -27, -161)
(0, -27, -161)
(0, -27, -162)
(1, -27, -163)
(0, -26, -163)
(1, -26, -164)
(1, -26, -165)
(0, -26, -165)
(1, -27, -165)
(0, -27, -165)
(1, -28, -166)
(1, -28, -167)
(0, -28, -167)
(1, -29, -167)
(1, -29, -166)
(1, -29, -165)
(0, -29, -164)
(0, -29, -163)
(1, -30, -163)
(0, -30, -163)
(1, -31, -164)
(0, -31, -164)
(1, -32, -164)
(0, -32, -163)
(1, -33, -164)
(0, -33, -164)
(1, -34, -164)
(0, -34, -164)
(0, -34, -165)
(0, -34, -166)
(1, -35, -167)
(0, -35, -166)
(1, -36, -166)
(0, -36, -165)
(1, -37, -165)
(1, -37, -164)
(1, -37, -163)
(1, -37, -162)
(1, -37, -161)
(1, -37, -160)
(0, -36, -159)
(0, -36, -158)
(1, -37, -158)
(1, -37, -157)
(1, -37, -156)
(0, -37, -155)
(1, -38, -156)
(0, -38, -155)
(1, -39, -156)
(1, -39, -157)
(0, -39, -157)
(1, -40, -158)
(0, -40, -157)
(1, -41, -157)
(0, -41, -156)
(0, -41, -155)
(1, -41, -155)
(0, -40, -155)
(1, -40, -155)
(0, -39, -154)
(1, -39, -154)
(1, -39, -153)
(0, -39, -152)
(1, -40, -152)
(1, -40, -151)
(0, -40, -150)
(1, -41, -150)
(0, -41, -149)
(0, -41, -148)
(1, -41, -148)
(1, -41, -147)
(0, -40, -146)
(1, -40, -147)
(1, -40, -148)
(1, -40, -149)
(0, -39, -149)
(1, -39, -150)
(0, -38, -149)
(0, -38, -148)
(1, -39, -148)
(1, -39, -147)
(1, -39, -146)
(0, -39, -145)
(0, -39, -144)
(1, -40, -144)
(0, -40, -143)
(1, -41, -144)
(0, -41, -143)
(1, -42, -144)
(0, -42, -143)
(1, -43, -143)
(0, -43, -142)
(0, -43, -141)
(0, -43, -140)
(1, -43, -140)
(1, -43, -139)
(0, -43, -138)
(1, -44, -139)
(0, -44, -139)
(0, -44, -140)
(0, -44, -141)
(1, -45, -142)
(0, -45, -141)
(0, -45, -140)
(1, -46, -140)
(0, -46, -139)
(1, -47, -139)
(1, -47, -138)
(0, -46, -137)
(0, -46, -136)
(0, -46, -135)
(1, -46, -135)
(0, -45, -134)
(1, -45, -135)
(0, -44, -135)
(1, -44, -135)
(0, -43, -135)
(0, -43, -136)
(1, -43, -137)
(0, -42, -136)
(0, -42, -135)
(0, -42, -134)
(1, -43, -134)
(1, -43, -133)
(1, -43, -132)
(0, -43, -131)
(0, -43, -130)
(1, -43, -130)
(0, -42, -129)
(0, -42, -128)
(1, -43, -128)
(1, -43, -127)
(0, -43, -126)
(0, -43, -125)
(1, -43, -125)
(1, -43, -124)
(1, -43, -123)
(0, -43, -122)
(1, -44, -123)
(1, -44, -124)
(0, -44, -124)
(1, -45, -124)
(0, -45, -123)
(1, -46, -124)
(1, -46, -125)
(0, -46, -125)
(1, -47, -125)
(0, -47, -124)
(1, -48, -125)
(0, -48, -124)
(0, -48, -123)
(1, -48, -123)
(0, -47, -122)
(1, -47, -123)
(0, -46, -122)
(1, -46, -122)
(1, -46, -121)
(0, -45, -120)
(0, -45, -119)
(0, -45, -118)
(1, -46, -118)
(0, -46, -118)
(0, -46, -119)
(1, -47, -120)
(0, -47, -120)
(1, -48, -121)
(0, -48, -121)
(1, -49, -122)
(0, -49, -121)
(1, -50, -121)
(0, -50, -120)
(1, -51, -120)
(0, -51, -119)
(1, -52, -119)
(0, -52, -119)
(1, -53, -119)
(0, -53, -119)
(0, -53, -120)
(1, -53, -121)
(1, -53, -122)
(0, -52, -122)
(0, -52, -123)
(1, -52, -124)
(0, -51, -124)
(1, -51, -124)
(0, -50, -124)
(0, -50, -125)
(1, -51, -126)
(1, -51, -127)
(0, -50, -127)
(1, -50, -128)
(1, -50, -129)
(0, -49, -129)
(1, -49, -129)
(0, -48, -128)
(0, -48, -127)
(1, -48, -127)
(0, -47, -127)
(1, -47, -127)
(0, -46, -127)
(1, -46, -127)
(0, -45, -126)
(1, -45, -126)
(0, -44, -126)
(0, -44, -127)
(1, -45, -128)
(0, -45, -128)
(1, -46, -129)
(1, -46, -130)
(0, -45, -130)
(0, -45, -131)
(1, -46, -132)
(0, -46, -132)
(1, -47, -133)
(0, -47, -132)
(1, -48, -133)
(1, -48, -134)
(1, -48, -135)
(0, -47, -135)
(0, -47, -136)
(1, -48, -137)
(0, -48, -136)
(1, -49, -136)
(0, -49, -135)
(0, -49, -134)
(0, -49, -133)
(1, -50, -133)
(0, -50, -133)
(1, -51, -134)
(0, -51, -133)
(1, -52, -134)
(1, -52, -135)
(1, -52, -136)
(0, -52, -136)
(1, -53, -136)
(0, -53, -136)
(0, -53, -137)
(1, -53, -138)
(0, -52, -138)
(1, -52, -139)
(0, -51, -139)
(0, -51, -140)
(1, -52, -141)
(0, -52, -141)
(0, -52, -142)
(1, -53, -143)
(1, -53, -144)
(0, -52, -144)
(1, -52, -144)
(0, -51, -144)
(0, -51, -145)
(1, -51, -146)
(1, -51, -147)
(0, -51, -147)
(1, -52, -148)
(0, -52, -147)
(0, -52, -146)
(1, -53, -146)
(0, -53, -146)
(1, -54, -147)
(0, -54, -146)
(1, -55, -147)
(1, -55, -148)
(0, -55, -148)
(1, -56, -148)
(1, -56, -147)
(1, -56, -146)
(0, -56, -145)
(1, -57, -146)
(1, -57, -147)
(0, -57, -147)
(1, -58, -147)
(1, -58, -146)
(0, -58, -145)
(1, -59, -145)
(1, -59, -144)
(0, -59, -143)
(1, -60, -144)
(0, -60, -143)
(1, -61, -144)
(0, -61, -144)
(1, -62, -144)
(0, -62, -143)
(0, -62, -142)
(1, -62, -142)
(1, -62, -141)
(0, -61, -140)
(1, -61, -140)
(0, -60, -139)
(1, -60, -140)
(0, -59, -140)
(1, -59, -141)
(1, -59, -142)
(0, -58, -142)
(1, -58, -143)
(0, -57, -143)
(1, -57, -143)
(1, -57, -142)
(1, -57, -141)
(1, -57, -140)
(0, -57, -139)
(1, -58, -140)
(0, -58, -139)
(0, -58, -138)
(0, -58, -137)
(0, -58, -136)
(1, -58, -136)
(0, -57, -135)
(0, -57, -134)
(1, -57, -134)
(0, -56, -133)
(1, -56, -134)
(1, -56, -135)
(1, -56, -136)
(0, -55, -136)
(1, -55, -136)
(1, -55, -135)
(1, -55, -134)
(0, -54, -133)
(1, -54, -134)
(0, -53, -134)
(1, -53, -134)
(1, -53, -133)
(0, -53, -132)
(0, -53, -131)
(0, -53, -130)
(0, -53, -129)
(0, -53, -128)
(1, -54, -128)
(1, -54, -127)
(1, -54, -126)
(0, -54, -125)
(1, -55, -126)
(0, -55, -126)
(1, -56, -126)
(1, -56, -125)
(0, -56, -124)
(0, -56, -123)
(1, -57, -123)
(1, -57, -122)
(0, -56, -121)
(1, -56, -121)
(1, -56, -120)
(1, -56, -119)
(1, -56, -118)
(1, -56, -117)
(1, -56, -116)
(1, -56, -115)
(1, -56, -114)
(0, -55, -113)
(0, -55, -112)
(1, -56, -112)
(1, -56, -111)
(0, -56, -110)
(0, -56, -109)
(0, -56, -108)
(1, -56, -108)
(0, -55, -108)
(1, -55, -109)
(1, -55, -110)
(0, -54, -110)
(0, -54, -111)
(1, -54, -112)
(0, -53, -112)
(0, -53, -113)
(0, -53, -114)
(1, -54, -115)
(0, -54, -115)
(0, -54, -116)
(1, -54, -117)
(0, -53, -117)
(1, -53, -117)
(0, -52, -117)
(1, -52, -117)
(1, -52, -116)
(1, -52, -115)
(0, -51, -114)
(1, -51, -114)
(0, -50, -113)
(1, -50, -113)
(0, -49, -113)
(1, -49, -113)
(1, -49, -112)
(0, -48, -111)
(1, -48, -112)
(0, -47, -111)
(1, -47, -111)
(1, -47, -110)
(1, -47, -109)
(1, -47, -108)
(0, -47, -107)
(0, -47, -106)
(1, -48, -106)
(0, -48, -106)
(1, -49, -106)
(0, -49, -105)
(1, -50, -105)
(1, -50, -104)
(0, -50, -103)
(1, -51, -103)
(0, -51, -102)
(0, -51, -101)
(1, -52, -101)
(0, -52, -101)
(1, -53, -101)
(1, -53, -100)
(0, -52, -99)
(0, -52, -98)
(0, -52, -97)
(0, -52, -96)
(1, -53, -96)
(0, -53, -95)
(0, -53, -94)
(1, -54, -94)
(0, -54, -93)
(1, -55, -94)
(0, -55, -93)
(0, -55, -92)
(0, -55, -91)
(0, -55, -90)
(0, -55, -89)
(1, -56, -89)
(0, -56, -89)
(0, -56, -90)
(1, -57, -91)
(1, -57, -92)
(0, -57, -92)
(0, -57, -93)
(0, -57, -94)
(0, -57, -95)
(1, -57, -96)
(0, -56, -95)
(1, -56, -96)
(0, -55, -95)
(1, -55, -96)
(0, -54, -96)
(0, -54, -97)
(1, -55, -98)
(1, -55, -99)
(0, -55, -99)
(1, -56, -100)
(1, -56, -101)
(0, -55, -101)
(1, -55, -102)
(1, -55, -103)
(0, -54, -103)
(1, -54, -103)
(0, -53, -103)
(1, -53, -103)
(0, -52, -103)
(1, -52, -104)
(0, -51, -104)
(1, -51, -105)
(1, -51, -106)
(1, -51, -107)
(0, -51, -107)
(1, -52, -108)
(1, -52, -109)
(1, -52, -110)
(1, -52, -111)
(0, -52, -111)
(1, -53, -111)
(0, -53, -110)
(0, -53, -109)
(0, -53, -108)
(1, -54, -108)
(1, -54, -107)
(0, -54, -106)
(0, -54, -105)
(1, -55, -105)
(0, -55, -104)
(1, -56, -105)
(0, -56, -105)
(0, -56, -106)
(1, -57, -107)
(0, -57, -106)
(1, -58, -107)
(0, -58, -106)
(1, -59, -106)
(1, -59, -105)
(0, -58, -104)
(1, -58, -105)
(0, -57, -104)
(0, -57, -103)
(0, -57, -102)
(1, -57, -102)
(1, -57, -101)
(1, -57, -100)
(1, -57, -99)
(0, -57, -98)
(0, -57, -97)
(1, -58, -97)
(0, -58, -97)
(1, -59, -97)
(0, -59, -97)
(1, -60, -98)
(0, -60, -98)
(1, -61, -99)
(0, -61, -98)
(1, -62, -98)
(1, -62, -97)
(0, -62, -96)
(1, -63, -96)
(0, -63, -96)
(1, -64, -96)
(0, -64, -96)
(0, -64, -97)
(1, -65, -98)
(1, -65, -99)
(1, -65, -100)
(0, -65, -100)
(1, -66, -101)
(0, -66, -100)
(1, -67, -100)
(0, -67, -100)
(1, -68, -101)
(1, -68, -102)
(1, -68, -103)
(0, -67, -103)
(0, -67, -104)
(1, -68, -105)
(0, -68, -105)
(1, -69, -106)
(0, -69, -105)
(0, -69, -104)
(1, -69, -104)
(1, -69, -103)
(0, -69, -102)
(0, -69, -101)
(0, -69, -100)
(1, -69, -100)
(0, -68, -99)
(1, -68, -99)
(0, -67, -98)
(0, -67, -97)
(0, -67, -96)
(1, -68, -96)
(1, -68, -95)
(0, -67, -94)
(1, -67, -95)
(0, -66, -95)
(1, -66, -95)
(1, -66, -94)
(0, -66, -93)
(1, -67, -93)
(1, -67, -92)
(0, -67, -91)
(1, -68, -92)
(1, -68, -93)
(0, -68, -93)
(1, -69, -94)
(1, -69, -95)
(1, -69, -96)
(0, -69, -96)
(1, -70, -96)
(1, -70, -95)
(1, -70, -94)
(0, -70, -93)
(1, -71, -93)
(0, -71, -92)
(1, -72, -92)
(0, -72, -92)
(0, -72, -93)
(1, -73, -94)
(0, -73, -94)
(1, -74, -94)
(0, -74, -94)
(1, -75, -94)
(0, -75, -94)
(1, -76, -95)
(1, -76, -96)
(1, -76, -97)
(0, -75, -97)
(1, -75, -97)
(0, -74, -97)
(1, -74, -97)
(0, -73, -97)
(1, -73, -98)
(0, -72, -98)
(1, -72, -99)
(0, -71, -98)
(1, -71, -99)
(1, -71, -100)
(0, -71, -100)
(0, -71, -101)
(1, -71, -102)
(0, -70, -102)
(0, -70, -103)
(0, -70, -104)
(0, -70, -105)
(0, -70, -106)
(1, -70, -107)
(1, -70, -108)
(0, -69, -108)
(1, -69, -108)
(0, -68, -107)
(1, -68, -107)
(0, -67, -107)
(1, -67, -108)
(0, -66, -107)
(0, -66, -106)
(1, -66, -106)
(1, -66, -105)
(0, -65, -104)
(1, -65, -104)
(1, -65, -103)
(0, -64, -102)
(1, -64, -103)
(1, -64, -104)
(1, -64, -105)
(1, -64, -106)
(0, -63, -106)
(1, -63, -107)
(1, -63, -108)
(0, -62, -108)
(1, -62, -109)
(0, -61, -109)
(0, -61, -110)
(1, -61, -111)
(0, -60, -111)
(1, -60, -112)
(1, -60, -113)
(1, -60, -114)
(0, -60, -114)
(1, -61, -114)
(1, -61, -113)
(0, -61, -112)
(1, -62, -112)
(0, -62, -111)
(1, -63, -112)
(1, -63, -113)
(0, -62, -113)
(0, -62, -114)
(1, -63, -115)
(0, -63, -114)
(1, -64, -114)
(0, -64, -114)
(0, -64, -115)
(1, -65, -116)
(0, -65, -115)
(0, -65, -114)
(0, -65, -113)
(0, -65, -112)
(1, -66, -112)
(0, -66, -111)
(1, -67, -112)
(0, -67, -111)
(0, -67, -110)
(0, -67, -109)
(1, -68, -109)
(0, -68, -109)
(0, -68, -110)
(1, -69, -111)
(0, -69, -111)
(1, -70, -111)
(0, -70, -110)
(1, -71, -111)
(0, -71, -111)
(0, -71, -112)
(1, -71, -113)
(0, -70, -113)
(1, -70, -114)
(0, -69, -113)
(1, -69, -113)
(0, -68, -113)
(1, -68, -113)
(0, -67, -113)
(0, -67, -114)
(0, -67, -115)
(1, -68, -116)
(1, -68, -117)
(0, -68, -117)
(0, -68, -118)
(1, -68, -119)
(1, -68, -120)
(0, -67, -120)
(0, -67, -121)
(1, -67, -122)
(0, -66, -121)
(1, -66, -122)
(1, -66, -123)
(0, -65, -123)
(1, -65, -123)
(0, -64, -122)
(1, -64, -122)
(0, -63, -122)
(1, -63, -123)
(0, -62, -122)
(1, -62, -123)
(1, -62, -124)
(1, -62, -125)
(0, -61, -125)
(0, -61, -126)
(0, -61, -127)
(0, -61, -128)
(0, -61, -129)
(0, -61, -130)
(1, -61, -131)
(0, -60, -131)
(1, -60, -131)
(1, -60, -130)
(1, -60, -129)
(0, -59, -128)
(0, -59, -127)
(1, -60, -127)
(1, -60, -126)
(0, -60, -125)
(0, -60, -124)
(0, -60, -123)
(1, -61, -123)
(1, -61, -122)
(0, -61, -121)
(0, -61, -120)
(1, -62, -120)
(1, -62, -119)
(1, -62, -118)
(1, -62, -117)
(1, -62, -116)
(0, -61, -115)
(1, -61, -116)
(0, -60, -116)
(0, -60, -117)
(0, -60, -118)
(0, -60, -119)
(1, -60, -120)
(1, -60, -121)
(0, -59, -121)
(1, -59, -121)
(1, -59, -120)
(0, -58, -119)
(0, -58, -118)
(1, -59, -118)
(1, -59, -117)
(0, -59, -116)
(0, -59, -115)
(1, -59, -115)
(0, -58, -115)
(1, -58, -115)
(0, -57, -114)
(1, -57, -115)
(1, -57, -116)
(1, -57, -117)
(1, -57, -118)
(0, -57, -118)
(0, -57, -119)
(0, -57, -120)
(1, -58, -121)
(1, -58, -122)
(1, -58, -123)
(1, -58, -124)
(1, -58, -125)
(1, -58, -126)
(0, -57, -126)
(0, -57, -127)
(1, -57, -128)
(0, -56, -128)
(0, -56, -129)
(1, -57, -130)
(0, -57, -130)
(1, -58, -130)
(0, -58, -130)
(0, -58, -131)
(1, -59, -132)
(1, -59, -133)
(0, -59, -133)
(0, -59, -134)
(1, -60, -135)
(0, -60, -135)
(0, -60, -136)
(1, -61, -137)
(0, -61, -136)
(1, -62, -137)
(0, -62, -136)
(1, -63, -136)
(0, -63, -136)
(0, -63, -137)
(1, -63, -138)
(0, -62, -138)
(0, -62, -139)
(1, -63, -140)
(0, -63, -140)
(1, -64, -141)
(0, -64, -141)
(1, -65, -141)
(1, -65, -140)
(1, -65, -139)
(0, -64, -138)
(0, -64, -137)
(1, -65, -137)
(0, -65, -136)
(0, -65, -135)
(0, -65, -134)
(1, -65, -134)
(1, -65, -133)
(0, -64, -132)
(1, -64, -132)
(0, -63, -131)
(1, -63, -131)
(0, -62, -130)
(0, -62, -129)
(1, -63, -129)
(0, -63, -129)
(1, -64, -130)
(0, -64, -129)
(0, -64, -128)
(1, -65, -128)
(0, -65, -127)
(0, -65, -126)
(1, -66, -126)
(0, -66, -125)
(0, -66, -124)
(1, -67, -124)
(0, -67, -124)
(0, -67, -125)
(1, -68, -126)
(1, -68, -127)
(0, -67, -127)
(0, -67, -128)
(1, -68, -129)
(0, -68, -129)
(1, -69, -129)
(1, -69, -128)
(1, -69, -127)
(1, -69, -126)
(1, -69, -125)
(0, -69, -124)
(0, -69, -123)
(0, -69, -122)
(0, -69, -121)
(1, -69, -121)
(1, -69, -120)
(0, -69, -119)
(1, -70, -120)
(0, -70, -119)
(0, -70, -118)
(0, -70, -117)
(0, -70, -116)
(0, -70, -115)
(1, -71, -115)
(0, -71, -114)
(1, -72, -114)
(0, -72, -114)
(1, -73, -115)
(1, -73, -116)
(0, -73, -116)
(1, -74, -116)
(0, -74, -115)
(1, -75, -115)
(0, -75, -114)
(1, -76, -115)
(0, -76, -114)
(1, -77, -114)
(0, -77, -113)
(0, -77, -112)
(1, -77, -112)
(0, -76, -111)
(1, -76, -111)
(0, -75, -110)
(1, -75, -111)
(0, -74, -110)
(1, -74, -111)
(0, -73, -111)
(0, -73, -112)
(1, -73, -113)
(0, -72, -112)
(0, -72, -111)
(0, -72, -110)
(0, -72, -109)
(0, -72, -108)
(0, -72, -107)
(1, -72, -107)
(1, -72, -106)
(0, -72, -105)
(1, -73, -105)
(0, -73, -105)
(1, -74, -106)
(0, -74, -105)
(1, -75, -105)
(0, -75, -104)
(1, -76, -104)
(0, -76, -104)
(1, -77, -105)
(1, -77, -106)
(0, -76, -106)
(1, -76, -106)
(0, -75, -106)
(1, -75, -107)
(1, -75, -108)
(0, -75, -108)
(1, -76, -109)
(0, -76, -108)
(1, -77, -109)
(0, -77, -109)
(0, -77, -110)
(1, -78, -111)
(0, -78, -110)
(1, -79, -111)
(0, -79, -110)
(0, -79, -109)
(1, -80, -109)
(0, -80, -108)
(0, -80, -107)
(1, -81, -107)
(0, -81, -107)
(0, -81, -108)
(0, -81, -109)
(1, -82, -110)
(0, -82, -109)
(1, -83, -109)
(0, -83, -108)
(0, -83, -107)
(0, -83, -106)
(0, -83, -105)
(0, -83, -104)
(1, -84, -104)
(0, -84, -104)
(1, -85, -104)
(0, -85, -103)
(1, -86, -103)
(1, -86, -102)
(1, -86, -101)
(0, -86, -100)
(1, -87, -101)
(0, -87, -100)
(1, -88, -100)
(1, -88, -99)
(0, -87, -98)
(0, -87, -97)
(0, -87, -96)
(1, -87, -96)
(0, -86, -95)
(1, -86, -96)
(1, -86, -97)
(0, -86, -97)
(0, -86, -98)
(1, -86, -99)
(0, -85, -98)
(1, -85, -99)
(0, -84, -98)
(1, -84, -98)
(1, -84, -97)
(1, -84, -96)
(0, -83, -95)
(0, -83, -94)
(1, -84, -94)
(1, -84, -93)
(0, -83, -92)
(1, -83, -92)
(1, -83, -91)
(0, -82, -90)
(1, -82, -91)
(1, -82, -92)
(1, -82, -93)
(0, -82, -93)
(0, -82, -94)
(0, -82, -95)
(0, -82, -96)
(1, -82, -97)
(0, -81, -96)
(1, -81, -97)
(0, -80, -97)
(1, -80, -97)
(1, -80, -96)
(0, -80, -95)
(0, -80, -94)
(0, -80, -93)
(1, -80, -93)
(0, -79, -92)
(1, -79, -92)
(0, -78, -91)
(0, -78, -90)
(1, -78, -90)
(0, -77, -89)
(1, -77, -90)
(0, -76, -89)
(0, -76, -88)
(0, -76, -87)
(1, -76, -87)
(1, -76, -86)
(1, -76, -85)
(0, -75, -84)
(1, -75, -85)
(0, -74, -85)
(0, -74, -86)
(0, -74, -87)
(1, -75, -88)
(1, -75, -89)
(1, -75, -90)
(0, -74, -90)
(1, -74, -91)
(0, -73, -91)
(1, -73, -91)
(1, -73, -90)
(0, -73, -89)
(0, -73, -88)
(0, -73, -87)
(1, -73, -87)
(0, -72, -86)
(1, -72, -86)
(1, -72, -85)
(1, -72, -84)
(0, -71, -83)
(1, -71, -84)
(0, -70, -84)
(0, -70, -85)
(1, -70, -86)
(0, -69, -85)
(1, -69, -86)
(1, -69, -87)
(0, -69, -87)
(0, -69, -88)
(1, -69, -89)
(1, -69, -90)
(0, -68, -90)
(1, -68, -90)
(1, -68, -89)
(1, -68, -88)
(0, -67, -87)
(0, -67, -86)
(1, -68, -86)
(1, -68, -85)
(1, -68, -84)
(1, -68, -83)
(1, -68, -82)
(0, -67, -81)
(1, -67, -82)
(0, -66, -82)
(1, -66, -83)
(1, -66, -84)
(0, -65, -84)
(0, -65, -85)
(0, -65, -86)
(1, -65, -87)
(1, -65, -88)
(1, -65, -89)
(1, -65, -90)
(0, -64, -90)
(1, -64, -90)
(0, -63, -90)
(0, -63, -91)
(1, -64, -92)
(1, -64, -93)
(0, -63, -93)
(1, -63, -93)
(0, -62, -92)
(1, -62, -92)
(1, -62, -91)
(0, -62, -90)
(0, -62, -89)
(1, -63, -89)
(0, -63, -88)
(0, -63, -87)
(0, -63, -86)
(1, -64, -86)
(1, -64, -85)
(1, -64, -84)
(0, -63, -83)
(0, -63, -82)
(1, -63, -82)
(0, -62, -82)
(0, -62, -83)
(0, -62, -84)
(1, -62, -85)
(1, -62, -86)
(0, -62, -86)
(0, -62, -87)
(1, -62, -88)
(0, -61, -87)
(1, -61, -88)
(0, -60, -88)
(1, -60, -88)
(0, -59, -88)
(1, -59, -89)
(0, -58, -88)
(0, -58, -87)
(1, -59, -87)
(1, -59, -86)
(1, -59, -85)
(1, -59, -84)
(0, -58, -83)
(1, -58, -83)
(0, -57, -82)
(0, -57, -81)
(0, -57, -80)
(0, -57, -79)
(0, -57, -78)
(1, -58, -78)
(1, -58, -77)
(0, -57, -76)
(0, -57, -75)
(1, -57, -75)
(1, -57, -74)
(0, -57, -73)
(1, -58, -74)
(0, -58, -73)
(1, -59, -73)
(0, -59, -72)
(1, -60, -73)
(0, -60, -72)
(0, -60, -71)
(1, -60, -71)
(1, -60, -70)
(0, -59, -69)
(0, -59, -68)
(1, -59, -68)
(0, -58, -67)
(1, -58, -67)
(0, -57, -67)
(0, -57, -68)
(1, -57, -69)
(1, -57, -70)
(0, -56, -70)
(0, -56, -71)
(0, -56, -72)
(1, -56, -73)
(0, -55, -72)
(0, -55, -71)
(1, -55, -71)
(0, -54, -71)
(0, -54, -72)
(0, -54, -73)
(1, -54, -74)
(0, -53, -74)
(1, -53, -74)
(0, -52, -73)
(1, -52, -74)
(0, -51, -73)
(1, -51, -74)
(1, -51, -75)
(0, -50, -75)
(1, -50, -76)
(1, -50, -77)
(0, -50, -77)
(1, -51, -78)
(0, -51, -77)
(1, -52, -78)
(1, -52, -79)
(1, -52, -80)
(1, -52, -81)
(0, -52, -81)
(0, -52, -82)
(1, -53, -83)
(0, -53, -83)
(0, -53, -84)
(1, -54, -85)
(1, -54, -86)
(1, -54, -87)
(1, -54, -88)
(0, -54, -88)
(0, -54, -89)
(0, -54, -90)
(1, -54, -91)
(1, -54, -92)
(0, -53, -92)
(1, -53, -93)
(0, -52, -93)
(1, -52, -94)
(0, -51, -93)
(0, -51, -92)
(1, -51, -92)
(0, -50, -91)
(1, -50, -92)
(0, -49, -91)
(1, -49, -92)
(0, -48, -92)
(0, -48, -93)
(0, -48, -94)
(0, -48, -95)
(0, -48, -96)
(0, -48, -97)
(1, -48, -98)
(1, -48, -99)
(0, -48, -99)
(1, -49, -100)
(0, -49, -100)
(1, -50, -101)
(1, -50, -102)
(0, -49, -102)
(1, -49, -102)
(0, -48, -101)
(1, -48, -101)
(0, -47, -101)
(1, -47, -101)
(0, -46, -100)
(0, -46, -99)
(0, -46, -98)
(1, -47, -98)
(1, -47, -97)
(1, -47, -96)
(1, -47, -95)
(0, -47, -94)
(0, -47, -93)
(0, -47, -92)
(1, -47, -92)
(0, -46, -92)
(1, -46, -93)
(0, -45, -92)
(1, -45, -92)
(0, -44, -91)
(0, -44, -90)
(1, -44, -90)
(1, -44, -89)
(1, -44, -88)
(1, -44, -87)
(0, -43, -86)
(1, -43, -87)
(0, -42, -86)
(0, -42, -85)
(0, -42, -84)
(1, -43, -84)
(0, -43, -84)
(1, -44, -85)
(0, -44, -85)
(1, -45, -86)
(0, -45, -86)
(1, -46, -87)
(1, -46, -88)
(1, -46, -89)
(1, -46, -90)
(0, -46, -90)
(1, -47, -90)
(0, -47, -89)
(1, -48, -90)
(0, -48, -90)
(1, -49, -90)
(1, -49, -89)
(1, -49, -88)
(0, -48, -87)
(0, -48, -86)
(1, -48, -86)
(0, -47, -86)
(1, -47, -86)
(0, -46, -85)
(1, -46, -85)
(0, -45, -84)
(0, -45, -83)
(1, -45, -83)
(0, -44, -82)
(1, -44, -83)
(0, -43, -82)
(1, -43, -82)
(0, -42, -82)
(1, -42, -82)
(0, -41, -82)
(1, -41, -83)
(0, -40, -82)
(1, -40, -83)
(1, -40, -84)
(1, -40, -85)
(1, -40, -86)
(0, -39, -86)
(0, -39, -87)
(1, -40, -88)
(0, -40, -88)
(0, -40, -89)
(1, -40, -90)
(1, -40, -91)
(0, -40, -91)
(1, -41, -91)
(0, -41, -91)
(0, -41, -92)
(0, -41, -93)
(1, -42, -94)
(0, -42, -94)
(1, -43, -95)
(1, -43, -96)
(1, -43, -97)
(0, -42, -97)
(1, -42, -98)
(0, -41, -98)
(1, -41, -98)
(1, -41, -97)
(1, -41, -96)
(0, -40, -95)
(0, -40, -94)
(0, -40, -93)
(1, -40, -93)
(0, -39, -93)
(1, -39, -94)
(0, -38, -93)
(0, -38, -92)
(1, -38, -92)
(0, -37, -92)
(0, -37, -93)
(1, -37, -94)
(0, -36, -93)
(1, -36, -94)
(1, -36, -95)
(0, -36, -95)
(0, -36, -96)
(0, -36, -97)
(1, -37, -98)
(1, -37, -99)
(0, -37, -99)
(1, -38, -100)
(0, -38, -99)
(1, -39, -100)
(1, -39, -101)
(0, -38, -101)
(0, -38, -102)
(1, -38, -103)
(1, -38, -104)
(1, -38, -105)
(0, -37, -105)
(0, -37, -106)
(0, -37, -107)
(0, -37, -108)
(0, -37, -109)
(1, -38, -110)
(0, -38, -110)
(1, -39, -111)
(1, -39, -112)
(1, -39, -113)
(1, -39, -114)
(0, -39, -114)
(1, -40, -115)
(1, -40, -116)
(0, -40, -116)
(1, -41, -117)
(0, -41, -116)
(1, -42, -117)
(0, -42, -117)
(0, -42, -118)
(1, -42, -119)
(0, -41, -118)
(1, -41, -119)
(1, -41, -120)
(1, -41, -121)
(1, -41, -122)
(0, -41, -122)
(0, -41, -123)
(0, -41, -124)
(1, -42, -125)
(1, -42, -126)
(0, -41, -126)
(1, -41, -127)
(0, -40, -127)
(1, -40, -128)
(0, -39, -127)
(1, -39, -128)
(1, -39, -129)
(1, -39, -130)
(0, -39, -130)
(0, -39, -131)
(1, -40, -132)
(1, -40, -133)
(0, -39, -133)
(0, -39, -134)
(0, -39, -135)
(1, -40, -136)
(0, -40, -135)
(1, -41, -136)
(1, -41, -137)
(0, -40, -137)
(0, -40, -138)
(1, -40, -139)
(0, -39, -138)
(1, -39, -139)
(0, -38, -139)
(1, -38, -139)
(0, -37, -139)
(0, -37, -140)
(0, -37, -141)
(1, -37, -142)
(1, -37, -143)
(0, -36, -143)
(1, -36, -143)
(0, -35, -143)
(0, -35, -144)
(0, -35, -145)
(1, -35, -146)
(1, -35, -147)
(0, -34, -147)
(1, -34, -148)
(0, -33, -148)
(1, -33, -149)
(1, -33, -150)
(0, -33, -150)
(1, -34, -150)
(0, -34, -149)
(1, -35, -149)
(0, -35, -149)
(1, -36, -150)
(0, -36, -149)
(1, -37, -150)
(1, -37, -151)
(0, -36, -151)
(1, -36, -152)
(0, -35, -151)
(1, -35, -151)
(0, -34, -151)
(1, -34, -152)
(0, -33, -152)
(1, -33, -153)
(0, -32, -152)
(1, -32, -152)
(0, -31, -151)
(1, -31, -151)
(0, -30, -151)
(1, -30, -151)
(0, -29, -150)
(1, -29, -151)
(0, -28, -150)
(1, -28, -150)
(1, -28, -149)
(0, -27, -148)
(1, -27, -148)
(1, -27, -147)
(0, -27, -146)
(1, -28, -146)
(0, -28, -146)
(1, -29, -146)
(0, -29, -145)
(1, -30, -146)
(0, -30, -146)
(1, -31, -146)
(0, -31, -145)
(1, -32, -146)
(0, -32, -145)
(0, -32, -144)
(1, -33, -144)
(0, -33, -144)
(1, -34, -145)
(0, -34, -144)
(0, -34, -143)
(0, -34, -142)
(1, -34, -142)
(0, -33, -142)
(1, -33, -142)
(0, -32, -141)
(1, -32, -142)
(1, -32, -143)
(0, -31, -143)
(1, -31, -143)
(0, -30, -143)
(1, -30, -143)
(0, -29, -142)
(1, -29, -142)
(0, -28, -141)
(0, -28, -140)
(1, -28, -140)
(0, -27, -140)
(0, -27, -141)
(0, -27, -142)
(1, -28, -143)
(1, -28, -144)
(0, -27, -144)
(1, -27, -144)
(0, -26, -144)
(1, -26, -145)
(0, -25, -144)
(1, -25, -145)
(1, -25, -146)
(0, -25, -146)
(1, -26, -147)
(1, -26, -148)
(0, -25, -148)
(1, -25, -148)
(0, -24, -147)
(1, -24, -147)
(0, -23, -146)
(0, -23, -145)
(1, -24, -145)
(1, -24, -144)
(0, -23, -143)
(0, -23, -142)
(1, -24, -142)
(0, -24, -141)
(1, -25, -141)
(1, -25, -140)
(0, -25, -139)
(1, -26, -139)
(1, -26, -138)
(0, -26, -137)
(0, -26, -136)
(1, -27, -136)
(0, -27, -136)
(1, -28, -136)
(0, -28, -135)
(1, -29, -136)
(1, -29, -137)
(1, -29, -138)
(1, -29, -139)
(0, -29, -139)
(0, -29, -140)
(1, -30, -141)
(0, -30, -141)
(1, -31, -141)
(1, -31, -140)
(1, -31, -139)
(0, -30, -138)
(1, -30, -138)
(1, -30, -137)
(0, -30, -136)
(1, -31, -136)
(0, -31, -136)
(0, -31, -137)
(1, -32, -138)
(0, -32, -137)
(1, -33, -137)
(0, -33, -137)
(1, -34, -138)
(0, -34, -138)
(1, -35, -138)
(1, -35, -137)
(1, -35, -136)
(0, -34, -135)
(0, -34, -134)
(0, -34, -133)
(1, -35, -133)
(0, -35, -133)
(0, -35, -134)
(1, -36, -135)
(1, -36, -136)
(0, -36, -136)
(1, -37, -136)
(0, -37, -135)
(0, -37, -134)
(1, -38, -134)
(1, -38, -133)
(0, -37, -132)
(1, -37, -132)
(0, -36, -132)
(1, -36, -132)
(0, -35, -131)
(1, -35, -131)
(0, -34, -131)
(1, -34, -132)
(0, -33, -132)
(1, -33, -133)
(0, -32, -133)
(0, -32, -134)
(1, -32, -135)
(0, -31, -134)
(1, -31, -134)
(0, -30, -134)
(1, -30, -134)
(0, -29, -133)
(1, -29, -133)
(0, -28, -133)
(1, -28, -133)
(0, -27, -133)
(1, -27, -133)
(1, -27, -132)
(0, -26, -131)
(1, -26, -131)
(0, -25, -130)
(0, -25, -129)
(0, -25, -128)
(1, -26, -128)
(0, -26, -127)
(1, -27, -128)
(0, -27, -127)
(1, -28, -127)
(0, -28, -127)
(1, -29, -127)
(1, -29, -126)
(0, -29, -125)
(1, -30, -125)
(0, -30, -124)
(1, -31, -124)
(0, -31, -124)
(1, -32, -124)
(1, -32, -123)
(1, -32, -122)
(1, -32, -121)
(0, -31, -120)
(1, -31, -120)
(0, -30, -119)
(0, -30, -118)
(1, -30, -118)
(1, -30, -117)
(0, -29, -116)
(1, -29, -116)
(1, -29, -115)
(0, -28, -114)
(0, -28, -113)
(1, -28, -113)
(0, -27, -112)
(1, -27, -112)
(0, -26, -111)
(0, -26, -110)
(1, -26, -110)
(0, -25, -109)
(0, -25, -108)
(1, -25, -108)
(0, -24, -108)
(0, -24, -109)
(0, -24, -110)
(1, -24, -111)
(1, -24, -112)
(0, -23, -112)
(1, -23, -113)
(0, -22, -112)
(0, -22, -111)
(0, -22, -110)
(1, -22, -110)
(1, -22, -109)
(0, -22, -108)
(1, -23, -108)
(1, -23, -107)
(1, -23, -106)
(0, -23, -105)
(1, -24, -106)
(0, -24, -105)
(1, -25, -105)
(0, -25, -104)
(1, -26, -105)
(0, -26, -104)
(1, -27, -104)
(1, -27, -103)
(0, -27, -102)
(0, -27, -101)
(0, -27, -100)
(1, -28, -100)
(0, -28, -100)
(1, -29, -100)
(0, -29, -99)
(1, -30, -99)
(0, -30, -98)
(1, -31, -99)
(1, -31, -100)
(1, -31, -101)
(0, -31, -101)
(1, -32, -101)
(1, -32, -100)
(0, -32, -99)
(1, -33, -100)
(0, -33, -100)
(0, -33, -101)
(1, -34, -102)
(1, -34, -103)
(0, -34, -103)
(0, -34, -104)
(1, -34, -105)
(1, -34, -106)
(1, -34, -107)
(0, -34, -107)
(0, -34, -108)
(1, -34, -109)
(0, -33, -109)
(1, -33, -109)
(1, -33, -108)
(0, -32, -107)
(1, -32, -107)
(0, -31, -107)
(1, -31, -107)
(1, -31, -106)
(0, -31, -105)
(1, -32, -105)
(1, -32, -104)
(0, -31, -103)
(1, -31, -103)
(0, -30, -103)
(1, -30, -104)
(1, -30, -105)
(1, -30, -106)
(0, -29, -106)
(1, -29, -106)
(0, -28, -106)
(1, -28, -106)
(0, -27, -106)
(1, -27, -107)
(1, -27, -108)
(0, -27, -108)
(1, -28, -108)
(0, -28, -108)
(1, -29, -109)
(0, -29, -109)
(1, -30, -110)
(0, -30, -109)
(1, -31, -110)
(1, -31, -111)
(0, -30, -111)
(1, -30, -112)
(1, -30, -113)
(0, -30, -113)
(0, -30, -114)
(0, -30, -115)
(1, -31, -116)
(0, -31, -116)
(1, -32, -116)
(0, -32, -116)
(1, -33, -117)
(0, -33, -117)
(1, -34, -117)
(0, -34, -116)
(1, -35, -117)
(0, -35, -117)
(0, -35, -118)
(1, -36, -119)
(0, -36, -119)
(1, -37, -120)
(0, -37, -120)
(0, -37, -121)
(0, -37, -122)
(0, -37, -123)
(1, -38, -124)
(0, -38, -123)
(1, -39, -123)
(1, -39, -122)
(0, -39, -121)
(0, -39, -120)
(1, -40, -120)
(1, -40, -119)
(0, -39, -118)
(1, -39, -118)
(1, -39, -117)
(1, -39, -116)
(0, -38, -115)
(1, -38, -116)
(1, -38, -117)
(0, -37, -117)
(1, -37, -118)
(0, -36, -117)
(0, -36, -116)
(1, -36, -116)
(1, -36, -115)
(1, -36, -114)
(0, -36, -113)
(1, -37, -114)
(0, -37, -113)
(0, -37, -112)
(0, -37, -111)
(1, -37, -111)
(0, -36, -111)
(1, -36, -112)
(0, -35, -112)
(1, -35, -113)
(0, -34, -112)
(0, -34, -111)
(0, -34, -110)
(1, -35, -110)
(0, -35, -110)
(1, -36, -110)
(1, -36, -109)
(0, -35, -108)
(0, -35, -107)
(0, -35, -106)
(0, -35, -105)
(1, -36, -105)
(1, -36, -104)
(1, -36, -103)
(0, -36, -102)
(0, -36, -101)
(0, -36, -100)
(1, -36, -100)
(1, -36, -99)
(0, -35, -98)
(1, -35, -98)
(0, -34, -98)
(1, -34, -99)
(0, -33, -98)
(0, -33, -97)
(1, -33, -97)
(0, -32, -97)
(1, -32, -98)
(0, -31, -97)
(1, -31, -97)
(0, -30, -96)
(0, -30, -95)
(1, -31, -95)
(0, -31, -94)
(1, -32, -95)
(0, -32, -94)
(1, -33, -95)
(0, -33, -94)
(1, -34, -95)
(0, -34, -94)
(1, -35, -94)
(1, -35, -93)
(1, -35, -92)
(1, -35, -91)
(0, -35, -90)
(0, -35, -89)
(0, -35, -88)
(0, -35, -87)
(1, -36, -87)
(1, -36, -86)
(1, -36, -85)
(0, -35, -84)
(1, -35, -85)
(0, -34, -84)
(1, -34, -85)
(1, -34, -86)
(0, -33, -86)
(1, -33, -86)
(1, -33, -85)
(1, -33, -84)
(0, -32, -83)
(0, -32, -82)
(1, -32, -82)
(0, -31, -82)
(0, -31, -83)
(1, -31, -84)
(0, -30, -83)
(1, -30, -84)
(0, -29, -83)
(1, -29, -83)
(1, -29, -82)
(0, -28, -81)
(1, -28, -82)
(0, -27, -82)
(1, -27, -83)
(0, -26, -82)
(0, -26, -81)
(1, -26, -81)
(1, -26, -80)
(0, -26, -79)
(1, -27, -80)
(0, -27, -79)
(1, -28, -80)
(0, -28, -79)
(0, -28, -78)
(0, -28, -77)
(1, -29, -77)
(0, -29, -77)
(0, -29, -78)
(0, -29, -79)
(1, -30, -80)
(0, -30, -80)
(1, -31, -80)
(0, -31, -80)
(1, -32, -80)
(0, -32, -79)
(1, -33, -80)
(0, -33, -79)
(1, -34, -80)
(0, -34, -80)
(0, -34, -81)
(0, -34, -82)
(1, -35, -83)
(0, -35, -82)
(1, -36, -82)
(1, -36, -81)
(0, -36, -80)
(1, -37, -81)
(1, -37, -82)
(1, -37, -83)
(1, -37, -84)
(0, -37, -84)
(1, -38, -84)
(0, -38, -83)
(0, -38, -82)
(0, -38, -81)
(1, -38, -81)
(1, -38, -80)
(0, -38, -79)
(1, -39, -79)
(1, -39, -78)
(1, -39, -77)
(0, -38, -76)
(1, -38, -76)
(0, -37, -76)
(0, -37, -77)
(0, -37, -78)
(1, -37, -79)
(0, -36, -78)
(1, -36, -79)
(0, -35, -78)
(1, -35, -78)
(0, -34, -78)
(1, -34, -78)
(0, -33, -77)
(0, -33, -76)
(1, -34, -76)
(0, -34, -75)
(0, -34, -74)
(1, -35, -74)
(0, -35, -73)
(0, -35, -72)
(1, -35, -72)
(0, -34, -72)
(1, -34, -73)
(0, -33, -73)
(0, -33, -74)
(1, -33, -75)
(0, -32, -74)
(1, -32, -74)
(0, -31, -73)
(0, -31, -72)
(1, -32, -72)
(0, -32, -72)
(1, -33, -72)
(0, -33, -71)
(1, -34, -71)
(0, -34, -70)
(1, -35, -70)
(1, -35, -69)
(0, -35, -68)
(1, -36, -68)
(0, -36, -68)
(1, -37, -69)
(1, -37, -70)
(0, -37, -70)
(0, -37, -71)
(1, -38, -72)
(1, -38, -73)
(1, -38, -74)
(0, -38, -74)
(1, -39, -75)
(0, -39, -75)
(1, -40, -76)
(0, -40, -75)
(1, -41, -76)
(1, -41, -77)
(0, -41, -77)
(0, -41, -78)
(1, -41, -79)
(0, -40, -78)
(1, -40, -79)
(1, -40, -80)
(0, -40, -80)
(1, -41, -81)
(0, -41, -80)
(1, -42, -80)
(0, -42, -80)
(1, -43, -80)
(0, -43, -80)
(1, -44, -81)
(0, -44, -80)
(1, -45, -81)
(0, -45, -80)
(0, -45, -79)
(1, -45, -79)
(1, -45, -78)
(0, -45, -77)
(0, -45, -76)
(1, -45, -76)
(0, -44, -76)
(1, -44, -77)
(0, -43, -77)
(1, -43, -77)
(1, -43, -76)
(0, -43, -75)
(1, -44, -75)
(0, -44, -74)
(0, -44, -73)
(1, -44, -73)
(1, -44, -72)
(0, -43, -71)
(1, -43, -71)
(1, -43, -70)
(0, -43, -69)
(0, -43, -68)
(1, -44, -68)
(0, -44, -68)
(0, -44, -69)
(1, -45, -70)
(0, -45, -69)
(1, -46, -70)
(0, -46, -70)
(1, -47, -70)
(0, -47, -69)
(1, -48, -70)
(1, -48, -71)
(0, -47, -71)
(0, -47, -72)
(1, -47, -73)
(0, -46, -72)
(1, -46, -73)
(0, -45, -73)
(0, -45, -74)
(1, -46, -75)
(0, -46, -74)
(1, -47, -75)
(1, -47, -76)
(0, -46, -76)
(0, -46, -77)
(1, -47, -78)
(1, -47, -79)
(0, -46, -79)
(0, -46, -80)
(1, -47, -81)
(0, -47, -81)
(1, -48, -81)
(0, -48, -81)
(1, -49, -82)
(0, -49, -81)
(0, -49, -80)
(1, -49, -80)
(0, -48, -79)
(0, -48, -78)
(1, -48, -78)
(1, -48, -77)
(1, -48, -76)
(1, -48, -75)
(0, -48, -74)
(1, -49, -74)
(0, -49, -74)
(1, -50, -74)
(1, -50, -73)
(0, -50, -72)
(1, -51, -72)
(1, -51, -71)
(0, -50, -70)
(1, -50, -71)
(0, -49, -71)
(1, -49, -71)
(1, -49, -70)
(1, -49, -69)
(0, -48, -68)
(0, -48, -67)
(0, -48, -66)
(0, -48, -65)
(0, -48, -64)
(0, -48, -63)
(1, -48, -63)
(0, -47, -62)
(1, -47, -62)
(1, -47, -61)
(0, -46, -60)
(1, -46, -61)
(0, -45, -60)
(0, -45, -59)
(1, -46, -59)
(1, -46, -58)
(1, -46, -57)
(1, -46, -56)
(0, -45, -55)
(1, -45, -55)
(1, -45, -54)
(0, -44, -53)
(1, -44, -53)
(0, -43, -53)
(0, -43, -54)
(0, -43, -55)
(1, -43, -56)
(1, -43, -57)
(0, -43, -57)
(0, -43, -58)
(1, -43, -59)
(1, -43, -60)
(1, -43, -61)
(1, -43, -62)
(0, -43, -62)
(1, -44, -62)
(0, -44, -62)
(0, -44, -63)
(0, -44, -64)
(0, -44, -65)
(1, -44, -66)
(0, -43, -66)
(1, -43, -66)
(0, -42, -66)
(1, -42, -66)
(0, -41, -66)
(1, -41, -67)
(0, -40, -67)
(1, -40, -68)
(0, -39, -67)
(0, -39, -66)
(1, -40, -66)
(0, -40, -65)
(0, -40, -64)
(0, -40, -63)
(0, -40, -62)
(0, -40, -61)
(0, -40, -60)
(0, -40, -59)
(1, -41, -59)
(1, -41, -58)
(0, -40, -57)
(0, -40, -56)
(1, -41, -56)
(0, -41, -56)
(1, -42, -56)
(1, -42, -55)
(0, -42, -54)
(0, -42, -53)
(0, -42, -52)
(0, -42, -51)
(1, -43, -51)
(0, -43, -50)
(1, -44, -51)
(0, -44, -51)
(1, -45, -51)
(1, -45, -50)
(0, -45, -49)
(1, -46, -49)
(0, -46, -48)
(1, -47, -49)
(1, -47, -50)
(0, -46, -50)
(0, -46, -51)
(1, -46, -52)
(1, -46, -53)
(0, -46, -53)
(0, -46, -54)
(1, -47, -55)
(1, -47, -56)
(0, -47, -56)
(0, -47, -57)
(0, -47, -58)
(1, -48, -59)
(0, -48, -58)
(1, -49, -59)
(1, -49, -60)
(1, -49, -61)
(0, -49, -61)
(0, -49, -62)
(1, -50, -63)
(0, -50, -62)
(1, -51, -63)
(1, -51, -64)
(1, -51, -65)
(0, -51, -65)
(1, -52, -66)
(0, -52, -66)
(1, -53, -67)
(0, -53, -66)
(1, -54, -66)
(1, -54, -65)
(1, -54, -64)
(1, -54, -63)
(1, -54, -62)
(1, -54, -61)
(0, -53, -60)
(1, -53, -60)
(0, -52, -60)
(1, -52, -61)
(0, -51, -61)
(1, -51, -61)
(0, -50, -60)
(1, -50, -60)
(1, -50, -59)
(0, -50, -58)
(1, -51, -59)
(0, -51, -58)
(0, -51, -57)
(1, -52, -57)
(1, -52, -56)
(0, -52, -55)
(1, -53, -55)
(0, -53, -55)
(1, -54, -55)
(0, -54, -55)
(1, -55, -55)
(0, -55, -54)
(1, -56, -55)
(0, -56, -55)
(1, -57, -55)
(0, -57, -55)
(1, -58, -55)
(1, -58, -54)
(0, -57, -53)
(1, -57, -53)
(0, -56, -53)
(1, -56, -53)
(1, -56, -52)
(0, -55, -51)
(1, -55, -52)
(1, -55, -53)
(0, -54, -53)
(1, -54, -53)
(0, -53, -53)
(1, -53, -53)
(0, -52, -52)
(0, -52, -51)
(1, -53, -51)
(0, -53, -51)
(1, -54, -51)
(0, -54, -50)
(0, -54, -49)
(1, -54, -49)
(0, -53, -49)
(1, -53, -49)
(1, -53, -48)
(0, -53, -47)
(1, -54, -47)
(0, -54, -46)
(1, -55, -47)
(0, -55, -47)
(1, -56, -47)
(1, -56, -46)
(1, -56, -45)
(0, -55, -44)
(1, -55, -45)
(0, -54, -44)
(1, -54, -44)
(0, -53, -43)
(1, -53, -43)
(0, -52, -43)
(1, -52, -43)
(0, -51, -43)
(1, -51, -43)
(0, -50, -43)
(0, -50, -44)
(1, -51, -45)
(1, -51, -46)
(1, -51, -47)
(0, -50, -47)
(1, -50, -47)
(1, -50, -46)
(0, -49, -45)
(0, -49, -44)
(0, -49, -43)
(0, -49, -42)
(0, -49, -41)
(1, -50, -41)
(0, -50, -40)
(0, -50, -39)
(1, -50, -39)
(0, -49, -39)
(1, -49, -40)
(0, -48, -40)
(1, -48, -40)
(0, -47, -40)
(0, -47, -41)
(0, -47, -42)
(1, -47, -43)
(0, -46, -43)
(1, -46, -44)
(0, -45, -43)
(1, -45, -43)
(1, -45, -42)
(0, -45, -41)
(1, -46, -42)
(0, -46, -41)
(0, -46, -40)
(0, -46, -39)
(1, -47, -39)
(1, -47, -38)
(0, -46, -37)
(1, -46, -38)
(0, -45, -38)
(0, -45, -39)
(1, -45, -40)
(0, -44, -40)
(1, -44, -40)
(1, -44, -39)
(1, -44, -38)
(0, -43, -37)
(1, -43, -37)
(0, -42, -37)
(0, -42, -38)
(1, -43, -39)
(1, -43, -40)
(1, -43, -41)
(0, -43, -41)
(1, -44, -42)
(1, -44, -43)
(1, -44, -44)
(1, -44, -45)
(0, -43, -45)
(1, -43, -45)
(0, -42, -45)
(1, -42, -45)
(0, -41, -44)
(1, -41, -44)
(0, -40, -44)
(1, -40, -44)
(0, -39, -43)
(1, -39, -44)
(1, -39, -45)
(1, -39, -46)
(0, -38, -46)
(1, -38, -47)
(0, -37, -47)
(0, -37, -48)
(0, -37, -49)
(1, -38, -50)
(1, -38, -51)
(1, -38, -52)
(1, -38, -53)
(0, -38, -53)
(1, -39, -54)
(1, -39, -55)
(0, -39, -55)
(0, -39, -56)
(1, -39, -57)
(1, -39, -58)
(0, -38, -58)
(1, -38, -58)
(0, -37, -58)
(1, -37, -58)
(0, -36, -57)
(0, -36, -56)
(1, -36, -56)
(1, -36, -55)
(0, -36, -54)
(0, -36, -53)
(0, -36, -52)
(1, -37, -52)
(1, -37, -51)
(0, -36, -50)
(1, -36, -50)
(0, -35, -49)
(1, -35, -49)
(0, -34, -48)
(0, -34, -47)
(1, -34, -47)
(1, -34, -46)
(1, -34, -45)
(0, -33, -44)
(1, -33, -45)
(0, -32, -44)
(0, -32, -43)
(1, -33, -43)
(0, -33, -42)
(1, -34, -42)
(1, -34, -41)
(0, -34, -40)
(1, -35, -40)
(1, -35, -39)
(1, -35, -38)
(1, -35, -37)
(0, -34, -36)
(1, -34, -36)
(0, -33, -36)
(1, -33, -36)
(0, -32, -36)
(1, -32, -37)
(0, -31, -37)
(1, -31, -38)
(0, -30, -38)
(0, -30, -39)
(1, -30, -40)
(1, -30, -41)
(1, -30, -42)
(1, -30, -43)
(1, -30, -44)
(0, -29, -44)
(1, -29, -44)
(0, -28, -43)
(1, -28, -43)
(0, -27, -42)
(0, -27, -41)
(1, -27, -41)
(0, -26, -41)
(1, -26, -41)
(0, -25, -41)
(0, -25, -42)
(0, -25, -43)
(0, -25, -44)
(1, -25, -45)
(0, -24, -45)
(0, -24, -46)
(1, -25, -47)
(0, -25, -47)
(1, -26, -47)
(0, -26, -46)
(1, -27, -47)
(0, -27, -47)
(1, -28, -48)
(0, -28, -47)
(1, -29, -47)
(0, -29, -47)
(0, -29, -48)
(0, -29, -49)
(0, -29, -50)
(1, -30, -51)
(0, -30, -51)
(1, -31, -52)
(1, -31, -53)
(0, -31, -53)
(1, -32, -53)
(0, -32, -52)
(1, -33, -53)
(0, -33, -53)
(1, -34, -53)
(1, -34, -52)
(0, -33, -51)
(0, -33, -50)
(1, -34, -50)
(0, -34, -50)
(1, -35, -51)
(0, -35, -51)
(0, -35, -52)
(1, -35, -53)
(1, -35, -54)
(0, -34, -54)
(0, -34, -55)
(1, -34, -56)
(0, -33, -55)
(1, -33, -55)
(0, -32, -55)
(1, -32, -56)
(0, -31, -55)
(1, -31, -55)
(0, -30, -54)
(1, -30, -55)
(0, -29, -55)
(0, -29, -56)
(1, -29, -57)
(0, -28, -57)
(1, -28, -57)
(1, -28, -56)
(0, -27, -55)
(1, -27, -55)
(0, -26, -55)
(1, -26, -56)
(0, -25, -55)
(1, -25, -55)
(0, -24, -55)
(0, -24, -56)
(1, -24, -57)
(0, -23, -56)
(1, -23, -56)
(0, -22, -55)
(0, -22, -54)
(1, -23, -54)
(0, -23, -54)
(1, -24, -54)
(0, -24, -53)
(0, -24, -52)
(1, -25, -52)
(0, -25, -52)
(1, -26, -52)
(0, -26, -51)
(1, -27, -51)
(1, -27, -50)
(1, -27, -49)
(0, -26, -48)
(1, -26, -49)
(0, -25, -49)
(1, -25, -49)
(0, -24, -49)
(0, -24, -50)
(1, -24, -51)
(0, -23, -50)
(1, -23, -51)
(0, -22, -51)
(1, -22, -51)
(1, -22, -50)
(1, -22, -49)
(0, -21, -48)
(1, -21, -49)
(0, -20, -48)
(0, -20, -47)
(1, -20, -47)
(1, -20, -46)
(1, -20, -45)
(1, -20, -44)
(0, -20, -43)
(1, -21, -43)
(1, -21, -42)
(1, -21, -41)
(0, -20, -40)
(1, -20, -40)
(0, -19, -40)
(0, -19, -41)
(1, -19, -42)
(1, -19, -43)
(0, -18, -43)
(1, -18, -43)
(1, -18, -42)
(1, -18, -41)
(0, -18, -40)
(0, -18, -39)
(1, -19, -39)
(0, -19, -38)
(1, -20, -38)
(1, -20, -37)
(0, -19, -36)
(1, -19, -36)
(0, -18, -36)
(1, -18, -37)
(0, -17, -37)
(0, -17, -38)
(0, -17, -39)
(1, -17, -40)
(0, -16, -39)
(1, -16, -40)
(0, -15, -39)
(0, -15, -38)
(1, -15, -38)
(1, -15, -37)
(0, -14, -36)
(1, -14, -36)
(1, -14, -35)
(0, -13, -34)
(1, -13, -35)
(0, -12, -34)
(1, -12, -35)
(0, -11, -35)
(0, -11, -36)
(0, -11, -37)
(0, -11, -38)
(0, -11, -39)
(0, -11, -40)
(0, -11, -41)
(1, -11, -42)
(1, -11, -43)
(0, -10, -43)
(1, -10, -44)
(1, -10, -45)
(0, -9, -45)
(1, -9, -45)
(1, -9, -44)
(0, -8, -43)
(0, -8, -42)
(0, -8, -41)
(1, -8, -41)
(1, -8, -40)
(1, -8, -39)
(1, -8, -38)
(1, -8, -37)
(0, -7, -36)
(0, -7, -35)
(1, -7, -35)
(0, -6, -35)
(1, -6, -36)
(0, -5, -36)
(1, -5, -37)
(0, -4, -37)
(1, -4, -38)
(1, -4, -39)
(1, -4, -40)
(0, -3, -40)
(1, -3, -40)
(1, -3, -39)
(0, -2, -38)
(1, -2, -39)
(0, -1, -39)
(1, -1, -40)
(0, 0, -39)
(1, 0, -39)
(0, 1, -39)
(1, 1, -40)
(1, 1, -41)
(0, 1, -41)
(1, 0, -42)
(0, 0, -41)
(1, -1, -42)
(0, -1, -41)
(1, -2, -41)
(0, -2, -41)
(1, -3, -42)
(0, -3, -42)
(0, -3, -43)
(1, -3, -44)
(1, -3, -45)
(0, -2, -45)
(1, -2, -46)
(1, -2, -47)
(1, -2, -48)
(0, -2, -48)
(1, -3, -49)
(0, -3, -49)
(0, -3, -50)
(1, -4, -51)
(1, -4, -52)
(0, -4, -52)
(0, -4, -53)
(0, -4, -54)
(1, -4, -55)
(1, -4, -56)
(1, -4, -57)
(0, -3, -57)
(1, -3, -57)
(0, -2, -56)
(1, -2, -57)
(0, -1, -57)
(1, -1, -58)
(0, 0, -57)
(1, 0, -58)
(0, 1, -57)
(0, 1, -56)
(1, 0, -56)
(1, 0, -55)
(0, 0, -54)
(1, -1, -54)
(1, -1, -53)
(0, -1, -52)
(0, -1, -51)
(0, -1, -50)
(0, -1, -49)
(1, -1, -49)
(0, 0, -49)
(0, 0, -50)
(0, 0, -51)
(1, 0, -52)
(0, 1, -51)
(0, 1, -50)
(1, 1, -50)
(0, 2, -49)
(1, 2, -50)
(0, 3, -49)
(1, 3, -49)
(0, 4, -48)
(1, 4, -48)
(0, 5, -48)
(1, 5, -48)
(0, 6, -48)
(1, 6, -48)
(1, 6, -47)
(1, 6, -46)
(1, 6, -45)
(0, 7, -44)
(1, 7, -44)
(1, 7, -43)
(0, 7, -42)
(0, 7, -41)
(0, 7, -40)
(0, 7, -39)
(1, 7, -39)
(0, 8, -39)
(0, 8, -40)
(0, 8, -41)
(1, 8, -42)
(1, 8, -43)
(1, 8, -44)
(0, 9, -44)
(1, 9, -45)
(0, 10, -45)
(0, 10, -46)
(1, 9, -47)
(1, 9, -48)
(0, 10, -48)
(1, 10, -48)
(0, 11, -48)
(1, 11, -48)
(0, 12, -48)
(1, 12, -48)
(0, 13, -48)
(0, 13, -49)
(1, 12, -50)
(1, 12, -51)
(0, 13, -51)
(0, 13, -52)
(1, 13, -53)
(0, 14, -53)
(0, 14, -54)
(1, 13, -55)
(1, 13, -56)
(1, 13, -57)
(0, 13, -57)
(1, 12, -57)
(1, 12, -56)
(1, 12, -55)
(1, 12, -54)
(0, 12, -53)
(0, 12, -52)
(1, 11, -52)
(0, 11, -52)
(0, 11, -53)
(0, 11, -54)
(1, 11, -55)
(1, 11, -56)
(0, 11, -56)
(1, 10, -56)
(0, 10, -56)
(1, 9, -57)
(0, 9, -56)
(1, 8, -56)
(0, 8, -55)
(0, 8, -54)
(1, 7, -54)
(0, 7, -53)
(0, 7, -52)
(1, 7, -52)
(0, 8, -51)
(1, 8, -52)
(0, 9, -52)
(1, 9, -52)
(1, 9, -51)
(1, 9, -50)
(0, 9, -49)
(1, 8, -49)
(0, 8, -48)
(1, 7, -49)
(0, 7, -49)
(1, 6, -50)
(1, 6, -51)
(0, 6, -51)
(1, 5, -51)
(0, 5, -50)
(1, 4, -51)
(1, 4, -52)
(0, 5, -52)
(0, 5, -53)
(0, 5, -54)
(1, 5, -55)
(0, 6, -55)
(0, 6, -56)
(0, 6, -57)
(1, 6, -58)
(0, 7, -57)
(1, 7, -57)
(0, 8, -57)
(0, 8, -58)
(1, 8, -59)
(0, 9, -59)
(1, 9, -60)
(0, 10, -59)
(0, 10, -58)
(1, 10, -58)
(0, 11, -58)
(0, 11, -59)
(1, 11, -60)
(0, 12, -60)
(0, 12, -61)
(1, 11, -62)
(0, 11, -61)
(1, 10, -62)
(1, 10, -63)
(1, 10, -64)
(0, 10, -64)
(1, 9, -64)
(0, 9, -64)
(1, 8, -65)
(0, 8, -65)
(1, 7, -65)
(1, 7, -64)
(1, 7, -63)
(0, 8, -62)
(1, 8, -62)
(1, 8, -61)
(0, 8, -60)
(1, 7, -60)
(0, 7, -60)
(1, 6, -60)
(0, 6, -59)
(1, 5, -59)
(0, 5, -58)
(1, 4, -59)
(0, 4, -59)
(0, 4, -60)
(1, 3, -61)
(0, 3, -61)
(1, 2, -61)
(0, 2, -61)
(1, 1, -61)
(0, 1, -60)
(1, 0, -60)
(0, 0, -60)
(1, -1, -61)
(0, -1, -60)
(1, -2, -61)
(0, -2, -60)
(1, -3, -61)
(0, -3, -61)
(0, -3, -62)
(1, -3, -63)
(0, -2, -63)
(1, -2, -63)
(0, -1, -63)
(1, -1, -63)
(0, 0, -62)
(1, 0, -63)
(1, 0, -64)
(0, 0, -64)
(0, 0, -65)
(1, -1, -66)
(1, -1, -67)
(0, -1, -67)
(1, -2, -68)
(0, -2, -67)
(1, -3, -68)
(0, -3, -68)
(1, -4, -69)
(0, -4, -69)
(0, -4, -70)
(1, -4, -71)
(1, -4, -72)
(1, -4, -73)
(0, -3, -73)
(0, -3, -74)
(0, -3, -75)
(1, -4, -76)
(0, -4, -75)
(0, -4, -74)
(1, -5, -74)
(0, -5, -73)
(1, -6, -73)
(0, -6, -72)
(1, -7, -72)
(1, -7, -71)
(1, -7, -70)
(1, -7, -69)
(1, -7, -68)
(1, -7, -67)
(0, -6, -66)
(0, -6, -65)
(1, -7, -65)
(0, -7, -65)
(1, -8, -66)
(0, -8, -66)
(1, -9, -66)
(1, -9, -65)
(1, -9, -64)
(1, -9, -63)
(0, -9, -62)
(1, -10, -62)
(0, -10, -62)
(1, -11, -62)
(1, -11, -61)
(0, -11, -60)
(1, -12, -61)
(1, -12, -62)
(0, -12, -62)
(1, -13, -62)
(1, -13, -61)
(0, -13, -60)
(1, -14, -60)
(0, -14, -60)
(1, -15, -61)
(0, -15, -60)
(1, -16, -61)
(0, -16, -61)
(1, -17, -62)
(0, -17, -62)
(0, -17, -63)
(1, -18, -64)
(0, -18, -64)
(1, -19, -64)
(1, -19, -63)
(0, -19, -62)
(1, -20, -62)
(1, -20, -61)
(1, -20, -60)
(1, -20, -59)
(0, -20, -58)
(1, -21, -59)
(0, -21, -58)
(0, -21, -57)
(1, -21, -57)
(0, -20, -56)
(1, -20, -56)
(1, -20, -55)
(0, -19, -54)
(1, -19, -55)
(0, -18, -55)
(1, -18, -56)
(0, -17, -55)
(1, -17, -55)
(0, -16, -54)
(1, -16, -55)
(1, -16, -56)
(0, -15, -56)
(1, -15, -57)
(0, -14, -56)
(1, -14, -57)
(0, -13, -56)
(1, -13, -57)
(0, -12, -56)
(1, -12, -56)
(0, -11, -56)
(0, -11, -57)
(1, -11, -58)
(0, -10, -58)
(1, -10, -59)
(0, -9, -59)
(1, -9, -60)
(0, -8, -59)
(1, -8, -60)
(1, -8, -61)
(1, -8, -62)
(0, -7, -62)
(1, -7, -63)
(0, -6, -63)
(1, -6, -63)
(0, -5, -62)
(1, -5, -62)
(1, -5, -61)
(0, -4, -60)
(1, -4, -60)
(1, -4, -59)
(0, -4, -58)
(1, -5, -59)
(0, -5, -58)
(1, -6, -59)
(0, -6, -59)
(1, -7, -59)
(0, -7, -58)
(0, -7, -57)
(1, -8, -57)
(1, -8, -56)
