(0, 70, -134)
(1, 69, -134)
(0, 69, -134)
(0, 69, -135)
(1, 69, -136)
(0, 70, -136)
(1, 70, -137)
(0, 71, -137)
(1, 71, -138)
(1, 71, -139)
(0, 71, -139)
(0, 71, -140)
(1, 71, -141)
(0, 72, -141)
(0, 72, -142)
(1, 72, -143)
(1, 72, -144)
(0, 73, -144)
(1, 73, -144)
(0, 74, -144)
(1, 74, -145)
(1, 74, -146)
(1, 74, -147)
(0, 75, -147)
(0, 75, -148)
(0, 75, -149)
(0, 75, -150)
(0, 75, -151)
(1, 75, -152)
(0, 76, -152)
(0, 76, -153)
(0, 76, -154)
(1, 76, -155)
(1, 76, -156)
(1, 76, -157)
(0, 77, -157)
(1, 77, -158)
(0, 78, -158)
(0, 78, -159)
(1, 77, -160)
(0, 77, -160)
(0, 77, -161)
(1, 77, -162)
(0, 78, -162)
(1, 78, -162)
(1, 78, -161)
(0, 79, -160)
(1, 79, -161)
(0, 80, -160)
(1, 80, -161)
(1, 80, -162)
(1, 80, -163)
(1, 80, -164)
(0, 80, -164)
(0, 80, -165)
(1, 79, -166)
(0, 79, -166)
(1, 78, -166)
(0, 78, -166)
(0, 78, -167)
(0, 78, -168)
(1, 77, -169)
(0, 77, -169)
(0, 77, -170)
(1, 77, -171)
(0, 78, -170)
(1, 78, -171)
(0, 79, -170)
(1, 79, -170)
(1, 79, -169)
(1, 79, -168)
(0, 80, -167)
(1, 80, -167)
(0, 81, -166)
(1, 81, -167)
(1, 81, -168)
(0, 82, -168)
(0, 82, -169)
(1, 82, -170)
(0, 83, -169)
(1, 83, -169)
(0, 84, -169)
(1, 84, -169)
(1, 84, -168)
(1, 84, -167)
(1, 84, -166)
(1, 84, -165)
(0, 85, -164)
(1, 85, -164)
(0, 86, -164)
(1, 86, -164)
(1, 86, -163)
(1, 86, -162)
(0, 87, -161)
(1, 87, -161)
(0, 88, -160)
(1, 88, -161)
(0, 89, -161)
(1, 89, -161)
(1, 89, -160)
(0, 89, -159)
(0, 89, -158)
(1, 88, -158)
(0, 88, -157)
(0, 88, -156)
(1, 88, -156)
(1, 88, -155)
(0, 89, -154)
(1, 89, -154)
(1, 89, -153)
(1, 89, -152)
(0, 90, -151)
(1, 90, -152)
(1, 90, -153)
(0, 91, -153)
(1, 91, -153)
(1, 91, -152)
(1, 91, -151)
(0, 91, -150)
(1, 90, -150)
(1, 90, -149)
(1, 90, -148)
(0, 91, -147)
(0, 91, -146)
(0, 91, -145)
(1, 91, -145)
(0, 92, -145)
(1, 92, -146)
(1, 92, -147)
(0, 93, -147)
(1, 93, -148)
(1, 93, -149)
(0, 94, -149)
(1, 94, -150)
(1, 94, -151)
(0, 94, -151)
(1, 93, -151)
(0, 93, -151)
(1, 92, -152)
(1, 92, -153)
(1, 92, -154)
(0, 92, -154)
(1, 91, -155)
(1, 91, -156)
(1, 91, -157)
(0, 92, -157)
(1, 92, -158)
(0, 93, -157)
(0, 93, -156)
(1, 93, -156)
(0, 94, -156)
(1, 94, -156)
(0, 95, -156)
(1, 95, -156)
(0, 96, -155)
(1, 96, -156)
(1, 96, -157)
(0, 96, -157)
(0, 96, -158)
(1, 96, -159)
(0, 97, -158)
(1, 97, -158)
(0, 98, -158)
(1, 98, -159)
(0, 99, -158)
(0, 99, -157)
(1, 99, -157)
(1, 99, -156)
(1, 99, -155)
(0, 99, -154)
(0, 99, -153)
(0, 99, -152)
(1, 98, -152)
(0, 98, -152)
(1, 97, -152)
(1, 97, -151)
(0, 97, -150)
(0, 97, -149)
(1, 97, -149)
(1, 97, -148)
(0, 97, -147)
(1, 96, -147)
(0, 96, -146)
(1, 95, -147)
(1, 95, -148)
(0, 95, -148)
(1, 94, -148)
(1, 94, -147)
(1, 94, -146)
(0, 94, -145)
(0, 94, -144)
(1, 93, -144)
(0, 93, -144)
(1, 92, -144)
(0, 92, -143)
(1, 91, -143)
(0, 91, -142)
(0, 91, -141)
(1, 90, -141)
(1, 90, -140)
(1, 90, -139)
(0, 91, -138)
(0, 91, -137)
(1, 91, -137)
(0, 92, -136)
(1, 92, -137)
(0, 93, -137)
(1, 93, -137)
(0, 94, -136)
(1, 94, -137)
(0, 95, -136)
(1, 95, -137)
(0, 96, -137)
(1, 96, -138)
(1, 96, -139)
(1, 96, -140)
(0, 97, -140)
(1, 97, -140)
(0, 98, -139)
(1, 98, -139)
(0, 99, -138)
(0, 99, -137)
(0, 99, -136)
(1, 98, -136)
(0, 98, -135)
(1, 97, -135)
(1, 97, -134)
(0, 97, -133)
(1, 96, -134)
(0, 96, -134)
(1, 95, -134)
(0, 95, -133)
(0, 95, -132)
(1, 94, -132)
(0, 94, -131)
(1, 93, -132)
(0, 93, -132)
(0, 93, -133)
(1, 93, -134)
(1, 93, -135)
(0, 93, -135)
(1, 92, -135)
(0, 92, -134)
(0, 92, -133)
(1, 91, -133)
(0, 91, -132)
(0, 91, -131)
(1, 90, -131)
(1, 90, -130)
(0, 90, -129)
(1, 89, -129)
(0, 89, -129)
(1, 88, -130)
(1, 88, -131)
(0, 88, -131)
(1, 87, -132)
(1, 87, -133)
(1, 87, -134)
(0, 87, -134)
(1, 86, -135)
(0, 86, -134)
(1, 85, -135)
(0, 85, -134)
(1, 84, -134)
(0, 84, -134)
(1, 83, -135)
(0, 83, -135)
(1, 82, -136)
(1, 82, -137)
(0, 82, -137)
(0, 82, -138)
(1, 81, -139)
(1, 81, -140)
(1, 81, -141)
(0, 81, -141)
(0, 81, -142)
(0, 81, -143)
(1, 80, -144)
(0, 80, -144)
(1, 79, -144)
(0, 79, -143)
(1, 78, -144)
(1, 78, -145)
(0, 78, -145)
(1, 77, -146)
(0, 77, -145)
(0, 77, -144)
(1, 76, -144)
(0, 76, -144)
(1, 75, -144)
(0, 75, -143)
(0, 75, -142)
(0, 75, -141)
(1, 75, -141)
(0, 76, -140)
(0, 76, -139)
(1, 75, -139)
(0, 75, -139)
(1, 74, -140)
(0, 74, -139)
(1, 73, -140)
(0, 73, -139)
(0, 73, -138)
(1, 72, -138)
(1, 72, -137)
(0, 72, -136)
(1, 71, -136)
(1, 71, -135)
(0, 71, -134)
(0, 71, -133)
(1, 70, -133)
(0, 70, -132)
(1, 69, -132)
(1, 69, -131)
(0, 69, -130)
(1, 68, -131)
(0, 68, -131)
(1, 67, -132)
(1, 67, -133)
(1, 67, -134)
(0, 68, -134)
(0, 68, -135)
(1, 67, -136)
(1, 67, -137)
(1, 67, -138)
(1, 67, -139)
(0, 68, -139)
(1, 68, -140)
(0, 69, -139)
(1, 69, -140)
(1, 69, -141)
(0, 69, -141)
(1, 68, -142)
(0, 68, -141)
(1, 67, -142)
(0, 67, -141)
(1, 66, -141)
(0, 66, -141)
(1, 65, -142)
(0, 65, -142)
(1, 64, -143)
(0, 64, -142)
(0, 64, -141)
(1, 64, -141)
(1, 64, -140)
(0, 64, -139)
(1, 63, -140)
(0, 63, -140)
(1, 62, -140)
(1, 62, -139)
(0, 62, -138)
(1, 61, -139)
(1, 61, -140)
(1, 61, -141)
(0, 61, -141)
(1, 60, -141)
(1, 60, -140)
(1, 60, -139)
(0, 60, -138)
(1, 59, -138)
(1, 59, -137)
(1, 59, -136)
(1, 59, -135)
(1, 59, -134)
(1, 59, -133)
(0, 59, -132)
(1, 58, -133)
(0, 58, -133)
(0, 58, -134)
(1, 58, -135)
(1, 58, -136)
(1, 58, -137)
(0, 58, -137)
(1, 57, -137)
(0, 57, -136)
(1, 56, -137)
(1, 56, -138)
(0, 57, -138)
(1, 57, -139)
(0, 58, -139)
(1, 58, -139)
(0, 59, -139)
(0, 59, -140)
(0, 59, -141)
(0, 59, -142)
(1, 59, -143)
(1, 59, -144)
(0, 60, -144)
(1, 60, -144)
(0, 61, -144)
(1, 61, -145)
(0, 62, -144)
(1, 62, -145)
(1, 62, -146)
(0, 63, -146)
(0, 63, -147)
(1, 62, -148)
(1, 62, -149)
(0, 62, -149)
(1, 61, -149)
(0, 61, -149)
(1, 60, -149)
(1, 60, -148)
(0, 60, -147)
(0, 60, -146)
(1, 59, -146)
(0, 59, -146)
(1, 58, -146)
(1, 58, -145)
(1, 58, -144)
(0, 58, -143)
(1, 57, -144)
(0, 57, -144)
(1, 56, -144)
(0, 56, -144)
(1, 55, -144)
(0, 55, -144)
(1, 54, -144)
(0, 54, -144)
(0, 54, -145)
(0, 54, -146)
(1, 53, -147)
(1, 53, -148)
