(0, 64, -170)
(1, 63, -170)
(0, 63, -169)
(1, 62, -170)
(0, 62, -170)
(1, 61, -170)
(0, 61, -170)
(1, 60, -170)
(0, 60, -170)
(1, 59, -170)
(1, 59, -169)
(0, 59, -168)
(0, 59, -167)
(0, 59, -166)
(1, 59, -166)
(0, 60, -166)
(1, 60, -166)
(0, 61, -166)
(1, 61, -166)
(0, 62, -166)
(1, 62, -167)
(0, 63, -166)
(0, 63, -165)
(1, 62, -165)
(0, 62, -164)
(1, 61, -164)
(1, 61, -163)
(0, 61, -162)
(0, 61, -161)
(0, 61, -160)
(0, 61, -159)
(1, 60, -159)
(0, 60, -159)
(1, 59, -159)
(0, 59, -159)
(1, 58, -159)
(0, 58, -159)
(1, 57, -160)
(0, 57, -160)
(1, 56, -160)
(0, 56, -159)
(1, 55, -160)
(0, 55, -160)
(0, 55, -161)
(1, 55, -162)
(0, 56, -162)
(1, 56, -163)
(1, 56, -164)
(0, 57, -164)
(1, 57, -165)
(1, 57, -166)
(0, 57, -166)
(1, 56, -166)
(0, 56, -165)
(1, 55, -165)
(0, 55, -164)
(1, 54, -164)
(0, 54, -164)
(0, 54, -165)
(1, 54, -166)
(1, 54, -167)
(1, 54, -168)
(0, 54, -168)
(0, 54, -169)
(1, 53, -170)
(0, 53, -170)
(0, 53, -171)
(0, 53, -172)
(1, 52, -173)
(0, 52, -172)
(0, 52, -171)
(1, 51, -171)
(0, 51, -170)
(1, 50, -171)
(1, 50, -172)
(1, 50, -173)
(0, 51, -173)
(0, 51, -174)
(1, 51, -175)
(0, 52, -175)
(1, 52, -175)
(0, 53, -175)
(1, 53, -176)
(0, 54, -176)
(1, 54, -176)
(0, 55, -175)
(1, 55, -175)
(1, 55, -174)
(1, 55, -173)
(0, 56, -172)
(1, 56, -172)
(0, 57, -172)
(0, 57, -173)
(1, 56, -174)
(1, 56, -175)
(0, 57, -175)
(0, 57, -176)
(0, 57, -177)
(1, 57, -178)
(0, 58, -177)
(1, 58, -177)
(1, 58, -176)
(0, 58, -175)
(0, 58, -174)
(1, 58, -174)
(0, 59, -174)
(1, 59, -174)
(0, 60, -173)
(0, 60, -172)
(1, 60, -172)
(0, 61, -172)
(0, 61, -173)
(0, 61, -174)
(1, 61, -175)
(0, 62, -174)
(1, 62, -174)
(1, 62, -173)
(0, 63, -172)
(1, 63, -173)
(0, 64, -173)
(0, 64, -174)
(0, 64, -175)
(1, 64, -176)
(0, 65, -175)
(1, 65, -175)
(0, 66, -175)
(0, 66, -176)
(1, 65, -177)
(1, 65, -178)
(0, 66, -178)
(1, 66, -179)
(0, 67, -178)
(0, 67, -177)
(1, 67, -177)
(1, 67, -176)
(0, 67, -175)
(0, 67, -174)
(1, 67, -174)
(0, 68, -173)
(1, 68, -174)
(0, 69, -173)
(1, 69, -174)
(1, 69, -175)
(0, 70, -175)
(0, 70, -176)
(1, 69, -177)
(1, 69, -178)
(0, 69, -178)
(1, 68, -179)
(1, 68, -180)
(0, 69, -180)
(0, 69, -181)
(1, 69, -182)
(0, 70, -182)
(1, 70, -182)
(0, 71, -182)
(1, 71, -183)
(1, 71, -184)
(1, 71, -185)
(1, 71, -186)
(0, 72, -186)
(0, 72, -187)
(0, 72, -188)
(1, 72, -189)
(1, 72, -190)
(1, 72, -191)
(0, 73, -191)
(0, 73, -192)
(1, 73, -193)
(0, 74, -193)
(0, 74, -194)
(1, 74, -195)
(1, 74, -196)
(0, 74, -196)
(0, 74, -197)
(1, 74, -198)
(0, 75, -197)
(1, 75, -197)
(0, 76, -196)
(1, 76, -196)
(0, 77, -195)
(0, 77, -194)
(1, 76, -194)
(0, 76, -193)
(0, 76, -192)
(0, 76, -191)
(0, 76, -190)
(1, 76, -190)
(0, 77, -190)
(1, 77, -190)
(1, 77, -189)
(1, 77, -188)
(1, 77, -187)
(0, 78, -186)
(0, 78, -185)
(0, 78, -184)
(1, 78, -184)
(0, 79, -183)
(0, 79, -182)
(1, 78, -182)
(0, 78, -182)
(1, 77, -182)
(0, 77, -181)
(1, 76, -181)
(0, 76, -181)
(0, 76, -182)
(1, 75, -183)
(1, 75, -184)
(0, 76, -184)
(0, 76, -185)
(1, 75, -186)
(0, 75, -185)
(1, 74, -185)
(0, 74, -184)
(0, 74, -183)
(0, 74, -182)
(1, 73, -182)
(0, 73, -181)
(1, 72, -182)
(0, 72, -181)
(0, 72, -180)
(0, 72, -179)
(0, 72, -178)
(1, 71, -178)
(1, 71, -177)
(0, 72, -176)
(1, 72, -176)
(0, 73, -175)
(1, 73, -176)
(1, 73, -177)
(0, 73, -177)
(0, 73, -178)
(1, 73, -179)
(1, 73, -180)
(0, 74, -180)
(1, 74, -180)
(0, 75, -179)
(1, 75, -180)
(0, 76, -179)
(0, 76, -178)
(1, 76, -178)
(0, 77, -177)
(1, 77, -177)
(1, 77, -176)
(0, 78, -175)
(1, 78, -176)
(0, 79, -175)
(1, 79, -176)
(0, 80, -175)
(0, 80, -174)
(1, 79, -174)
(1, 79, -173)
(0, 80, -172)
(0, 80, -171)
(1, 79, -171)
(0, 79, -170)
(0, 79, -169)
(1, 78, -169)
(1, 78, -168)
(0, 78, -167)
(1, 77, -168)
(1, 77, -169)
(0, 77, -169)
(1, 76, -169)
(0, 76, -168)
(1, 75, -168)
(0, 75, -167)
(1, 74, -168)
(0, 74, -167)
(0, 74, -166)
(1, 74, -166)
(1, 74, -165)
(1, 74, -164)
(1, 74, -163)
(0, 75, -162)
(0, 75, -161)
(1, 75, -161)
(0, 76, -160)
(0, 76, -159)
(1, 75, -159)
(0, 75, -158)
(1, 74, -158)
(1, 74, -157)
(0, 74, -156)
(1, 73, -156)
(1, 73, -155)
(0, 74, -154)
(0, 74, -153)
(0, 74, -152)
(1, 73, -152)
(0, 73, -152)
(1, 72, -152)
(0, 72, -152)
(0, 72, -153)
(1, 72, -154)
(1, 72, -155)
(0, 72, -155)
(0, 72, -156)
(1, 72, -157)
(1, 72, -158)
(1, 72, -159)
(1, 72, -160)
(0, 72, -160)
(0, 72, -161)
(1, 71, -162)
(1, 71, -163)
(0, 72, -163)
(0, 72, -164)
(0, 72, -165)
(1, 71, -166)
(0, 71, -165)
(1, 70, -166)
(0, 70, -165)
(1, 69, -166)
(0, 69, -165)
(1, 68, -165)
(1, 68, -164)
(1, 68, -163)
(0, 69, -162)
(0, 69, -161)
(0, 69, -160)
(1, 69, -160)
(0, 70, -159)
(0, 70, -158)
(1, 69, -158)
(1, 69, -157)
(0, 70, -156)
(0, 70, -155)
(0, 70, -154)
(1, 69, -154)
(0, 69, -153)
(0, 69, -152)
(1, 68, -152)
(0, 68, -151)
(0, 68, -150)
(1, 68, -150)
(0, 69, -149)
(1, 69, -150)
(0, 70, -149)
(1, 70, -149)
(0, 71, -149)
(0, 71, -150)
(1, 71, -151)
(0, 72, -150)
(0, 72, -149)
(0, 72, -148)
(1, 72, -148)
(0, 73, -148)
(1, 73, -149)
(1, 73, -150)
(0, 74, -150)
(1, 74, -150)
(0, 75, -150)
(0, 75, -151)
(0, 75, -152)
(0, 75, -153)
(1, 75, -154)
(0, 76, -153)
(0, 76, -152)
(0, 76, -151)
(0, 76, -150)
(0, 76, -149)
(1, 76, -149)
(1, 76, -148)
(0, 77, -147)
(1, 77, -148)
(0, 78, -147)
(1, 78, -148)
(0, 79, -148)
(1, 79, -148)
(0, 80, -147)
(1, 80, -147)
(1, 80, -146)
(0, 80, -145)
(1, 79, -146)
(0, 79, -145)
(0, 79, -144)
(1, 78, -144)
(1, 78, -143)
(0, 78, -142)
(1, 77, -142)
(0, 77, -141)
(1, 76, -142)
(0, 76, -141)
(1, 75, -141)
(1, 75, -140)
(0, 75, -139)
(1, 74, -140)
(0, 74, -140)
(1, 73, -140)
(0, 73, -140)
(0, 73, -141)
(1, 72, -142)
(0, 72, -142)
(0, 72, -143)
(0, 72, -144)
(1, 71, -145)
(0, 71, -145)
(1, 70, -146)
(0, 70, -146)
(0, 70, -147)
(1, 69, -148)
(0, 69, -147)
(1, 68, -147)
(1, 68, -146)
(0, 68, -145)
(1, 67, -145)
(0, 67, -145)
(1, 66, -145)
(0, 66, -145)
(1, 65, -146)
(0, 65, -146)
(0, 65, -147)
(0, 65, -148)
(1, 64, -149)
(0, 64, -149)
(1, 63, -150)
(1, 63, -151)
(0, 64, -151)
(0, 64, -152)
(1, 64, -153)
(0, 65, -153)
(1, 65, -153)
(1, 65, -152)
(1, 65, -151)
(1, 65, -150)
(0, 66, -149)
(1, 66, -150)
(1, 66, -151)
(1, 66, -152)
(0, 67, -152)
(1, 67, -153)
(1, 67, -154)
(1, 67, -155)
(1, 67, -156)
(0, 68, -156)
(1, 68, -157)
(1, 68, -158)
(1, 68, -159)
(0, 68, -159)
(0, 68, -160)
(0, 68, -161)
(1, 67, -162)
(1, 67, -163)
(1, 67, -164)
(1, 67, -165)
(0, 67, -165)
(1, 66, -165)
(0, 66, -165)
(1, 65, -165)
(0, 65, -165)
(1, 64, -166)
(0, 64, -165)
(0, 64, -164)
(1, 63, -164)
(0, 63, -163)
(0, 63, -162)
(0, 63, -161)
(1, 62, -161)
(1, 62, -160)
(0, 62, -159)
(0, 62, -158)
(0, 62, -157)
(0, 62, -156)
(1, 61, -156)
(0, 61, -155)
(1, 60, -155)
(1, 60, -154)
(0, 60, -153)
(1, 59, -154)
(0, 59, -153)
(1, 58, -153)
(0, 58, -153)
(1, 57, -154)
(0, 57, -153)
(0, 57, -152)
(0, 57, -151)
(0, 57, -150)
(1, 56, -150)
(0, 56, -150)
(0, 56, -151)
(1, 55, -152)
(1, 55, -153)
(0, 55, -153)
(1, 54, -154)
(0, 54, -154)
(1, 53, -155)
(0, 53, -154)
(1, 52, -154)
(0, 52, -154)
(1, 51, -154)
(0, 51, -154)
(0, 51, -155)
(1, 50, -156)
(0, 50, -155)
(1, 49, -155)
(0, 49, -155)
(1, 48, -155)
(0, 48, -154)
(1, 47, -154)
(1, 47, -153)
(0, 48, -152)
(0, 48, -151)
(0, 48, -150)
(1, 47, -150)
(1, 47, -149)
(1, 47, -148)
(0, 47, -147)
(0, 47, -146)
(1, 47, -146)
(1, 47, -145)
(1, 47, -144)
(1, 47, -143)
(0, 47, -142)
(0, 47, -141)
(0, 47, -140)
(1, 47, -140)
(0, 48, -139)
(0, 48, -138)
(1, 48, -138)
(0, 49, -138)
(0, 49, -139)
(0, 49, -140)
(1, 48, -141)
(1, 48, -142)
(1, 48, -143)
(1, 48, -144)
(1, 48, -145)
(0, 49, -145)
(0, 49, -146)
(1, 48, -147)
(1, 48, -148)
(1, 48, -149)
(0, 49, -149)
(0, 49, -150)
(0, 49, -151)
(0, 49, -152)
(1, 49, -153)
(0, 50, -153)
(1, 50, -153)
(1, 50, -152)
(0, 51, -151)
(0, 51, -150)
(0, 51, -149)
(1, 51, -149)
(0, 52, -149)
(0, 52, -150)
(1, 52, -151)
(0, 53, -151)
(0, 53, -152)
(1, 53, -153)
(0, 54, -152)
(0, 54, -151)
(0, 54, -150)
(0, 54, -149)
(0, 54, -148)
(0, 54, -147)
(1, 54, -147)
(0, 55, -146)
(0, 55, -145)
(1, 54, -145)
(0, 54, -145)
(1, 53, -145)
(0, 53, -145)
(0, 53, -146)
(1, 52, -147)
(0, 52, -146)
(1, 51, -146)
(0, 51, -146)
(1, 50, -146)
(0, 50, -145)
(0, 50, -144)
(1, 50, -144)
(0, 51, -143)
(0, 51, -142)
(1, 51, -142)
(0, 52, -141)
(0, 52, -140)
(1, 51, -140)
(1, 51, -139)
(1, 51, -138)
(1, 51, -137)
(1, 51, -136)
(1, 51, -135)
(0, 51, -134)
(0, 51, -133)
(1, 51, -133)
(0, 52, -132)
(0, 52, -131)
(1, 51, -131)
(0, 51, -130)
(1, 50, -131)
(0, 50, -131)
(1, 49, -131)
(1, 49, -130)
(0, 49, -129)
(1, 48, -130)
(1, 48, -131)
(1, 48, -132)
(1, 48, -133)
(0, 48, -133)
(0, 48, -134)
(1, 48, -135)
(1, 48, -136)
(0, 48, -136)
(1, 47, -137)
(0, 47, -136)
(1, 46, -137)
(0, 46, -137)
(0, 46, -138)
(0, 46, -139)
(1, 45, -140)
(1, 45, -141)
(0, 45, -141)
(1, 44, -141)
(0, 44, -140)
(1, 43, -140)
(1, 43, -139)
(0, 44, -138)
(1, 44, -139)
(0, 45, -138)
(0, 45, -137)
(0, 45, -136)
(1, 45, -136)
(1, 45, -135)
(0, 46, -134)
(0, 46, -133)
(1, 45, -133)
(0, 45, -132)
(1, 44, -132)
(0, 44, -132)
(1, 43, -133)
(0, 43, -133)
(1, 42, -133)
(0, 42, -132)
(1, 41, -132)
(0, 41, -132)
(1, 40, -133)
(0, 40, -132)
(1, 39, -133)
(1, 39, -134)
(0, 39, -134)
(1, 38, -135)
(1, 38, -136)
(0, 39, -136)
(1, 39, -136)
(0, 40, -135)
(1, 40, -135)
(0, 41, -135)
(1, 41, -136)
(0, 42, -136)
(0, 42, -137)
(0, 42, -138)
(1, 41, -139)
(1, 41, -140)
(1, 41, -141)
(0, 42, -141)
(0, 42, -142)
(0, 42, -143)
(1, 42, -144)
(0, 43, -143)
(1, 43, -143)
(0, 44, -142)
(1, 44, -143)
(0, 45, -143)
(1, 45, -144)
(1, 45, -145)
(1, 45, -146)
(0, 46, -146)
(0, 46, -147)
(1, 45, -148)
(1, 45, -149)
(0, 46, -149)
(0, 46, -150)
(1, 46, -151)
(1, 46, -152)
(1, 46, -153)
(1, 46, -154)
(1, 46, -155)
(0, 47, -155)
(1, 47, -156)
(1, 47, -157)
(1, 47, -158)
(1, 47, -159)
(1, 47, -160)
(1, 47, -161)
(0, 48, -161)
(1, 48, -161)
(0, 49, -161)
(1, 49, -161)
(1, 49, -160)
(0, 50, -159)
(0, 50, -158)
(1, 50, -158)
(0, 51, -157)
(1, 51, -158)
(1, 51, -159)
(0, 51, -159)
(0, 51, -160)
(0, 51, -161)
(1, 50, -162)
(0, 50, -162)
(0, 50, -163)
(0, 50, -164)
(0, 50, -165)
(1, 50, -166)
(0, 51, -166)
(0, 51, -167)
(1, 50, -168)
(0, 50, -168)
(1, 49, -169)
(0, 49, -169)
(1, 48, -169)
(1, 48, -168)
(1, 48, -167)
(0, 49, -166)
(0, 49, -165)
(1, 48, -165)
(0, 48, -165)
(1, 47, -166)
(1, 47, -167)
(1, 47, -168)
(1, 47, -169)
(0, 47, -169)
(1, 46, -169)
(0, 46, -169)
(1, 45, -169)
(0, 45, -168)
(1, 44, -169)
(0, 44, -169)
(1, 43, -169)
(1, 43, -168)
(0, 43, -167)
(0, 43, -166)
(1, 42, -166)
(0, 42, -165)
(1, 41, -165)
(0, 41, -165)
(0, 41, -166)
(1, 41, -167)
(1, 41, -168)
(1, 41, -169)
(0, 41, -169)
(1, 40, -169)
(0, 40, -169)
(1, 39, -170)
(0, 39, -170)
(1, 38, -170)
(0, 38, -170)
(1, 37, -170)
(0, 37, -169)
(1, 36, -169)
(0, 36, -169)
(1, 35, -170)
(0, 35, -169)
(0, 35, -168)
(1, 35, -168)
(0, 36, -167)
(1, 36, -167)
(1, 36, -166)
(0, 37, -165)
(1, 37, -165)
(0, 38, -164)
(1, 38, -164)
(1, 38, -163)
(0, 38, -162)
(0, 38, -161)
(0, 38, -160)
(1, 38, -160)
(1, 38, -159)
(0, 38, -158)
(1, 37, -158)
(1, 37, -157)
(0, 37, -156)
(1, 36, -157)
(0, 36, -156)
(1, 35, -157)
(0, 35, -157)
(0, 35, -158)
(1, 35, -159)
(1, 35, -160)
(0, 35, -160)
(1, 34, -160)
(0, 34, -159)
(1, 33, -160)
(1, 33, -161)
(1, 33, -162)
(0, 33, -162)
(1, 32, -162)
(0, 32, -161)
(0, 32, -160)
(1, 31, -160)
(0, 31, -160)
(0, 31, -161)
(1, 30, -162)
(0, 30, -161)
(1, 29, -162)
(1, 29, -163)
(0, 30, -163)
(0, 30, -164)
(1, 29, -165)
(1, 29, -166)
(1, 29, -167)
(0, 29, -167)
(1, 28, -167)
(0, 28, -166)
(0, 28, -165)
(1, 27, -165)
(1, 27, -164)
(1, 27, -163)
(0, 28, -162)
(1, 28, -162)
(1, 28, -161)
(0, 28, -160)
(1, 27, -160)
(0, 27, -159)
(0, 27, -158)
(1, 27, -158)
(0, 28, -157)
(1, 28, -158)
(0, 29, -157)
(1, 29, -157)
(0, 30, -156)
(1, 30, -156)
(0, 31, -156)
(1, 31, -157)
(1, 31, -158)
(0, 32, -158)
(1, 32, -158)
(0, 33, -158)
(1, 33, -158)
(1, 33, -157)
(1, 33, -156)
(1, 33, -155)
(0, 33, -154)
(0, 33, -153)
(1, 32, -153)
(0, 32, -153)
(1, 31, -154)
(0, 31, -154)
(1, 30, -154)
(0, 30, -153)
(1, 29, -153)
(0, 29, -152)
(1, 28, -153)
(0, 28, -153)
(1, 27, -154)
(0, 27, -153)
(1, 26, -154)
(0, 26, -153)
(1, 25, -153)
(1, 25, -152)
(0, 26, -151)
(1, 26, -152)
(0, 27, -151)
(1, 27, -152)
(0, 28, -151)
(0, 28, -150)
(1, 28, -150)
(1, 28, -149)
(1, 28, -148)
(0, 28, -147)
(1, 27, -147)
(0, 27, -147)
(1, 26, -148)
(0, 26, -148)
(1, 25, -149)
(0, 25, -149)
(0, 25, -150)
(1, 24, -151)
(0, 24, -151)
(0, 24, -152)
(1, 23, -153)
(0, 23, -153)
(1, 22, -153)
(0, 22, -152)
(0, 22, -151)
(0, 22, -150)
(0, 22, -149)
(1, 21, -149)
(1, 21, -148)
(1, 21, -147)
(1, 21, -146)
(1, 21, -145)
(1, 21, -144)
(0, 21, -143)
(1, 20, -144)
(1, 20, -145)
(1, 20, -146)
(0, 20, -146)
(0, 20, -147)
(1, 20, -148)
(1, 20, -149)
(0, 20, -149)
(1, 19, -149)
(0, 19, -148)
(0, 19, -147)
(1, 18, -147)
(1, 18, -146)
(0, 18, -145)
(1, 17, -146)
(0, 17, -145)
(1, 16, -145)
(0, 16, -145)
(1, 15, -146)
(1, 15, -147)
(0, 15, -147)
(0, 15, -148)
(0, 15, -149)
(1, 15, -150)
(1, 15, -151)
(0, 15, -151)
(0, 15, -152)
(1, 15, -153)
(0, 16, -153)
(1, 16, -153)
(0, 17, -152)
(1, 17, -153)
(1, 17, -154)
(0, 18, -154)
(1, 18, -154)
(0, 19, -154)
(1, 19, -154)
(1, 19, -153)
(0, 20, -152)
(1, 20, -153)
(1, 20, -154)
(1, 20, -155)
(0, 21, -155)
(0, 21, -156)
(0, 21, -157)
(1, 21, -158)
(0, 22, -158)
(1, 22, -159)
(0, 23, -158)
(1, 23, -158)
(0, 24, -157)
(0, 24, -156)
(1, 23, -156)
(1, 23, -155)
(0, 24, -154)
(1, 24, -154)
(0, 25, -154)
(1, 25, -155)
(1, 25, -156)
(1, 25, -157)
(1, 25, -158)
(0, 26, -158)
(0, 26, -159)
(0, 26, -160)
(1, 26, -161)
(1, 26, -162)
(1, 26, -163)
(0, 26, -163)
(1, 25, -163)
(1, 25, -162)
(0, 25, -161)
(0, 25, -160)
(1, 24, -160)
(0, 24, -159)
(1, 23, -160)
(0, 23, -160)
(1, 22, -161)
(1, 22, -162)
(0, 23, -162)
(0, 23, -163)
(0, 23, -164)
(1, 23, -165)
(0, 24, -164)
(1, 24, -165)
(0, 25, -165)
(0, 25, -166)
(1, 25, -167)
(1, 25, -168)
(0, 25, -168)
(1, 24, -169)
(0, 24, -168)
(1, 23, -168)
(1, 23, -167)
(0, 23, -166)
(1, 22, -167)
(1, 22, -168)
(1, 22, -169)
(0, 23, -169)
(0, 23, -170)
(1, 23, -171)
(0, 24, -171)
(0, 24, -172)
(1, 24, -173)
(0, 25, -172)
(0, 25, -171)
(0, 25, -170)
(1, 25, -170)
(0, 26, -170)
(1, 26, -171)
(1, 26, -172)
(1, 26, -173)
(0, 27, -173)
(0, 27, -174)
(1, 27, -175)
(1, 27, -176)
(0, 27, -176)
(1, 26, -176)
(0, 26, -176)
(1, 25, -176)
(0, 25, -176)
(1, 24, -176)
(1, 24, -175)
(0, 24, -174)
(1, 23, -175)
(0, 23, -174)
(1, 22, -174)
(1, 22, -173)
(0, 22, -172)
(1, 21, -173)
(0, 21, -172)
(1, 20, -173)
(0, 20, -172)
(1, 19, -173)
(0, 19, -172)
(1, 18, -173)
(0, 18, -173)
(0, 18, -174)
(1, 18, -175)
(0, 19, -175)
(1, 19, -176)
(0, 20, -175)
(1, 20, -176)
(0, 21, -175)
(1, 21, -176)
(0, 22, -175)
(1, 22, -176)
(1, 22, -177)
(0, 23, -177)
(1, 23, -178)
(0, 24, -178)
(1, 24, -179)
(0, 25, -179)
(1, 25, -179)
(0, 26, -178)
(1, 26, -179)
(0, 27, -179)
(1, 27, -179)
(1, 27, -178)
(0, 28, -177)
(1, 28, -178)
(0, 29, -177)
(0, 29, -176)
(1, 28, -176)
(1, 28, -175)
(0, 29, -174)
(1, 29, -174)
(0, 30, -174)
(1, 30, -174)
(1, 30, -173)
(0, 31, -172)
(0, 31, -171)
(1, 30, -171)
(1, 30, -170)
(0, 31, -169)
(1, 31, -170)
(0, 32, -169)
(1, 32, -169)
(1, 32, -168)
(1, 32, -167)
(0, 33, -166)
(0, 33, -165)
(1, 33, -165)
(0, 34, -165)
(1, 34, -165)
(0, 35, -165)
(0, 35, -166)
(1, 34, -167)
(0, 34, -167)
(1, 33, -168)
(1, 33, -169)
(0, 34, -169)
(0, 34, -170)
(1, 34, -171)
(1, 34, -172)
(0, 34, -172)
(0, 34, -173)
(1, 34, -174)
(1, 34, -175)
(0, 34, -175)
(0, 34, -176)
(1, 33, -177)
(1, 33, -178)
(0, 33, -178)
(0, 33, -179)
(1, 32, -180)
(1, 32, -181)
(1, 32, -182)
(0, 33, -182)
(1, 33, -182)
(0, 34, -182)
(1, 34, -182)
(0, 35, -181)
(1, 35, -182)
(1, 35, -183)
(1, 35, -184)
(0, 36, -184)
(1, 36, -185)
(0, 37, -185)
(1, 37, -185)
(0, 38, -185)
(1, 38, -185)
(0, 39, -184)
(1, 39, -184)
(0, 40, -183)
(0, 40, -182)
(1, 40, -182)
(0, 41, -181)
(1, 41, -182)
(0, 42, -182)
(1, 42, -182)
(0, 43, -182)
(1, 43, -183)
(1, 43, -184)
(1, 43, -185)
(0, 44, -185)
(1, 44, -185)
(1, 44, -184)
(0, 45, -183)
(1, 45, -183)
(0, 46, -182)
(0, 46, -181)
(1, 45, -181)
(0, 45, -181)
(1, 44, -181)
(0, 44, -181)
(1, 43, -181)
(1, 43, -180)
(0, 43, -179)
(1, 42, -180)
(0, 42, -180)
(1, 41, -180)
(1, 41, -179)
(0, 42, -178)
(1, 42, -178)
(0, 43, -177)
(1, 43, -177)
(1, 43, -176)
(1, 43, -175)
(0, 43, -174)
(0, 43, -173)
(0, 43, -172)
(1, 43, -172)
(0, 44, -172)
(1, 44, -172)
(0, 45, -171)
(1, 45, -172)
(1, 45, -173)
(0, 45, -173)
(1, 44, -174)
(1, 44, -175)
(1, 44, -176)
(1, 44, -177)
(0, 45, -177)
(1, 45, -178)
(1, 45, -179)
(0, 46, -179)
(1, 46, -179)
(0, 47, -178)
(1, 47, -178)
(0, 48, -177)
(1, 48, -177)
(0, 49, -177)
(1, 49, -177)
(0, 50, -176)
(1, 50, -176)
(0, 51, -176)
(0, 51, -177)
(1, 51, -178)
(1, 51, -179)
(0, 52, -179)
(1, 52, -179)
(0, 53, -178)
(1, 53, -179)
(0, 54, -178)
(1, 54, -179)
(0, 55, -179)
(1, 55, -179)
(0, 56, -178)
(1, 56, -179)
(1, 56, -180)
(0, 56, -180)
(0, 56, -181)
(1, 55, -182)
(0, 55, -181)
(1, 54, -181)
(0, 54, -180)
(1, 53, -181)
(0, 53, -180)
(1, 52, -181)
(0, 52, -181)
(1, 51, -182)
(0, 51, -181)
(1, 50, -181)
(0, 50, -180)
(1, 49, -180)
(0, 49, -179)
(1, 48, -180)
(0, 48, -179)
(1, 47, -180)
(1, 47, -181)
(0, 48, -181)
(1, 48, -182)
(0, 49, -182)
(0, 49, -183)
(1, 49, -184)
(1, 49, -185)
(0, 50, -185)
(1, 50, -185)
(0, 51, -185)
(1, 51, -186)
(1, 51, -187)
(0, 52, -187)
(1, 52, -187)
(1, 52, -186)
(1, 52, -185)
(0, 53, -184)
(0, 53, -183)
(1, 53, -183)
(0, 54, -183)
(1, 54, -183)
(0, 55, -183)
(0, 55, -184)
(0, 55, -185)
(0, 55, -186)
(1, 54, -187)
(0, 54, -186)
(1, 53, -187)
(1, 53, -188)
(0, 53, -188)
(1, 52, -189)
(1, 52, -190)
(1, 52, -191)
(0, 52, -191)
(1, 51, -192)
(0, 51, -191)
(1, 50, -191)
(0, 50, -190)
(1, 49, -191)
(0, 49, -190)
(0, 49, -189)
(1, 49, -189)
(1, 49, -188)
(0, 49, -187)
(1, 48, -187)
(0, 48, -187)
(1, 47, -187)
(1, 47, -186)
(1, 47, -185)
(0, 47, -184)
(1, 46, -185)
(0, 46, -185)
(1, 45, -186)
(0, 45, -186)
(1, 44, -187)
(1, 44, -188)
(1, 44, -189)
(0, 45, -189)
(1, 45, -189)
(1, 45, -188)
(0, 46, -187)
(1, 46, -188)
(0, 47, -188)
(0, 47, -189)
(0, 47, -190)
(1, 47, -191)
(1, 47, -192)
(0, 48, -192)
(1, 48, -193)
(0, 49, -193)
(1, 49, -194)
(0, 50, -193)
(1, 50, -193)
(0, 51, -193)
(1, 51, -194)
(1, 51, -195)
(0, 52, -195)
(0, 52, -196)
(1, 52, -197)
(0, 53, -197)
(0, 53, -198)
(0, 53, -199)
(1, 52, -200)
(0, 52, -199)
(0, 52, -198)
(1, 51, -198)
(0, 51, -197)
(1, 50, -197)
(1, 50, -196)
(0, 50, -195)
(1, 49, -196)
(1, 49, -197)
(1, 49, -198)
(0, 50, -198)
(0, 50, -199)
(1, 49, -200)
(0, 49, -200)
(1, 48, -200)
(1, 48, -199)
(0, 48, -198)
(1, 47, -199)
(1, 47, -200)
(0, 47, -200)
(1, 46, -200)
(0, 46, -199)
(1, 45, -200)
(0, 45, -199)
(1, 44, -200)
(0, 44, -200)
(1, 43, -200)
(0, 43, -199)
(0, 43, -198)
(1, 43, -198)
(0, 44, -197)
(1, 44, -197)
(0, 45, -197)
(1, 45, -197)
(1, 45, -196)
(0, 46, -195)
(0, 46, -194)
(0, 46, -193)
(0, 46, -192)
(1, 45, -192)
(0, 45, -191)
(1, 44, -192)
(1, 44, -193)
(0, 44, -193)
(0, 44, -194)
(0, 44, -195)
(1, 43, -196)
(0, 43, -196)
(1, 42, -196)
(1, 42, -195)
(0, 42, -194)
(0, 42, -193)
(1, 42, -193)
(1, 42, -192)
(0, 42, -191)
(1, 41, -191)
(0, 41, -191)
(1, 40, -192)
(0, 40, -191)
(1, 39, -192)
(1, 39, -193)
(0, 39, -193)
(1, 38, -193)
(1, 38, -192)
(1, 38, -191)
(0, 39, -190)
(0, 39, -189)
(0, 39, -188)
(0, 39, -187)
(1, 38, -187)
(0, 38, -187)
(1, 37, -187)
(0, 37, -187)
(0, 37, -188)
(0, 37, -189)
(1, 37, -190)
(1, 37, -191)
(0, 37, -191)
(0, 37, -192)
(0, 37, -193)
(0, 37, -194)
(1, 36, -195)
(0, 36, -194)
(1, 35, -195)
(0, 35, -194)
(0, 35, -193)
(0, 35, -192)
(0, 35, -191)
(1, 35, -191)
(0, 36, -190)
(0, 36, -189)
(1, 35, -189)
(1, 35, -188)
(0, 35, -187)
(1, 34, -187)
(0, 34, -186)
(1, 33, -187)
(0, 33, -187)
(1, 32, -187)
(0, 32, -186)
(1, 31, -187)
(1, 31, -188)
(0, 32, -188)
(1, 32, -189)
(1, 32, -190)
(1, 32, -191)
(0, 33, -191)
(1, 33, -192)
(0, 34, -192)
(0, 34, -193)
(1, 33, -194)
(1, 33, -195)
(1, 33, -196)
(1, 33, -197)
(0, 34, -197)
(1, 34, -198)
(0, 35, -197)
(1, 35, -197)
(0, 36, -196)
(1, 36, -197)
(0, 37, -196)
(1, 37, -197)
(0, 38, -197)
(1, 38, -197)
(1, 38, -196)
(0, 39, -195)
(1, 39, -196)
(1, 39, -197)
(0, 40, -197)
(0, 40, -198)
(1, 39, -199)
(0, 39, -198)
(1, 38, -199)
(1, 38, -200)
(0, 38, -200)
(1, 37, -200)
(1, 37, -199)
(0, 37, -198)
(1, 36, -199)
(1, 36, -200)
(0, 36, -200)
(1, 35, -200)
(0, 35, -200)
(1, 34, -200)
(0, 34, -199)
(1, 33, -199)
(0, 33, -198)
(1, 32, -198)
(0, 32, -198)
(1, 31, -199)
(1, 31, -200)
(0, 31, -200)
(1, 30, -200)
(0, 30, -200)
(1, 29, -200)
(0, 29, -200)
(1, 28, -200)
(0, 28, -199)
(1, 27, -200)
(0, 27, -199)
(1, 26, -200)
(0, 26, -199)
(1, 25, -200)
(0, 25, -199)
(1, 24, -200)
(0, 24, -199)
(0, 24, -198)
(1, 24, -198)
(1, 24, -197)
(0, 24, -196)
(0, 24, -195)
(0, 24, -194)
(1, 23, -194)
(0, 23, -194)
(0, 23, -195)
(0, 23, -196)
(0, 23, -197)
(0, 23, -198)
(1, 22, -199)
(0, 22, -198)
(1, 21, -198)
(1, 21, -197)
(1, 21, -196)
(0, 22, -195)
(0, 22, -194)
(0, 22, -193)
(1, 22, -193)
(0, 23, -192)
(1, 23, -192)
(0, 24, -192)
(1, 24, -193)
(0, 25, -192)
(0, 25, -191)
(1, 24, -191)
(0, 24, -190)
(1, 23, -190)
(0, 23, -190)
(1, 22, -191)
(0, 22, -191)
(1, 21, -191)
(0, 21, -191)
(1, 20, -192)
(0, 20, -192)
(1, 19, -193)
(1, 19, -194)
(1, 19, -195)
(0, 19, -195)
(1, 18, -196)
(0, 18, -196)
(0, 18, -197)
(1, 17, -198)
(0, 17, -198)
(1, 16, -198)
(0, 16, -198)
(1, 15, -199)
(0, 15, -199)
(1, 14, -199)
(0, 14, -198)
(1, 13, -199)
(0, 13, -198)
(1, 12, -199)
(1, 12, -200)
(0, 12, -200)
(1, 11, -200)
(0, 11, -199)
(1, 10, -199)
(1, 10, -198)
(1, 10, -197)
(1, 10, -196)
(1, 10, -195)
(1, 10, -194)
(1, 10, -193)
(1, 10, -192)
(0, 11, -191)
(1, 11, -192)
(0, 12, -191)
(1, 12, -191)
(0, 13, -190)
(0, 13, -189)
(1, 12, -189)
(0, 12, -188)
(1, 11, -188)
(0, 11, -187)
(1, 10, -188)
(0, 10, -187)
(0, 10, -186)
(1, 10, -186)
(1, 10, -185)
(0, 10, -184)
(1, 9, -184)
(1, 9, -183)
(1, 9, -182)
(0, 9, -181)
(1, 8, -182)
(0, 8, -181)
(1, 7, -181)
(0, 7, -181)
(1, 6, -182)
(1, 6, -183)
(0, 7, -183)
(0, 7, -184)
(1, 7, -185)
(1, 7, -186)
(0, 8, -186)
(0, 8, -187)
(1, 7, -188)
(1, 7, -189)
(1, 7, -190)
(1, 7, -191)
(0, 8, -191)
(1, 8, -192)
(0, 9, -192)
(0, 9, -193)
(1, 8, -194)
(1, 8, -195)
(1, 8, -196)
(1, 8, -197)
(1, 8, -198)
(0, 8, -198)
(1, 7, -198)
(0, 7, -198)
(1, 6, -198)
(0, 6, -197)
(0, 6, -196)
(1, 5, -196)
(0, 5, -195)
(1, 4, -195)
(0, 4, -195)
(1, 3, -195)
(0, 3, -194)
(1, 2, -194)
(0, 2, -193)
(1, 1, -194)
(0, 1, -194)
(1, 0, -194)
(0, 0, -193)
(1, -1, -194)
(0, -1, -193)
(0, -1, -192)
(1, -1, -192)
(1, -1, -191)
(0, -1, -190)
(0, -1, -189)
(1, -1, -189)
(0, 0, -188)
(1, 0, -188)
(0, 1, -187)
(1, 1, -188)
(0, 2, -187)
(0, 2, -186)
(0, 2, -185)
(0, 2, -184)
(1, 1, -184)
(1, 1, -183)
(0, 2, -182)
(0, 2, -181)
(1, 2, -181)
(0, 3, -181)
(0, 3, -182)
(0, 3, -183)
(0, 3, -184)
(0, 3, -185)
(0, 3, -186)
(0, 3, -187)
(0, 3, -188)
(0, 3, -189)
(0, 3, -190)
(0, 3, -191)
(1, 3, -192)
(1, 3, -193)
(0, 4, -193)
(1, 4, -193)
(0, 5, -192)
(1, 5, -192)
(0, 6, -191)
(0, 6, -190)
(0, 6, -189)
(1, 6, -189)
(1, 6, -188)
(1, 6, -187)
(0, 6, -186)
(1, 5, -187)
(0, 5, -186)
(1, 4, -187)
(0, 4, -186)
(0, 4, -185)
(1, 4, -185)
(1, 4, -184)
(1, 4, -183)
(0, 4, -182)
(0, 4, -181)
(0, 4, -180)
(1, 3, -180)
(1, 3, -179)
(1, 3, -178)
(0, 3, -177)
(0, 3, -176)
(1, 3, -176)
(0, 4, -176)
(1, 4, -177)
(0, 5, -177)
(1, 5, -177)
(0, 6, -176)
(1, 6, -176)
(0, 7, -175)
(0, 7, -174)
(0, 7, -173)
(1, 6, -173)
(0, 6, -173)
(1, 5, -173)
(1, 5, -172)
(0, 6, -171)
(1, 6, -171)
(0, 7, -170)
(1, 7, -170)
(0, 8, -170)
(1, 8, -171)
(0, 9, -170)
(0, 9, -169)
(1, 8, -169)
(0, 8, -168)
(0, 8, -167)
(0, 8, -166)
(1, 8, -166)
(0, 9, -165)
(1, 9, -165)
(0, 10, -165)
(1, 10, -166)
(0, 11, -165)
(0, 11, -164)
(0, 11, -163)
(1, 11, -163)
(1, 11, -162)
(1, 11, -161)
(0, 11, -160)
(1, 10, -160)
(0, 10, -159)
(1, 9, -160)
(0, 9, -160)
(1, 8, -161)
(0, 8, -160)
(0, 8, -159)
(1, 7, -159)
(1, 7, -158)
(0, 8, -157)
(1, 8, -157)
(0, 9, -156)
(0, 9, -155)
(0, 9, -154)
(0, 9, -153)
(1, 9, -153)
(1, 9, -152)
(0, 10, -151)
(0, 10, -150)
(0, 10, -149)
(0, 10, -148)
(1, 10, -148)
(0, 11, -148)
(1, 11, -148)
(0, 12, -147)
(1, 12, -147)
(0, 13, -146)
(0, 13, -145)
(1, 12, -145)
(0, 12, -144)
(0, 12, -143)
(1, 11, -143)
(0, 11, -143)
(1, 10, -143)
(0, 10, -143)
(1, 9, -143)
(0, 9, -142)
(1, 8, -143)
(0, 8, -142)
(1, 7, -143)
(0, 7, -142)
(1, 6, -142)
(0, 6, -142)
(0, 6, -143)
(1, 6, -144)
(0, 7, -144)
(1, 7, -145)
(1, 7, -146)
(0, 7, -146)
(1, 6, -147)
(0, 6, -147)
(1, 5, -147)
(0, 5, -147)
(1, 4, -148)
(0, 4, -148)
(1, 3, -149)
(0, 3, -148)
(1, 2, -149)
(1, 2, -150)
(1, 2, -151)
(0, 3, -151)
(0, 3, -152)
(1, 3, -153)
(1, 3, -154)
(1, 3, -155)
(0, 4, -155)
(1, 4, -155)
(0, 5, -155)
(1, 5, -155)
(0, 6, -155)
(1, 6, -156)
(1, 6, -157)
(1, 6, -158)
(1, 6, -159)
(1, 6, -160)
(1, 6, -161)
(0, 7, -161)
(0, 7, -162)
(1, 6, -163)
(0, 6, -163)
(1, 5, -164)
(0, 5, -164)
(1, 4, -164)
(1, 4, -163)
(1, 4, -162)
(0, 5, -161)
(1, 5, -161)
(1, 5, -160)
(0, 5, -159)
(1, 4, -160)
(0, 4, -160)
(1, 3, -160)
(0, 3, -159)
(1, 2, -159)
(1, 2, -158)
(0, 3, -157)
(0, 3, -156)
(1, 2, -156)
(1, 2, -155)
(0, 2, -154)
(1, 1, -154)
(0, 1, -153)
(1, 0, -154)
(1, 0, -155)
(1, 0, -156)
(0, 0, -156)
(1, -1, -157)
(1, -1, -158)
(0, 0, -158)
(0, 0, -159)
(0, 0, -160)
(1, 0, -161)
(0, 1, -160)
(1, 1, -161)
(0, 2, -161)
(1, 2, -161)
(0, 3, -161)
(0, 3, -162)
(1, 2, -163)
(0, 2, -163)
(1, 1, -164)
(0, 1, -164)
(1, 0, -165)
(0, 0, -164)
(1, -1, -164)
(0, -1, -164)
(0, -1, -165)
(0, -1, -166)
(0, -1, -167)
(0, -1, -168)
(1, -2, -169)
(0, -2, -168)
(1, -3, -168)
(0, -3, -168)
(1, -4, -168)
(0, -4, -168)
(1, -5, -168)
(0, -5, -168)
(1, -6, -168)
(0, -6, -168)
(0, -6, -169)
(0, -6, -170)
(0, -6, -171)
(1, -6, -172)
(1, -6, -173)
(0, -6, -173)
(0, -6, -174)
(1, -7, -175)
(0, -7, -174)
(0, -7, -173)
(0, -7, -172)
(0, -7, -171)
(0, -7, -170)
(1, -8, -170)
(0, -8, -169)
(0, -8, -168)
(1, -8, -168)
(1, -8, -167)
(1, -8, -166)
(0, -8, -165)
(1, -9, -165)
(1, -9, -164)
(1, -9, -163)
(1, -9, -162)
(1, -9, -161)
(0, -9, -160)
(0, -9, -159)
(1, -10, -159)
(0, -10, -158)
(1, -11, -159)
(0, -11, -158)
(1, -12, -158)
(0, -12, -158)
(1, -13, -158)
(1, -13, -157)
(0, -13, -156)
(1, -14, -156)
(0, -14, -156)
(1, -15, -156)
(1, -15, -155)
(0, -14, -154)
(1, -14, -154)
(0, -13, -154)
(1, -13, -154)
(0, -12, -153)
(0, -12, -152)
(1, -12, -152)
(1, -12, -151)
(0, -11, -150)
(1, -11, -151)
(0, -10, -150)
(1, -10, -151)
(1, -10, -152)
(0, -10, -152)
(0, -10, -153)
(1, -10, -154)
(0, -9, -153)
(1, -9, -153)
(0, -8, -153)
(1, -8, -154)
(0, -7, -154)
(1, -7, -155)
(1, -7, -156)
(0, -6, -156)
(1, -6, -157)
(1, -6, -158)
(0, -6, -158)
(0, -6, -159)
(0, -6, -160)
(1, -6, -161)
(0, -5, -161)
(0, -5, -162)
(0, -5, -163)
(0, -5, -164)
(0, -5, -165)
(1, -5, -166)
(0, -4, -166)
(1, -4, -166)
(0, -3, -165)
(0, -3, -164)
(1, -3, -164)
(1, -3, -163)
(0, -3, -162)
(1, -4, -162)
(1, -4, -161)
(0, -4, -160)
(0, -4, -159)
(1, -4, -159)
(1, -4, -158)
(0, -3, -157)
(1, -3, -157)
(1, -3, -156)
(0, -3, -155)
(1, -4, -155)
(0, -4, -154)
(1, -5, -155)
(0, -5, -154)
(0, -5, -153)
(1, -6, -153)
(0, -6, -153)
(1, -7, -153)
(1, -7, -152)
(0, -6, -151)
(1, -6, -151)
(0, -5, -151)
(1, -5, -151)
(0, -4, -150)
(1, -4, -150)
(0, -3, -150)
(0, -3, -151)
(0, -3, -152)
(0, -3, -153)
(1, -3, -154)
(0, -2, -153)
(1, -2, -154)
(0, -1, -153)
(0, -1, -152)
(1, -1, -152)
(0, 0, -151)
(0, 0, -150)
(1, -1, -150)
(0, -1, -150)
(1, -2, -150)
(1, -2, -149)
(0, -2, -148)
(0, -2, -147)
(0, -2, -146)
(1, -2, -146)
(0, -1, -146)
(0, -1, -147)
(1, -1, -148)
(0, 0, -148)
(1, 0, -149)
(0, 1, -148)
(1, 1, -148)
(1, 1, -147)
(0, 2, -146)
(1, 2, -146)
(0, 3, -145)
(1, 3, -146)
(0, 4, -145)
(0, 4, -144)
(1, 4, -144)
(0, 5, -143)
(0, 5, -142)
(0, 5, -141)
(1, 4, -141)
(0, 4, -140)
(0, 4, -139)
(1, 4, -139)
(0, 5, -139)
(1, 5, -139)
(1, 5, -138)
(0, 6, -137)
(0, 6, -136)
(1, 5, -136)
(1, 5, -135)
(0, 6, -134)
(1, 6, -135)
(0, 7, -134)
(0, 7, -133)
(0, 7, -132)
(1, 6, -132)
(1, 6, -131)
(0, 6, -130)
(1, 5, -130)
(1, 5, -129)
(0, 5, -128)
(1, 4, -129)
(0, 4, -128)
(1, 3, -129)
(1, 3, -130)
(0, 4, -130)
(0, 4, -131)
(1, 3, -132)
(0, 3, -131)
(1, 2, -132)
(0, 2, -132)
(1, 1, -132)
(0, 1, -131)
(1, 0, -131)
(0, 0, -131)
(1, -1, -131)
(0, -1, -131)
(0, -1, -132)
(1, -2, -133)
(0, -2, -132)
(0, -2, -131)
(1, -3, -131)
(0, -3, -130)
(1, -4, -130)
(0, -4, -130)
(0, -4, -131)
(0, -4, -132)
(0, -4, -133)
(0, -4, -134)
(1, -5, -135)
(0, -5, -134)
(1, -6, -134)
(1, -6, -133)
(0, -6, -132)
(1, -7, -132)
(1, -7, -131)
(0, -7, -130)
(1, -8, -130)
(0, -8, -130)
(0, -8, -131)
(0, -8, -132)
(1, -8, -133)
(0, -7, -133)
(1, -7, -134)
(1, -7, -135)
(0, -6, -135)
(1, -6, -136)
(1, -6, -137)
(0, -6, -137)
(1, -7, -137)
(0, -7, -136)
(1, -8, -136)
(0, -8, -136)
(0, -8, -137)
(1, -8, -138)
(0, -7, -138)
(0, -7, -139)
(0, -7, -140)
(1, -8, -141)
(0, -8, -140)
(1, -9, -141)
(0, -9, -141)
(1, -10, -142)
(0, -10, -142)
(1, -11, -142)
(0, -11, -142)
(1, -12, -143)
(0, -12, -143)
(1, -13, -143)
(1, -13, -142)
(0, -13, -141)
(0, -13, -140)
(1, -13, -140)
(0, -12, -140)
(1, -12, -141)
(0, -11, -140)
(0, -11, -139)
(1, -12, -139)
(0, -12, -138)
(0, -12, -137)
(1, -12, -137)
(0, -11, -137)
(1, -11, -138)
(0, -10, -137)
(1, -10, -137)
(1, -10, -136)
(0, -9, -135)
(0, -9, -134)
(1, -10, -134)
(0, -10, -133)
(0, -10, -132)
(1, -10, -132)
(1, -10, -131)
(1, -10, -130)
(1, -10, -129)
(1, -10, -128)
(0, -9, -127)
(1, -9, -128)
(0, -8, -127)
(0, -8, -126)
(1, -8, -126)
(0, -7, -126)
(1, -7, -127)
(1, -7, -128)
(0, -6, -128)
(1, -6, -129)
(0, -5, -129)
(1, -5, -129)
(0, -4, -128)
(1, -4, -128)
(0, -3, -127)
(0, -3, -126)
(1, -4, -126)
(0, -4, -126)
(1, -5, -127)
(0, -5, -126)
(1, -6, -126)
(1, -6, -125)
(1, -6, -124)
(0, -6, -123)
(1, -7, -123)
(0, -7, -123)
(1, -8, -123)
(0, -8, -122)
(0, -8, -121)
(0, -8, -120)
(1, -9, -120)
(0, -9, -120)
(1, -10, -120)
(0, -10, -120)
(0, -10, -121)
(1, -10, -122)
(0, -9, -122)
(0, -9, -123)
(1, -10, -124)
(0, -10, -123)
(1, -11, -123)
(0, -11, -123)
(1, -12, -123)
(1, -12, -122)
(0, -12, -121)
(0, -12, -120)
(1, -13, -120)
(0, -13, -119)
(1, -14, -120)
(0, -14, -120)
(1, -15, -120)
(1, -15, -119)
(0, -15, -118)
(0, -15, -117)
(1, -16, -117)
(1, -16, -116)
(0, -15, -115)
(1, -15, -116)
(0, -14, -116)
(1, -14, -116)
(0, -13, -115)
(0, -13, -114)
(1, -13, -114)
(1, -13, -113)
(0, -13, -112)
(1, -14, -112)
(0, -14, -111)
(1, -15, -111)
(0, -15, -111)
(1, -16, -111)
(0, -16, -110)
(1, -17, -111)
(1, -17, -112)
(1, -17, -113)
(1, -17, -114)
(0, -17, -114)
(1, -18, -115)
(0, -18, -115)
(0, -18, -116)
(1, -18, -117)
(1, -18, -118)
(0, -17, -118)
(1, -17, -119)
(1, -17, -120)
(0, -17, -120)
(1, -18, -120)
(0, -18, -119)
(1, -19, -119)
(0, -19, -119)
(0, -19, -120)
(1, -20, -121)
(0, -20, -121)
(1, -21, -122)
(1, -21, -123)
(0, -20, -123)
(1, -20, -123)
(0, -19, -123)
(0, -19, -124)
(0, -19, -125)
(0, -19, -126)
(0, -19, -127)
(0, -19, -128)
(1, -20, -129)
(0, -20, -129)
(1, -21, -129)
(1, -21, -128)
(0, -20, -127)
(0, -20, -126)
(0, -20, -125)
(1, -21, -125)
(0, -21, -124)
(1, -22, -125)
(0, -22, -125)
(0, -22, -126)
(0, -22, -127)
(0, -22, -128)
(1, -23, -129)
(1, -23, -130)
(0, -23, -130)
(1, -24, -130)
(1, -24, -129)
(1, -24, -128)
(0, -23, -127)
(0, -23, -126)
(1, -24, -126)
(1, -24, -125)
(0, -24, -124)
(1, -25, -124)
(0, -25, -123)
(1, -26, -124)
(0, -26, -123)
(0, -26, -122)
(1, -26, -122)
(1, -26, -121)
(0, -26, -120)
(0, -26, -119)
(1, -27, -119)
(1, -27, -118)
(0, -26, -117)
(0, -26, -116)
(0, -26, -115)
(1, -27, -115)
(0, -27, -114)
(0, -27, -113)
(0, -27, -112)
(0, -27, -111)
(1, -27, -111)
(0, -26, -110)
(1, -26, -110)
(0, -25, -109)
(1, -25, -110)
(0, -24, -110)
(0, -24, -111)
(1, -25, -112)
(0, -25, -111)
(1, -26, -112)
(0, -26, -112)
(0, -26, -113)
(1, -26, -114)
(0, -25, -113)
(1, -25, -114)
(1, -25, -115)
(0, -24, -115)
(0, -24, -116)
(1, -25, -117)
(0, -25, -117)
(0, -25, -118)
(1, -25, -119)
(0, -24, -119)
(1, -24, -120)
(0, -23, -119)
(1, -23, -120)
(1, -23, -121)
(0, -23, -121)
(1, -24, -122)
(1, -24, -123)
(0, -23, -123)
(1, -23, -124)
(0, -22, -123)
(1, -22, -123)
(1, -22, -122)
(1, -22, -121)
(1, -22, -120)
(0, -21, -119)
(1, -21, -119)
(1, -21, -118)
(0, -21, -117)
(1, -22, -117)
(1, -22, -116)
(1, -22, -115)
(0, -22, -114)
(1, -23, -115)
(0, -23, -114)
(0, -23, -113)
(1, -23, -113)
(1, -23, -112)
(0, -23, -111)
(0, -23, -110)
(0, -23, -109)
(0, -23, -108)
(0, -23, -107)
(1, -24, -107)
(0, -24, -107)
(1, -25, -108)
(0, -25, -107)
(1, -26, -107)
(0, -26, -107)
(0, -26, -108)
(1, -27, -109)
(0, -27, -109)
(1, -28, -109)
(1, -28, -108)
(0, -28, -107)
(0, -28, -106)
(1, -28, -106)
(1, -28, -105)
(0, -28, -104)
(1, -29, -105)
(0, -29, -105)
(1, -30, -105)
(0, -30, -105)
(1, -31, -105)
(0, -31, -105)
(0, -31, -106)
(0, -31, -107)
(1, -31, -108)
(0, -30, -107)
(1, -30, -107)
(0, -29, -107)
(0, -29, -108)
(0, -29, -109)
(1, -29, -110)
(1, -29, -111)
(0, -29, -111)
(1, -30, -112)
(0, -30, -111)
(1, -31, -112)
(0, -31, -112)
(0, -31, -113)
(0, -31, -114)
(1, -32, -115)
(1, -32, -116)
(0, -32, -116)
(1, -33, -116)
(0, -33, -115)
(1, -34, -115)
(1, -34, -114)
(0, -34, -113)
(1, -35, -114)
(0, -35, -113)
(1, -36, -113)
(0, -36, -113)
(1, -37, -113)
(0, -37, -113)
(1, -38, -114)
(0, -38, -114)
(1, -39, -114)
(1, -39, -113)
(0, -39, -112)
(0, -39, -111)
(1, -39, -111)
(0, -38, -110)
(1, -38, -110)
(1, -38, -109)
(1, -38, -108)
(0, -37, -107)
(1, -37, -107)
(0, -36, -107)
(0, -36, -108)
(0, -36, -109)
(1, -37, -110)
(1, -37, -111)
(0, -36, -111)
(1, -36, -111)
(0, -35, -111)
(1, -35, -111)
(1, -35, -110)
(1, -35, -109)
(0, -35, -108)
(0, -35, -107)
(0, -35, -106)
(1, -36, -106)
(0, -36, -105)
(0, -36, -104)
(1, -36, -104)
(0, -35, -103)
(1, -35, -103)
(0, -34, -102)
(1, -34, -102)
(0, -33, -101)
(1, -33, -101)
(1, -33, -100)
(1, -33, -99)
(0, -33, -98)
(1, -34, -98)
(0, -34, -97)
(1, -35, -97)
(0, -35, -97)
(0, -35, -98)
(1, -35, -99)
(1, -35, -100)
(1, -35, -101)
(0, -35, -101)
(1, -36, -101)
(0, -36, -101)
(1, -37, -101)
(0, -37, -101)
(1, -38, -101)
(0, -38, -100)
(1, -39, -100)
(0, -39, -99)
(0, -39, -98)
(1, -40, -98)
(1, -40, -97)
(1, -40, -96)
(0, -39, -95)
(1, -39, -95)
(0, -38, -95)
(1, -38, -95)
(0, -37, -94)
(1, -37, -94)
(1, -37, -93)
(0, -36, -92)
(1, -36, -93)
(1, -36, -94)
(0, -35, -94)
(1, -35, -94)
(0, -34, -93)
(0, -34, -92)
(1, -35, -92)
(0, -35, -91)
(0, -35, -90)
(1, -36, -90)
(0, -36, -89)
(1, -37, -90)
(0, -37, -90)
(1, -38, -91)
(0, -38, -91)
(1, -39, -92)
(0, -39, -92)
(1, -40, -93)
(0, -40, -92)
(1, -41, -93)
(0, -41, -92)
(1, -42, -92)
(1, -42, -91)
(1, -42, -90)
(0, -42, -89)
(0, -42, -88)
(0, -42, -87)
(1, -42, -87)
(0, -41, -86)
(0, -41, -85)
(0, -41, -84)
(1, -41, -84)
(1, -41, -83)
(1, -41, -82)
(0, -41, -81)
(1, -42, -82)
(1, -42, -83)
(0, -42, -83)
(1, -43, -84)
(0, -43, -84)
(1, -44, -84)
(0, -44, -84)
(1, -45, -84)
(1, -45, -83)
(0, -44, -82)
(0, -44, -81)
(0, -44, -80)
(1, -44, -80)
(0, -43, -79)
(1, -43, -79)
(0, -42, -78)
(1, -42, -78)
(1, -42, -77)
(0, -41, -76)
(1, -41, -76)
(1, -41, -75)
(1, -41, -74)
(1, -41, -73)
(0, -41, -72)
(1, -42, -72)
(0, -42, -71)
(1, -43, -72)
(1, -43, -73)
(0, -43, -73)
(1, -44, -74)
(0, -44, -73)
(1, -45, -73)
(0, -45, -73)
(1, -46, -73)
(1, -46, -72)
(1, -46, -71)
(0, -45, -70)
(1, -45, -71)
(0, -44, -70)
(1, -44, -70)
(0, -43, -69)
(0, -43, -68)
(0, -43, -67)
(0, -43, -66)
(1, -43, -66)
(0, -42, -66)
(1, -42, -67)
(0, -41, -66)
(0, -41, -65)
(0, -41, -64)
(1, -42, -64)
(0, -42, -64)
(1, -43, -64)
(0, -43, -63)
(0, -43, -62)
(0, -43, -61)
(0, -43, -60)
(0, -43, -59)
(1, -44, -59)
(0, -44, -59)
(1, -45, -59)
(0, -45, -58)
(1, -46, -59)
(0, -46, -58)
(1, -47, -58)
(0, -47, -58)
(1, -48, -59)
(1, -48, -60)
(0, -48, -60)
(1, -49, -61)
(0, -49, -60)
(1, -50, -60)
(0, -50, -59)
(1, -51, -60)
(0, -51, -60)
(0, -51, -61)
(1, -51, -62)
(0, -50, -62)
(1, -50, -63)
(0, -49, -63)
(1, -49, -63)
(0, -48, -62)
(1, -48, -62)
(0, -47, -61)
(1, -47, -62)
(1, -47, -63)
(0, -47, -63)
(1, -48, -64)
(1, -48, -65)
(1, -48, -66)
(0, -47, -66)
(1, -47, -67)
(0, -46, -66)
(1, -46, -67)
(1, -46, -68)
(1, -46, -69)
(0, -46, -69)
(1, -47, -70)
(0, -47, -70)
(1, -48, -70)
(0, -48, -70)
(0, -48, -71)
(1, -48, -72)
(0, -47, -72)
(0, -47, -73)
(1, -48, -74)
(0, -48, -73)
(1, -49, -74)
(1, -49, -75)
(0, -49, -75)
(0, -49, -76)
(1, -50, -77)
(0, -50, -76)
(1, -51, -77)
(0, -51, -77)
(0, -51, -78)
(1, -51, -79)
(0, -50, -78)
(1, -50, -79)
(0, -49, -79)
(0, -49, -80)
(0, -49, -81)
(0, -49, -82)
(1, -50, -83)
(0, -50, -82)
(1, -51, -82)
(0, -51, -81)
(1, -52, -81)
(1, -52, -80)
(0, -52, -79)
(1, -53, -80)
(1, -53, -81)
(1, -53, -82)
(1, -53, -83)
(0, -52, -83)
(0, -52, -84)
(0, -52, -85)
(1, -52, -86)
(0, -51, -85)
(1, -51, -85)
(0, -50, -85)
(1, -50, -86)
(0, -49, -86)
(1, -49, -87)
(0, -48, -87)
(0, -48, -88)
(1, -48, -89)
(0, -47, -89)
(1, -47, -89)
(1, -47, -88)
(1, -47, -87)
(0, -47, -86)
(1, -48, -86)
(1, -48, -85)
(0, -48, -84)
(0, -48, -83)
(0, -48, -82)
(1, -48, -82)
(1, -48, -81)
(0, -47, -80)
(1, -47, -80)
(0, -46, -79)
(1, -46, -80)
(0, -45, -80)
(0, -45, -81)
(1, -46, -82)
(1, -46, -83)
(0, -46, -83)
(0, -46, -84)
(1, -46, -85)
(0, -45, -85)
(0, -45, -86)
(1, -46, -87)
(1, -46, -88)
(1, -46, -89)
(0, -45, -89)
(1, -45, -90)
(0, -44, -90)
(1, -44, -91)
(0, -43, -91)
(1, -43, -92)
(1, -43, -93)
(0, -43, -93)
(1, -44, -93)
(0, -44, -93)
(0, -44, -94)
(1, -44, -95)
(1, -44, -96)
(0, -44, -96)
(1, -45, -97)
(0, -45, -97)
(1, -46, -97)
(0, -46, -96)
(1, -47, -96)
(0, -47, -96)
(1, -48, -96)
(1, -48, -95)
(1, -48, -94)
(1, -48, -93)
(0, -48, -92)
(1, -49, -93)
(0, -49, -93)
(0, -49, -94)
(0, -49, -95)
(1, -50, -96)
(1, -50, -97)
(0, -49, -97)
(0, -49, -98)
(0, -49, -99)
(0, -49, -100)
(1, -50, -101)
(0, -50, -100)
(0, -50, -99)
(1, -51, -99)
(0, -51, -99)
(1, -52, -100)
(0, -52, -99)
(1, -53, -100)
(1, -53, -101)
(1, -53, -102)
(0, -53, -102)
(0, -53, -103)
(0, -53, -104)
(1, -53, -105)
(1, -53, -106)
(1, -53, -107)
(0, -52, -107)
(1, -52, -107)
(1, -52, -106)
(0, -51, -105)
(1, -51, -106)
(0, -50, -105)
(1, -50, -105)
(0, -49, -104)
(1, -49, -105)
(0, -48, -105)
(1, -48, -106)
(0, -47, -106)
(1, -47, -106)
(0, -46, -105)
(1, -46, -105)
(1, -46, -104)
(1, -46, -103)
(1, -46, -102)
(0, -45, -101)
(1, -45, -101)
(0, -44, -101)
(0, -44, -102)
(1, -44, -103)
(0, -43, -103)
(0, -43, -104)
(1, -43, -105)
(0, -42, -104)
(0, -42, -103)
(0, -42, -102)
(1, -42, -102)
(0, -41, -101)
(0, -41, -100)
(1, -42, -100)
(1, -42, -99)
(0, -41, -98)
(1, -41, -99)
(0, -40, -99)
(0, -40, -100)
(0, -40, -101)
(0, -40, -102)
(0, -40, -103)
(1, -40, -104)
(0, -39, -104)
(0, -39, -105)
(1, -40, -106)
(1, -40, -107)
(0, -40, -107)
(1, -41, -108)
(0, -41, -108)
(1, -42, -108)
(0, -42, -107)
(1, -43, -108)
(0, -43, -107)
(0, -43, -106)
(1, -44, -106)
(0, -44, -105)
(1, -45, -106)
(1, -45, -107)
(0, -44, -107)
(0, -44, -108)
(0, -44, -109)
(0, -44, -110)
(0, -44, -111)
(1, -45, -112)
(1, -45, -113)
(1, -45, -114)
(0, -45, -114)
(0, -45, -115)
(1, -46, -116)
(1, -46, -117)
(0, -45, -117)
(1, -45, -118)
(0, -44, -118)
(1, -44, -118)
(0, -43, -118)
(1, -43, -118)
(0, -42, -118)
(0, -42, -119)
(1, -42, -120)
(1, -42, -121)
(0, -42, -121)
(1, -43, -122)
(0, -43, -121)
(0, -43, -120)
(1, -44, -120)
(0, -44, -120)
(0, -44, -121)
(1, -45, -122)
(0, -45, -121)
(1, -46, -122)
(0, -46, -121)
(1, -47, -122)
(0, -47, -121)
(0, -47, -120)
(0, -47, -119)
(1, -48, -119)
(0, -48, -118)
(0, -48, -117)
(1, -48, -117)
(1, -48, -116)
(1, -48, -115)
(1, -48, -114)
(0, -48, -113)
(1, -49, -114)
(1, -49, -115)
(0, -49, -115)
(1, -50, -115)
(1, -50, -114)
(1, -50, -113)
(0, -50, -112)
(0, -50, -111)
(0, -50, -110)
(0, -50, -109)
(1, -51, -109)
(0, -51, -109)
(0, -51, -110)
(0, -51, -111)
(0, -51, -112)
(0, -51, -113)
(0, -51, -114)
(1, -51, -115)
(1, -51, -116)
(1, -51, -117)
(1, -51, -118)
(0, -51, -118)
(1, -52, -119)
(1, -52, -120)
(0, -52, -120)
(0, -52, -121)
(1, -53, -122)
(1, -53, -123)
(0, -53, -123)
(1, -54, -123)
(0, -54, -123)
(1, -55, -123)
(1, -55, -122)
(0, -54, -121)
(1, -54, -121)
(1, -54, -120)
(0, -53, -119)
(0, -53, -118)
(0, -53, -117)
(0, -53, -116)
(0, -53, -115)
(1, -54, -115)
(0, -54, -114)
(1, -55, -115)
(0, -55, -114)
(0, -55, -113)
(1, -56, -113)
(1, -56, -112)
(0, -55, -111)
(1, -55, -111)
(0, -54, -111)
(1, -54, -112)
(1, -54, -113)
(0, -53, -113)
(1, -53, -113)
(1, -53, -112)
(0, -52, -111)
(0, -52, -110)
(0, -52, -109)
(1, -53, -109)
(0, -53, -108)
(1, -54, -109)
(0, -54, -108)
(1, -55, -109)
(0, -55, -108)
(1, -56, -108)
(1, -56, -107)
(0, -56, -106)
(1, -57, -107)
(0, -57, -107)
(1, -58, -107)
(0, -58, -106)
(1, -59, -106)
(1, -59, -105)
(1, -59, -104)
(0, -58, -103)
(1, -58, -104)
(1, -58, -105)
(0, -57, -105)
(1, -57, -105)
(0, -56, -104)
(1, -56, -104)
(1, -56, -103)
(1, -56, -102)
(0, -55, -101)
(0, -55, -100)
(0, -55, -99)
(1, -56, -99)
(0, -56, -98)
(1, -57, -98)
(1, -57, -97)
(0, -56, -96)
(0, -56, -95)
(1, -56, -95)
(1, -56, -94)
(0, -55, -93)
(1, -55, -94)
(1, -55, -95)
(1, -55, -96)
(0, -55, -96)
(0, -55, -97)
(1, -55, -98)
(0, -54, -98)
(1, -54, -98)
(1, -54, -97)
(1, -54, -96)
(0, -53, -95)
(0, -53, -94)
(0, -53, -93)
(1, -53, -93)
(0, -52, -93)
(1, -52, -93)
(1, -52, -92)
(0, -52, -91)
(0, -52, -90)
(1, -53, -90)
(0, -53, -89)
(1, -54, -90)
(1, -54, -91)
(1, -54, -92)
(0, -54, -92)
(1, -55, -92)
(0, -55, -91)
(1, -56, -92)
(0, -56, -92)
(1, -57, -93)
(1, -57, -94)
(0, -57, -94)
(1, -58, -94)
(0, -58, -93)
(1, -59, -93)
(0, -59, -93)
(1, -60, -94)
(0, -60, -94)
(1, -61, -95)
(0, -61, -94)
(1, -62, -95)
(0, -62, -95)
(0, -62, -96)
(1, -63, -97)
(0, -63, -96)
(1, -64, -96)
(0, -64, -96)
(1, -65, -97)
(0, -65, -97)
(1, -66, -97)
(0, -66, -97)
(0, -66, -98)
(0, -66, -99)
(0, -66, -100)
(0, -66, -101)
(1, -66, -102)
(1, -66, -103)
(1, -66, -104)
(0, -66, -104)
(1, -67, -104)
(1, -67, -103)
(0, -67, -102)
(0, -67, -101)
(0, -67, -100)
(1, -68, -100)
(0, -68, -99)
(0, -68, -98)
(1, -69, -98)
(1, -69, -97)
(1, -69, -96)
(0, -69, -95)
(1, -70, -96)
(1, -70, -97)
(1, -70, -98)
(1, -70, -99)
(0, -70, -99)
(0, -70, -100)
(1, -70, -101)
(0, -69, -100)
(1, -69, -101)
(1, -69, -102)
(1, -69, -103)
(1, -69, -104)
(0, -69, -104)
(1, -70, -104)
(0, -70, -104)
(0, -70, -105)
(0, -70, -106)
(1, -70, -107)
(0, -69, -106)
(1, -69, -106)
(0, -68, -105)
(1, -68, -105)
(0, -67, -105)
(1, -67, -106)
(0, -66, -106)
(1, -66, -106)
(0, -65, -106)
(0, -65, -107)
(1, -66, -108)
(0, -66, -108)
(0, -66, -109)
(1, -66, -110)
(0, -65, -109)
(1, -65, -109)
(0, -64, -109)
(1, -64, -110)
(1, -64, -111)
(0, -64, -111)
(1, -65, -112)
(0, -65, -112)
(1, -66, -113)
(0, -66, -113)
(0, -66, -114)
(0, -66, -115)
(1, -67, -116)
(1, -67, -117)
(1, -67, -118)
(0, -67, -118)
(1, -68, -118)
(0, -68, -117)
(0, -68, -116)
(0, -68, -115)
(1, -69, -115)
(0, -69, -114)
(1, -70, -114)
(0, -70, -114)
(0, -70, -115)
(1, -70, -116)
(0, -69, -116)
(0, -69, -117)
(1, -70, -118)
(0, -70, -118)
(0, -70, -119)
(1, -71, -120)
(1, -71, -121)
(0, -71, -121)
(1, -72, -121)
(1, -72, -120)
(0, -72, -119)
(0, -72, -118)
(1, -72, -118)
(1, -72, -117)
(0, -71, -116)
(0, -71, -115)
(1, -72, -115)
(0, -72, -114)
(1, -73, -115)
(0, -73, -115)
(0, -73, -116)
(0, -73, -117)
(0, -73, -118)
(0, -73, -119)
(0, -73, -120)
(1, -73, -121)
(1, -73, -122)
(0, -73, -122)
(0, -73, -123)
(1, -73, -124)
(0, -72, -123)
(1, -72, -124)
(1, -72, -125)
(1, -72, -126)
(0, -71, -126)
(1, -71, -127)
(0, -70, -127)
(0, -70, -128)
(0, -70, -129)
(1, -70, -130)
(1, -70, -131)
(0, -69, -131)
(1, -69, -131)
(0, -68, -131)
(1, -68, -131)
(0, -67, -130)
(1, -67, -131)
(1, -67, -132)
(0, -66, -132)
(1, -66, -132)
(0, -65, -131)
(0, -65, -130)
(0, -65, -129)
(0, -65, -128)
(0, -65, -127)
(1, -66, -127)
(1, -66, -126)
(0, -65, -125)
(1, -65, -126)
(0, -64, -125)
(1, -64, -125)
(0, -63, -125)
(1, -63, -125)
(0, -62, -124)
(1, -62, -125)
(0, -61, -124)
(0, -61, -123)
(0, -61, -122)
(1, -61, -122)
(1, -61, -121)
(1, -61, -120)
(1, -61, -119)
(1, -61, -118)
(0, -60, -117)
(1, -60, -117)
(0, -59, -116)
(1, -59, -117)
(1, -59, -118)
(0, -58, -118)
(1, -58, -119)
(1, -58, -120)
(1, -58, -121)
(0, -57, -121)
(1, -57, -121)
(1, -57, -120)
(1, -57, -119)
(1, -57, -118)
(1, -57, -117)
(0, -56, -116)
(1, -56, -117)
(1, -56, -118)
(1, -56, -119)
(1, -56, -120)
(1, -56, -121)
(1, -56, -122)
(0, -56, -122)
(0, -56, -123)
(0, -56, -124)
(1, -56, -125)
(1, -56, -126)
(0, -56, -126)
(1, -57, -126)
(0, -57, -126)
(0, -57, -127)
(1, -58, -128)
(1, -58, -129)
(0, -58, -129)
(0, -58, -130)
(0, -58, -131)
(1, -59, -132)
(0, -59, -132)
(1, -60, -132)
(0, -60, -132)
(1, -61, -132)
(0, -61, -132)
(1, -62, -133)
(0, -62, -133)
(1, -63, -134)
(1, -63, -135)
(0, -62, -135)
(0, -62, -136)
(1, -63, -137)
(0, -63, -136)
(1, -64, -136)
(0, -64, -135)
(1, -65, -136)
(0, -65, -135)
(1, -66, -135)
(0, -66, -135)
(1, -67, -136)
(0, -67, -135)
(1, -68, -136)
(0, -68, -136)
(1, -69, -137)
(1, -69, -138)
(0, -69, -138)
(0, -69, -139)
(1, -70, -140)
(0, -70, -140)
(0, -70, -141)
(1, -70, -142)
(0, -69, -141)
(1, -69, -141)
(0, -68, -140)
(1, -68, -140)
(0, -67, -140)
(0, -67, -141)
(1, -67, -142)
(0, -66, -141)
(0, -66, -140)
(0, -66, -139)
(0, -66, -138)
(1, -66, -138)
(0, -65, -138)
(0, -65, -139)
(0, -65, -140)
(1, -65, -141)
(0, -64, -140)
(0, -64, -139)
(1, -64, -139)
(0, -63, -138)
(1, -63, -139)
(0, -62, -138)
(1, -62, -139)
(1, -62, -140)
(0, -61, -140)
(1, -61, -141)
(0, -60, -141)
(0, -60, -142)
(0, -60, -143)
(1, -60, -144)
(1, -60, -145)
(1, -60, -146)
(0, -60, -146)
(1, -61, -147)
(1, -61, -148)
(1, -61, -149)
(0, -61, -149)
(1, -62, -149)
(1, -62, -148)
(1, -62, -147)
(0, -62, -146)
(1, -63, -147)
(0, -63, -146)
(1, -64, -147)
(0, -64, -147)
(1, -65, -148)
(1, -65, -149)
(0, -64, -149)
(0, -64, -150)
(1, -64, -151)
(1, -64, -152)
(1, -64, -153)
(1, -64, -154)
(1, -64, -155)
(0, -63, -155)
(1, -63, -155)
(1, -63, -154)
(1, -63, -153)
(0, -62, -152)
(0, -62, -151)
(1, -62, -151)
(0, -61, -151)
(0, -61, -152)
(1, -61, -153)
(0, -60, -153)
(0, -60, -154)
(1, -60, -155)
(0, -59, -155)
(1, -59, -155)
(0, -58, -155)
(0, -58, -156)
(1, -58, -157)
(0, -57, -156)
(1, -57, -156)
(1, -57, -155)
(0, -56, -154)
(1, -56, -154)
(1, -56, -153)
(0, -55, -152)
(1, -55, -153)
(0, -54, -152)
(1, -54, -153)
(0, -53, -152)
(0, -53, -151)
(1, -54, -151)
(0, -54, -150)
(1, -55, -151)
(0, -55, -150)
(0, -55, -149)
(1, -55, -149)
(0, -54, -148)
(1, -54, -149)
(0, -53, -148)
(0, -53, -147)
(0, -53, -146)
(1, -54, -146)
(0, -54, -145)
(1, -55, -146)
(1, -55, -147)
(0, -55, -147)
(1, -56, -148)
(0, -56, -148)
(1, -57, -148)
(1, -57, -147)
(0, -57, -146)
(1, -58, -146)
(1, -58, -145)
(1, -58, -144)
(0, -58, -143)
(0, -58, -142)
(1, -58, -142)
(1, -58, -141)
(0, -57, -140)
(0, -57, -139)
(1, -58, -139)
(0, -58, -139)
(1, -59, -139)
(0, -59, -139)
(1, -60, -139)
(0, -60, -138)
(0, -60, -137)
(0, -60, -136)
(1, -60, -136)
(0, -59, -136)
(1, -59, -136)
(0, -58, -135)
(1, -58, -136)
(0, -57, -136)
(0, -57, -137)
(1, -57, -138)
(0, -56, -138)
(1, -56, -138)
(1, -56, -137)
(1, -56, -136)
(0, -55, -135)
(0, -55, -134)
(1, -56, -134)
(1, -56, -133)
(1, -56, -132)
(0, -55, -131)
(0, -55, -130)
(1, -56, -130)
(1, -56, -129)
(1, -56, -128)
(0, -55, -127)
(1, -55, -127)
(1, -55, -126)
(0, -54, -125)
(1, -54, -125)
(0, -53, -125)
(0, -53, -126)
(1, -54, -127)
(1, -54, -128)
(0, -53, -128)
(1, -53, -128)
(0, -52, -127)
(1, -52, -128)
(0, -51, -127)
(0, -51, -126)
(1, -52, -126)
(1, -52, -125)
(0, -51, -124)
(1, -51, -124)
(0, -50, -124)
(1, -50, -125)
(1, -50, -126)
(0, -50, -126)
(0, -50, -127)
(0, -50, -128)
(0, -50, -129)
(0, -50, -130)
(1, -50, -131)
(0, -49, -131)
(0, -49, -132)
(0, -49, -133)
(1, -50, -134)
(0, -50, -134)
(1, -51, -135)
(1, -51, -136)
(0, -50, -136)
(1, -50, -136)
(0, -49, -136)
(0, -49, -137)
(1, -49, -138)
(0, -48, -138)
(1, -48, -138)
(0, -47, -138)
(1, -47, -139)
(0, -46, -138)
(0, -46, -137)
(1, -46, -137)
(1, -46, -136)
(0, -45, -135)
(1, -45, -135)
(0, -44, -135)
(1, -44, -136)
(1, -44, -137)
(1, -44, -138)
(0, -44, -138)
(0, -44, -139)
(1, -45, -140)
(0, -45, -139)
(1, -46, -140)
(1, -46, -141)
(0, -45, -141)
(1, -45, -142)
(1, -45, -143)
(0, -45, -143)
(0, -45, -144)
(0, -45, -145)
(1, -45, -146)
(0, -44, -146)
(1, -44, -147)
(0, -43, -147)
(1, -43, -148)
(0, -42, -148)
(0, -42, -149)
(1, -43, -150)
(0, -43, -149)
(1, -44, -150)
(1, -44, -151)
(0, -43, -151)
(1, -43, -152)
(1, -43, -153)
(0, -43, -153)
(1, -44, -154)
(0, -44, -154)
(1, -45, -154)
(0, -45, -154)
(1, -46, -154)
(1, -46, -153)
(1, -46, -152)
(0, -46, -151)
(1, -47, -151)
(0, -47, -150)
(1, -48, -151)
(1, -48, -152)
(1, -48, -153)
(1, -48, -154)
(0, -47, -154)
(1, -47, -155)
(1, -47, -156)
(0, -47, -156)
(1, -48, -156)
(0, -48, -156)
(1, -49, -156)
(0, -49, -155)
(1, -50, -155)
(1, -50, -154)
(0, -49, -153)
(0, -49, -152)
(0, -49, -151)
(0, -49, -150)
(1, -50, -150)
(0, -50, -150)
(0, -50, -151)
(0, -50, -152)
(1, -51, -153)
(1, -51, -154)
(0, -51, -154)
(1, -52, -154)
(0, -52, -154)
(1, -53, -155)
(1, -53, -156)
(0, -53, -156)
(0, -53, -157)
(1, -54, -158)
(0, -54, -157)
(1, -55, -158)
(1, -55, -159)
(0, -54, -159)
(1, -54, -160)
(1, -54, -161)
(0, -53, -161)
(0, -53, -162)
(1, -54, -163)
(0, -54, -163)
(1, -55, -163)
(0, -55, -162)
(0, -55, -161)
(0, -55, -160)
(1, -56, -160)
(1, -56, -159)
(1, -56, -158)
(0, -56, -157)
(1, -57, -158)
(1, -57, -159)
(0, -57, -159)
(1, -58, -159)
(0, -58, -158)
(1, -59, -158)
(0, -59, -157)
(1, -60, -157)
(0, -60, -156)
(1, -61, -157)
(0, -61, -157)
(1, -62, -157)
(0, -62, -156)
(1, -63, -157)
(0, -63, -157)
(1, -64, -158)
(1, -64, -159)
(0, -64, -159)
(1, -65, -159)
(0, -65, -158)
(1, -66, -159)
(1, -66, -160)
(1, -66, -161)
(0, -65, -161)
(1, -65, -161)
(0, -64, -161)
(1, -64, -161)
(0, -63, -160)
(1, -63, -161)
(0, -62, -160)
(1, -62, -161)
(0, -61, -161)
(1, -61, -162)
(0, -60, -162)
(1, -60, -163)
(0, -59, -162)
(0, -59, -161)
(0, -59, -160)
(1, -59, -160)
(0, -58, -160)
(0, -58, -161)
(1, -58, -162)
(0, -57, -161)
(1, -57, -162)
(1, -57, -163)
(0, -56, -163)
(0, -56, -164)
(1, -56, -165)
(1, -56, -166)
(0, -55, -166)
(1, -55, -167)
(0, -54, -167)
(0, -54, -168)
(1, -54, -169)
(0, -53, -169)
(0, -53, -170)
(0, -53, -171)
(0, -53, -172)
(0, -53, -173)
(1, -53, -174)
(1, -53, -175)
(1, -53, -176)
(1, -53, -177)
(0, -53, -177)
(1, -54, -177)
(0, -54, -177)
(0, -54, -178)
(1, -55, -179)
(0, -55, -179)
(1, -56, -179)
(1, -56, -178)
(0, -55, -177)
(0, -55, -176)
(0, -55, -175)
(1, -56, -175)
(0, -56, -174)
(1, -57, -175)
(1, -57, -176)
(0, -57, -176)
(1, -58, -176)
(0, -58, -175)
(1, -59, -176)
(1, -59, -177)
(0, -58, -177)
(0, -58, -178)
(0, -58, -179)
(0, -58, -180)
(1, -59, -181)
(0, -59, -180)
(0, -59, -179)
(0, -59, -178)
(1, -60, -178)
(0, -60, -177)
(0, -60, -176)
(0, -60, -175)
(0, -60, -174)
(0, -60, -173)
(0, -60, -172)
(1, -61, -172)
(0, -61, -172)
(1, -62, -173)
(0, -62, -172)
(0, -62, -171)
(1, -62, -171)
(0, -61, -170)
(1, -61, -170)
(0, -60, -169)
(0, -60, -168)
(1, -60, -168)
(0, -59, -167)
(1, -59, -167)
(0, -58, -167)
(0, -58, -168)
(1, -59, -169)
(1, -59, -170)
(0, -58, -170)
(1, -58, -171)
(0, -57, -171)
(1, -57, -171)
(1, -57, -170)
(0, -56, -169)
(1, -56, -169)
(1, -56, -168)
(0, -56, -167)
(1, -57, -168)
(0, -57, -167)
(0, -57, -166)
(1, -58, -166)
(1, -58, -165)
(0, -58, -164)
(1, -59, -164)
(0, -59, -164)
(0, -59, -165)
(1, -60, -166)
(0, -60, -166)
(1, -61, -166)
(1, -61, -165)
(0, -61, -164)
(1, -62, -164)
(0, -62, -164)
(1, -63, -165)
(0, -63, -165)
(1, -64, -165)
(1, -64, -164)
(0, -64, -163)
(1, -65, -164)
(0, -65, -164)
(1, -66, -165)
(0, -66, -165)
(1, -67, -165)
(0, -67, -165)
(1, -68, -165)
(0, -68, -165)
(1, -69, -166)
(0, -69, -165)
(1, -70, -166)
(0, -70, -165)
(1, -71, -165)
(0, -71, -165)
(0, -71, -166)
(1, -71, -167)
(1, -71, -168)
(0, -71, -168)
(1, -72, -168)
(0, -72, -168)
(1, -73, -169)
(0, -73, -168)
(1, -74, -169)
(1, -74, -170)
(1, -74, -171)
(0, -74, -171)
(1, -75, -171)
(0, -75, -171)
(1, -76, -172)
(0, -76, -172)
(1, -77, -173)
(0, -77, -173)
(0, -77, -174)
(0, -77, -175)
(1, -78, -176)
(0, -78, -176)
(1, -79, -177)
(0, -79, -177)
(1, -80, -178)
(0, -80, -177)
(1, -81, -178)
(0, -81, -178)
(1, -82, -178)
(1, -82, -177)
(0, -82, -176)
(1, -83, -176)
(0, -83, -176)
(1, -84, -177)
(1, -84, -178)
(0, -84, -178)
(1, -85, -178)
(1, -85, -177)
(1, -85, -176)
(0, -84, -175)
(1, -84, -175)
(0, -83, -174)
(1, -83, -174)
(0, -82, -173)
(1, -82, -174)
(0, -81, -173)
(1, -81, -174)
(0, -80, -174)
(1, -80, -174)
(1, -80, -173)
(1, -80, -172)
(1, -80, -171)
(0, -80, -170)
(1, -81, -171)
(0, -81, -171)
(1, -82, -171)
(0, -82, -171)
(1, -83, -171)
(0, -83, -170)
(0, -83, -169)
(1, -84, -169)
(1, -84, -168)
(0, -83, -167)
(0, -83, -166)
(1, -83, -166)
(0, -82, -166)
(1, -82, -166)
(1, -82, -165)
(0, -81, -164)
(1, -81, -164)
(0, -80, -163)
(1, -80, -164)
(0, -79, -163)
(1, -79, -163)
(0, -78, -162)
(1, -78, -163)
(0, -77, -163)
(1, -77, -164)
(1, -77, -165)
(0, -77, -165)
(0, -77, -166)
(0, -77, -167)
(1, -77, -168)
(1, -77, -169)
(1, -77, -170)
(0, -76, -170)
(1, -76, -170)
(1, -76, -169)
(1, -76, -168)
(1, -76, -167)
(0, -75, -166)
(1, -75, -166)
(0, -74, -166)
(1, -74, -166)
(0, -73, -166)
(1, -73, -166)
(1, -73, -165)
(1, -73, -164)
(0, -73, -163)
(1, -74, -163)
(0, -74, -163)
(1, -75, -164)
(0, -75, -163)
(1, -76, -163)
(0, -76, -162)
(1, -77, -162)
(1, -77, -161)
(0, -76, -160)
(1, -76, -161)
(0, -75, -160)
(1, -75, -161)
(0, -74, -160)
(1, -74, -161)
(0, -73, -160)
(0, -73, -159)
(1, -74, -159)
(1, -74, -158)
(0, -74, -157)
(1, -75, -158)
(0, -75, -158)
(1, -76, -158)
(1, -76, -157)
(0, -75, -156)
(1, -75, -156)
(0, -74, -155)
(0, -74, -154)
(0, -74, -153)
(1, -74, -153)
(1, -74, -152)
(0, -73, -151)
(0, -73, -150)
(1, -74, -150)
(0, -74, -149)
(0, -74, -148)
(1, -75, -148)
(0, -75, -147)
(1, -76, -147)
(1, -76, -146)
(0, -75, -145)
(1, -75, -145)
(0, -74, -144)
(1, -74, -145)
(1, -74, -146)
(0, -73, -146)
(0, -73, -147)
(1, -73, -148)
(1, -73, -149)
(0, -72, -149)
(0, -72, -150)
(0, -72, -151)
(0, -72, -152)
(1, -72, -153)
(1, -72, -154)
(0, -72, -154)
(1, -73, -154)
(0, -73, -154)
(0, -73, -155)
(0, -73, -156)
(1, -73, -157)
(0, -72, -156)
(1, -72, -157)
(0, -71, -156)
(0, -71, -155)
(1, -71, -155)
(0, -70, -154)
(1, -70, -155)
(0, -69, -154)
(1, -69, -155)
(0, -68, -155)
(1, -68, -156)
(1, -68, -157)
(0, -67, -157)
(1, -67, -157)
(0, -66, -157)
(1, -66, -157)
(0, -65, -156)
(0, -65, -155)
(1, -66, -155)
(1, -66, -154)
(0, -65, -153)
(0, -65, -152)
(1, -66, -152)
(0, -66, -152)
(1, -67, -153)
(0, -67, -152)
(1, -68, -153)
(0, -68, -152)
(1, -69, -153)
(0, -69, -152)
(1, -70, -153)
(0, -70, -152)
(0, -70, -151)
(0, -70, -150)
(1, -70, -150)
(0, -69, -150)
(1, -69, -151)
(0, -68, -150)
(1, -68, -151)
(0, -67, -150)
(0, -67, -149)
(1, -67, -149)
(1, -67, -148)
(1, -67, -147)
(0, -66, -146)
(0, -66, -145)
(0, -66, -144)
(1, -67, -144)
(0, -67, -144)
(1, -68, -145)
(0, -68, -145)
(1, -69, -145)
(0, -69, -144)
(1, -70, -145)
(0, -70, -145)
(0, -70, -146)
(1, -71, -147)
(1, -71, -148)
(0, -71, -148)
(1, -72, -148)
(1, -72, -147)
(0, -72, -146)
(0, -72, -145)
(1, -72, -145)
(1, -72, -144)
(0, -72, -143)
(0, -72, -142)
(1, -73, -142)
(0, -73, -142)
(1, -74, -143)
(0, -74, -142)
(1, -75, -143)
(0, -75, -143)
(1, -76, -143)
(0, -76, -142)
(1, -77, -142)
(1, -77, -141)
(0, -76, -140)
(1, -76, -141)
(0, -75, -140)
(1, -75, -141)
(0, -74, -140)
(0, -74, -139)
(1, -74, -139)
(1, -74, -138)
(0, -74, -137)
(1, -75, -138)
(0, -75, -137)
(1, -76, -138)
(0, -76, -138)
(1, -77, -139)
(0, -77, -138)
(1, -78, -139)
(1, -78, -140)
(0, -78, -140)
(1, -79, -141)
(0, -79, -140)
(0, -79, -139)
(1, -79, -139)
(1, -79, -138)
(0, -79, -137)
(1, -80, -138)
(0, -80, -138)
(1, -81, -139)
(0, -81, -139)
(0, -81, -140)
(0, -81, -141)
(1, -82, -142)
(0, -82, -142)
(1, -83, -142)
(1, -83, -141)
(1, -83, -140)
(1, -83, -139)
(1, -83, -138)
(0, -83, -137)
(1, -84, -138)
(1, -84, -139)
(0, -84, -139)
(0, -84, -140)
(0, -84, -141)
(0, -84, -142)
(0, -84, -143)
(1, -84, -144)
(1, -84, -145)
(0, -83, -145)
(1, -83, -146)
(1, -83, -147)
(1, -83, -148)
(1, -83, -149)
(1, -83, -150)
(1, -83, -151)
(1, -83, -152)
(0, -83, -152)
(1, -84, -152)
(0, -84, -152)
(0, -84, -153)
(0, -84, -154)
(1, -84, -155)
(0, -83, -155)
(0, -83, -156)
(1, -84, -157)
(0, -84, -156)
(1, -85, -157)
(1, -85, -158)
(1, -85, -159)
(1, -85, -160)
(0, -85, -160)
(1, -86, -161)
(0, -86, -160)
(0, -86, -159)
(0, -86, -158)
(1, -87, -158)
(0, -87, -157)
(1, -88, -157)
(0, -88, -157)
(0, -88, -158)
(1, -89, -159)
(0, -89, -159)
(1, -90, -159)
(0, -90, -158)
(1, -91, -158)
(0, -91, -158)
(1, -92, -158)
(0, -92, -157)
(1, -93, -158)
(1, -93, -159)
(1, -93, -160)
(0, -93, -160)
(1, -94, -161)
(1, -94, -162)
(1, -94, -163)
(0, -93, -163)
(1, -93, -164)
(0, -92, -163)
(1, -92, -163)
(1, -92, -162)
(0, -91, -161)
(1, -91, -162)
(0, -90, -162)
(1, -90, -162)
(0, -89, -162)
(0, -89, -163)
(0, -89, -164)
(1, -90, -165)
(0, -90, -165)
(1, -91, -166)
(1, -91, -167)
(0, -90, -167)
(1, -90, -167)
(0, -89, -166)
(1, -89, -167)
(1, -89, -168)
(0, -89, -168)
(1, -90, -169)
(1, -90, -170)
(0, -90, -170)
(0, -90, -171)
(0, -90, -172)
(1, -90, -173)
(0, -89, -173)
(1, -89, -173)
(0, -88, -173)
(1, -88, -173)
(0, -87, -173)
(0, -87, -174)
(1, -88, -175)
(0, -88, -175)
(0, -88, -176)
(0, -88, -177)
(1, -89, -178)
(0, -89, -177)
(0, -89, -176)
(1, -90, -176)
(1, -90, -175)
(0, -90, -174)
(1, -91, -175)
(0, -91, -175)
(1, -92, -175)
(0, -92, -174)
(1, -93, -175)
(1, -93, -176)
(0, -93, -176)
(1, -94, -176)
(0, -94, -176)
(1, -95, -177)
(0, -95, -177)
(1, -96, -177)
(1, -96, -176)
(1, -96, -175)
(1, -96, -174)
(0, -96, -173)
(1, -97, -174)
(1, -97, -175)
(0, -97, -175)
(1, -98, -176)
(1, -98, -177)
(0, -97, -177)
(0, -97, -178)
(0, -97, -179)
(1, -98, -180)
(0, -98, -180)
(0, -98, -181)
(0, -98, -182)
(1, -99, -183)
(0, -99, -182)
(1, -100, -182)
(1, -100, -181)
(0, -99, -180)
(0, -99, -179)
(1, -99, -179)
(1, -99, -178)
(1, -99, -177)
(0, -99, -176)
(0, -99, -175)
(1, -100, -175)
(1, -100, -174)
(0, -100, -173)
(0, -100, -172)
(1, -100, -172)
(0, -99, -172)
(1, -99, -173)
(0, -98, -173)
(1, -98, -173)
(1, -98, -172)
(0, -97, -171)
(1, -97, -172)
(0, -96, -171)
(1, -96, -172)
(0, -95, -172)
(1, -95, -173)
(0, -94, -173)
(1, -94, -173)
(0, -93, -173)
(1, -93, -173)
(1, -93, -172)
(1, -93, -171)
(0, -92, -170)
(1, -92, -170)
(1, -92, -169)
(0, -92, -168)
(0, -92, -167)
(0, -92, -166)
(1, -93, -166)
(0, -93, -166)
(0, -93, -167)
(0, -93, -168)
(0, -93, -169)
(1, -94, -170)
(0, -94, -170)
(1, -95, -171)
(0, -95, -170)
(0, -95, -169)
(0, -95, -168)
(1, -96, -168)
(0, -96, -167)
(0, -96, -166)
(1, -96, -166)
(0, -95, -165)
(0, -95, -164)
(1, -96, -164)
(0, -96, -164)
(1, -97, -164)
(0, -97, -163)
(1, -98, -164)
(0, -98, -164)
(1, -99, -165)
(1, -99, -166)
(0, -98, -166)
(0, -98, -167)
(1, -99, -168)
(0, -99, -167)
(1, -100, -168)
(0, -100, -167)
(0, -100, -166)
(0, -100, -165)
(1, -100, -165)
(1, -100, -164)
(0, -100, -163)
(0, -100, -162)
(0, -100, -161)
(1, -100, -161)
(0, -99, -160)
(1, -99, -161)
(0, -98, -161)
(1, -98, -161)
(0, -97, -161)
(1, -97, -162)
(0, -96, -161)
(1, -96, -162)
(0, -95, -162)
(1, -95, -162)
(1, -95, -161)
(0, -95, -160)
(1, -96, -160)
(0, -96, -159)
(0, -96, -158)
(1, -96, -158)
(0, -95, -157)
(0, -95, -156)
(1, -95, -156)
(0, -94, -156)
(1, -94, -157)
(0, -93, -156)
(1, -93, -156)
(1, -93, -155)
(0, -92, -154)
(1, -92, -155)
(0, -91, -155)
(1, -91, -156)
(0, -90, -156)
(1, -90, -157)
(0, -89, -156)
(0, -89, -155)
(0, -89, -154)
(1, -89, -154)
(1, -89, -153)
(0, -89, -152)
(0, -89, -151)
(0, -89, -150)
(0, -89, -149)
(1, -90, -149)
(0, -90, -148)
(1, -91, -148)
(1, -91, -147)
(0, -91, -146)
(0, -91, -145)
(1, -91, -145)
(1, -91, -144)
(0, -91, -143)
(0, -91, -142)
(0, -91, -141)
(1, -92, -141)
(0, -92, -141)
(1, -93, -141)
(0, -93, -141)
(0, -93, -142)
(1, -93, -143)
(0, -92, -143)
(0, -92, -144)
(0, -92, -145)
(1, -93, -146)
(0, -93, -145)
(1, -94, -146)
(1, -94, -147)
(0, -93, -147)
(1, -93, -148)
(0, -92, -147)
(1, -92, -148)
(1, -92, -149)
(0, -91, -149)
(1, -91, -150)
(0, -90, -150)
(0, -90, -151)
(0, -90, -152)
(0, -90, -153)
(1, -91, -154)
(0, -91, -153)
(1, -92, -153)
(0, -92, -152)
(0, -92, -151)
(0, -92, -150)
(1, -93, -150)
(0, -93, -149)
(1, -94, -149)
(0, -94, -149)
(0, -94, -150)
(0, -94, -151)
(0, -94, -152)
(1, -95, -153)
(0, -95, -152)
(1, -96, -153)
(0, -96, -153)
(0, -96, -154)
(0, -96, -155)
(1, -97, -156)
(0, -97, -155)
(1, -98, -155)
(0, -98, -154)
(1, -99, -154)
(1, -99, -153)
(0, -98, -152)
(0, -98, -151)
(1, -98, -151)
(0, -97, -151)
(1, -97, -151)
(1, -97, -150)
(0, -97, -149)
(1, -98, -149)
(0, -98, -149)
(1, -99, -149)
(0, -99, -149)
(1, -100, -149)
(0, -100, -148)
(0, -100, -147)
(0, -100, -146)
(1, -100, -146)
(0, -99, -145)
(0, -99, -144)
(1, -100, -144)
(1, -100, -143)
(0, -100, -142)
(0, -100, -141)
(1, -100, -141)
(1, -100, -140)
(0, -100, -139)
(0, -100, -138)
(1, -100, -138)
(0, -99, -137)
(1, -99, -138)
(1, -99, -139)
(1, -99, -140)
(0, -98, -140)
(1, -98, -141)
(0, -97, -141)
(1, -97, -142)
(0, -96, -142)
(1, -96, -143)
(0, -95, -142)
(1, -95, -142)
(1, -95, -141)
(0, -95, -140)
(1, -96, -141)
(0, -96, -140)
(0, -96, -139)
(1, -96, -139)
(0, -95, -138)
(1, -95, -138)
(1, -95, -137)
(0, -95, -136)
(0, -95, -135)
(1, -96, -135)
(1, -96, -134)
(0, -96, -133)
(0, -96, -132)
(0, -96, -131)
(0, -96, -130)
(1, -97, -130)
(1, -97, -129)
(1, -97, -128)
(0, -96, -127)
(1, -96, -127)
(0, -95, -127)
(0, -95, -128)
(1, -95, -129)
(0, -94, -129)
(1, -94, -130)
(0, -93, -130)
(1, -93, -131)
(0, -92, -130)
(0, -92, -129)
(1, -93, -129)
(1, -93, -128)
(1, -93, -127)
(0, -93, -126)
(1, -94, -126)
(0, -94, -126)
(1, -95, -126)
(1, -95, -125)
(1, -95, -124)
(0, -94, -123)
(1, -94, -123)
(1, -94, -122)
(0, -93, -121)
(1, -93, -121)
(1, -93, -120)
(0, -93, -119)
(1, -94, -120)
(0, -94, -119)
(1, -95, -119)
(1, -95, -118)
(0, -95, -117)
(1, -96, -117)
(1, -96, -116)
(0, -95, -115)
(1, -95, -116)
(0, -94, -116)
(1, -94, -117)
(0, -93, -116)
(1, -93, -116)
(0, -92, -116)
(0, -92, -117)
(1, -92, -118)
(1, -92, -119)
(0, -91, -119)
(1, -91, -119)
(0, -90, -118)
(1, -90, -119)
(1, -90, -120)
(1, -90, -121)
(0, -89, -121)
(1, -89, -122)
(1, -89, -123)
(0, -89, -123)
(1, -90, -124)
(1, -90, -125)
(0, -90, -125)
(1, -91, -126)
(0, -91, -126)
(0, -91, -127)
(0, -91, -128)
(0, -91, -129)
(0, -91, -130)
(0, -91, -131)
(1, -91, -132)
(0, -90, -131)
(0, -90, -130)
(1, -90, -130)
(0, -89, -129)
(1, -89, -129)
(1, -89, -128)
(1, -89, -127)
(0, -88, -126)
(1, -88, -126)
(0, -87, -125)
(1, -87, -126)
(0, -86, -126)
(1, -86, -126)
(1, -86, -125)
(1, -86, -124)
(1, -86, -123)
(1, -86, -122)
(0, -85, -121)
(1, -85, -121)
(0, -84, -121)
(1, -84, -121)
(1, -84, -120)
(1, -84, -119)
(1, -84, -118)
(1, -84, -117)
(0, -84, -116)
(1, -85, -117)
(0, -85, -117)
(0, -85, -118)
(1, -86, -119)
(1, -86, -120)
(0, -86, -120)
(1, -87, -120)
(1, -87, -119)
(1, -87, -118)
(0, -86, -117)
(0, -86, -116)
(1, -86, -116)
(1, -86, -115)
(1, -86, -114)
(1, -86, -113)
(0, -86, -112)
(1, -87, -113)
(0, -87, -112)
(1, -88, -113)
(0, -88, -113)
(1, -89, -113)
(0, -89, -113)
(0, -89, -114)
(1, -90, -115)
(0, -90, -114)
(1, -91, -114)
(1, -91, -113)
(0, -90, -112)
(1, -90, -112)
(1, -90, -111)
(1, -90, -110)
(1, -90, -109)
(0, -89, -108)
(0, -89, -107)
(1, -90, -107)
(1, -90, -106)
(0, -90, -105)
(1, -91, -106)
(0, -91, -105)
(1, -92, -106)
(0, -92, -105)
(1, -93, -106)
(0, -93, -106)
(0, -93, -107)
(1, -94, -108)
(0, -94, -107)
(1, -95, -108)
(0, -95, -108)
(1, -96, -109)
(0, -96, -108)
(1, -97, -108)
(1, -97, -107)
(0, -96, -106)
(0, -96, -105)
(0, -96, -104)
(1, -96, -104)
(0, -95, -104)
(1, -95, -104)
(1, -95, -103)
(0, -95, -102)
(1, -96, -102)
(0, -96, -101)
(0, -96, -100)
(1, -96, -100)
(0, -95, -100)
(1, -95, -101)
(0, -94, -101)
(1, -94, -101)
(0, -93, -100)
(1, -93, -100)
(0, -92, -99)
(1, -92, -100)
(0, -91, -100)
(0, -91, -101)
(1, -92, -102)
(0, -92, -102)
(0, -92, -103)
(1, -92, -104)
(0, -91, -103)
(1, -91, -104)
(0, -90, -103)
(0, -90, -102)
(1, -90, -102)
(0, -89, -101)
(0, -89, -100)
(1, -89, -100)
(0, -88, -99)
(1, -88, -99)
(0, -87, -98)
(1, -87, -99)
(0, -86, -99)
(1, -86, -99)
(1, -86, -98)
(0, -86, -97)
(0, -86, -96)
(1, -86, -96)
(0, -85, -95)
(1, -85, -96)
(0, -84, -96)
(1, -84, -97)
(0, -83, -96)
(1, -83, -96)
(0, -82, -96)
(1, -82, -96)
(0, -81, -95)
(1, -81, -96)
(0, -80, -96)
(0, -80, -97)
(1, -81, -98)
(0, -81, -98)
(0, -81, -99)
(0, -81, -100)
(1, -82, -101)
(0, -82, -101)
(0, -82, -102)
(0, -82, -103)
(0, -82, -104)
(1, -82, -105)
(0, -81, -104)
(0, -81, -103)
(1, -81, -103)
(0, -80, -102)
(0, -80, -101)
(1, -80, -101)
(1, -80, -100)
(0, -79, -99)
(1, -79, -99)
(1, -79, -98)
(0, -78, -97)
(1, -78, -97)
(0, -77, -97)
(0, -77, -98)
(1, -77, -99)
(1, -77, -100)
(0, -76, -100)
(0, -76, -101)
(1, -77, -102)
(0, -77, -101)
(1, -78, -101)
(0, -78, -101)
(1, -79, -102)
(0, -79, -102)
(0, -79, -103)
(0, -79, -104)
(0, -79, -105)
(1, -79, -106)
(1, -79, -107)
(1, -79, -108)
(0, -79, -108)
(1, -80, -109)
(0, -80, -108)
(1, -81, -109)
(0, -81, -108)
(1, -82, -109)
(0, -82, -109)
(1, -83, -110)
(0, -83, -110)
(1, -84, -110)
(1, -84, -109)
(0, -83, -108)
(1, -83, -108)
(1, -83, -107)
(1, -83, -106)
(0, -83, -105)
(1, -84, -105)
(1, -84, -104)
(1, -84, -103)
(0, -83, -102)
(0, -83, -101)
(0, -83, -100)
(1, -84, -100)
(0, -84, -100)
(1, -85, -100)
(0, -85, -100)
(1, -86, -101)
(1, -86, -102)
(0, -85, -102)
(1, -85, -103)
(1, -85, -104)
(0, -85, -104)
(1, -86, -104)
(0, -86, -103)
(1, -87, -103)
(0, -87, -103)
(1, -88, -103)
(0, -88, -102)
(1, -89, -103)
(0, -89, -103)
(0, -89, -104)
(1, -89, -105)
(0, -88, -104)
(1, -88, -105)
(0, -87, -105)
(0, -87, -106)
(1, -87, -107)
(1, -87, -108)
(1, -87, -109)
(1, -87, -110)
(0, -86, -110)
(1, -86, -110)
(0, -85, -109)
(1, -85, -110)
(1, -85, -111)
(1, -85, -112)
(0, -84, -112)
(0, -84, -113)
(1, -84, -114)
(0, -83, -113)
(1, -83, -114)
(1, -83, -115)
(1, -83, -116)
(1, -83, -117)
(1, -83, -118)
(1, -83, -119)
(1, -83, -120)
(1, -83, -121)
(1, -83, -122)
(0, -83, -122)
(1, -84, -123)
(0, -84, -123)
(1, -85, -124)
(1, -85, -125)
(1, -85, -126)
(1, -85, -127)
(0, -85, -127)
(1, -86, -128)
(0, -86, -128)
(0, -86, -129)
(1, -86, -130)
(0, -85, -129)
(1, -85, -130)
(0, -84, -130)
(0, -84, -131)
(0, -84, -132)
(1, -85, -133)
(0, -85, -132)
(1, -86, -132)
(0, -86, -132)
(1, -87, -133)
(1, -87, -134)
(0, -86, -134)
(1, -86, -134)
(0, -85, -134)
(0, -85, -135)
(1, -86, -136)
(0, -86, -136)
(1, -87, -136)
(0, -87, -136)
(1, -88, -137)
(1, -88, -138)
(1, -88, -139)
(1, -88, -140)
(1, -88, -141)
(0, -87, -141)
(0, -87, -142)
(1, -87, -143)
(0, -86, -142)
(0, -86, -141)
(0, -86, -140)
(1, -87, -140)
(1, -87, -139)
(0, -86, -138)
(1, -86, -139)
(0, -85, -138)
(1, -85, -138)
(1, -85, -137)
(0, -84, -136)
(0, -84, -135)
(1, -84, -135)
(1, -84, -134)
(0, -83, -133)
(1, -83, -134)
(0, -82, -134)
(0, -82, -135)
(1, -82, -136)
(0, -81, -135)
(1, -81, -135)
(1, -81, -134)
(0, -80, -133)
(1, -80, -134)
(0, -79, -133)
(0, -79, -132)
(0, -79, -131)
(1, -80, -131)
(0, -80, -131)
(1, -81, -132)
(0, -81, -131)
(0, -81, -130)
(1, -82, -130)
(0, -82, -129)
(1, -83, -130)
(0, -83, -129)
(0, -83, -128)
(1, -83, -128)
(1, -83, -127)
(1, -83, -126)
(0, -82, -125)
(0, -82, -124)
(0, -82, -123)
(1, -82, -123)
(0, -81, -122)
(1, -81, -122)
(1, -81, -121)
(0, -81, -120)
(0, -81, -119)
(1, -81, -119)
(0, -80, -119)
(1, -80, -119)
(1, -80, -118)
(0, -79, -117)
(0, -79, -116)
(1, -80, -116)
(0, -80, -115)
(1, -81, -116)
(0, -81, -115)
(0, -81, -114)
(0, -81, -113)
(0, -81, -112)
(1, -82, -112)
(1, -82, -111)
(0, -81, -110)
(1, -81, -111)
(0, -80, -110)
(1, -80, -111)
(1, -80, -112)
(1, -80, -113)
(0, -79, -113)
(1, -79, -114)
(0, -78, -113)
(1, -78, -113)
(0, -77, -113)
(0, -77, -114)
(1, -77, -115)
(1, -77, -116)
(1, -77, -117)
(0, -77, -117)
(0, -77, -118)
(1, -77, -119)
(0, -76, -119)
(1, -76, -120)
(1, -76, -121)
(1, -76, -122)
(1, -76, -123)
(1, -76, -124)
(0, -76, -124)
(0, -76, -125)
(0, -76, -126)
(1, -77, -127)
(1, -77, -128)
(0, -76, -128)
(1, -76, -128)
(0, -75, -127)
(1, -75, -127)
(0, -74, -126)
(0, -74, -125)
(0, -74, -124)
(1, -75, -124)
(1, -75, -123)
(1, -75, -122)
(1, -75, -121)
(0, -74, -120)
(0, -74, -119)
(0, -74, -118)
(1, -75, -118)
(0, -75, -118)
(1, -76, -118)
(1, -76, -117)
(0, -75, -116)
(1, -75, -116)
(1, -75, -115)
(1, -75, -114)
(0, -74, -113)
(1, -74, -113)
(0, -73, -112)
(1, -73, -113)
(0, -72, -112)
(1, -72, -112)
(1, -72, -111)
(0, -71, -110)
(1, -71, -111)
(0, -70, -111)
(1, -70, -112)
(0, -69, -111)
(0, -69, -110)
(0, -69, -109)
(1, -70, -109)
(0, -70, -109)
(1, -71, -109)
(0, -71, -108)
(1, -72, -108)
(0, -72, -108)
(1, -73, -108)
(1, -73, -107)
(1, -73, -106)
(0, -73, -105)
(1, -74, -106)
(1, -74, -107)
(1, -74, -108)
(1, -74, -109)
(0, -73, -109)
(0, -73, -110)
(1, -74, -111)
(0, -74, -110)
(1, -75, -111)
(1, -75, -112)
(0, -75, -112)
(1, -76, -112)
(0, -76, -111)
(0, -76, -110)
(1, -77, -110)
(1, -77, -109)
(0, -77, -108)
(0, -77, -107)
(0, -77, -106)
(1, -77, -106)
(1, -77, -105)
(0, -76, -104)
(0, -76, -103)
(1, -76, -103)
(0, -75, -102)
(1, -75, -103)
(1, -75, -104)
(0, -74, -104)
(1, -74, -104)
(1, -74, -103)
(1, -74, -102)
(0, -74, -101)
(0, -74, -100)
(1, -74, -100)
(0, -73, -99)
(1, -73, -99)
(0, -72, -99)
(1, -72, -99)
(1, -72, -98)
(0, -71, -97)
(0, -71, -96)
(1, -72, -96)
(0, -72, -95)
(0, -72, -94)
(0, -72, -93)
(1, -72, -93)
(0, -71, -92)
(1, -71, -92)
(0, -70, -91)
(1, -70, -92)
(0, -69, -92)
(0, -69, -93)
(1, -69, -94)
(0, -68, -93)
(0, -68, -92)
(1, -68, -92)
(0, -67, -92)
(1, -67, -92)
(0, -66, -92)
(0, -66, -93)
(1, -66, -94)
(1, -66, -95)
(0, -65, -95)
(1, -65, -95)
(1, -65, -94)
(0, -64, -93)
(0, -64, -92)
(1, -65, -92)
(1, -65, -91)
(0, -65, -90)
(0, -65, -89)
(1, -65, -89)
(0, -64, -88)
(1, -64, -89)
(1, -64, -90)
(0, -63, -90)
(1, -63, -91)
(0, -62, -90)
(1, -62, -91)
(1, -62, -92)
(0, -61, -92)
(1, -61, -92)
(0, -60, -91)
(1, -60, -91)
(0, -59, -91)
(1, -59, -91)
(0, -58, -91)
(1, -58, -92)
(0, -57, -91)
(0, -57, -90)
(1, -58, -90)
(0, -58, -89)
(0, -58, -88)
(0, -58, -87)
(1, -59, -87)
(1, -59, -86)
(0, -58, -85)
(1, -58, -86)
(0, -57, -86)
(1, -57, -86)
(1, -57, -85)
(0, -57, -84)
(1, -58, -84)
(0, -58, -83)
(1, -59, -84)
(0, -59, -84)
(1, -60, -84)
(0, -60, -84)
(0, -60, -85)
(0, -60, -86)
(1, -61, -87)
(0, -61, -87)
(1, -62, -88)
(0, -62, -88)
(1, -63, -88)
(0, -63, -87)
(1, -64, -87)
(0, -64, -86)
(1, -65, -86)
(0, -65, -86)
(1, -66, -86)
(0, -66, -86)
(0, -66, -87)
(1, -67, -88)
(0, -67, -87)
(1, -68, -87)
(1, -68, -86)
(0, -67, -85)
(0, -67, -84)
(0, -67, -83)
(1, -67, -83)
(0, -66, -83)
(1, -66, -84)
(0, -65, -83)
(1, -65, -84)
(0, -64, -83)
(1, -64, -84)
(0, -63, -84)
(1, -63, -85)
(0, -62, -85)
(1, -62, -85)
(1, -62, -84)
(0, -61, -83)
(1, -61, -83)
(0, -60, -82)
(0, -60, -81)
(1, -61, -81)
(1, -61, -80)
(1, -61, -79)
(0, -60, -78)
(0, -60, -77)
(0, -60, -76)
(1, -61, -76)
(1, -61, -75)
(0, -61, -74)
(1, -62, -75)
(0, -62, -74)
(0, -62, -73)
(1, -62, -73)
(0, -61, -72)
(1, -61, -73)
(0, -60, -72)
(1, -60, -72)
(1, -60, -71)
(1, -60, -70)
(0, -60, -69)
(1, -61, -70)
(0, -61, -70)
(1, -62, -70)
(0, -62, -70)
(1, -63, -71)
(1, -63, -72)
(0, -63, -72)
(1, -64, -73)
(0, -64, -73)
(1, -65, -74)
(0, -65, -74)
(1, -66, -74)
(0, -66, -74)
(1, -67, -75)
(0, -67, -74)
(1, -68, -74)
(1, -68, -73)
(1, -68, -72)
(0, -68, -71)
(1, -69, -71)
(0, -69, -70)
(1, -70, -71)
(1, -70, -72)
(0, -69, -72)
(0, -69, -73)
(1, -69, -74)
(1, -69, -75)
(0, -69, -75)
(0, -69, -76)
(0, -69, -77)
(1, -70, -78)
(1, -70, -79)
(0, -69, -79)
(0, -69, -80)
(1, -69, -81)
(0, -68, -80)
(1, -68, -81)
(1, -68, -82)
(0, -68, -82)
(0, -68, -83)
(0, -68, -84)
(1, -69, -85)
(0, -69, -84)
(1, -70, -85)
(0, -70, -85)
(1, -71, -86)
(0, -71, -85)
(1, -72, -86)
(0, -72, -86)
(1, -73, -87)
(0, -73, -87)
(0, -73, -88)
(1, -73, -89)
(0, -72, -89)
(1, -72, -90)
(1, -72, -91)
(0, -72, -91)
(1, -73, -91)
(0, -73, -90)
(1, -74, -90)
(0, -74, -90)
(0, -74, -91)
(1, -75, -92)
(1, -75, -93)
(0, -75, -93)
(1, -76, -94)
(0, -76, -94)
(1, -77, -95)
(0, -77, -94)
(0, -77, -93)
(1, -78, -93)
(1, -78, -92)
(0, -77, -91)
(1, -77, -91)
(1, -77, -90)
(1, -77, -89)
(0, -76, -88)
(0, -76, -87)
(1, -77, -87)
(1, -77, -86)
(0, -76, -85)
(1, -76, -86)
(0, -75, -86)
(1, -75, -87)
(0, -74, -86)
(1, -74, -86)
(0, -73, -85)
(0, -73, -84)
(1, -74, -84)
(1, -74, -83)
(0, -73, -82)
(0, -73, -81)
(0, -73, -80)
(1, -74, -80)
(0, -74, -80)
(1, -75, -81)
(0, -75, -80)
(0, -75, -79)
(0, -75, -78)
(1, -75, -78)
(0, -74, -77)
(1, -74, -77)
(1, -74, -76)
(0, -74, -75)
(1, -75, -76)
(0, -75, -75)
(0, -75, -74)
(1, -75, -74)
(0, -74, -73)
(1, -74, -73)
(0, -73, -73)
(1, -73, -74)
(1, -73, -75)
(0, -72, -75)
(1, -72, -76)
(0, -71, -75)
(1, -71, -75)
(1, -71, -74)
(0, -71, -73)
(1, -72, -73)
(0, -72, -72)
(0, -72, -71)
(1, -73, -71)
(1, -73, -70)
(0, -73, -69)
(0, -73, -68)
(0, -73, -67)
(1, -73, -67)
(1, -73, -66)
(0, -73, -65)
(1, -74, -65)
(0, -74, -64)
(1, -75, -64)
(0, -75, -64)
(1, -76, -65)
(0, -76, -65)
(0, -76, -66)
(1, -76, -67)
(0, -75, -66)
(1, -75, -66)
(0, -74, -66)
(0, -74, -67)
(0, -74, -68)
(1, -75, -69)
(0, -75, -68)
(1, -76, -69)
(0, -76, -69)
(1, -77, -69)
(0, -77, -68)
(1, -78, -69)
(1, -78, -70)
(0, -78, -70)
(1, -79, -71)
(0, -79, -71)
(1, -80, -72)
(0, -80, -71)
(0, -80, -70)
(1, -81, -70)
(0, -81, -69)
(1, -82, -70)
(0, -82, -70)
(1, -83, -71)
(0, -83, -71)
(1, -84, -72)
(1, -84, -73)
(1, -84, -74)
(0, -84, -74)
(1, -85, -74)
(1, -85, -73)
(1, -85, -72)
(0, -85, -71)
(1, -86, -71)
(1, -86, -70)
(0, -85, -69)
(0, -85, -68)
(0, -85, -67)
(1, -86, -67)
(0, -86, -66)
(1, -87, -66)
(1, -87, -65)
(1, -87, -64)
(0, -86, -63)
(1, -86, -63)
(0, -85, -63)
(0, -85, -64)
(1, -85, -65)
(1, -85, -66)
(0, -84, -66)
(1, -84, -66)
(1, -84, -65)
(1, -84, -64)
(0, -84, -63)
(0, -84, -62)
(1, -85, -62)
(1, -85, -61)
(0, -84, -60)
(1, -84, -61)
(0, -83, -61)
(0, -83, -62)
(1, -83, -63)
(0, -82, -62)
(0, -82, -61)
(0, -82, -60)
(1, -83, -60)
(1, -83, -59)
(0, -83, -58)
(1, -84, -58)
(0, -84, -57)
(1, -85, -57)
(0, -85, -57)
(0, -85, -58)
(0, -85, -59)
(1, -86, -60)
(0, -86, -60)
(1, -87, -60)
(0, -87, -59)
(0, -87, -58)
(0, -87, -57)
(1, -87, -57)
(0, -86, -56)
(1, -86, -56)
(1, -86, -55)
(0, -85, -54)
(1, -85, -55)
(0, -84, -54)
(0, -84, -53)
(1, -85, -53)
(1, -85, -52)
(0, -84, -51)
(1, -84, -51)
(0, -83, -50)
(1, -83, -51)
(0, -82, -51)
(1, -82, -51)
(0, -81, -51)
(0, -81, -52)
(0, -81, -53)
(1, -81, -54)
(0, -80, -53)
(1, -80, -53)
(1, -80, -52)
(1, -80, -51)
(1, -80, -50)
(0, -80, -49)
(0, -80, -48)
(1, -80, -48)
(0, -79, -47)
(0, -79, -46)
(0, -79, -45)
(1, -79, -45)
(1, -79, -44)
(1, -79, -43)
(0, -78, -42)
(1, -78, -42)
(1, -78, -41)
(0, -78, -40)
(1, -79, -41)
(0, -79, -41)
(1, -80, -42)
(0, -80, -41)
(0, -80, -40)
(1, -80, -40)
(1, -80, -39)
(0, -80, -38)
(1, -81, -38)
(1, -81, -37)
(0, -80, -36)
(0, -80, -35)
(0, -80, -34)
(1, -80, -34)
(0, -79, -34)
(0, -79, -35)
(1, -79, -36)
(0, -78, -35)
(1, -78, -36)
(0, -77, -35)
(0, -77, -34)
(1, -77, -34)
(0, -76, -34)
(1, -76, -34)
(0, -75, -34)
(1, -75, -34)
(1, -75, -33)
(0, -74, -32)
(1, -74, -32)
(0, -73, -32)
(1, -73, -32)
(0, -72, -32)
(0, -72, -33)
(1, -73, -34)
(0, -73, -34)
(0, -73, -35)
(0, -73, -36)
(1, -74, -37)
(1, -74, -38)
(1, -74, -39)
(0, -73, -39)
(0, -73, -40)
(0, -73, -41)
(0, -73, -42)
(1, -74, -43)
(0, -74, -42)
(0, -74, -41)
(0, -74, -40)
(1, -75, -40)
(0, -75, -40)
(0, -75, -41)
(0, -75, -42)
(1, -76, -43)
(0, -76, -42)
(1, -77, -43)
(0, -77, -43)
(0, -77, -44)
(1, -78, -45)
(1, -78, -46)
(0, -77, -46)
(1, -77, -46)
(0, -76, -46)
(1, -76, -47)
(0, -75, -47)
(0, -75, -48)
(1, -76, -49)
(0, -76, -48)
(1, -77, -48)
(0, -77, -48)
(1, -78, -49)
(0, -78, -49)
(0, -78, -50)
(0, -78, -51)
(1, -78, -52)
(0, -77, -52)
(1, -77, -52)
(0, -76, -51)
(1, -76, -51)
(0, -75, -51)
(1, -75, -52)
(1, -75, -53)
(0, -74, -53)
(1, -74, -54)
(0, -73, -54)
(0, -73, -55)
(1, -74, -56)
(1, -74, -57)
(0, -74, -57)
(1, -75, -58)
(1, -75, -59)
(0, -74, -59)
(1, -74, -60)
(0, -73, -60)
(1, -73, -61)
(1, -73, -62)
(1, -73, -63)
(0, -72, -63)
(1, -72, -63)
(1, -72, -62)
(0, -71, -61)
(1, -71, -61)
(0, -70, -61)
(1, -70, -61)
(1, -70, -60)
(0, -69, -59)
(1, -69, -59)
(0, -68, -59)
(0, -68, -60)
(1, -69, -61)
(1, -69, -62)
(0, -68, -62)
(1, -68, -63)
(0, -67, -62)
(1, -67, -63)
(0, -66, -63)
(1, -66, -64)
(0, -65, -63)
(1, -65, -63)
(1, -65, -62)
(0, -64, -61)
(1, -64, -61)
(0, -63, -60)
(0, -63, -59)
(0, -63, -58)
(1, -64, -58)
(0, -64, -58)
(1, -65, -59)
(0, -65, -59)
(1, -66, -59)
(0, -66, -59)
(1, -67, -60)
(0, -67, -59)
(0, -67, -58)
(1, -68, -58)
(1, -68, -57)
(0, -67, -56)
(1, -67, -57)
(0, -66, -57)
(1, -66, -57)
(1, -66, -56)
(0, -66, -55)
(0, -66, -54)
(1, -67, -54)
(0, -67, -53)
(1, -68, -53)
(0, -68, -53)
(1, -69, -53)
(0, -69, -53)
(1, -70, -54)
(0, -70, -54)
(1, -71, -54)
(0, -71, -53)
(0, -71, -52)
(1, -71, -52)
(0, -70, -52)
(1, -70, -52)
(1, -70, -51)
(0, -69, -50)
(1, -69, -50)
(0, -68, -49)
(0, -68, -48)
(1, -68, -48)
(0, -67, -48)
(1, -67, -49)
(0, -66, -48)
(1, -66, -49)
(0, -65, -49)
(1, -65, -50)
(0, -64, -49)
(0, -64, -48)
(1, -65, -48)
(1, -65, -47)
(1, -65, -46)
(0, -65, -45)
(1, -66, -45)
(0, -66, -45)
(0, -66, -46)
(1, -67, -47)
(0, -67, -46)
(0, -67, -45)
(0, -67, -44)
(1, -67, -44)
(1, -67, -43)
(0, -66, -42)
(0, -66, -41)
(1, -67, -41)
(1, -67, -40)
(1, -67, -39)
(0, -66, -38)
(1, -66, -39)
(0, -65, -38)
(1, -65, -39)
(0, -64, -39)
(0, -64, -40)
(1, -64, -41)
(1, -64, -42)
(0, -64, -42)
(1, -65, -43)
(1, -65, -44)
(0, -64, -44)
(1, -64, -45)
(0, -63, -45)
(1, -63, -45)
(1, -63, -44)
(0, -62, -43)
(0, -62, -42)
(1, -62, -42)
(0, -61, -41)
(1, -61, -41)
(0, -60, -41)
(1, -60, -42)
(1, -60, -43)
(0, -59, -43)
(1, -59, -44)
(0, -58, -44)
(0, -58, -45)
(0, -58, -46)
(1, -58, -47)
(0, -57, -46)
(1, -57, -47)
(0, -56, -46)
(0, -56, -45)
(1, -56, -45)
(0, -55, -45)
(1, -55, -45)
(1, -55, -44)
(0, -54, -43)
(1, -54, -43)
(1, -54, -42)
(0, -54, -41)
(1, -55, -41)
(0, -55, -40)
(1, -56, -40)
(0, -56, -39)
(0, -56, -38)
(0, -56, -37)
(1, -56, -37)
(1, -56, -36)
(1, -56, -35)
(1, -56, -34)
(1, -56, -33)
(0, -55, -32)
(1, -55, -33)
(0, -54, -32)
(0, -54, -31)
(1, -54, -31)
(0, -53, -30)
(0, -53, -29)
(1, -54, -29)
(1, -54, -28)
(0, -54, -27)
(1, -55, -27)
(0, -55, -26)
(1, -56, -27)
(0, -56, -27)
(1, -57, -28)
(1, -57, -29)
(0, -56, -29)
(0, -56, -30)
(1, -57, -31)
(0, -57, -31)
(1, -58, -32)
(0, -58, -32)
(1, -59, -32)
(0, -59, -31)
(1, -60, -31)
(0, -60, -31)
(1, -61, -31)
(0, -61, -31)
(0, -61, -32)
(0, -61, -33)
(1, -62, -34)
(0, -62, -33)
(0, -62, -32)
(1, -63, -32)
(0, -63, -31)
(1, -64, -31)
(1, -64, -30)
(1, -64, -29)
(0, -64, -28)
(1, -65, -28)
(1, -65, -27)
(1, -65, -26)
(0, -64, -25)
(1, -64, -26)
(0, -63, -26)
(0, -63, -27)
(1, -63, -28)
(0, -62, -28)
(1, -62, -28)
(0, -61, -27)
(1, -61, -28)
(1, -61, -29)
(0, -60, -29)
(1, -60, -29)
(0, -59, -29)
(1, -59, -30)
(0, -58, -29)
(0, -58, -28)
(1, -59, -28)
(0, -59, -27)
(0, -59, -26)
(0, -59, -25)
(0, -59, -24)
(1, -59, -24)
(1, -59, -23)
(1, -59, -22)
(0, -59, -21)
(1, -60, -22)
(0, -60, -21)
(1, -61, -21)
(0, -61, -21)
(1, -62, -21)
(1, -62, -20)
(1, -62, -19)
(0, -61, -18)
(1, -61, -18)
(0, -60, -17)
(1, -60, -18)
(0, -59, -17)
(0, -59, -16)
(1, -59, -16)
(0, -58, -16)
(1, -58, -17)
(0, -57, -16)
(0, -57, -15)
(1, -57, -15)
(0, -56, -14)
(1, -56, -15)
(1, -56, -16)
(0, -55, -16)
(1, -55, -16)
(0, -54, -16)
(1, -54, -17)
(0, -53, -16)
(1, -53, -17)
(1, -53, -18)
(0, -52, -18)
(0, -52, -19)
(1, -53, -20)
(0, -53, -20)
(1, -54, -20)
(0, -54, -20)
(1, -55, -20)
(0, -55, -19)
(0, -55, -18)
(1, -56, -18)
(0, -56, -18)
(0, -56, -19)
(1, -57, -20)
(1, -57, -21)
(1, -57, -22)
(0, -56, -22)
(1, -56, -22)
(0, -55, -21)
(1, -55, -22)
(0, -54, -22)
(0, -54, -23)
(1, -55, -24)
(1, -55, -25)
(0, -54, -25)
(1, -54, -26)
(0, -53, -26)
(1, -53, -27)
(0, -52, -26)
(1, -52, -27)
(0, -51, -26)
(1, -51, -27)
(0, -50, -26)
(1, -50, -27)
(1, -50, -28)
(0, -49, -28)
(1, -49, -28)
(1, -49, -27)
(1, -49, -26)
(0, -49, -25)
(1, -50, -25)
(0, -50, -24)
(0, -50, -23)
(1, -50, -23)
(1, -50, -22)
(0, -50, -21)
(1, -51, -22)
(0, -51, -21)
(0, -51, -20)
(1, -51, -20)
(0, -50, -19)
(0, -50, -18)
(1, -50, -18)
(0, -49, -17)
(1, -49, -17)
(0, -48, -16)
(0, -48, -15)
(1, -49, -15)
(0, -49, -14)
(0, -49, -13)
(1, -50, -13)
(0, -50, -13)
(0, -50, -14)
(0, -50, -15)
(0, -50, -16)
(1, -51, -17)
(0, -51, -17)
(1, -52, -17)
(1, -52, -16)
(0, -52, -15)
(1, -53, -15)
(0, -53, -14)
(1, -54, -15)
(0, -54, -14)
(0, -54, -13)
(1, -54, -13)
(1, -54, -12)
(0, -53, -11)
(1, -53, -12)
(1, -53, -13)
(0, -52, -13)
(1, -52, -13)
(1, -52, -12)
(1, -52, -11)
(0, -52, -10)
(1, -53, -10)
(0, -53, -9)
(1, -54, -9)
(0, -54, -8)
(1, -55, -8)
(0, -55, -8)
(1, -56, -9)
(0, -56, -9)
(0, -56, -10)
(1, -57, -11)
(0, -57, -10)
(0, -57, -9)
(1, -58, -9)
(0, -58, -8)
(0, -58, -7)
(0, -58, -6)
(1, -59, -6)
(0, -59, -6)
(1, -60, -6)
(0, -60, -5)
(1, -61, -6)
(0, -61, -5)
(1, -62, -5)
(0, -62, -4)
(0, -62, -3)
(1, -63, -3)
(1, -63, -2)
(0, -62, -1)
(0, -62, 0)
(1, -63, 0)
(0, -63, 0)
(1, -64, -1)
(0, -64, 0)
(1, -65, 0)
(0, -65, 0)
(0, -65, -1)
(0, -65, -2)
(0, -65, -3)
(0, -65, -4)
(0, -65, -5)
(1, -65, -6)
(1, -65, -7)
(0, -65, -7)
(1, -66, -7)
(0, -66, -7)
(1, -67, -8)
(1, -67, -9)
(1, -67, -10)
(0, -67, -10)
(0, -67, -11)
(1, -68, -12)
(0, -68, -11)
(0, -68, -10)
(0, -68, -9)
(0, -68, -8)
(0, -68, -7)
(1, -68, -7)
(1, -68, -6)
(0, -67, -5)
(1, -67, -6)
(0, -66, -5)
(0, -66, -4)
(0, -66, -3)
(0, -66, -2)
(0, -66, -1)
(1, -67, -1)
(0, -67, -1)
(0, -67, -2)
(1, -68, -3)
(0, -68, -3)
(0, -68, -4)
(1, -69, -5)
(1, -69, -6)
(0, -69, -6)
(1, -70, -6)
(0, -70, -6)
(0, -70, -7)
(1, -71, -8)
(0, -71, -7)
(1, -72, -7)
(0, -72, -7)
(0, -72, -8)
(1, -73, -9)
(0, -73, -8)
(1, -74, -8)
(0, -74, -8)
(1, -75, -8)
(0, -75, -7)
(0, -75, -6)
(1, -76, -6)
(1, -76, -5)
(0, -76, -4)
(1, -77, -5)
(1, -77, -6)
(0, -77, -6)
(1, -78, -6)
(0, -78, -5)
(0, -78, -4)
(1, -78, -4)
(1, -78, -3)
(0, -78, -2)
(1, -79, -3)
(0, -79, -3)
(0, -79, -4)
(1, -80, -5)
(0, -80, -4)
(1, -81, -5)
(0, -81, -4)
(1, -82, -4)
(1, -82, -3)
(0, -81, -2)
(1, -81, -3)
(0, -80, -2)
(0, -80, -1)
(0, -80, 0)
(1, -81, 0)
(0, -81, 1)
(1, -82, 0)
(0, -82, 0)
(1, -83, 0)
(0, -83, 0)
(1, -84, -1)
(1, -84, -2)
(1, -84, -3)
(0, -84, -3)
(1, -85, -3)
(1, -85, -2)
(1, -85, -1)
(0, -85, 0)
(0, -85, 1)
(0, -85, 2)
(1, -85, 2)
(0, -84, 2)
(1, -84, 2)
(1, -84, 3)
(1, -84, 4)
(0, -83, 5)
(1, -83, 5)
(1, -83, 6)
(0, -82, 7)
(1, -82, 7)
(0, -81, 7)
(1, -81, 7)
(0, -80, 8)
(1, -80, 8)
(0, -79, 8)
(1, -79, 8)
(0, -78, 9)
(1, -78, 9)
(0, -77, 9)
(1, -77, 9)
(1, -77, 10)
(0, -77, 11)
(1, -78, 11)
(0, -78, 11)
(1, -79, 11)
(0, -79, 12)
(1, -80, 11)
(0, -80, 11)
(1, -81, 10)
(0, -81, 11)
(1, -82, 10)
(1, -82, 9)
(0, -82, 9)
(1, -83, 8)
(0, -83, 8)
(1, -84, 8)
(1, -84, 9)
(1, -84, 10)
(0, -83, 11)
(0, -83, 12)
(0, -83, 13)
(1, -83, 13)
(1, -83, 14)
(0, -82, 15)
(1, -82, 15)
(0, -81, 15)
(1, -81, 14)
(0, -80, 15)
(1, -80, 15)
(1, -80, 16)
(0, -79, 17)
(1, -79, 16)
(1, -79, 15)
(0, -78, 15)
(1, -78, 15)
(1, -78, 16)
(0, -77, 17)
(0, -77, 18)
(1, -78, 18)
(0, -78, 19)
(0, -78, 20)
(1, -79, 20)
(0, -79, 21)
(0, -79, 22)
(0, -79, 23)
(1, -80, 23)
(1, -80, 24)
(0, -80, 25)
(1, -81, 24)
(1, -81, 23)
(0, -81, 23)
(1, -82, 23)
(0, -82, 24)
(1, -83, 24)
(1, -83, 25)
(1, -83, 26)
(1, -83, 27)
(0, -82, 28)
(0, -82, 29)
(1, -82, 29)
(0, -81, 30)
(1, -81, 30)
(1, -81, 31)
(1, -81, 32)
(1, -81, 33)
(0, -81, 34)
(1, -82, 34)
(0, -82, 34)
(1, -83, 34)
(1, -83, 35)
(0, -83, 36)
(1, -84, 35)
(0, -84, 36)
(0, -84, 37)
(0, -84, 38)
(1, -84, 38)
(0, -83, 38)
(1, -83, 37)
(0, -82, 37)
(1, -82, 36)
(0, -81, 37)
(1, -81, 37)
(0, -80, 37)
(1, -80, 36)
(0, -79, 37)
(0, -79, 38)
(1, -80, 38)
(0, -80, 39)
(0, -80, 40)
(1, -80, 40)
(1, -80, 41)
(1, -80, 42)
(1, -80, 43)
(1, -80, 44)
(0, -79, 45)
(1, -79, 45)
(0, -78, 46)
(1, -78, 46)
(0, -77, 47)
(0, -77, 48)
(0, -77, 49)
(0, -77, 50)
(0, -77, 51)
(1, -77, 51)
(1, -77, 52)
(0, -77, 53)
(1, -78, 52)
(0, -78, 53)
(0, -78, 54)
(1, -78, 54)
(1, -78, 55)
(0, -77, 56)
(1, -77, 55)
(0, -76, 56)
(0, -76, 57)
(1, -77, 57)
(0, -77, 58)
(1, -78, 58)
(0, -78, 58)
(1, -79, 57)
(1, -79, 56)
(1, -79, 55)
(0, -79, 55)
(1, -80, 54)
(0, -80, 55)
(0, -80, 56)
(1, -81, 56)
(0, -81, 56)
(1, -82, 55)
(1, -82, 54)
(1, -82, 53)
(0, -81, 53)
(1, -81, 53)
(0, -80, 53)
(0, -80, 52)
(1, -81, 51)
(1, -81, 50)
(0, -80, 50)
(0, -80, 49)
(1, -81, 48)
(1, -81, 47)
(0, -80, 47)
(0, -80, 46)
(1, -81, 45)
(1, -81, 44)
(1, -81, 43)
(0, -81, 43)
(1, -82, 42)
(0, -82, 43)
(1, -83, 43)
(0, -83, 43)
(1, -84, 42)
