(0, -88, 84)
(0, -88, 85)
(1, -89, 85)
(0, -89, 86)
(1, -90, 85)
(0, -90, 85)
(1, -91, 84)
(0, -91, 84)
(1, -92, 83)
(0, -92, 83)
(1, -93, 83)
(0, -93, 84)
(0, -93, 85)
(1, -94, 85)
(1, -94, 86)
(0, -93, 87)
(0, -93, 88)
(0, -93, 89)
(1, -94, 89)
(0, -94, 90)
(0, -94, 91)
(1, -95, 91)
(0, -95, 91)
(1, -96, 90)
(0, -96, 90)
(1, -97, 89)
(0, -97, 90)
(1, -98, 89)
(0, -98, 90)
(0, -98, 91)
(0, -98, 92)
(1, -99, 92)
(0, -99, 92)
(1, -100, 91)
(0, -100, 92)
(0, -100, 93)
(1, -100, 93)
(0, -99, 94)
(1, -99, 94)
(0, -98, 94)
(1, -98, 94)
(0, -97, 94)
(0, -97, 93)
(1, -97, 92)
(0, -96, 92)
(1, -96, 92)
(1, -96, 93)
(1, -96, 94)
(0, -96, 95)
(0, -96, 96)
(1, -96, 96)
(1, -96, 97)
(0, -96, 98)
(0, -96, 99)
(1, -96, 99)
(1, -96, 100)
(1, -96, 101)
(1, -96, 102)
(0, -95, 103)
(1, -95, 102)
(0, -94, 103)
(1, -94, 102)
(0, -93, 103)
(0, -93, 104)
(0, -93, 105)
(0, -93, 106)
(1, -94, 106)
(0, -94, 106)
(0, -94, 105)
(1, -95, 104)
(0, -95, 105)
(1, -96, 104)
(0, -96, 105)
(0, -96, 106)
(1, -97, 106)
(0, -97, 106)
(1, -98, 105)
(1, -98, 104)
(0, -97, 104)
(0, -97, 103)
(0, -97, 102)
(0, -97, 101)
(0, -97, 100)
(1, -98, 99)
(0, -98, 100)
(0, -98, 101)
(0, -98, 102)
(1, -99, 102)
(0, -99, 102)
(0, -99, 101)
(1, -100, 100)
(0, -100, 101)
(0, -100, 102)
(0, -100, 103)
(1, -100, 103)
(1, -100, 104)
(0, -100, 105)
(0, -100, 106)
(1, -100, 106)
(0, -99, 107)
(1, -99, 106)
(0, -98, 107)
(0, -98, 108)
(1, -99, 108)
(1, -99, 109)
(1, -99, 110)
(1, -99, 111)
(0, -98, 112)
(0, -98, 113)
(1, -98, 113)
(0, -97, 113)
(0, -97, 112)
(0, -97, 111)
(1, -97, 110)
(0, -96, 110)
(0, -96, 109)
(0, -96, 108)
(1, -96, 107)
(0, -95, 108)
(1, -95, 108)
(0, -94, 109)
(1, -94, 108)
(0, -93, 108)
(1, -93, 107)
(0, -92, 108)
(1, -92, 108)
(0, -91, 108)
(1, -91, 108)
(1, -91, 109)
(1, -91, 110)
(0, -91, 111)
(0, -91, 112)
(1, -91, 112)
(1, -91, 113)
(0, -91, 114)
(1, -92, 113)
(0, -92, 114)
(1, -93, 113)
(0, -93, 114)
(1, -94, 114)
(0, -94, 115)
(1, -95, 114)
(0, -95, 114)
(1, -96, 113)
(0, -96, 114)
(0, -96, 115)
(0, -96, 116)
(1, -96, 116)
(0, -95, 116)
(1, -95, 116)
(0, -94, 117)
(0, -94, 118)
(1, -95, 118)
(1, -95, 119)
(1, -95, 120)
(0, -95, 121)
(1, -96, 120)
(0, -96, 120)
(0, -96, 119)
(1, -97, 118)
(0, -97, 119)
(1, -98, 118)
(0, -98, 119)
(0, -98, 120)
(1, -98, 120)
(0, -97, 121)
(1, -97, 121)
(1, -97, 122)
(0, -97, 123)
(0, -97, 124)
(0, -97, 125)
(1, -97, 125)
(1, -97, 126)
(1, -97, 127)
(0, -96, 128)
(1, -96, 128)
(0, -95, 128)
(0, -95, 127)
(1, -96, 126)
(1, -96, 125)
(0, -95, 125)
(1, -95, 125)
(0, -94, 125)
(1, -94, 125)
(0, -93, 125)
(1, -93, 125)
(0, -92, 126)
(0, -92, 127)
(1, -92, 127)
(0, -91, 128)
(1, -91, 127)
(1, -91, 126)
(0, -90, 126)
(1, -90, 125)
(0, -89, 126)
(0, -89, 127)
(1, -89, 127)
(0, -88, 128)
(1, -88, 128)
(0, -87, 129)
(1, -87, 128)
(1, -87, 127)
(0, -87, 127)
(1, -88, 126)
(0, -88, 126)
(0, -88, 125)
(1, -89, 124)
(1, -89, 123)
(0, -88, 123)
(1, -88, 122)
(1, -88, 121)
(0, -88, 121)
(1, -89, 120)
(0, -89, 120)
(0, -89, 119)
(1, -90, 118)
(1, -90, 117)
(1, -90, 116)
(0, -89, 116)
(1, -89, 116)
(1, -89, 117)
(0, -88, 118)
(0, -88, 119)
(1, -88, 119)
(0, -87, 119)
(1, -87, 119)
(0, -86, 120)
(0, -86, 121)
(0, -86, 122)
(1, -86, 122)
(1, -86, 123)
(1, -86, 124)
(1, -86, 125)
(0, -85, 126)
(1, -85, 126)
(0, -84, 127)
(1, -84, 126)
(0, -83, 127)
(1, -83, 126)
(0, -82, 126)
(1, -82, 125)
(0, -81, 125)
(1, -81, 124)
(0, -80, 125)
(0, -80, 126)
(1, -81, 126)
(1, -81, 127)
(1, -81, 128)
(1, -81, 129)
(0, -80, 130)
(1, -80, 129)
(0, -79, 129)
(0, -79, 128)
(0, -79, 127)
(0, -79, 126)
(0, -79, 125)
(0, -79, 124)
(0, -79, 123)
(1, -80, 122)
(1, -80, 121)
(1, -80, 120)
(0, -79, 120)
(1, -79, 119)
(1, -79, 118)
(0, -78, 118)
(0, -78, 117)
(1, -79, 116)
(1, -79, 115)
(0, -79, 115)
(0, -79, 114)
(0, -79, 113)
(1, -79, 112)
(1, -79, 111)
(1, -79, 110)
(0, -79, 110)
(1, -80, 109)
(0, -80, 109)
(1, -81, 108)
(1, -81, 107)
(1, -81, 106)
(1, -81, 105)
(1, -81, 104)
(0, -81, 104)
(1, -82, 103)
(1, -82, 102)
(0, -81, 102)
(1, -81, 101)
(0, -80, 101)
(1, -80, 101)
(1, -80, 102)
(0, -79, 103)
(1, -79, 103)
(0, -78, 104)
(1, -78, 104)
(0, -77, 104)
(0, -77, 103)
(1, -77, 102)
(1, -77, 101)
(0, -77, 101)
(1, -78, 100)
(1, -78, 99)
(0, -78, 99)
(0, -78, 98)
(1, -78, 97)
(0, -77, 98)
(1, -77, 98)
(0, -76, 99)
(1, -76, 99)
(0, -75, 100)
(1, -75, 100)
(0, -74, 101)
(0, -74, 102)
(1, -75, 102)
(0, -75, 103)
(0, -75, 104)
(1, -75, 104)
(1, -75, 105)
(0, -75, 106)
(1, -76, 105)
(0, -76, 106)
(1, -77, 106)
(1, -77, 107)
(1, -77, 108)
(0, -76, 109)
(1, -76, 108)
(0, -75, 108)
(1, -75, 107)
(0, -74, 107)
(1, -74, 106)
(1, -74, 105)
(0, -73, 105)
(0, -73, 104)
(1, -73, 103)
(1, -73, 102)
(0, -73, 102)
(0, -73, 101)
(0, -73, 100)
(1, -74, 99)
(1, -74, 98)
(1, -74, 97)
(0, -73, 97)
(1, -73, 96)
(0, -72, 96)
(1, -72, 96)
(1, -72, 97)
(0, -71, 98)
(1, -71, 97)
(1, -71, 96)
(1, -71, 95)
(0, -71, 95)
(1, -72, 94)
(0, -72, 94)
(0, -72, 93)
(1, -72, 92)
(0, -71, 93)
(1, -71, 92)
(0, -70, 92)
(0, -70, 91)
(1, -70, 90)
(1, -70, 89)
(0, -69, 89)
(0, -69, 88)
(1, -70, 87)
(1, -70, 86)
(0, -69, 86)
(1, -69, 85)
(1, -69, 84)
(0, -69, 84)
(1, -70, 84)
(0, -70, 84)
(0, -70, 83)
(1, -71, 82)
(1, -71, 81)
(0, -70, 81)
(0, -70, 80)
(1, -70, 79)
(0, -69, 80)
(0, -69, 81)
(1, -69, 81)
(0, -68, 81)
(1, -68, 80)
(1, -68, 79)
(0, -67, 79)
(0, -67, 78)
(1, -67, 77)
(1, -67, 76)
(1, -67, 75)
(0, -67, 75)
(1, -68, 74)
(0, -68, 74)
(0, -68, 73)
(1, -68, 72)
(0, -67, 73)
(1, -67, 72)
(0, -66, 73)
(1, -66, 72)
(0, -65, 73)
(0, -65, 74)
(1, -65, 74)
(0, -64, 75)
(1, -64, 74)
(0, -63, 75)
(1, -63, 74)
(0, -62, 74)
(1, -62, 74)
(0, -61, 75)
(1, -61, 74)
(0, -60, 75)
(1, -60, 74)
(0, -59, 74)
(1, -59, 73)
(0, -58, 73)
(1, -58, 73)
(0, -57, 74)
(1, -57, 74)
(0, -56, 74)
(0, -56, 73)
(0, -56, 72)
(1, -56, 71)
(0, -55, 72)
(1, -55, 71)
(0, -54, 71)
(1, -54, 71)
(1, -54, 72)
(0, -53, 73)
(1, -53, 72)
(1, -53, 71)
(0, -52, 71)
(1, -52, 71)
(1, -52, 72)
(0, -51, 73)
(1, -51, 73)
(0, -50, 74)
(1, -50, 74)
(0, -49, 75)
(1, -49, 74)
(0, -48, 74)
(1, -48, 73)
(1, -48, 72)
(0, -48, 72)
(0, -48, 71)
(1, -48, 70)
(0, -47, 71)
(1, -47, 71)
(1, -47, 72)
(0, -46, 73)
(1, -46, 73)
(0, -45, 74)
(1, -45, 74)
(0, -44, 74)
(0, -44, 73)
(0, -44, 72)
(1, -44, 71)
(0, -43, 72)
(0, -43, 73)
(1, -43, 73)
(1, -43, 74)
(0, -42, 75)
(1, -42, 75)
(0, -41, 75)
(0, -41, 74)
(1, -41, 73)
(1, -41, 72)
(1, -41, 71)
(0, -41, 71)
(1, -42, 70)
(0, -42, 71)
(1, -43, 70)
(1, -43, 69)
(0, -42, 69)
(1, -42, 68)
(0, -41, 69)
(1, -41, 68)
(1, -41, 67)
(0, -40, 67)
(1, -40, 67)
(1, -40, 68)
(1, -40, 69)
(0, -39, 70)
(0, -39, 71)
(0, -39, 72)
(1, -40, 72)
(1, -40, 73)
(1, -40, 74)
(0, -40, 75)
(0, -40, 76)
(1, -40, 76)
(1, -40, 77)
(0, -40, 78)
(1, -41, 77)
(0, -41, 78)
(1, -42, 77)
(0, -42, 78)
(1, -43, 77)
(0, -43, 78)
(0, -43, 79)
(1, -44, 79)
(1, -44, 80)
(1, -44, 81)
(0, -44, 82)
(1, -45, 82)
(0, -45, 82)
(1, -46, 82)
(0, -46, 83)
(0, -46, 84)
(1, -46, 84)
(1, -46, 85)
(1, -46, 86)
(0, -46, 87)
(1, -47, 86)
(1, -47, 85)
(0, -47, 85)
(1, -48, 85)
(0, -48, 85)
(1, -49, 84)
(0, -49, 85)
(1, -50, 85)
(1, -50, 86)
(0, -49, 87)
(1, -49, 86)
(0, -48, 87)
(0, -48, 88)
(0, -48, 89)
(1, -49, 89)
(0, -49, 89)
(1, -50, 89)
(1, -50, 90)
(1, -50, 91)
(1, -50, 92)
(0, -49, 93)
(1, -49, 93)
(1, -49, 94)
(0, -48, 95)
(0, -48, 96)
(1, -48, 96)
(0, -47, 96)
(1, -47, 95)
(0, -46, 95)
(0, -46, 94)
(0, -46, 93)
(0, -46, 92)
(1, -46, 91)
(1, -46, 90)
(0, -46, 90)
(0, -46, 89)
(1, -46, 88)
(0, -45, 89)
(1, -45, 89)
(0, -44, 90)
(0, -44, 91)
(1, -44, 91)
(0, -43, 91)
(1, -43, 90)
(0, -42, 90)
(1, -42, 89)
(0, -41, 89)
(1, -41, 88)
(0, -40, 88)
(0, -40, 87)
(0, -40, 86)
(1, -41, 85)
(1, -41, 84)
(0, -41, 84)
(1, -42, 84)
(0, -42, 85)
(0, -42, 86)
(1, -43, 86)
(0, -43, 86)
(1, -44, 85)
(0, -44, 86)
(1, -45, 85)
(1, -45, 84)
(0, -44, 84)
(1, -44, 83)
(0, -43, 84)
(1, -43, 83)
(1, -43, 82)
(1, -43, 81)
(0, -42, 81)
(1, -42, 81)
(0, -41, 81)
(1, -41, 80)
(0, -40, 80)
(1, -40, 80)
(0, -39, 80)
(1, -39, 80)
(0, -38, 80)
(1, -38, 80)
(0, -37, 80)
(0, -37, 79)
(0, -37, 78)
(1, -38, 77)
(0, -38, 77)
(1, -39, 76)
(1, -39, 75)
(1, -39, 74)
(1, -39, 73)
(0, -38, 73)
(0, -38, 72)
(0, -38, 71)
(1, -38, 70)
(0, -37, 70)
(1, -37, 69)
(0, -36, 69)
(0, -36, 68)
(1, -36, 67)
(0, -35, 67)
(1, -35, 66)
(1, -35, 65)
(1, -35, 64)
(0, -34, 64)
(1, -34, 63)
(0, -33, 63)
(1, -33, 62)
(0, -32, 63)
(0, -32, 64)
(1, -33, 64)
(1, -33, 65)
(0, -33, 66)
(0, -33, 67)
(1, -34, 67)
(0, -34, 68)
(0, -34, 69)
(1, -35, 69)
(1, -35, 70)
(0, -34, 71)
(1, -34, 70)
(0, -33, 70)
(1, -33, 69)
(1, -33, 68)
(0, -32, 68)
(1, -32, 68)
(1, -32, 69)
(0, -31, 70)
(0, -31, 71)
(0, -31, 72)
(0, -31, 73)
(1, -32, 73)
(1, -32, 74)
(0, -32, 75)
(1, -33, 75)
(0, -33, 75)
(1, -34, 74)
(1, -34, 73)
(0, -34, 73)
(1, -35, 73)
(1, -35, 74)
(1, -35, 75)
(0, -35, 76)
(0, -35, 77)
(1, -35, 77)
(1, -35, 78)
(0, -35, 79)
(0, -35, 80)
(0, -35, 81)
(1, -35, 81)
(0, -34, 81)
(0, -34, 80)
(1, -34, 79)
(0, -33, 80)
(1, -33, 80)
(1, -33, 81)
(0, -32, 82)
(1, -32, 82)
(0, -31, 83)
(1, -31, 83)
(0, -30, 84)
(0, -30, 85)
(0, -30, 86)
(1, -31, 86)
(0, -31, 86)
(1, -32, 86)
(1, -32, 87)
(0, -32, 88)
(0, -32, 89)
(1, -32, 89)
(1, -32, 90)
(1, -32, 91)
(0, -31, 92)
(0, -31, 93)
(1, -32, 93)
(0, -32, 93)
(1, -33, 93)
(0, -33, 93)
(1, -34, 92)
(0, -34, 92)
(1, -35, 91)
(0, -35, 92)
(1, -36, 91)
(1, -36, 90)
(0, -36, 90)
(1, -37, 90)
(0, -37, 90)
(1, -38, 89)
(0, -38, 89)
(1, -39, 88)
(0, -39, 89)
(0, -39, 90)
(1, -39, 90)
(1, -39, 91)
(1, -39, 92)
(0, -39, 93)
(1, -40, 92)
(0, -40, 93)
(1, -41, 93)
(0, -41, 94)
(1, -42, 94)
(0, -42, 95)
(1, -43, 94)
(1, -43, 93)
(0, -43, 93)
(1, -44, 93)
(1, -44, 94)
(1, -44, 95)
(1, -44, 96)
(1, -44, 97)
(0, -43, 98)
(0, -43, 99)
(1, -44, 99)
(1, -44, 100)
(0, -44, 101)
(1, -45, 100)
(0, -45, 100)
(1, -46, 100)
(0, -46, 101)
(1, -47, 101)
(0, -47, 101)
(1, -48, 101)
(1, -48, 102)
(0, -47, 103)
(0, -47, 104)
(1, -48, 104)
(1, -48, 105)
(0, -48, 106)
(1, -49, 106)
(0, -49, 107)
(1, -50, 106)
(0, -50, 107)
(1, -51, 107)
(1, -51, 108)
(1, -51, 109)
(0, -50, 110)
(0, -50, 111)
(1, -51, 111)
(0, -51, 111)
(1, -52, 111)
(0, -52, 111)
(1, -53, 110)
(0, -53, 110)
(0, -53, 109)
(0, -53, 108)
(1, -54, 107)
(0, -54, 107)
(0, -54, 106)
(0, -54, 105)
(1, -54, 104)
(0, -53, 105)
(1, -53, 105)
(0, -52, 105)
(1, -52, 105)
(0, -51, 105)
(1, -51, 105)
(0, -50, 105)
(0, -50, 104)
(1, -51, 103)
(0, -51, 103)
(1, -52, 103)
(0, -52, 103)
(1, -53, 103)
(0, -53, 103)
(0, -53, 102)
(0, -53, 101)
(1, -54, 100)
(0, -54, 101)
(1, -55, 100)
(0, -55, 100)
(1, -56, 99)
(1, -56, 98)
(1, -56, 97)
(0, -56, 97)
(1, -57, 97)
(0, -57, 98)
(1, -58, 98)
(1, -58, 99)
(1, -58, 100)
(1, -58, 101)
(0, -58, 102)
(0, -58, 103)
(1, -58, 103)
(1, -58, 104)
(0, -57, 105)
(1, -57, 105)
(0, -56, 106)
(0, -56, 107)
(1, -56, 107)
(0, -55, 108)
(0, -55, 109)
(1, -55, 109)
(0, -54, 110)
(0, -54, 111)
(1, -55, 111)
(0, -55, 112)
(0, -55, 113)
(1, -55, 113)
(0, -54, 113)
(1, -54, 112)
(0, -53, 113)
(1, -53, 113)
(0, -52, 114)
(1, -52, 113)
(0, -51, 114)
(1, -51, 113)
(0, -50, 114)
(1, -50, 114)
(0, -49, 115)
(1, -49, 114)
(1, -49, 113)
(1, -49, 112)
(0, -48, 112)
(1, -48, 112)
(0, -47, 112)
(0, -47, 111)
(0, -47, 110)
(1, -48, 109)
(0, -48, 109)
(0, -48, 108)
(1, -48, 107)
(0, -47, 107)
(1, -47, 107)
(1, -47, 108)
(0, -46, 109)
(0, -46, 110)
(0, -46, 111)
(0, -46, 112)
(0, -46, 113)
(0, -46, 114)
(0, -46, 115)
(0, -46, 116)
(0, -46, 117)
(1, -47, 117)
(1, -47, 118)
(0, -47, 119)
(1, -48, 119)
(0, -48, 119)
(1, -49, 118)
(0, -49, 118)
(1, -50, 118)
(1, -50, 119)
(0, -49, 120)
(1, -49, 120)
(1, -49, 121)
(0, -49, 122)
(1, -50, 122)
(0, -50, 123)
(1, -51, 122)
(0, -51, 122)
(1, -52, 121)
(0, -52, 122)
(1, -53, 122)
(0, -53, 122)
(1, -54, 121)
(0, -54, 122)
(1, -55, 122)
(0, -55, 123)
(1, -56, 123)
(0, -56, 123)
(1, -57, 123)
(0, -57, 123)
(0, -57, 122)
(1, -57, 121)
(1, -57, 120)
(0, -57, 120)
(1, -58, 119)
(0, -58, 120)
(1, -59, 120)
(0, -59, 120)
(1, -60, 119)
(0, -60, 120)
(1, -61, 119)
(0, -61, 120)
(0, -61, 121)
(1, -62, 121)
(0, -62, 122)
(0, -62, 123)
(1, -62, 123)
(0, -61, 124)
(1, -61, 124)
(1, -61, 125)
(0, -60, 126)
(0, -60, 127)
(1, -60, 127)
(0, -59, 127)
(1, -59, 127)
(0, -58, 127)
(1, -58, 126)
(0, -57, 126)
(1, -57, 125)
(0, -56, 126)
(0, -56, 127)
(0, -56, 128)
(1, -56, 128)
(0, -55, 129)
(1, -55, 129)
(0, -54, 129)
(1, -54, 128)
(0, -53, 129)
(0, -53, 130)
(1, -54, 130)
(0, -54, 131)
(0, -54, 132)
(1, -54, 132)
(1, -54, 133)
(0, -53, 134)
(1, -53, 134)
(1, -53, 135)
(1, -53, 136)
(0, -52, 137)
(1, -52, 136)
(1, -52, 135)
(0, -51, 135)
(1, -51, 135)
(0, -50, 135)
(1, -50, 135)
(0, -49, 136)
(1, -49, 135)
(0, -48, 135)
(0, -48, 134)
(1, -48, 133)
(0, -47, 134)
(1, -47, 133)
(0, -46, 134)
(1, -46, 134)
(0, -45, 135)
(1, -45, 135)
(1, -45, 136)
(0, -44, 137)
(0, -44, 138)
(0, -44, 139)
(0, -44, 140)
(0, -44, 141)
(0, -44, 142)
(0, -44, 143)
(1, -44, 143)
(0, -43, 144)
(1, -43, 143)
(1, -43, 142)
(1, -43, 141)
(0, -43, 141)
(0, -43, 140)
(1, -43, 139)
(0, -42, 139)
(0, -42, 138)
(1, -43, 137)
(1, -43, 136)
(0, -43, 136)
(0, -43, 135)
(1, -44, 134)
(1, -44, 133)
(1, -44, 132)
(0, -44, 132)
(1, -45, 131)
(0, -45, 132)
(1, -46, 131)
(0, -46, 131)
(1, -47, 130)
(1, -47, 129)
(0, -46, 129)
(0, -46, 128)
(1, -46, 127)
(0, -45, 128)
(1, -45, 128)
(0, -44, 129)
(1, -44, 129)
(0, -43, 129)
(0, -43, 128)
(1, -44, 127)
(0, -44, 127)
(0, -44, 126)
(0, -44, 125)
(0, -44, 124)
(1, -45, 123)
(0, -45, 123)
(1, -46, 123)
(1, -46, 124)
(1, -46, 125)
(0, -46, 126)
(1, -47, 125)
(0, -47, 126)
(1, -48, 126)
(0, -48, 127)
(1, -49, 127)
(0, -49, 128)
(0, -49, 129)
(1, -49, 129)
(1, -49, 130)
(0, -48, 131)
(0, -48, 132)
(1, -49, 132)
(0, -49, 132)
(1, -50, 131)
(0, -50, 132)
(1, -51, 131)
(1, -51, 130)
(0, -51, 130)
(0, -51, 129)
(1, -52, 128)
(1, -52, 127)
(0, -52, 127)
(0, -52, 126)
(0, -52, 125)
(0, -52, 124)
(1, -52, 123)
(0, -51, 124)
(0, -51, 125)
(1, -51, 125)
(0, -50, 125)
(1, -50, 124)
(0, -49, 125)
(1, -49, 124)
(0, -48, 124)
(1, -48, 124)
(0, -47, 124)
(0, -47, 123)
(1, -47, 122)
(0, -46, 122)
(0, -46, 121)
(1, -46, 120)
(0, -45, 120)
(1, -45, 120)
(1, -45, 121)
(0, -44, 122)
(1, -44, 122)
(0, -43, 123)
(1, -43, 122)
(1, -43, 121)
(0, -42, 121)
(1, -42, 121)
(0, -41, 121)
(1, -41, 121)
(1, -41, 122)
(0, -41, 123)
(1, -42, 123)
(1, -42, 124)
(0, -41, 125)
(1, -41, 124)
(0, -40, 124)
(1, -40, 124)
(0, -39, 125)
(0, -39, 126)
(1, -39, 126)
(0, -38, 127)
(1, -38, 126)
(1, -38, 125)
(1, -38, 124)
(1, -38, 123)
(0, -37, 123)
(0, -37, 122)
(1, -37, 121)
(0, -36, 121)
(1, -36, 121)
(0, -35, 122)
(1, -35, 122)
(0, -34, 123)
(1, -34, 123)
(0, -33, 124)
(1, -33, 123)
(0, -32, 123)
(1, -32, 123)
(1, -32, 124)
(0, -31, 125)
(1, -31, 125)
(0, -30, 126)
(0, -30, 127)
(1, -31, 127)
(0, -31, 128)
(0, -31, 129)
(1, -31, 129)
(0, -30, 129)
(1, -30, 128)
(0, -29, 128)
(1, -29, 128)
(0, -28, 129)
(1, -28, 129)
(0, -27, 130)
(0, -27, 131)
(1, -28, 131)
(1, -28, 132)
(1, -28, 133)
(0, -27, 134)
(1, -27, 133)
(0, -26, 134)
(0, -26, 135)
(0, -26, 136)
(1, -26, 136)
(0, -25, 136)
(1, -25, 135)
(0, -24, 136)
(1, -24, 135)
(1, -24, 134)
(0, -23, 134)
(1, -23, 134)
(1, -23, 135)
(0, -22, 136)
(1, -22, 136)
(1, -22, 137)
(0, -21, 138)
(1, -21, 138)
(0, -20, 139)
(1, -20, 138)
(1, -20, 137)
(0, -20, 137)
(0, -20, 136)
(1, -21, 135)
(0, -21, 135)
(1, -22, 134)
(1, -22, 133)
(1, -22, 132)
(0, -22, 132)
(0, -22, 131)
(1, -22, 130)
(0, -21, 130)
(0, -21, 129)
(0, -21, 128)
(1, -21, 127)
(0, -20, 127)
(1, -20, 126)
(1, -20, 125)
(1, -20, 124)
(1, -20, 123)
(0, -19, 123)
(0, -19, 122)
(1, -19, 121)
(1, -19, 120)
(0, -19, 120)
(1, -20, 120)
(0, -20, 121)
(1, -21, 120)
(0, -21, 121)
(1, -22, 121)
(0, -22, 122)
(0, -22, 123)
(1, -23, 123)
(1, -23, 124)
(0, -22, 125)
(1, -22, 124)
(0, -21, 125)
(0, -21, 126)
(1, -22, 126)
(0, -22, 127)
(0, -22, 128)
(1, -23, 128)
(1, -23, 129)
(0, -23, 130)
(0, -23, 131)
(1, -24, 131)
(1, -24, 132)
(0, -24, 133)
(1, -25, 132)
(0, -25, 133)
(1, -26, 132)
(0, -26, 132)
(0, -26, 131)
(0, -26, 130)
(1, -26, 129)
(0, -25, 129)
(1, -25, 129)
(0, -24, 129)
(1, -24, 128)
(1, -24, 127)
(1, -24, 126)
(1, -24, 125)
(0, -24, 125)
(1, -25, 124)
(0, -25, 125)
(1, -26, 124)
(0, -26, 125)
(1, -27, 125)
(0, -27, 125)
(0, -27, 124)
(1, -27, 123)
(0, -26, 123)
(1, -26, 122)
(0, -25, 123)
(1, -25, 122)
(0, -24, 122)
(1, -24, 122)
(0, -23, 122)
(0, -23, 121)
(0, -23, 120)
(1, -23, 119)
(0, -22, 119)
(1, -22, 119)
(0, -21, 119)
(0, -21, 118)
(1, -22, 117)
(1, -22, 116)
(0, -21, 116)
(1, -21, 115)
(0, -20, 116)
(0, -20, 117)
(1, -20, 117)
(0, -19, 117)
(1, -19, 117)
(0, -18, 118)
(1, -18, 118)
(1, -18, 119)
(1, -18, 120)
(1, -18, 121)
(0, -17, 122)
(1, -17, 121)
(1, -17, 120)
(0, -16, 120)
(1, -16, 119)
(0, -15, 119)
(1, -15, 118)
(0, -14, 119)
(1, -14, 119)
(0, -13, 119)
(0, -13, 118)
(0, -13, 117)
(0, -13, 116)
(1, -14, 115)
(0, -14, 116)
(1, -15, 115)
(0, -15, 116)
(1, -16, 115)
(1, -16, 114)
(0, -15, 114)
(1, -15, 113)
(1, -15, 112)
(0, -14, 112)
(1, -14, 112)
(0, -13, 112)
(1, -13, 111)
(1, -13, 110)
(0, -13, 110)
(1, -14, 109)
(1, -14, 108)
(0, -13, 108)
(0, -13, 107)
(0, -13, 106)
(1, -13, 105)
(1, -13, 104)
(1, -13, 103)
(1, -13, 102)
(0, -12, 102)
(0, -12, 101)
(1, -12, 100)
(0, -11, 101)
(0, -11, 102)
(0, -11, 103)
(1, -11, 103)
(1, -11, 104)
(0, -11, 105)
(0, -11, 106)
(1, -11, 106)
(1, -11, 107)
(0, -11, 108)
(1, -12, 107)
(0, -12, 108)
(0, -12, 109)
(1, -12, 109)
(0, -11, 110)
(1, -11, 109)
(0, -10, 109)
(1, -10, 109)
(0, -9, 110)
(1, -9, 109)
(1, -9, 108)
(0, -8, 108)
(0, -8, 107)
(1, -8, 106)
(1, -8, 105)
(0, -7, 105)
(0, -7, 104)
(0, -7, 103)
(0, -7, 102)
(1, -7, 101)
(0, -6, 102)
(1, -6, 101)
(0, -5, 102)
(1, -5, 102)
(0, -4, 103)
(1, -4, 103)
(0, -3, 103)
(1, -3, 103)
(0, -2, 104)
(1, -2, 103)
(0, -1, 104)
(0, -1, 105)
(1, -2, 105)
(1, -2, 106)
(0, -2, 107)
(0, -2, 108)
(1, -3, 108)
(0, -3, 108)
(1, -4, 108)
(0, -4, 108)
(1, -5, 107)
(0, -5, 108)
(1, -6, 108)
(0, -6, 109)
(0, -6, 110)
(1, -7, 110)
(0, -7, 111)
(1, -8, 110)
(0, -8, 111)
(1, -9, 111)
(0, -9, 112)
(1, -10, 111)
(0, -10, 112)
(0, -10, 113)
(0, -10, 114)
(1, -10, 114)
(1, -10, 115)
(0, -10, 116)
(1, -11, 115)
(0, -11, 116)
(1, -12, 116)
(1, -12, 117)
(1, -12, 118)
(1, -12, 119)
(0, -11, 120)
(1, -11, 120)
(0, -10, 121)
(1, -10, 120)
(0, -9, 121)
(1, -9, 120)
(0, -8, 120)
(1, -8, 120)
(1, -8, 121)
(0, -8, 122)
(0, -8, 123)
(0, -8, 124)
(1, -8, 124)
(0, -7, 125)
(0, -7, 126)
(0, -7, 127)
(1, -8, 127)
(0, -8, 127)
(1, -9, 126)
(1, -9, 125)
(0, -9, 125)
(1, -10, 125)
(0, -10, 125)
(1, -11, 124)
(0, -11, 125)
(1, -12, 124)
(0, -12, 124)
(1, -13, 124)
(1, -13, 125)
(1, -13, 126)
(1, -13, 127)
(1, -13, 128)
(0, -13, 129)
(1, -14, 128)
(0, -14, 128)
(1, -15, 128)
(1, -15, 129)
(0, -14, 130)
(0, -14, 131)
(1, -14, 131)
(0, -13, 132)
(1, -13, 131)
(0, -12, 132)
(0, -12, 133)
(1, -13, 133)
(1, -13, 134)
(0, -12, 135)
(1, -12, 135)
(0, -11, 136)
(1, -11, 135)
(0, -10, 136)
(1, -10, 135)
(0, -9, 136)
(0, -9, 137)
(1, -9, 137)
(1, -9, 138)
(0, -9, 139)
(0, -9, 140)
(1, -10, 140)
(0, -10, 141)
(1, -11, 141)
(0, -11, 142)
(0, -11, 143)
(0, -11, 144)
(1, -11, 144)
(0, -10, 145)
(1, -10, 144)
(0, -9, 145)
(1, -9, 145)
(0, -8, 145)
(1, -8, 145)
(1, -8, 146)
(1, -8, 147)
(1, -8, 148)
(1, -8, 149)
(1, -8, 150)
(1, -8, 151)
(0, -8, 152)
(1, -9, 152)
(0, -9, 152)
(1, -10, 151)
(0, -10, 152)
(1, -11, 152)
(1, -11, 153)
(0, -11, 154)
(1, -12, 153)
(0, -12, 153)
(1, -13, 153)
(0, -13, 153)
(0, -13, 152)
(1, -13, 151)
(1, -13, 150)
(0, -12, 150)
(0, -12, 149)
(1, -13, 148)
(0, -13, 149)
(1, -14, 148)
(1, -14, 147)
(1, -14, 146)
(1, -14, 145)
(1, -14, 144)
(0, -14, 144)
(1, -15, 144)
(1, -15, 145)
(0, -15, 146)
(0, -15, 147)
(1, -15, 147)
(1, -15, 148)
(1, -15, 149)
(0, -15, 150)
(1, -16, 150)
(0, -16, 151)
(1, -17, 150)
(1, -17, 149)
(1, -17, 148)
(1, -17, 147)
(0, -17, 147)
(1, -18, 147)
(0, -18, 148)
(1, -19, 148)
(0, -19, 148)
(1, -20, 148)
(0, -20, 148)
(1, -21, 148)
(0, -21, 149)
(0, -21, 150)
(1, -22, 150)
(0, -22, 150)
(1, -23, 149)
(0, -23, 150)
(0, -23, 151)
(1, -24, 151)
(1, -24, 152)
(1, -24, 153)
(0, -24, 154)
(0, -24, 155)
(1, -25, 155)
(1, -25, 156)
(0, -24, 157)
(1, -24, 156)
(0, -23, 157)
(1, -23, 157)
(0, -22, 158)
(0, -22, 159)
(1, -23, 159)
(1, -23, 160)
(0, -23, 161)
(1, -24, 161)
(1, -24, 162)
(1, -24, 163)
(1, -24, 164)
(1, -24, 165)
(0, -24, 166)
(1, -25, 166)
(1, -25, 167)
(0, -24, 168)
(1, -24, 167)
(0, -23, 168)
(0, -23, 169)
(0, -23, 170)
(1, -24, 170)
(1, -24, 171)
(0, -24, 172)
(0, -24, 173)
(1, -25, 173)
(0, -25, 173)
(0, -25, 172)
(1, -26, 171)
(0, -26, 171)
(1, -27, 171)
(0, -27, 171)
(1, -28, 171)
(0, -28, 171)
(1, -29, 170)
(0, -29, 170)
(0, -29, 169)
(0, -29, 168)
(1, -29, 167)
(0, -28, 168)
(1, -28, 167)
(1, -28, 166)
(0, -27, 166)
(1, -27, 165)
(0, -26, 165)
(1, -26, 164)
(0, -25, 165)
(1, -25, 164)
(1, -25, 163)
(1, -25, 162)
(1, -25, 161)
(0, -25, 161)
(1, -26, 160)
(0, -26, 160)
(0, -26, 159)
(0, -26, 158)
(1, -27, 157)
(1, -27, 156)
(1, -27, 155)
(0, -27, 155)
(0, -27, 154)
(0, -27, 153)
(1, -27, 152)
(1, -27, 151)
(0, -27, 151)
(0, -27, 150)
(0, -27, 149)
(0, -27, 148)
(1, -28, 147)
(0, -28, 147)
(1, -29, 147)
(0, -29, 147)
(1, -30, 147)
(1, -30, 148)
(1, -30, 149)
(1, -30, 150)
(0, -29, 151)
(1, -29, 151)
(1, -29, 152)
(0, -28, 153)
(0, -28, 154)
(1, -29, 154)
(0, -29, 155)
(1, -30, 154)
(0, -30, 155)
(0, -30, 156)
(0, -30, 157)
(0, -30, 158)
(1, -31, 158)
(1, -31, 159)
(1, -31, 160)
(1, -31, 161)
(0, -31, 162)
(0, -31, 163)
(1, -31, 163)
(0, -30, 163)
(1, -30, 163)
(0, -29, 164)
(0, -29, 165)
(0, -29, 166)
(1, -30, 166)
(0, -30, 166)
(1, -31, 166)
(0, -31, 167)
(0, -31, 168)
(0, -31, 169)
(0, -31, 170)
(0, -31, 171)
(1, -32, 171)
(0, -32, 172)
(1, -33, 172)
(0, -33, 172)
(1, -34, 171)
(1, -34, 170)
(0, -33, 170)
(1, -33, 170)
(0, -32, 170)
(0, -32, 169)
(1, -33, 168)
(0, -33, 168)
(1, -34, 167)
(1, -34, 166)
(1, -34, 165)
(0, -34, 165)
(0, -34, 164)
(1, -34, 163)
(1, -34, 162)
(0, -34, 162)
(1, -35, 162)
(0, -35, 162)
(1, -36, 161)
(0, -36, 162)
(1, -37, 162)
(0, -37, 163)
(1, -38, 163)
(0, -38, 163)
(1, -39, 163)
(0, -39, 163)
(1, -40, 162)
(1, -40, 161)
(1, -40, 160)
(0, -39, 160)
(1, -39, 159)
(1, -39, 158)
(0, -39, 158)
(1, -40, 158)
(0, -40, 159)
(1, -41, 158)
(0, -41, 159)
(1, -42, 159)
(1, -42, 160)
(1, -42, 161)
(1, -42, 162)
(1, -42, 163)
(0, -41, 164)
(1, -41, 164)
(0, -40, 165)
(1, -40, 164)
(0, -39, 165)
(0, -39, 166)
(1, -40, 166)
(1, -40, 167)
(1, -40, 168)
(1, -40, 169)
(0, -40, 170)
(1, -41, 169)
(1, -41, 168)
(0, -41, 168)
(1, -42, 167)
(0, -42, 168)
(1, -43, 167)
(0, -43, 168)
(1, -44, 168)
(0, -44, 169)
(0, -44, 170)
(0, -44, 171)
(1, -45, 171)
(0, -45, 171)
(1, -46, 171)
(0, -46, 172)
(1, -47, 172)
(1, -47, 173)
(1, -47, 174)
(0, -46, 175)
(0, -46, 176)
(0, -46, 177)
(1, -46, 177)
(0, -45, 178)
(0, -45, 179)
(1, -45, 179)
(0, -44, 180)
(0, -44, 181)
(0, -44, 182)
(1, -45, 182)
(1, -45, 183)
(0, -45, 184)
(1, -46, 184)
(0, -46, 184)
(1, -47, 183)
(0, -47, 183)
(0, -47, 182)
(1, -47, 181)
(0, -46, 181)
(0, -46, 180)
(0, -46, 179)
(1, -47, 178)
(0, -47, 178)
(0, -47, 177)
(1, -48, 176)
(1, -48, 175)
(1, -48, 174)
(0, -48, 174)
(0, -48, 173)
(0, -48, 172)
(1, -48, 171)
(0, -47, 171)
(0, -47, 170)
(1, -47, 169)
(1, -47, 168)
(0, -47, 168)
(1, -48, 167)
(1, -48, 166)
(0, -47, 166)
(1, -47, 166)
(0, -46, 167)
(1, -46, 166)
(0, -45, 167)
(1, -45, 167)
(0, -44, 167)
(0, -44, 166)
(1, -44, 165)
(0, -43, 166)
(1, -43, 165)
(1, -43, 164)
(1, -43, 163)
(0, -43, 163)
(0, -43, 162)
(1, -44, 161)
(0, -44, 161)
(0, -44, 160)
(1, -45, 159)
(1, -45, 158)
(0, -44, 158)
(1, -44, 157)
(0, -43, 157)
(1, -43, 156)
(0, -42, 157)
(1, -42, 157)
(0, -41, 157)
(0, -41, 156)
(1, -42, 155)
(1, -42, 154)
(0, -42, 154)
(1, -43, 153)
(0, -43, 154)
(1, -44, 153)
(0, -44, 154)
(1, -45, 153)
(0, -45, 153)
(0, -45, 152)
(1, -46, 151)
(1, -46, 150)
(0, -45, 150)
(1, -45, 150)
(0, -44, 151)
(1, -44, 150)
(0, -43, 150)
(1, -43, 149)
(0, -42, 149)
(1, -42, 149)
(1, -42, 150)
(1, -42, 151)
(0, -41, 152)
(1, -41, 152)
(0, -40, 153)
(1, -40, 152)
(1, -40, 151)
(0, -39, 151)
(0, -39, 150)
(1, -39, 149)
(0, -38, 150)
(0, -38, 151)
(0, -38, 152)
(1, -39, 152)
(1, -39, 153)
(0, -39, 154)
(0, -39, 155)
(1, -39, 155)
(0, -38, 156)
(1, -38, 156)
(0, -37, 157)
(1, -37, 157)
(0, -36, 158)
(1, -36, 158)
(0, -35, 159)
(1, -35, 158)
(1, -35, 157)
(1, -35, 156)
(1, -35, 155)
(1, -35, 154)
(0, -34, 154)
(1, -34, 153)
(1, -34, 152)
(0, -34, 152)
(1, -35, 151)
(0, -35, 152)
(1, -36, 151)
(0, -36, 151)
(1, -37, 151)
(0, -37, 151)
(0, -37, 150)
(1, -37, 149)
(0, -36, 149)
(1, -36, 149)
(0, -35, 149)
(0, -35, 148)
(0, -35, 147)
(1, -36, 146)
(0, -36, 147)
(1, -37, 147)
(0, -37, 148)
(1, -38, 147)
(1, -38, 146)
(1, -38, 145)
(0, -38, 145)
(0, -38, 144)
(0, -38, 143)
(0, -38, 142)
(0, -38, 141)
(0, -38, 140)
(0, -38, 139)
(1, -39, 138)
(0, -39, 138)
(1, -40, 137)
(1, -40, 136)
(0, -39, 136)
(1, -39, 135)
(0, -38, 136)
(1, -38, 135)
(1, -38, 134)
(1, -38, 133)
(1, -38, 132)
(0, -38, 132)
(1, -39, 131)
(0, -39, 131)
(1, -40, 131)
(0, -40, 132)
(1, -41, 132)
(0, -41, 132)
(1, -42, 131)
(0, -42, 132)
(1, -43, 132)
(1, -43, 133)
(0, -42, 134)
(1, -42, 134)
(0, -41, 134)
(1, -41, 134)
(1, -41, 135)
(1, -41, 136)
(1, -41, 137)
(1, -41, 138)
(0, -40, 139)
(0, -40, 140)
(0, -40, 141)
(1, -41, 141)
(0, -41, 141)
(1, -42, 141)
(1, -42, 142)
(0, -41, 143)
(1, -41, 143)
(1, -41, 144)
(1, -41, 145)
(0, -41, 146)
(1, -42, 146)
(0, -42, 146)
(1, -43, 146)
(0, -43, 147)
(1, -44, 146)
(0, -44, 147)
(1, -45, 147)
(0, -45, 148)
(1, -46, 147)
(1, -46, 146)
(0, -46, 146)
(0, -46, 145)
(0, -46, 144)
(1, -47, 143)
(0, -47, 144)
(0, -47, 145)
(1, -48, 145)
(1, -48, 146)
(0, -48, 147)
(1, -49, 147)
(0, -49, 148)
(1, -50, 147)
(0, -50, 148)
(1, -51, 147)
(0, -51, 148)
(1, -52, 147)
(0, -52, 147)
(1, -53, 146)
(1, -53, 145)
(0, -53, 145)
(1, -54, 145)
(1, -54, 146)
(1, -54, 147)
(0, -53, 148)
(1, -53, 148)
(0, -52, 149)
(1, -52, 149)
(0, -51, 150)
(1, -51, 150)
(0, -50, 151)
(1, -50, 150)
(0, -49, 151)
(0, -49, 152)
(1, -49, 152)
(1, -49, 153)
(0, -48, 154)
(0, -48, 155)
(1, -49, 155)
(0, -49, 156)
(1, -50, 155)
(1, -50, 154)
(0, -50, 154)
(1, -51, 154)
(0, -51, 154)
(1, -52, 154)
(0, -52, 154)
(1, -53, 154)
(0, -53, 155)
(1, -54, 155)
(0, -54, 155)
(0, -54, 154)
(1, -55, 153)
(0, -55, 154)
(1, -56, 154)
(1, -56, 155)
(0, -55, 156)
(0, -55, 157)
(1, -56, 157)
(0, -56, 158)
(1, -57, 157)
(0, -57, 157)
(0, -57, 156)
(1, -57, 155)
(1, -57, 154)
(0, -57, 154)
(0, -57, 153)
(1, -57, 152)
(0, -56, 152)
(1, -56, 151)
(1, -56, 150)
(0, -55, 150)
(1, -55, 149)
(1, -55, 148)
(1, -55, 147)
(0, -55, 147)
(0, -55, 146)
(1, -56, 145)
(1, -56, 144)
(0, -55, 144)
(1, -55, 144)
(0, -54, 144)
(0, -54, 143)
(1, -54, 142)
(1, -54, 141)
(1, -54, 140)
(0, -53, 140)
(0, -53, 139)
(1, -54, 138)
(1, -54, 137)
(0, -54, 137)
(1, -55, 136)
(1, -55, 135)
(0, -55, 135)
(0, -55, 134)
(0, -55, 133)
(0, -55, 132)
(1, -56, 131)
(0, -56, 131)
(1, -57, 130)
(1, -57, 129)
(0, -57, 129)
(1, -58, 128)
(0, -58, 129)
(1, -59, 129)
(0, -59, 130)
(1, -60, 130)
(0, -60, 131)
(1, -61, 130)
(1, -61, 129)
(0, -61, 129)
(1, -62, 128)
(0, -62, 128)
(1, -63, 127)
(0, -63, 127)
(0, -63, 126)
(1, -63, 125)
(1, -63, 124)
(0, -63, 124)
(1, -64, 124)
(0, -64, 125)
(1, -65, 125)
(0, -65, 125)
(1, -66, 125)
(1, -66, 126)
(0, -66, 127)
(1, -67, 126)
(0, -67, 126)
(0, -67, 125)
(1, -68, 124)
(1, -68, 123)
(0, -67, 123)
(1, -67, 123)
(0, -66, 124)
(1, -66, 123)
(0, -65, 123)
(1, -65, 123)
(0, -64, 123)
(0, -64, 122)
(0, -64, 121)
(1, -65, 120)
(0, -65, 121)
(1, -66, 121)
(0, -66, 122)
(1, -67, 121)
(1, -67, 120)
(1, -67, 119)
(0, -66, 119)
(0, -66, 118)
(1, -66, 117)
(0, -65, 117)
(1, -65, 116)
(0, -64, 116)
(0, -64, 115)
(0, -64, 114)
(1, -65, 113)
(0, -65, 114)
(1, -66, 113)
(0, -66, 113)
(0, -66, 112)
(1, -67, 111)
(0, -67, 111)
(0, -67, 110)
(0, -67, 109)
(0, -67, 108)
(1, -68, 107)
(0, -68, 107)
(1, -69, 107)
(1, -69, 108)
(1, -69, 109)
(0, -68, 110)
(0, -68, 111)
(0, -68, 112)
(0, -68, 113)
(0, -68, 114)
(1, -69, 114)
(0, -69, 115)
(0, -69, 116)
(0, -69, 117)
(1, -69, 117)
(0, -68, 118)
(1, -68, 118)
(1, -68, 119)
(1, -68, 120)
(0, -68, 121)
(1, -69, 120)
(0, -69, 120)
(1, -70, 120)
(1, -70, 121)
(0, -70, 122)
(1, -71, 122)
(0, -71, 123)
(0, -71, 124)
(0, -71, 125)
(1, -71, 125)
(1, -71, 126)
(0, -71, 127)
(1, -72, 127)
(0, -72, 127)
(1, -73, 126)
(1, -73, 125)
(1, -73, 124)
(0, -72, 124)
(0, -72, 123)
(0, -72, 122)
(0, -72, 121)
(1, -73, 120)
(0, -73, 121)
(0, -73, 122)
(1, -74, 122)
(0, -74, 122)
(1, -75, 122)
(1, -75, 123)
(1, -75, 124)
(0, -75, 125)
(1, -76, 124)
(0, -76, 125)
(1, -77, 125)
(0, -77, 125)
(1, -78, 125)
(0, -78, 126)
(0, -78, 127)
(0, -78, 128)
(1, -78, 128)
(1, -78, 129)
(1, -78, 130)
(0, -78, 131)
(1, -79, 130)
(0, -79, 131)
(1, -80, 131)
(0, -80, 132)
(1, -81, 131)
(0, -81, 131)
(1, -82, 131)
(0, -82, 131)
(1, -83, 131)
(1, -83, 132)
(1, -83, 133)
(1, -83, 134)
(0, -83, 135)
(0, -83, 136)
(0, -83, 137)
(0, -83, 138)
(1, -83, 138)
(1, -83, 139)
(0, -82, 140)
(1, -82, 139)
(0, -81, 140)
(1, -81, 139)
(0, -80, 140)
(1, -80, 139)
(0, -79, 140)
(1, -79, 140)
(0, -78, 140)
(1, -78, 139)
(0, -77, 139)
(0, -77, 138)
(1, -78, 137)
(0, -78, 138)
(1, -79, 138)
(0, -79, 138)
(1, -80, 137)
(0, -80, 138)
(1, -81, 137)
(0, -81, 138)
(1, -82, 137)
(1, -82, 136)
(0, -81, 136)
(1, -81, 135)
(0, -80, 135)
(1, -80, 134)
(1, -80, 133)
(0, -79, 133)
(1, -79, 132)
(0, -78, 133)
(1, -78, 133)
(1, -78, 134)
(1, -78, 135)
(0, -77, 136)
(1, -77, 135)
(0, -76, 136)
(0, -76, 137)
(0, -76, 138)
(1, -76, 138)
(0, -75, 139)
(1, -75, 139)
(0, -74, 139)
(1, -74, 138)
(0, -73, 139)
(1, -73, 139)
(0, -72, 139)
(1, -72, 139)
(0, -71, 139)
(0, -71, 138)
(1, -72, 137)
(0, -72, 137)
(1, -73, 136)
(0, -73, 137)
(1, -74, 136)
(0, -74, 137)
(1, -75, 136)
(1, -75, 135)
(0, -74, 135)
(0, -74, 134)
(0, -74, 133)
(1, -74, 132)
(0, -73, 132)
(1, -73, 132)
(0, -72, 133)
(1, -72, 133)
(0, -71, 134)
(1, -71, 133)
(1, -71, 132)
(1, -71, 131)
(1, -71, 130)
(1, -71, 129)
(1, -71, 128)
(0, -70, 128)
(1, -70, 128)
(0, -69, 129)
(1, -69, 128)
(0, -68, 129)
(0, -68, 130)
(1, -68, 130)
(0, -67, 130)
(1, -67, 130)
(1, -67, 131)
(0, -66, 132)
(1, -66, 132)
(0, -65, 133)
(1, -65, 132)
(0, -64, 133)
(1, -64, 132)
(0, -63, 133)
(1, -63, 133)
(1, -63, 134)
(0, -62, 135)
(1, -62, 134)
(0, -61, 135)
(1, -61, 134)
(0, -60, 134)
(1, -60, 133)
(1, -60, 132)
(0, -59, 132)
(1, -59, 132)
(0, -58, 133)
(0, -58, 134)
(1, -58, 134)
(1, -58, 135)
(0, -57, 136)
(0, -57, 137)
(1, -58, 137)
(0, -58, 138)
(0, -58, 139)
(0, -58, 140)
(1, -59, 140)
(0, -59, 141)
(1, -60, 140)
(0, -60, 140)
(1, -61, 139)
(1, -61, 138)
(0, -61, 138)
(1, -62, 138)
(1, -62, 139)
(1, -62, 140)
(0, -61, 141)
(1, -61, 141)
(1, -61, 142)
(1, -61, 143)
(0, -61, 144)
(1, -62, 144)
(0, -62, 144)
(0, -62, 143)
(0, -62, 142)
(1, -63, 141)
(1, -63, 140)
(0, -63, 140)
(1, -64, 139)
(1, -64, 138)
(0, -64, 138)
(0, -64, 137)
(1, -65, 136)
(0, -65, 136)
(0, -65, 135)
(1, -66, 134)
(0, -66, 135)
(0, -66, 136)
(1, -67, 136)
(1, -67, 137)
(0, -67, 138)
(0, -67, 139)
(1, -67, 139)
(1, -67, 140)
(0, -67, 141)
(0, -67, 142)
(1, -68, 142)
(0, -68, 142)
(0, -68, 141)
(0, -68, 140)
(1, -69, 139)
(1, -69, 138)
(0, -69, 138)
(1, -70, 137)
(0, -70, 138)
(0, -70, 139)
(1, -70, 139)
(1, -70, 140)
(0, -69, 141)
(0, -69, 142)
(0, -69, 143)
(1, -70, 143)
(0, -70, 144)
(1, -71, 144)
(0, -71, 144)
(0, -71, 143)
(0, -71, 142)
(1, -72, 141)
(0, -72, 141)
(1, -73, 141)
(1, -73, 142)
(0, -73, 143)
(1, -74, 142)
(0, -74, 143)
(0, -74, 144)
(1, -75, 144)
(1, -75, 145)
(0, -75, 146)
(1, -76, 146)
(1, -76, 147)
(1, -76, 148)
(0, -76, 149)
(1, -77, 149)
(1, -77, 150)
(1, -77, 151)
(0, -76, 152)
(1, -76, 152)
(1, -76, 153)
(0, -75, 154)
(1, -75, 153)
(0, -74, 154)
(1, -74, 153)
(1, -74, 152)
(1, -74, 151)
(1, -74, 150)
(1, -74, 149)
(1, -74, 148)
(0, -73, 148)
(1, -73, 148)
(1, -73, 149)
(0, -72, 150)
(1, -72, 149)
(1, -72, 148)
(1, -72, 147)
(1, -72, 146)
(0, -71, 146)
(1, -71, 146)
(0, -70, 146)
(1, -70, 145)
(0, -69, 145)
(1, -69, 145)
(0, -68, 145)
(1, -68, 145)
(0, -67, 145)
(1, -67, 145)
(0, -66, 145)
(1, -66, 144)
(0, -65, 145)
(1, -65, 144)
(0, -64, 144)
(1, -64, 144)
(0, -63, 145)
(1, -63, 145)
(1, -63, 146)
(0, -62, 147)
(1, -62, 147)
(0, -61, 148)
(0, -61, 149)
(1, -61, 149)
(0, -60, 150)
(1, -60, 150)
(0, -59, 150)
(1, -59, 150)
(1, -59, 151)
(0, -58, 152)
(0, -58, 153)
(1, -59, 153)
(0, -59, 154)
(1, -60, 154)
(0, -60, 154)
(1, -61, 154)
(0, -61, 154)
(0, -61, 153)
(0, -61, 152)
(0, -61, 151)
(1, -62, 150)
(0, -62, 150)
(1, -63, 150)
(1, -63, 151)
(1, -63, 152)
(0, -63, 153)
(1, -64, 153)
(0, -64, 154)
(1, -65, 154)
(0, -65, 154)
(1, -66, 153)
(0, -66, 153)
(0, -66, 152)
(1, -67, 151)
(0, -67, 151)
(1, -68, 151)
(0, -68, 152)
(0, -68, 153)
(0, -68, 154)
(1, -69, 154)
(1, -69, 155)
(0, -69, 156)
(1, -70, 155)
(1, -70, 154)
(1, -70, 153)
(0, -69, 153)
(0, -69, 152)
(1, -70, 151)
(0, -70, 151)
(1, -71, 150)
(0, -71, 151)
(0, -71, 152)
(0, -71, 153)
(0, -71, 154)
(0, -71, 155)
(1, -72, 155)
(1, -72, 156)
(0, -71, 157)
(1, -71, 157)
(0, -70, 157)
(1, -70, 157)
(0, -69, 158)
(1, -69, 158)
(1, -69, 159)
(0, -69, 160)
(1, -70, 159)
(0, -70, 160)
(1, -71, 159)
(0, -71, 160)
(1, -72, 160)
(1, -72, 161)
(0, -72, 162)
(0, -72, 163)
(1, -73, 163)
(1, -73, 164)
(0, -72, 165)
(0, -72, 166)
(1, -73, 166)
(1, -73, 167)
(0, -73, 168)
(1, -74, 168)
(0, -74, 169)
(1, -75, 169)
(0, -75, 169)
(1, -76, 169)
(1, -76, 170)
(1, -76, 171)
(0, -75, 172)
(1, -75, 171)
(0, -74, 171)
(1, -74, 170)
(0, -73, 171)
(0, -73, 172)
(1, -73, 172)
(0, -72, 173)
(0, -72, 174)
(1, -72, 174)
(0, -71, 174)
(1, -71, 173)
(1, -71, 172)
(0, -71, 172)
(1, -72, 171)
(1, -72, 170)
(0, -72, 170)
(0, -72, 169)
(1, -72, 168)
(0, -71, 168)
(1, -71, 168)
(0, -70, 169)
(1, -70, 169)
(0, -69, 169)
(1, -69, 169)
(0, -68, 170)
(1, -68, 170)
(0, -67, 171)
(1, -67, 171)
(1, -67, 172)
(0, -66, 173)
(1, -66, 172)
(1, -66, 171)
(1, -66, 170)
(1, -66, 169)
(1, -66, 168)
(0, -65, 168)
(1, -65, 168)
(0, -64, 168)
(0, -64, 167)
(1, -64, 166)
(0, -63, 166)
(0, -63, 165)
(1, -64, 164)
(0, -64, 164)
(0, -64, 163)
(0, -64, 162)
(1, -64, 161)
(1, -64, 160)
(0, -63, 160)
(1, -63, 160)
(1, -63, 161)
(0, -62, 162)
(1, -62, 161)
(0, -61, 161)
(1, -61, 161)
(0, -60, 161)
(1, -60, 161)
(1, -60, 162)
(0, -60, 163)
(1, -61, 163)
(0, -61, 164)
(0, -61, 165)
(1, -61, 165)
(0, -60, 165)
(1, -60, 165)
(0, -59, 165)
(1, -59, 165)
(0, -58, 166)
(0, -58, 167)
(1, -59, 167)
(0, -59, 168)
(0, -59, 169)
(1, -59, 169)
(1, -59, 170)
(0, -58, 171)
(1, -58, 170)
(0, -57, 171)
(1, -57, 171)
(1, -57, 172)
(0, -56, 173)
(1, -56, 172)
(1, -56, 171)
(1, -56, 170)
(1, -56, 169)
(0, -55, 169)
(1, -55, 168)
(0, -54, 168)
(0, -54, 167)
(1, -54, 166)
(1, -54, 165)
(0, -53, 165)
(1, -53, 165)
(1, -53, 166)
(0, -52, 167)
(1, -52, 166)
(0, -51, 167)
(1, -51, 166)
(0, -50, 166)
(1, -50, 165)
(0, -49, 166)
(0, -49, 167)
(1, -49, 167)
(1, -49, 168)
(0, -49, 169)
(1, -50, 168)
(0, -50, 169)
(0, -50, 170)
(1, -50, 170)
(0, -49, 171)
(0, -49, 172)
(1, -50, 172)
(1, -50, 173)
(0, -50, 174)
(1, -51, 174)
(0, -51, 175)
(1, -52, 174)
(0, -52, 174)
(1, -53, 174)
(0, -53, 174)
(0, -53, 173)
(1, -53, 172)
(0, -52, 172)
(0, -52, 171)
(1, -52, 170)
(1, -52, 169)
(0, -52, 169)
(1, -53, 168)
(0, -53, 169)
(0, -53, 170)
(1, -54, 170)
(0, -54, 170)
(1, -55, 170)
(1, -55, 171)
(1, -55, 172)
(0, -54, 173)
(0, -54, 174)
(0, -54, 175)
(0, -54, 176)
(0, -54, 177)
(0, -54, 178)
(1, -54, 178)
(0, -53, 178)
(1, -53, 177)
(0, -52, 177)
(1, -52, 176)
(0, -51, 177)
(0, -51, 178)
(1, -52, 178)
(1, -52, 179)
(0, -51, 180)
(0, -51, 181)
(0, -51, 182)
(1, -52, 182)
(1, -52, 183)
(0, -51, 184)
(1, -51, 183)
(0, -50, 184)
(0, -50, 185)
(1, -50, 185)
(1, -50, 186)
(0, -50, 187)
(1, -51, 186)
(0, -51, 186)
(1, -52, 185)
(0, -52, 186)
(1, -53, 186)
(0, -53, 186)
(0, -53, 185)
(1, -53, 184)
(1, -53, 183)
(1, -53, 182)
(1, -53, 181)
(0, -53, 181)
(1, -54, 181)
(0, -54, 181)
(1, -55, 180)
(0, -55, 180)
(1, -56, 179)
(0, -56, 180)
(1, -57, 180)
(1, -57, 181)
(0, -57, 182)
(1, -58, 182)
(0, -58, 182)
(0, -58, 181)
(0, -58, 180)
(1, -58, 179)
(0, -57, 179)
(1, -57, 178)
(0, -56, 178)
(0, -56, 177)
(0, -56, 176)
(0, -56, 175)
(1, -57, 174)
(0, -57, 175)
(1, -58, 175)
(0, -58, 176)
(1, -59, 175)
(0, -59, 175)
(0, -59, 174)
(1, -60, 173)
(1, -60, 172)
(1, -60, 171)
(0, -60, 171)
(1, -61, 170)
(1, -61, 169)
(0, -61, 169)
(1, -62, 168)
(0, -62, 169)
(1, -63, 168)
(0, -63, 169)
(1, -64, 169)
(0, -64, 170)
(0, -64, 171)
(1, -65, 171)
(1, -65, 172)
(0, -64, 173)
(1, -64, 173)
(0, -63, 174)
(1, -63, 173)
(1, -63, 172)
(0, -62, 172)
(1, -62, 172)
(0, -61, 173)
(1, -61, 173)
(1, -61, 174)
(1, -61, 175)
(0, -60, 176)
(1, -60, 176)
(0, -59, 177)
(0, -59, 178)
(0, -59, 179)
(1, -60, 179)
(0, -60, 179)
(1, -61, 178)
(0, -61, 178)
(1, -62, 178)
(1, -62, 179)
(0, -61, 180)
(1, -61, 180)
(0, -60, 181)
(0, -60, 182)
(1, -60, 182)
(1, -60, 183)
(0, -60, 184)
(0, -60, 185)
(1, -60, 185)
(0, -59, 185)
(1, -59, 184)
(0, -58, 184)
(1, -58, 184)
(1, -58, 185)
(0, -57, 186)
(1, -57, 185)
(0, -56, 186)
(0, -56, 187)
(1, -57, 187)
(1, -57, 188)
(1, -57, 189)
(1, -57, 190)
(0, -56, 191)
(1, -56, 190)
(0, -55, 190)
(1, -55, 190)
(0, -54, 190)
(1, -54, 189)
(0, -53, 190)
(1, -53, 190)
(1, -53, 191)
(1, -53, 192)
(1, -53, 193)
(1, -53, 194)
(1, -53, 195)
(1, -53, 196)
(0, -52, 197)
(0, -52, 198)
(1, -53, 198)
(0, -53, 199)
(0, -53, 200)
(1, -53, 200)
(0, -52, 200)
(1, -52, 199)
(0, -51, 199)
(0, -51, 198)
(1, -51, 197)
(0, -50, 197)
(0, -50, 196)
(0, -50, 195)
(0, -50, 194)
(1, -50, 193)
(1, -50, 192)
(0, -50, 192)
(0, -50, 191)
(0, -50, 190)
(1, -50, 189)
(0, -49, 189)
(0, -49, 188)
(1, -49, 187)
(0, -48, 187)
(1, -48, 186)
(0, -47, 187)
(1, -47, 187)
(0, -46, 188)
(1, -46, 187)
(0, -45, 188)
(1, -45, 187)
(0, -44, 187)
(0, -44, 186)
(1, -44, 185)
(1, -44, 184)
(0, -43, 184)
(1, -43, 184)
(0, -42, 185)
(0, -42, 186)
(0, -42, 187)
(1, -43, 187)
(1, -43, 188)
(0, -43, 189)
(0, -43, 190)
(1, -43, 190)
(0, -42, 190)
(1, -42, 189)
(1, -42, 188)
(0, -41, 188)
(1, -41, 188)
(1, -41, 189)
(0, -40, 190)
(1, -40, 189)
(1, -40, 188)
(0, -39, 188)
(1, -39, 187)
(0, -38, 187)
(0, -38, 186)
(1, -38, 185)
(1, -38, 184)
(0, -37, 184)
(1, -37, 184)
(1, -37, 185)
(1, -37, 186)
(1, -37, 187)
(0, -36, 188)
(1, -36, 187)
(0, -35, 188)
(1, -35, 188)
(0, -34, 189)
(0, -34, 190)
(1, -35, 190)
(1, -35, 191)
(1, -35, 192)
(0, -34, 193)
(1, -34, 193)
(0, -33, 193)
(1, -33, 192)
(0, -32, 192)
(0, -32, 191)
(0, -32, 190)
(1, -32, 189)
(0, -31, 189)
(1, -31, 189)
(0, -30, 190)
(1, -30, 190)
(0, -29, 191)
(1, -29, 190)
(0, -28, 190)
(0, -28, 189)
(1, -28, 188)
(0, -27, 189)
(0, -27, 190)
(1, -27, 190)
(0, -26, 191)
(1, -26, 191)
(0, -25, 192)
(1, -25, 192)
(0, -24, 192)
(1, -24, 191)
(0, -23, 192)
(1, -23, 192)
(0, -22, 193)
(1, -22, 193)
(1, -22, 194)
(1, -22, 195)
(0, -21, 196)
(0, -21, 197)
(1, -22, 197)
(1, -22, 198)
(0, -21, 199)
(1, -21, 199)
(0, -20, 199)
(1, -20, 198)
(1, -20, 197)
(0, -20, 197)
(0, -20, 196)
(0, -20, 195)
(1, -20, 194)
(1, -20, 193)
(0, -20, 193)
(0, -20, 192)
(0, -20, 191)
(1, -21, 190)
(1, -21, 189)
(0, -21, 189)
(1, -22, 188)
(0, -22, 189)
(1, -23, 189)
(0, -23, 189)
(1, -24, 188)
(0, -24, 189)
(0, -24, 190)
(1, -25, 190)
(0, -25, 190)
(1, -26, 189)
(1, -26, 188)
(0, -25, 188)
(0, -25, 187)
(1, -25, 186)
(0, -24, 187)
(1, -24, 186)
(0, -23, 187)
(1, -23, 187)
(0, -22, 187)
(1, -22, 186)
(1, -22, 185)
(1, -22, 184)
(0, -21, 184)
(1, -21, 184)
(1, -21, 185)
(1, -21, 186)
(0, -20, 187)
(1, -20, 187)
(0, -19, 188)
(0, -19, 189)
(1, -19, 189)
(1, -19, 190)
(1, -19, 191)
(1, -19, 192)
(1, -19, 193)
(1, -19, 194)
(1, -19, 195)
(0, -18, 196)
(1, -18, 196)
(1, -18, 197)
(1, -18, 198)
(0, -18, 199)
(0, -18, 200)
(1, -18, 200)
(0, -17, 200)
(1, -17, 200)
(0, -16, 200)
(1, -16, 199)
(0, -15, 200)
(1, -15, 199)
(0, -14, 199)
(0, -14, 198)
(1, -15, 197)
(1, -15, 196)
(0, -15, 196)
(1, -16, 195)
(1, -16, 194)
(0, -15, 194)
(0, -15, 193)
(1, -15, 192)
(1, -15, 191)
(0, -15, 191)
(1, -16, 191)
(0, -16, 192)
(0, -16, 193)
(1, -17, 193)
(0, -17, 193)
(0, -17, 192)
(0, -17, 191)
(0, -17, 190)
(1, -18, 189)
(1, -18, 188)
(0, -18, 188)
(0, -18, 187)
(1, -19, 186)
(1, -19, 185)
(0, -19, 185)
(0, -19, 184)
(1, -20, 183)
(1, -20, 182)
(0, -19, 182)
(0, -19, 181)
(1, -19, 180)
(0, -18, 181)
(1, -18, 181)
(0, -17, 182)
(0, -17, 183)
(1, -17, 183)
(1, -17, 184)
(0, -17, 185)
(0, -17, 186)
(0, -17, 187)
(1, -17, 187)
(0, -16, 188)
(0, -16, 189)
(1, -16, 189)
(0, -15, 189)
(1, -15, 189)
(0, -14, 189)
(0, -14, 188)
(1, -14, 187)
(1, -14, 186)
(0, -13, 186)
(0, -13, 185)
(0, -13, 184)
(1, -13, 183)
(0, -12, 184)
(1, -12, 183)
(0, -11, 183)
(1, -11, 182)
(0, -10, 182)
(1, -10, 182)
(1, -10, 183)
(0, -9, 184)
(1, -9, 184)
(1, -9, 185)
(0, -9, 186)
(1, -10, 186)
(1, -10, 187)
(0, -9, 188)
(0, -9, 189)
(1, -9, 189)
(1, -9, 190)
(0, -9, 191)
(1, -10, 191)
(0, -10, 191)
(1, -11, 190)
(1, -11, 189)
(0, -11, 189)
(1, -12, 188)
(0, -12, 189)
(1, -13, 189)
(0, -13, 190)
(0, -13, 191)
(1, -13, 191)
(0, -12, 192)
(1, -12, 192)
(1, -12, 193)
(0, -12, 194)
(1, -13, 193)
(0, -13, 193)
(1, -14, 193)
(1, -14, 194)
(0, -13, 195)
(1, -13, 195)
(0, -12, 196)
(1, -12, 195)
(0, -11, 195)
(1, -11, 194)
(0, -10, 195)
(1, -10, 195)
(1, -10, 196)
(1, -10, 197)
(0, -9, 198)
(0, -9, 199)
(0, -9, 200)
(1, -9, 200)
(0, -8, 200)
(1, -8, 199)
(0, -7, 199)
(1, -7, 198)
(1, -7, 197)
(1, -7, 196)
(0, -6, 196)
(0, -6, 195)
(0, -6, 194)
(1, -7, 193)
(0, -7, 194)
(0, -7, 195)
(1, -8, 195)
(0, -8, 196)
(1, -9, 195)
(1, -9, 194)
(0, -8, 194)
(0, -8, 193)
(1, -8, 192)
(1, -8, 191)
(1, -8, 190)
(1, -8, 189)
(0, -7, 189)
(1, -7, 189)
(0, -6, 190)
(1, -6, 190)
(0, -5, 191)
(0, -5, 192)
(0, -5, 193)
(0, -5, 194)
(0, -5, 195)
(0, -5, 196)
(1, -5, 196)
(0, -4, 197)
(1, -4, 196)
(1, -4, 195)
(0, -3, 195)
(0, -3, 194)
(1, -4, 193)
(1, -4, 192)
(0, -4, 192)
(0, -4, 191)
(0, -4, 190)
(1, -4, 189)
(1, -4, 188)
(1, -4, 187)
(1, -4, 186)
(0, -4, 186)
(1, -5, 186)
(0, -5, 186)
(1, -6, 185)
(0, -6, 186)
(1, -7, 186)
(0, -7, 186)
(1, -8, 185)
(1, -8, 184)
(1, -8, 183)
(1, -8, 182)
(0, -8, 182)
(0, -8, 181)
(0, -8, 180)
(1, -9, 179)
(1, -9, 178)
(0, -8, 178)
(1, -8, 177)
(0, -7, 177)
(0, -7, 176)
(1, -8, 175)
(0, -8, 176)
(1, -9, 175)
(1, -9, 174)
(0, -9, 174)
(0, -9, 173)
(0, -9, 172)
(1, -9, 171)
(0, -8, 172)
(0, -8, 173)
(1, -8, 173)
(0, -7, 174)
(1, -7, 173)
(0, -6, 173)
(1, -6, 172)
(1, -6, 171)
(1, -6, 170)
(0, -5, 170)
(0, -5, 169)
(0, -5, 168)
(1, -6, 167)
(0, -6, 168)
(0, -6, 169)
(1, -7, 169)
(0, -7, 169)
(1, -8, 169)
(0, -8, 169)
(1, -9, 169)
(0, -9, 169)
(1, -10, 169)
(1, -10, 170)
(0, -10, 171)
(1, -11, 171)
(1, -11, 172)
(0, -10, 173)
(0, -10, 174)
(1, -11, 174)
(0, -11, 174)
(1, -12, 174)
(1, -12, 175)
(0, -12, 176)
(1, -13, 175)
(0, -13, 175)
(0, -13, 174)
(1, -13, 173)
(1, -13, 172)
(0, -12, 172)
(0, -12, 171)
(1, -12, 170)
(1, -12, 169)
(1, -12, 168)
(1, -12, 167)
(0, -12, 167)
(0, -12, 166)
(0, -12, 165)
(0, -12, 164)
(0, -12, 163)
(1, -12, 162)
(0, -11, 163)
(1, -11, 162)
(1, -11, 161)
(0, -10, 161)
(1, -10, 161)
(0, -9, 162)
(1, -9, 162)
(1, -9, 163)
(0, -8, 164)
(1, -8, 164)
(0, -7, 164)
(1, -7, 164)
(1, -7, 165)
(0, -6, 166)
(1, -6, 165)
(1, -6, 164)
(0, -5, 164)
(1, -5, 164)
(0, -4, 165)
(0, -4, 166)
(1, -4, 166)
(0, -3, 167)
(0, -3, 168)
(0, -3, 169)
(1, -3, 169)
(0, -2, 170)
(1, -2, 170)
(1, -2, 171)
(0, -2, 172)
(0, -2, 173)
(0, -2, 174)
(0, -2, 175)
(1, -2, 175)
(0, -1, 175)
(1, -1, 175)
(0, 0, 176)
(1, 0, 176)
(0, 1, 177)
(1, 1, 176)
(0, 2, 177)
(0, 2, 178)
(1, 2, 178)
(1, 2, 179)
(0, 3, 180)
(0, 3, 181)
(1, 2, 181)
(0, 2, 182)
(1, 1, 181)
(0, 1, 182)
(1, 0, 182)
(0, 0, 183)
(0, 0, 184)
(1, -1, 184)
(0, -1, 185)
(1, -2, 184)
(1, -2, 183)
(0, -2, 183)
(1, -3, 182)
(0, -3, 183)
(0, -3, 184)
(1, -3, 184)
(1, -3, 185)
(0, -2, 186)
(1, -2, 186)
(1, -2, 187)
(1, -2, 188)
(0, -2, 189)
(0, -2, 190)
(1, -2, 190)
(0, -1, 191)
(1, -1, 191)
(0, 0, 192)
(1, 0, 192)
(1, 0, 193)
(1, 0, 194)
(1, 0, 195)
(0, 1, 196)
(0, 1, 197)
(1, 1, 197)
(0, 2, 198)
(0, 2, 199)
(1, 2, 199)
(0, 3, 200)
(1, 3, 200)
(0, 4, 200)
(1, 4, 199)
(0, 5, 200)
(1, 5, 199)
(1, 5, 198)
(0, 5, 198)
(0, 5, 197)
(0, 5, 196)
(1, 4, 195)
(0, 4, 196)
(0, 4, 197)
(0, 4, 198)
(1, 3, 198)
(0, 3, 198)
(0, 3, 197)
(1, 2, 196)
(0, 2, 196)
(0, 2, 195)
(1, 2, 194)
(1, 2, 193)
(0, 3, 193)
(1, 3, 193)
(0, 4, 193)
(1, 4, 193)
(0, 5, 193)
(1, 5, 192)
(0, 6, 193)
(1, 6, 193)
(0, 7, 194)
(1, 7, 194)
(0, 8, 195)
(0, 8, 196)
(0, 8, 197)
(0, 8, 198)
(0, 8, 199)
(1, 8, 199)
(0, 9, 199)
(1, 9, 198)
(0, 10, 199)
(1, 10, 199)
(0, 11, 199)
(1, 11, 199)
(0, 12, 199)
(1, 12, 199)
(0, 13, 199)
(1, 13, 199)
(0, 14, 199)
(1, 14, 199)
(0, 15, 200)
(1, 15, 200)
(0, 16, 200)
(0, 16, 199)
(0, 16, 198)
(0, 16, 197)
(1, 16, 196)
(1, 16, 195)
(0, 16, 195)
(0, 16, 194)
(1, 15, 193)
(1, 15, 192)
(0, 16, 192)
(0, 16, 191)
(0, 16, 190)
(1, 16, 189)
(0, 17, 189)
(1, 17, 189)
(0, 18, 189)
(1, 18, 189)
(0, 19, 190)
(1, 19, 189)
(0, 20, 190)
(0, 20, 191)
(0, 20, 192)
(1, 20, 192)
(0, 21, 193)
(1, 21, 193)
(1, 21, 194)
(0, 22, 195)
(1, 22, 195)
(0, 23, 195)
(1, 23, 194)
(0, 24, 195)
(1, 24, 195)
(0, 25, 196)
(1, 25, 195)
(1, 25, 194)
(1, 25, 193)
(1, 25, 192)
(1, 25, 191)
(1, 25, 190)
(1, 25, 189)
(0, 26, 189)
(0, 26, 188)
(1, 26, 187)
(0, 27, 187)
(1, 27, 186)
(1, 27, 185)
(1, 27, 184)
(1, 27, 183)
(0, 28, 183)
(0, 28, 182)
(1, 27, 181)
(0, 27, 181)
(0, 27, 180)
(1, 26, 179)
(0, 26, 180)
(1, 25, 180)
(1, 25, 181)
(0, 26, 182)
(0, 26, 183)
(1, 25, 183)
(0, 25, 184)
(1, 24, 183)
(0, 24, 183)
(1, 23, 183)
(1, 23, 184)
(0, 23, 185)
(1, 22, 184)
(0, 22, 185)
(0, 22, 186)
(0, 22, 187)
(1, 22, 187)
(0, 23, 188)
(1, 23, 187)
(0, 24, 188)
(0, 24, 189)
(1, 23, 189)
(0, 23, 190)
(1, 22, 189)
(0, 22, 189)
(1, 21, 189)
(0, 21, 189)
(0, 21, 188)
(1, 20, 187)
(0, 20, 187)
(1, 19, 186)
(0, 19, 187)
(1, 18, 187)
(0, 18, 187)
(0, 18, 186)
(1, 17, 185)
(0, 17, 186)
(1, 16, 186)
(1, 16, 187)
(0, 16, 188)
(1, 15, 187)
(0, 15, 188)
(1, 14, 188)
(1, 14, 189)
(0, 14, 190)
(0, 14, 191)
(1, 14, 191)
(1, 14, 192)
(1, 14, 193)
(1, 14, 194)
(0, 15, 195)
(0, 15, 196)
(1, 14, 196)
(0, 14, 196)
(1, 13, 196)
(0, 13, 196)
(1, 12, 196)
(0, 12, 196)
(1, 11, 195)
(0, 11, 196)
(0, 11, 197)
(1, 10, 197)
(0, 10, 197)
(0, 10, 196)
(1, 9, 195)
(0, 9, 195)
(0, 9, 194)
(1, 9, 193)
(1, 9, 192)
(0, 10, 192)
(0, 10, 191)
(1, 10, 190)
(0, 11, 190)
(1, 11, 190)
(0, 12, 190)
(0, 12, 189)
(1, 12, 188)
(0, 13, 188)
(0, 13, 187)
(1, 13, 186)
(1, 13, 185)
(0, 14, 185)
(1, 14, 184)
(1, 14, 183)
(0, 15, 183)
(1, 15, 182)
(1, 15, 181)
(1, 15, 180)
(1, 15, 179)
(1, 15, 178)
(0, 16, 178)
(1, 16, 177)
(1, 16, 176)
(0, 17, 176)
(1, 17, 175)
(1, 17, 174)
(0, 18, 174)
(1, 18, 174)
(0, 19, 174)
(1, 19, 174)
(1, 19, 175)
(1, 19, 176)
(0, 20, 177)
(1, 20, 176)
(0, 21, 177)
(1, 21, 177)
(0, 22, 178)
(1, 22, 177)
(0, 23, 178)
(0, 23, 179)
(1, 22, 179)
(1, 22, 180)
(1, 22, 181)
(0, 23, 182)
(1, 23, 181)
(0, 24, 181)
(1, 24, 180)
(1, 24, 179)
(0, 25, 179)
(0, 25, 178)
(0, 25, 177)
(1, 25, 176)
(0, 26, 177)
(1, 26, 176)
(1, 26, 175)
(1, 26, 174)
(0, 26, 174)
(0, 26, 173)
(0, 26, 172)
(1, 25, 171)
(0, 25, 172)
(0, 25, 173)
(1, 24, 173)
(0, 24, 174)
(1, 23, 173)
(1, 23, 172)
(0, 23, 172)
(1, 22, 171)
(0, 22, 172)
(1, 21, 172)
(0, 21, 172)
(1, 20, 172)
(0, 20, 172)
(1, 19, 172)
(0, 19, 172)
(1, 18, 172)
(0, 18, 172)
(1, 17, 172)
(0, 17, 172)
(1, 16, 171)
(0, 16, 171)
(1, 15, 170)
(1, 15, 169)
(1, 15, 168)
(1, 15, 167)
(1, 15, 166)
(1, 15, 165)
(0, 16, 165)
(1, 16, 165)
(1, 16, 166)
(1, 16, 167)
(1, 16, 168)
(1, 16, 169)
(0, 17, 170)
(1, 17, 169)
(0, 18, 170)
(1, 18, 169)
(0, 19, 169)
(0, 19, 168)
(1, 19, 167)
(0, 20, 167)
(1, 20, 167)
(0, 21, 168)
(1, 21, 168)
(0, 22, 168)
(1, 22, 167)
(1, 22, 166)
(0, 23, 166)
(1, 23, 165)
(0, 24, 166)
(0, 24, 167)
(0, 24, 168)
(0, 24, 169)
(0, 24, 170)
(1, 24, 170)
(0, 25, 170)
(0, 25, 169)
(0, 25, 168)
(0, 25, 167)
(0, 25, 166)
(0, 25, 165)
(1, 25, 164)
(0, 26, 164)
(1, 26, 163)
(0, 27, 163)
(0, 27, 162)
(0, 27, 161)
(1, 26, 160)
(1, 26, 159)
(0, 27, 159)
(0, 27, 158)
(1, 27, 157)
(0, 28, 158)
(1, 28, 157)
(1, 28, 156)
(0, 29, 156)
(1, 29, 156)
(0, 30, 157)
(1, 30, 157)
(0, 31, 157)
(1, 31, 157)
(1, 31, 158)
(1, 31, 159)
(0, 32, 160)
(0, 32, 161)
(0, 32, 162)
(1, 32, 162)
(0, 33, 162)
(1, 33, 162)
(1, 33, 163)
(0, 33, 164)
(1, 32, 164)
(0, 32, 165)
(0, 32, 166)
(0, 32, 167)
(0, 32, 168)
(0, 32, 169)
(1, 32, 169)
(0, 33, 169)
(0, 33, 168)
(0, 33, 167)
(0, 33, 166)
(1, 33, 165)
(0, 34, 166)
(1, 34, 166)
(1, 34, 167)
(0, 34, 168)
(0, 34, 169)
(0, 34, 170)
(1, 33, 170)
(0, 33, 171)
(0, 33, 172)
(0, 33, 173)
(1, 33, 173)
(0, 34, 174)
(1, 34, 173)
(1, 34, 172)
(1, 34, 171)
(0, 35, 171)
(0, 35, 170)
(0, 35, 169)
(1, 35, 168)
(1, 35, 167)
(1, 35, 166)
(0, 36, 166)
(1, 36, 166)
(0, 37, 166)
(0, 37, 165)
(0, 37, 164)
(1, 36, 163)
(1, 36, 162)
(0, 36, 162)
(1, 35, 161)
(0, 35, 161)
(1, 34, 160)
(0, 34, 161)
(1, 33, 160)
(0, 33, 160)
(0, 33, 159)
(1, 33, 158)
(1, 33, 157)
(0, 33, 157)
(0, 33, 156)
(1, 33, 155)
(1, 33, 154)
(1, 33, 153)
(0, 33, 153)
(1, 32, 153)
(0, 32, 153)
(0, 32, 152)
(0, 32, 151)
(1, 31, 150)
(0, 31, 151)
(1, 30, 151)
(0, 30, 152)
(1, 29, 151)
(0, 29, 151)
(1, 28, 151)
(1, 28, 152)
(1, 28, 153)
(1, 28, 154)
(0, 28, 155)
(1, 27, 154)
(1, 27, 153)
(1, 27, 152)
(1, 27, 151)
(1, 27, 150)
(0, 27, 150)
(1, 26, 150)
(1, 26, 151)
(1, 26, 152)
(0, 26, 153)
(1, 25, 152)
(0, 25, 153)
(0, 25, 154)
(0, 25, 155)
(1, 24, 155)
(1, 24, 156)
(0, 24, 157)
(0, 24, 158)
(1, 23, 158)
(0, 23, 158)
(0, 23, 157)
(0, 23, 156)
(0, 23, 155)
(0, 23, 154)
(1, 22, 153)
(1, 22, 152)
(0, 23, 152)
(0, 23, 151)
(1, 22, 150)
(1, 22, 149)
(0, 23, 149)
(1, 23, 149)
(0, 24, 149)
(1, 24, 148)
(0, 25, 148)
(0, 25, 147)
(1, 24, 146)
(0, 24, 146)
(1, 23, 146)
(0, 23, 146)
(1, 22, 145)
(1, 22, 144)
(1, 22, 143)
(0, 23, 143)
(1, 23, 142)
(1, 23, 141)
(0, 24, 141)
(1, 24, 141)
(0, 25, 141)
(0, 25, 140)
(0, 25, 139)
(1, 25, 138)
(1, 25, 137)
(0, 26, 137)
(1, 26, 136)
(1, 26, 135)
(1, 26, 134)
(0, 27, 134)
(1, 27, 134)
(1, 27, 135)
(0, 28, 136)
(1, 28, 136)
(0, 29, 137)
(1, 29, 137)
(0, 30, 137)
(0, 30, 136)
(1, 30, 135)
(1, 30, 134)
(0, 31, 134)
(1, 31, 133)
(0, 32, 133)
(1, 32, 132)
(1, 32, 131)
(0, 33, 131)
(1, 33, 131)
(0, 34, 131)
(1, 34, 130)
(0, 35, 130)
(0, 35, 129)
(0, 35, 128)
(0, 35, 127)
(0, 35, 126)
(1, 34, 125)
(1, 34, 124)
(0, 35, 124)
(0, 35, 123)
(0, 35, 122)
(0, 35, 121)
(1, 35, 120)
(1, 35, 119)
(1, 35, 118)
(1, 35, 117)
(0, 35, 117)
(1, 34, 116)
(0, 34, 116)
(1, 33, 115)
(1, 33, 114)
(0, 33, 114)
(0, 33, 113)
(0, 33, 112)
(0, 33, 111)
(1, 33, 110)
(1, 33, 109)
(0, 33, 109)
(0, 33, 108)
(0, 33, 107)
(1, 33, 106)
(0, 34, 106)
(1, 34, 105)
(0, 35, 105)
(1, 35, 104)
(0, 36, 104)
(1, 36, 104)
(0, 37, 105)
(1, 37, 105)
(1, 37, 106)
(0, 38, 107)
(1, 38, 106)
(1, 38, 105)
(0, 39, 105)
(1, 39, 105)
(0, 40, 105)
(0, 40, 104)
(1, 40, 103)
(0, 41, 104)
(0, 41, 105)
(1, 41, 105)
(0, 42, 105)
(1, 42, 104)
(0, 43, 104)
(1, 43, 103)
(0, 44, 103)
(1, 44, 103)
(1, 44, 104)
(1, 44, 105)
(0, 45, 106)
(1, 45, 106)
(0, 46, 107)
(1, 46, 106)
(0, 47, 107)
(0, 47, 108)
(1, 46, 108)
(0, 46, 109)
(0, 46, 110)
(1, 46, 110)
(1, 46, 111)
(1, 46, 112)
(0, 46, 113)
(1, 45, 113)
(0, 45, 114)
(0, 45, 115)
(1, 44, 115)
(0, 44, 116)
(1, 43, 116)
(0, 43, 117)
(0, 43, 118)
(0, 43, 119)
(1, 43, 119)
(1, 43, 120)
(0, 43, 121)
(1, 42, 121)
(0, 42, 121)
(0, 42, 120)
(1, 41, 119)
(0, 41, 120)
(1, 40, 120)
(0, 40, 121)
(1, 39, 121)
(0, 39, 121)
(1, 38, 121)
(0, 38, 122)
(1, 37, 122)
(0, 37, 123)
(1, 36, 123)
(1, 36, 124)
(1, 36, 125)
(0, 37, 126)
(1, 37, 126)
(1, 37, 127)
(1, 37, 128)
(0, 38, 129)
(1, 38, 129)
(0, 39, 130)
(1, 39, 130)
(1, 39, 131)
(0, 39, 132)
(1, 38, 131)
(0, 38, 132)
(1, 37, 132)
(0, 37, 133)
(0, 37, 134)
(1, 37, 134)
(0, 38, 135)
(0, 38, 136)
(1, 38, 136)
(0, 39, 136)
(1, 39, 135)
(0, 40, 135)
(1, 40, 135)
(1, 40, 136)
(0, 40, 137)
(0, 40, 138)
(1, 39, 138)
(0, 39, 138)
(1, 38, 138)
(1, 38, 139)
(0, 38, 140)
(1, 37, 140)
(0, 37, 140)
(0, 37, 139)
(0, 37, 138)
(1, 36, 137)
(1, 36, 136)
(0, 36, 136)
(1, 35, 136)
(0, 35, 137)
(1, 34, 136)
(1, 34, 135)
(0, 35, 135)
(1, 35, 134)
(0, 36, 134)
(0, 36, 133)
(1, 35, 132)
(0, 35, 132)
(1, 34, 132)
(1, 34, 133)
(0, 34, 134)
(1, 33, 134)
(1, 33, 135)
(1, 33, 136)
(1, 33, 137)
(0, 33, 138)
(1, 32, 138)
(0, 32, 138)
(1, 31, 137)
(0, 31, 138)
(1, 30, 138)
(1, 30, 139)
(0, 30, 140)
(1, 29, 139)
(0, 29, 140)
(1, 28, 140)
(0, 28, 141)
(1, 27, 140)
(0, 27, 140)
(1, 26, 139)
(0, 26, 140)
(0, 26, 141)
(0, 26, 142)
(1, 25, 142)
(1, 25, 143)
(0, 25, 144)
(0, 25, 145)
(1, 25, 145)
(0, 26, 146)
(1, 26, 146)
(1, 26, 147)
(0, 27, 148)
(1, 27, 148)
(0, 28, 149)
(1, 28, 148)
(1, 28, 147)
(0, 28, 147)
(0, 28, 146)
(1, 28, 145)
(0, 29, 146)
(1, 29, 145)
(0, 30, 146)
(1, 30, 146)
(1, 30, 147)
(0, 31, 148)
(1, 31, 147)
(0, 32, 148)
(0, 32, 149)
(1, 32, 149)
(0, 33, 150)
(1, 33, 149)
(0, 34, 149)
(1, 34, 149)
(1, 34, 150)
(0, 35, 151)
(1, 35, 150)
(0, 36, 150)
(1, 36, 149)
(0, 37, 149)
(1, 37, 148)
(0, 38, 148)
(0, 38, 147)
(0, 38, 146)
(0, 38, 145)
(1, 37, 144)
(1, 37, 143)
(0, 38, 143)
(1, 38, 142)
(1, 38, 141)
(0, 39, 141)
(1, 39, 141)
(0, 40, 141)
(1, 40, 141)
(0, 41, 141)
(1, 41, 141)
(1, 41, 142)
(1, 41, 143)
(1, 41, 144)
(1, 41, 145)
(1, 41, 146)
(0, 42, 147)
(1, 42, 146)
(0, 43, 147)
(1, 43, 146)
(1, 43, 145)
(1, 43, 144)
(1, 43, 143)
(0, 44, 143)
(0, 44, 142)
(1, 44, 141)
(1, 44, 140)
(0, 45, 140)
(1, 45, 140)
(0, 46, 141)
(1, 46, 141)
(1, 46, 142)
(0, 46, 143)
(1, 45, 143)
(0, 45, 144)
(1, 44, 144)
(1, 44, 145)
(0, 45, 146)
(0, 45, 147)
(1, 45, 147)
(0, 46, 148)
(0, 46, 149)
(0, 46, 150)
(0, 46, 151)
(1, 45, 151)
(0, 45, 151)
(1, 44, 150)
(0, 44, 151)
(1, 43, 151)
(0, 43, 151)
(1, 42, 150)
(0, 42, 151)
(1, 41, 150)
(1, 41, 149)
(1, 41, 148)
(0, 41, 148)
(1, 40, 147)
(0, 40, 148)
(0, 40, 149)
(0, 40, 150)
(0, 40, 151)
(1, 39, 151)
(0, 39, 152)
(0, 39, 153)
(1, 39, 153)
(1, 39, 154)
(0, 39, 155)
(1, 38, 155)
(1, 38, 156)
(0, 39, 157)
(0, 39, 158)
(1, 39, 158)
(0, 40, 158)
(1, 40, 158)
(0, 41, 159)
(1, 41, 159)
(1, 41, 160)
(0, 42, 161)
(0, 42, 162)
(0, 42, 163)
(0, 42, 164)
(1, 42, 164)
(1, 42, 165)
(0, 42, 166)
(0, 42, 167)
(1, 42, 167)
(0, 43, 167)
(1, 43, 167)
(0, 44, 167)
(1, 44, 166)
(0, 45, 167)
(0, 45, 168)
(1, 44, 168)
(0, 44, 169)
(1, 43, 169)
(0, 43, 170)
(0, 43, 171)
(0, 43, 172)
(1, 43, 172)
(1, 43, 173)
(1, 43, 174)
(0, 44, 175)
(1, 44, 175)
(1, 44, 176)
(0, 45, 177)
(1, 45, 177)
(0, 46, 177)
(0, 46, 176)
(1, 46, 175)
(0, 47, 175)
(1, 47, 174)
(0, 48, 175)
(1, 48, 174)
(0, 49, 174)
(0, 49, 173)
(1, 49, 172)
(1, 49, 171)
(0, 49, 171)
(0, 49, 170)
(1, 48, 169)
(0, 48, 170)
(1, 47, 169)
(0, 47, 170)
(1, 46, 170)
(0, 46, 171)
(1, 45, 171)
(0, 45, 171)
(0, 45, 170)
(1, 45, 169)
(0, 46, 169)
(1, 46, 168)
(1, 46, 167)
(0, 47, 167)
(1, 47, 167)
(0, 48, 167)
(0, 48, 166)
(1, 48, 165)
(0, 49, 166)
(0, 49, 167)
(1, 49, 167)
(0, 50, 167)
(1, 50, 167)
(0, 51, 167)
(1, 51, 167)
(1, 51, 168)
(0, 52, 169)
(1, 52, 169)
(0, 53, 170)
(1, 53, 169)
(0, 54, 170)
(1, 54, 170)
(1, 54, 171)
(1, 54, 172)
(1, 54, 173)
(0, 54, 174)
(1, 53, 173)
(0, 53, 174)
(1, 52, 174)
(0, 52, 175)
(1, 51, 175)
(0, 51, 175)
(1, 50, 175)
(0, 50, 175)
(1, 49, 175)
(1, 49, 176)
(1, 49, 177)
(1, 49, 178)
(0, 50, 179)
(0, 50, 180)
(1, 49, 180)
(1, 49, 181)
(0, 49, 182)
(0, 49, 183)
(1, 49, 183)
(0, 50, 183)
(1, 50, 183)
(0, 51, 183)
(1, 51, 182)
(1, 51, 181)
(1, 51, 180)
(1, 51, 179)
(0, 52, 179)
(1, 52, 178)
(1, 52, 177)
(0, 53, 177)
(1, 53, 177)
(0, 54, 178)
(1, 54, 178)
(1, 54, 179)
(1, 54, 180)
(0, 54, 181)
(1, 53, 180)
(0, 53, 181)
(0, 53, 182)
(0, 53, 183)
(1, 52, 183)
(1, 52, 184)
(0, 52, 185)
(1, 51, 184)
(0, 51, 185)
(0, 51, 186)
(1, 50, 186)
(0, 50, 186)
(1, 49, 186)
(0, 49, 187)
(0, 49, 188)
(1, 49, 188)
(0, 50, 189)
(0, 50, 190)
(1, 50, 190)
(0, 51, 191)
(0, 51, 192)
(1, 51, 192)
(0, 52, 192)
(0, 52, 191)
(0, 52, 190)
(0, 52, 189)
(1, 52, 188)
(1, 52, 187)
(0, 53, 187)
(0, 53, 186)
(1, 53, 185)
(0, 54, 185)
(0, 54, 184)
(1, 54, 183)
(0, 55, 183)
(1, 55, 183)
(0, 56, 184)
(1, 56, 183)
(0, 57, 183)
(0, 57, 182)
(1, 57, 181)
(1, 57, 180)
(0, 57, 180)
(1, 56, 179)
(0, 56, 179)
(0, 56, 178)
(1, 55, 177)
(0, 55, 177)
(0, 55, 176)
(1, 55, 175)
(1, 55, 174)
(0, 56, 174)
(1, 56, 174)
(1, 56, 175)
(1, 56, 176)
(0, 57, 177)
(0, 57, 178)
(1, 57, 178)
(0, 58, 179)
(1, 58, 178)
(1, 58, 177)
(0, 58, 177)
(0, 58, 176)
(0, 58, 175)
(0, 58, 174)
(1, 58, 173)
(1, 58, 172)
(0, 58, 172)
(1, 57, 171)
(0, 57, 172)
(1, 56, 171)
(0, 56, 171)
(0, 56, 170)
(0, 56, 169)
(0, 56, 168)
(0, 56, 167)
(1, 55, 166)
(1, 55, 165)
(0, 55, 165)
(1, 54, 165)
(1, 54, 166)
(0, 54, 167)
(1, 53, 167)
(0, 53, 167)
(0, 53, 166)
(1, 52, 165)
(1, 52, 164)
(0, 53, 164)
(1, 53, 164)
(0, 54, 164)
(1, 54, 163)
(1, 54, 162)
(0, 54, 162)
(1, 53, 161)
(0, 53, 162)
(1, 52, 162)
(0, 52, 162)
(1, 51, 162)
(0, 51, 163)
(1, 50, 163)
(0, 50, 163)
(1, 49, 163)
(0, 49, 163)
(0, 49, 162)
(1, 49, 161)
(1, 49, 160)
(0, 50, 160)
(1, 50, 160)
(0, 51, 160)
(1, 51, 160)
(0, 52, 160)
(1, 52, 159)
(1, 52, 158)
(0, 53, 158)
(0, 53, 157)
(1, 53, 156)
(0, 54, 157)
(1, 54, 156)
(0, 55, 156)
(1, 55, 156)
(0, 56, 156)
(1, 56, 155)
(0, 57, 155)
(0, 57, 154)
(1, 56, 153)
(0, 56, 154)
(1, 55, 153)
(0, 55, 154)
(1, 54, 153)
(0, 54, 153)
(1, 53, 153)
(0, 53, 154)
(1, 52, 154)
(0, 52, 155)
(1, 51, 155)
(1, 51, 156)
(0, 51, 157)
(1, 50, 157)
(0, 50, 157)
(1, 49, 156)
(0, 49, 157)
(1, 48, 156)
(1, 48, 155)
(0, 49, 155)
(0, 49, 154)
(1, 48, 153)
(0, 48, 153)
(1, 47, 152)
(1, 47, 151)
(1, 47, 150)
(0, 48, 150)
(1, 48, 150)
(1, 48, 151)
(0, 49, 152)
(1, 49, 152)
(0, 50, 153)
(1, 50, 152)
(0, 51, 153)
(1, 51, 152)
(0, 52, 152)
(1, 52, 152)
(0, 53, 152)
(1, 53, 151)
(1, 53, 150)
(0, 54, 150)
(1, 54, 150)
(1, 54, 151)
(0, 55, 152)
(1, 55, 151)
(1, 55, 150)
(1, 55, 149)
(0, 55, 149)
(0, 55, 148)
(0, 55, 147)
(0, 55, 146)
(0, 55, 145)
(0, 55, 144)
(1, 54, 143)
(0, 54, 143)
(1, 53, 142)
(0, 53, 143)
(1, 52, 143)
(0, 52, 143)
(0, 52, 142)
(0, 52, 141)
(0, 52, 140)
(1, 52, 139)
(0, 53, 139)
(0, 53, 138)
(1, 53, 137)
(0, 54, 137)
(1, 54, 136)
(1, 54, 135)
(0, 55, 135)
(1, 55, 134)
(0, 56, 135)
(1, 56, 134)
(1, 56, 133)
(1, 56, 132)
(0, 56, 132)
(1, 55, 131)
(0, 55, 131)
(1, 54, 131)
(0, 54, 132)
(0, 54, 133)
(1, 53, 133)
(0, 53, 133)
(1, 52, 132)
(0, 52, 133)
(0, 52, 134)
(1, 51, 134)
(0, 51, 134)
(1, 50, 133)
(1, 50, 132)
(0, 51, 132)
(0, 51, 131)
(1, 51, 130)
(1, 51, 129)
(0, 52, 129)
(1, 52, 128)
(0, 53, 128)
(0, 53, 127)
(0, 53, 126)
(1, 52, 125)
(1, 52, 124)
(0, 53, 124)
(0, 53, 123)
(1, 53, 122)
(0, 54, 123)
(1, 54, 123)
(0, 55, 123)
(1, 55, 123)
(0, 56, 123)
(1, 56, 122)
(0, 57, 122)
(0, 57, 121)
(1, 57, 120)
(0, 58, 121)
(1, 58, 121)
(0, 59, 121)
(1, 59, 121)
(0, 60, 121)
(1, 60, 121)
(0, 61, 122)
(0, 61, 123)
(1, 61, 123)
(0, 62, 124)
(0, 62, 125)
(1, 62, 125)
(0, 63, 126)
(1, 63, 125)
(0, 64, 125)
(1, 64, 124)
(0, 65, 124)
(1, 65, 123)
(0, 66, 123)
(1, 66, 123)
(0, 67, 123)
(1, 67, 122)
(1, 67, 121)
(0, 68, 121)
(1, 68, 121)
(0, 69, 122)
(1, 69, 122)
(1, 69, 123)
(0, 69, 124)
(1, 68, 123)
(0, 68, 124)
(1, 67, 124)
(1, 67, 125)
(0, 68, 126)
(1, 68, 126)
(1, 68, 127)
(0, 68, 128)
(1, 67, 128)
(0, 67, 128)
(1, 66, 128)
(0, 66, 128)
(1, 65, 127)
(0, 65, 128)
(1, 64, 127)
(0, 64, 128)
(1, 63, 127)
(0, 63, 128)
(1, 62, 128)
(0, 62, 129)
(1, 61, 128)
(0, 61, 129)
(1, 60, 128)
(1, 60, 127)
(1, 60, 126)
(0, 60, 126)
(0, 60, 125)
(1, 59, 124)
(1, 59, 123)
(0, 59, 123)
(1, 58, 123)
(0, 58, 124)
(1, 57, 124)
(0, 57, 124)
(1, 56, 124)
(0, 56, 125)
(1, 55, 125)
(0, 55, 126)
(1, 54, 126)
(0, 54, 127)
(0, 54, 128)
(0, 54, 129)
(1, 54, 129)
(0, 55, 129)
(1, 55, 129)
(0, 56, 130)
(1, 56, 130)
(0, 57, 131)
(1, 57, 131)
(1, 57, 132)
(0, 58, 133)
(1, 58, 133)
(0, 59, 133)
(1, 59, 132)
(0, 60, 132)
(1, 60, 132)
(1, 60, 133)
(0, 61, 134)
(0, 61, 135)
(1, 60, 135)
(0, 60, 135)
(1, 59, 135)
(0, 59, 135)
(1, 58, 135)
(1, 58, 136)
(1, 58, 137)
(1, 58, 138)
(0, 58, 139)
(1, 57, 138)
(1, 57, 137)
(0, 57, 137)
(1, 56, 137)
(0, 56, 137)
(1, 55, 137)
(0, 55, 138)
(0, 55, 139)
(0, 55, 140)
(1, 54, 140)
(1, 54, 141)
(0, 55, 142)
(1, 55, 141)
(0, 56, 141)
(1, 56, 141)
(1, 56, 142)
(0, 57, 143)
(0, 57, 144)
(0, 57, 145)
(1, 56, 145)
(1, 56, 146)
(1, 56, 147)
(0, 57, 148)
(1, 57, 148)
(0, 58, 149)
(1, 58, 148)
(1, 58, 147)
(1, 58, 146)
(1, 58, 145)
(0, 58, 145)
(0, 58, 144)
(0, 58, 143)
(1, 58, 142)
(0, 59, 143)
(1, 59, 143)
(0, 60, 144)
(1, 60, 144)
(1, 60, 145)
(0, 61, 146)
(1, 61, 145)
(0, 62, 146)
(0, 62, 147)
(1, 62, 147)
(0, 63, 147)
(1, 63, 147)
(1, 63, 148)
(1, 63, 149)
(1, 63, 150)
(1, 63, 151)
(0, 64, 152)
(0, 64, 153)
(0, 64, 154)
(1, 63, 154)
(0, 63, 155)
(1, 62, 154)
(0, 62, 155)
(1, 61, 154)
(0, 61, 154)
(0, 61, 153)
(1, 60, 152)
(1, 60, 151)
(0, 61, 151)
(0, 61, 150)
(1, 61, 149)
(1, 61, 148)
(0, 61, 148)
(1, 60, 148)
(0, 60, 148)
(1, 59, 148)
(1, 59, 149)
