(0, -55, -76)
(0, -55, -77)
(0, -55, -78)
(1, -56, -79)
(1, -56, -80)
(1, -56, -81)
(0, -56, -81)
(1, -57, -82)
(1, -57, -83)
(0, -57, -83)
(1, -58, -83)
(0, -58, -82)
(0, -58, -81)
(1, -59, -81)
(1, -59, -80)
(0, -58, -79)
(1, -58, -80)
(0, -57, -79)
(1, -57, -79)
(1, -57, -78)
(0, -56, -77)
(0, -56, -76)
(1, -57, -76)
(1, -57, -75)
(0, -57, -74)
(0, -57, -73)
(0, -57, -72)
(0, -57, -71)
(0, -57, -70)
(0, -57, -69)
(1, -58, -69)
(0, -58, -68)
(0, -58, -67)
(1, -58, -67)
(1, -58, -66)
(1, -58, -65)
(0, -58, -64)
(1, -59, -65)
(0, -59, -64)
(1, -60, -65)
(0, -60, -64)
(0, -60, -63)
(1, -61, -63)
(0, -61, -63)
(1, -62, -63)
(1, -62, -62)
(0, -62, -61)
(1, -63, -62)
(1, -63, -63)
(1, -63, -64)
(0, -62, -64)
(1, -62, -65)
(1, -62, -66)
(0, -61, -66)
(1, -61, -66)
(0, -60, -66)
(0, -60, -67)
(1, -60, -68)
(1, -60, -69)
(0, -60, -69)
(1, -61, -69)
(0, -61, -69)
(1, -62, -69)
(0, -62, -69)
(1, -63, -69)
(0, -63, -68)
(1, -64, -68)
(0, -64, -68)
(1, -65, -68)
(1, -65, -67)
(0, -65, -66)
(1, -66, -67)
(1, -66, -68)
(1, -66, -69)
(0, -66, -69)
(1, -67, -69)
(0, -67, -69)
(1, -68, -69)
(0, -68, -68)
(1, -69, -68)
(0, -69, -68)
(1, -70, -68)
(0, -70, -67)
(1, -71, -68)
(1, -71, -69)
(0, -70, -69)
(1, -70, -70)
(0, -69, -70)
(0, -69, -71)
(0, -69, -72)
(0, -69, -73)
(1, -70, -74)
(0, -70, -73)
(1, -71, -74)
(0, -71, -74)
(1, -72, -75)
(0, -72, -74)
(1, -73, -75)
(0, -73, -74)
(1, -74, -74)
(0, -74, -74)
(1, -75, -75)
(1, -75, -76)
(0, -75, -76)
(1, -76, -77)
(1, -76, -78)
(1, -76, -79)
(1, -76, -80)
(1, -76, -81)
(0, -76, -81)
(1, -77, -82)
(1, -77, -83)
(1, -77, -84)
(0, -77, -84)
(1, -78, -84)
(1, -78, -83)
(1, -78, -82)
(1, -78, -81)
(0, -78, -80)
(1, -79, -80)
(0, -79, -79)
(1, -80, -80)
(1, -80, -81)
(0, -80, -81)
(1, -81, -81)
(0, -81, -81)
(0, -81, -82)
(1, -81, -83)
(1, -81, -84)
(0, -80, -84)
(0, -80, -85)
(1, -80, -86)
(1, -80, -87)
(1, -80, -88)
(1, -80, -89)
(0, -80, -89)
(0, -80, -90)
(1, -80, -91)
(0, -79, -90)
(1, -79, -91)
(0, -78, -91)
(1, -78, -91)
(0, -77, -90)
(1, -77, -90)
(0, -76, -90)
(0, -76, -91)
(1, -76, -92)
(0, -75, -91)
(1, -75, -92)
(1, -75, -93)
(0, -75, -93)
(0, -75, -94)
(1, -75, -95)
(1, -75, -96)
(0, -74, -96)
(1, -74, -96)
(1, -74, -95)
(1, -74, -94)
(0, -73, -93)
(1, -73, -94)
(1, -73, -95)
(0, -72, -95)
(1, -72, -95)
(0, -71, -95)
(0, -71, -96)
(0, -71, -97)
(0, -71, -98)
(0, -71, -99)
(1, -72, -100)
(0, -72, -99)
(1, -73, -99)
(0, -73, -99)
(1, -74, -100)
(1, -74, -101)
(0, -74, -101)
(0, -74, -102)
(1, -74, -103)
(0, -73, -103)
(1, -73, -103)
(0, -72, -103)
(1, -72, -104)
(0, -71, -104)
(1, -71, -105)
(0, -70, -105)
(1, -70, -105)
(0, -69, -104)
(1, -69, -105)
(0, -68, -105)
(1, -68, -106)
(0, -67, -106)
(1, -67, -107)
(0, -66, -106)
(0, -66, -105)
(1, -67, -105)
(0, -67, -104)
(0, -67, -103)
(0, -67, -102)
(1, -68, -102)
(0, -68, -102)
(1, -69, -103)
(0, -69, -102)
(1, -70, -103)
(0, -70, -103)
(1, -71, -103)
(1, -71, -102)
(0, -70, -101)
(1, -70, -101)
(0, -69, -100)
(1, -69, -101)
(0, -68, -100)
(0, -68, -99)
(1, -69, -99)
(0, -69, -98)
(1, -70, -99)
(0, -70, -98)
(0, -70, -97)
(0, -70, -96)
(0, -70, -95)
(1, -70, -95)
(1, -70, -94)
(0, -70, -93)
(1, -71, -94)
(0, -71, -93)
(1, -72, -93)
(1, -72, -92)
(0, -72, -91)
(0, -72, -90)
(1, -73, -90)
(0, -73, -89)
(1, -74, -90)
(0, -74, -89)
(1, -75, -89)
(1, -75, -88)
(1, -75, -87)
(0, -75, -86)
(0, -75, -85)
(1, -76, -85)
(1, -76, -84)
(1, -76, -83)
(0, -75, -82)
(1, -75, -83)
(1, -75, -84)
(0, -74, -84)
(1, -74, -84)
(1, -74, -83)
(0, -73, -82)
(1, -73, -83)
(0, -72, -82)
(1, -72, -82)
(0, -71, -82)
(1, -71, -82)
(0, -70, -81)
(0, -70, -80)
(0, -70, -79)
(1, -70, -79)
(0, -69, -79)
(1, -69, -80)
(1, -69, -81)
(1, -69, -82)
(0, -69, -82)
(0, -69, -83)
(1, -70, -84)
(0, -70, -83)
(1, -71, -84)
(0, -71, -84)
(1, -72, -84)
(0, -72, -84)
(0, -72, -85)
(0, -72, -86)
(0, -72, -87)
(0, -72, -88)
(1, -72, -89)
(0, -71, -89)
(1, -71, -89)
(1, -71, -88)
(0, -70, -87)
(0, -70, -86)
(1, -70, -86)
(0, -69, -85)
(1, -69, -85)
(0, -68, -85)
(0, -68, -86)
(1, -68, -87)
(0, -67, -87)
(0, -67, -88)
(0, -67, -89)
(1, -68, -90)
(1, -68, -91)
(0, -68, -91)
(0, -68, -92)
(0, -68, -93)
(1, -68, -94)
(0, -67, -93)
(1, -67, -93)
(0, -66, -92)
(0, -66, -91)
(1, -66, -91)
(0, -65, -91)
(0, -65, -92)
(1, -65, -93)
(0, -64, -93)
(1, -64, -94)
(0, -63, -94)
(0, -63, -95)
(0, -63, -96)
(0, -63, -97)
(1, -63, -98)
(1, -63, -99)
(0, -62, -99)
(0, -62, -100)
(1, -62, -101)
(1, -62, -102)
(1, -62, -103)
(0, -62, -103)
(1, -63, -104)
(0, -63, -103)
(1, -64, -104)
(1, -64, -105)
(0, -64, -105)
(1, -65, -106)
(0, -65, -106)
(0, -65, -107)
(1, -66, -108)
(0, -66, -108)
(0, -66, -109)
(1, -66, -110)
(0, -65, -110)
(0, -65, -111)
(1, -66, -112)
(0, -66, -111)
(1, -67, -112)
(0, -67, -112)
(0, -67, -113)
(1, -67, -114)
(0, -66, -114)
(0, -66, -115)
(1, -67, -116)
(0, -67, -115)
(1, -68, -115)
(0, -68, -115)
(1, -69, -116)
(0, -69, -115)
(1, -70, -115)
(0, -70, -115)
(1, -71, -115)
(0, -71, -115)
(0, -71, -116)
(1, -71, -117)
(1, -71, -118)
(0, -70, -118)
(1, -70, -119)
(0, -69, -119)
(1, -69, -120)
(0, -68, -119)
(1, -68, -120)
(0, -67, -120)
(1, -67, -120)
(0, -66, -119)
(0, -66, -118)
(1, -66, -118)
(1, -66, -117)
(0, -65, -116)
(1, -65, -116)
(1, -65, -115)
(0, -65, -114)
(0, -65, -113)
(1, -65, -113)
(0, -64, -113)
(1, -64, -113)
(1, -64, -112)
(0, -64, -111)
(0, -64, -110)
(0, -64, -109)
(0, -64, -108)
(0, -64, -107)
(1, -64, -107)
(0, -63, -106)
(1, -63, -106)
(0, -62, -106)
(1, -62, -106)
(1, -62, -105)
(0, -61, -104)
(1, -61, -105)
(1, -61, -106)
(1, -61, -107)
(0, -61, -107)
(0, -61, -108)
(1, -61, -109)
(0, -60, -108)
(1, -60, -109)
(0, -59, -109)
(1, -59, -110)
(0, -58, -109)
(1, -58, -110)
(0, -57, -110)
(1, -57, -110)
(1, -57, -109)
(0, -57, -108)
(0, -57, -107)
(1, -57, -107)
(0, -56, -106)
(1, -56, -106)
(0, -55, -105)
(1, -55, -105)
(0, -54, -104)
(1, -54, -104)
(1, -54, -103)
(0, -53, -102)
(0, -53, -101)
(0, -53, -100)
(1, -54, -100)
(0, -54, -99)
(0, -54, -98)
(1, -55, -98)
(1, -55, -97)
(0, -54, -96)
(0, -54, -95)
(1, -55, -95)
(1, -55, -94)
(0, -54, -93)
(1, -54, -93)
(0, -53, -92)
(1, -53, -93)
(0, -52, -92)
(1, -52, -93)
(0, -51, -93)
(1, -51, -94)
(0, -50, -93)
(1, -50, -94)
(1, -50, -95)
(0, -49, -95)
(1, -49, -96)
(0, -48, -96)
(1, -48, -96)
(0, -47, -96)
(1, -47, -97)
(0, -46, -97)
(0, -46, -98)
(1, -46, -99)
(0, -45, -98)
(1, -45, -98)
(1, -45, -97)
(0, -44, -96)
(1, -44, -97)
(0, -43, -96)
(1, -43, -97)
(0, -42, -96)
(1, -42, -97)
(0, -41, -97)
(1, -41, -98)
(0, -40, -97)
(1, -40, -98)
(1, -40, -99)
(0, -40, -99)
(0, -40, -100)
(1, -40, -101)
(0, -39, -101)
(0, -39, -102)
(1, -39, -103)
(0, -38, -103)
(1, -38, -104)
(0, -37, -103)
(0, -37, -102)
(1, -38, -102)
(0, -38, -101)
(0, -38, -100)
(0, -38, -99)
(1, -38, -99)
(0, -37, -99)
(1, -37, -99)
(1, -37, -98)
(0, -36, -97)
(1, -36, -97)
(0, -35, -97)
(0, -35, -98)
(1, -35, -99)
(1, -35, -100)
(1, -35, -101)
(0, -35, -101)
(0, -35, -102)
(1, -35, -103)
(1, -35, -104)
(1, -35, -105)
(0, -34, -105)
(1, -34, -105)
(0, -33, -105)
(0, -33, -106)
(1, -34, -107)
(0, -34, -107)
(1, -35, -107)
(0, -35, -106)
(1, -36, -106)
(0, -36, -106)
(1, -37, -107)
(1, -37, -108)
(1, -37, -109)
(1, -37, -110)
(0, -36, -110)
(1, -36, -110)
(1, -36, -109)
(0, -35, -108)
(1, -35, -109)
(1, -35, -110)
(0, -34, -110)
(1, -34, -111)
(1, -34, -112)
(1, -34, -113)
(0, -33, -113)
(1, -33, -113)
(0, -32, -113)
(1, -32, -113)
(0, -31, -113)
(0, -31, -114)
(0, -31, -115)
(1, -31, -116)
(0, -30, -116)
(0, -30, -117)
(0, -30, -118)
(1, -31, -119)
(0, -31, -118)
(1, -32, -119)
(0, -32, -118)
(1, -33, -118)
(1, -33, -117)
(1, -33, -116)
(0, -33, -115)
(1, -34, -115)
(0, -34, -114)
(1, -35, -115)
(0, -35, -115)
(1, -36, -115)
(0, -36, -115)
(1, -37, -116)
(0, -37, -116)
(1, -38, -117)
(1, -38, -118)
(0, -37, -118)
(0, -37, -119)
(0, -37, -120)
(0, -37, -121)
(1, -38, -122)
(1, -38, -123)
(1, -38, -124)
(0, -38, -124)
(0, -38, -125)
(1, -38, -126)
(0, -37, -126)
(1, -37, -127)
(0, -36, -127)
(0, -36, -128)
(1, -37, -129)
(0, -37, -129)
(1, -38, -129)
(0, -38, -128)
(0, -38, -127)
(1, -39, -127)
(0, -39, -126)
(1, -40, -127)
(1, -40, -128)
(0, -40, -128)
(1, -41, -129)
(0, -41, -129)
(0, -41, -130)
(1, -42, -131)
(0, -42, -131)
(0, -42, -132)
(0, -42, -133)
(1, -43, -134)
(0, -43, -134)
(0, -43, -135)
(1, -43, -136)
(0, -42, -136)
(1, -42, -137)
(0, -41, -136)
(1, -41, -136)
(0, -40, -136)
(0, -40, -137)
(0, -40, -138)
(1, -41, -139)
(1, -41, -140)
(0, -40, -140)
(0, -40, -141)
(1, -41, -142)
(1, -41, -143)
(0, -40, -143)
(0, -40, -144)
(1, -40, -145)
(0, -39, -144)
(1, -39, -144)
(1, -39, -143)
(0, -38, -142)
(0, -38, -141)
(1, -39, -141)
(1, -39, -140)
(1, -39, -139)
(0, -39, -138)
(0, -39, -137)
(0, -39, -136)
(1, -39, -136)
(0, -38, -135)
(1, -38, -135)
(1, -38, -134)
(0, -37, -133)
(0, -37, -132)
(1, -37, -132)
(0, -36, -132)
(1, -36, -132)
(0, -35, -132)
(1, -35, -133)
(0, -34, -133)
(1, -34, -134)
(1, -34, -135)
(0, -33, -135)
(1, -33, -136)
(0, -32, -136)
(1, -32, -136)
(1, -32, -135)
(0, -32, -134)
(0, -32, -133)
(1, -32, -133)
(1, -32, -132)
(0, -31, -131)
(1, -31, -132)
(0, -30, -131)
(1, -30, -131)
(0, -29, -131)
(1, -29, -132)
(1, -29, -133)
(1, -29, -134)
(0, -28, -134)
(1, -28, -134)
(0, -27, -134)
(1, -27, -134)
(0, -26, -134)
(1, -26, -135)
(1, -26, -136)
(0, -25, -136)
(1, -25, -136)
(0, -24, -136)
(1, -24, -137)
(1, -24, -138)
(1, -24, -139)
(0, -24, -139)
(1, -25, -140)
(0, -25, -140)
(0, -25, -141)
(1, -26, -142)
(0, -26, -141)
(1, -27, -142)
(0, -27, -142)
(1, -28, -143)
(0, -28, -143)
(1, -29, -143)
(1, -29, -142)
(1, -29, -141)
(0, -28, -140)
(1, -28, -140)
(1, -28, -139)
(0, -28, -138)
(0, -28, -137)
(0, -28, -136)
(1, -29, -136)
(0, -29, -135)
(1, -30, -135)
(0, -30, -134)
(1, -31, -135)
(1, -31, -136)
(1, -31, -137)
(1, -31, -138)
(1, -31, -139)
(1, -31, -140)
(1, -31, -141)
(0, -31, -141)
(1, -32, -142)
(0, -32, -141)
(0, -32, -140)
(1, -32, -140)
(1, -32, -139)
(0, -32, -138)
(1, -33, -139)
(0, -33, -139)
(0, -33, -140)
(1, -34, -141)
(0, -34, -140)
(1, -35, -140)
(0, -35, -139)
(0, -35, -138)
(1, -36, -138)
(0, -36, -138)
(1, -37, -139)
(1, -37, -140)
(1, -37, -141)
(0, -36, -141)
(1, -36, -142)
(0, -35, -142)
(0, -35, -143)
(1, -36, -144)
(1, -36, -145)
(0, -36, -145)
(1, -37, -146)
(1, -37, -147)
(0, -36, -147)
(1, -36, -148)
(1, -36, -149)
(0, -36, -149)
(1, -37, -150)
(1, -37, -151)
(0, -37, -151)
(0, -37, -152)
(0, -37, -153)
(0, -37, -154)
(1, -37, -155)
(0, -36, -155)
(1, -36, -156)
(0, -35, -155)
(1, -35, -155)
(0, -34, -155)
(1, -34, -156)
(1, -34, -157)
(0, -34, -157)
(0, -34, -158)
(1, -34, -159)
(1, -34, -160)
(0, -33, -160)
(1, -33, -161)
(0, -32, -161)
(0, -32, -162)
(1, -33, -163)
(0, -33, -162)
(1, -34, -163)
(1, -34, -164)
(0, -34, -164)
(1, -35, -164)
(1, -35, -163)
(1, -35, -162)
(1, -35, -161)
(0, -35, -160)
(1, -36, -160)
(0, -36, -159)
(1, -37, -159)
(0, -37, -159)
(1, -38, -159)
(0, -38, -159)
(1, -39, -160)
(0, -39, -159)
(0, -39, -158)
(0, -39, -157)
(0, -39, -156)
(0, -39, -155)
(0, -39, -154)
(1, -40, -154)
(0, -40, -154)
(0, -40, -155)
(0, -40, -156)
(0, -40, -157)
(0, -40, -158)
(1, -41, -159)
(0, -41, -158)
(1, -42, -159)
(0, -42, -158)
(1, -43, -158)
(0, -43, -157)
(1, -44, -158)
(0, -44, -158)
(1, -45, -158)
(1, -45, -157)
(0, -45, -156)
(0, -45, -155)
(1, -46, -155)
(0, -46, -155)
(0, -46, -156)
(1, -47, -157)
(1, -47, -158)
(0, -46, -158)
(0, -46, -159)
(0, -46, -160)
(0, -46, -161)
(1, -47, -162)
(1, -47, -163)
(0, -47, -163)
(1, -48, -163)
(1, -48, -162)
(0, -48, -161)
(0, -48, -160)
(0, -48, -159)
(0, -48, -158)
(0, -48, -157)
(1, -48, -157)
(1, -48, -156)
(0, -47, -155)
(0, -47, -154)
(0, -47, -153)
(1, -48, -153)
(0, -48, -152)
(1, -49, -152)
(0, -49, -152)
(1, -50, -152)
(0, -50, -152)
(1, -51, -153)
(0, -51, -152)
(0, -51, -151)
(1, -52, -151)
(0, -52, -151)
(1, -53, -152)
(0, -53, -152)
(0, -53, -153)
(1, -53, -154)
(1, -53, -155)
(0, -53, -155)
(0, -53, -156)
(0, -53, -157)
(1, -53, -158)
(0, -52, -158)
(0, -52, -159)
(0, -52, -160)
(1, -52, -161)
(1, -52, -162)
(1, -52, -163)
(1, -52, -164)
(0, -51, -164)
(0, -51, -165)
(1, -52, -166)
(1, -52, -167)
(0, -52, -167)
(0, -52, -168)
(1, -53, -169)
(0, -53, -169)
(1, -54, -170)
(0, -54, -169)
(1, -55, -169)
(0, -55, -169)
(0, -55, -170)
(0, -55, -171)
(0, -55, -172)
(1, -56, -173)
(1, -56, -174)
(0, -55, -174)
(1, -55, -175)
(0, -54, -175)
(0, -54, -176)
(1, -54, -177)
(0, -53, -177)
(1, -53, -177)
(1, -53, -176)
(0, -52, -175)
(1, -52, -175)
(1, -52, -174)
(1, -52, -173)
(0, -52, -172)
(1, -53, -172)
(1, -53, -171)
(0, -52, -170)
(1, -52, -171)
(0, -51, -170)
(1, -51, -170)
(1, -51, -169)
(0, -50, -168)
(0, -50, -167)
(0, -50, -166)
(1, -50, -166)
(0, -49, -165)
(0, -49, -164)
(1, -49, -164)
(0, -48, -164)
(0, -48, -165)
(1, -48, -166)
(0, -47, -165)
(1, -47, -166)
(0, -46, -166)
(1, -46, -166)
(1, -46, -165)
(0, -45, -164)
(1, -45, -165)
(1, -45, -166)
(0, -44, -166)
(0, -44, -167)
(0, -44, -168)
(1, -44, -169)
(0, -43, -168)
(0, -43, -167)
(1, -43, -167)
(0, -42, -167)
(1, -42, -167)
(0, -41, -166)
(1, -41, -167)
(0, -40, -167)
(1, -40, -168)
(0, -39, -168)
(1, -39, -169)
(0, -38, -169)
(1, -38, -170)
(1, -38, -171)
(0, -37, -171)
(0, -37, -172)
(0, -37, -173)
(1, -37, -174)
(0, -36, -174)
(1, -36, -175)
(1, -36, -176)
(1, -36, -177)
(0, -36, -177)
(1, -37, -178)
(0, -37, -177)
(1, -38, -177)
(1, -38, -176)
(0, -38, -175)
(1, -39, -176)
(0, -39, -175)
(1, -40, -176)
(0, -40, -175)
(1, -41, -176)
(1, -41, -177)
(1, -41, -178)
(0, -40, -178)
(1, -40, -178)
(0, -39, -178)
(1, -39, -179)
(0, -38, -178)
(1, -38, -179)
(0, -37, -179)
(0, -37, -180)
(1, -38, -181)
(0, -38, -180)
(1, -39, -181)
(1, -39, -182)
(0, -39, -182)
(1, -40, -182)
(1, -40, -181)
(0, -40, -180)
(1, -41, -181)
(0, -41, -180)
(1, -42, -181)
(1, -42, -182)
(0, -42, -182)
(0, -42, -183)
(1, -42, -184)
(0, -41, -184)
(1, -41, -184)
(0, -40, -183)
(1, -40, -184)
(0, -39, -184)
(0, -39, -185)
(0, -39, -186)
(0, -39, -187)
(1, -39, -188)
(0, -38, -187)
(1, -38, -187)
(0, -37, -187)
(1, -37, -188)
(0, -36, -187)
(1, -36, -187)
(0, -35, -187)
(1, -35, -187)
(0, -34, -186)
(1, -34, -186)
(0, -33, -186)
(1, -33, -186)
(0, -32, -186)
(1, -32, -187)
(0, -31, -187)
(0, -31, -188)
(1, -31, -189)
(0, -30, -188)
(0, -30, -187)
(1, -30, -187)
(0, -29, -186)
(1, -29, -187)
(0, -28, -186)
(1, -28, -186)
(1, -28, -185)
(0, -28, -184)
(1, -29, -184)
(0, -29, -184)
(1, -30, -185)
(0, -30, -184)
(1, -31, -185)
(0, -31, -185)
(1, -32, -185)
(1, -32, -184)
(1, -32, -183)
(0, -32, -182)
(1, -33, -182)
(1, -33, -181)
(0, -33, -180)
(0, -33, -179)
(0, -33, -178)
(0, -33, -177)
(0, -33, -176)
(1, -34, -176)
(0, -34, -175)
(1, -35, -175)
(1, -35, -174)
(0, -34, -173)
(1, -34, -174)
(0, -33, -174)
(1, -33, -175)
(0, -32, -174)
(1, -32, -174)
(0, -31, -174)
(0, -31, -175)
(1, -31, -176)
(0, -30, -176)
(1, -30, -177)
(0, -29, -176)
(0, -29, -175)
(0, -29, -174)
(0, -29, -173)
(0, -29, -172)
(1, -30, -172)
(0, -30, -172)
(1, -31, -173)
(0, -31, -172)
(1, -32, -172)
(0, -32, -172)
(1, -33, -173)
(0, -33, -172)
(1, -34, -172)
(1, -34, -171)
(1, -34, -170)
(0, -34, -169)
(1, -35, -170)
(0, -35, -170)
(1, -36, -170)
(0, -36, -169)
(0, -36, -168)
(1, -37, -168)
(1, -37, -167)
(0, -36, -166)
(1, -36, -167)
(0, -35, -166)
(1, -35, -167)
(0, -34, -167)
(1, -34, -168)
(0, -33, -168)
(1, -33, -168)
(0, -32, -168)
(1, -32, -169)
(1, -32, -170)
(0, -31, -170)
(1, -31, -170)
(1, -31, -169)
(1, -31, -168)
(1, -31, -167)
(1, -31, -166)
(0, -31, -165)
(1, -32, -165)
(1, -32, -164)
(0, -31, -163)
(0, -31, -162)
(1, -31, -162)
(0, -30, -161)
(1, -30, -162)
(0, -29, -161)
(1, -29, -161)
(0, -28, -161)
(1, -28, -162)
(0, -27, -161)
(1, -27, -162)
(0, -26, -162)
(0, -26, -163)
(0, -26, -164)
(0, -26, -165)
(1, -26, -166)
(0, -25, -165)
(0, -25, -164)
(0, -25, -163)
(0, -25, -162)
(1, -25, -162)
(0, -24, -162)
(1, -24, -162)
(0, -23, -162)
(1, -23, -163)
(0, -22, -163)
(1, -22, -163)
(1, -22, -162)
(0, -21, -161)
(0, -21, -160)
(1, -22, -160)
(1, -22, -159)
(1, -22, -158)
(1, -22, -157)
(1, -22, -156)
(1, -22, -155)
(0, -22, -154)
(0, -22, -153)
(0, -22, -152)
(0, -22, -151)
(0, -22, -150)
(0, -22, -149)
(1, -23, -149)
(1, -23, -148)
(0, -23, -147)
(0, -23, -146)
(0, -23, -145)
(1, -23, -145)
(1, -23, -144)
(1, -23, -143)
(0, -22, -142)
(1, -22, -142)
(0, -21, -141)
(1, -21, -142)
(0, -20, -141)
(1, -20, -142)
(0, -19, -141)
(1, -19, -141)
(1, -19, -140)
(0, -18, -139)
(1, -18, -140)
(1, -18, -141)
(1, -18, -142)
(0, -18, -142)
(0, -18, -143)
(1, -18, -144)
(0, -17, -143)
(1, -17, -143)
(0, -16, -142)
(0, -16, -141)
(1, -17, -141)
(1, -17, -140)
(0, -16, -139)
(0, -16, -138)
(1, -17, -138)
(1, -17, -137)
(0, -17, -136)
(0, -17, -135)
(0, -17, -134)
(0, -17, -133)
(1, -17, -133)
(0, -16, -133)
(1, -16, -134)
(0, -15, -133)
(0, -15, -132)
(1, -15, -132)
(0, -14, -131)
(0, -14, -130)
(0, -14, -129)
(1, -15, -129)
(0, -15, -128)
(1, -16, -129)
(0, -16, -129)
(1, -17, -129)
(1, -17, -128)
(0, -16, -127)
(1, -16, -127)
(1, -16, -126)
(1, -16, -125)
(0, -15, -124)
(0, -15, -123)
(1, -16, -123)
(0, -16, -122)
(0, -16, -121)
(1, -17, -121)
(0, -17, -121)
(1, -18, -122)
(1, -18, -123)
(0, -18, -123)
(1, -19, -124)
(1, -19, -125)
(0, -18, -125)
(0, -18, -126)
(0, -18, -127)
(1, -18, -128)
(1, -18, -129)
(0, -18, -129)
(1, -19, -129)
(0, -19, -128)
(1, -20, -128)
(0, -20, -127)
(0, -20, -126)
(0, -20, -125)
(0, -20, -124)
(1, -20, -124)
(1, -20, -123)
(0, -19, -122)
(0, -19, -121)
(1, -19, -121)
(0, -18, -120)
(0, -18, -119)
(0, -18, -118)
(1, -18, -118)
(0, -17, -117)
(0, -17, -116)
(1, -18, -116)
(0, -18, -116)
(1, -19, -116)
(0, -19, -116)
(0, -19, -117)
(0, -19, -118)
(1, -20, -119)
(0, -20, -119)
(1, -21, -120)
(1, -21, -121)
(1, -21, -122)
(1, -21, -123)
(0, -21, -123)
(1, -22, -123)
(0, -22, -122)
(1, -23, -122)
(1, -23, -121)
(0, -22, -120)
(0, -22, -119)
(0, -22, -118)
(1, -23, -118)
(0, -23, -118)
(1, -24, -118)
(0, -24, -117)
(0, -24, -116)
(1, -25, -116)
(0, -25, -116)
(1, -26, -117)
(0, -26, -117)
(0, -26, -118)
(1, -26, -119)
(0, -25, -118)
(1, -25, -119)
(0, -24, -119)
(1, -24, -120)
(1, -24, -121)
(0, -24, -121)
(1, -25, -122)
(1, -25, -123)
(0, -25, -123)
(1, -26, -123)
(1, -26, -122)
(0, -26, -121)
(1, -27, -121)
(0, -27, -120)
(1, -28, -121)
(0, -28, -121)
(1, -29, -122)
(0, -29, -122)
(1, -30, -122)
(1, -30, -121)
(0, -29, -120)
(0, -29, -119)
(0, -29, -118)
(1, -29, -118)
(0, -28, -117)
(0, -28, -116)
(0, -28, -115)
(1, -29, -115)
(1, -29, -114)
(0, -29, -113)
(1, -30, -113)
(0, -30, -112)
(1, -31, -112)
(0, -31, -111)
(0, -31, -110)
(1, -32, -110)
(0, -32, -110)
(1, -33, -110)
(0, -33, -109)
(0, -33, -108)
(1, -33, -108)
(0, -32, -107)
(1, -32, -107)
(1, -32, -106)
(0, -32, -105)
(0, -32, -104)
(1, -32, -104)
(0, -31, -104)
(1, -31, -104)
(1, -31, -103)
(0, -30, -102)
(0, -30, -101)
(0, -30, -100)
(1, -30, -100)
(0, -29, -99)
(1, -29, -99)
(0, -28, -99)
(0, -28, -100)
(1, -28, -101)
(0, -27, -101)
(1, -27, -101)
(1, -27, -100)
(1, -27, -99)
(1, -27, -98)
(0, -27, -97)
(1, -28, -98)
(0, -28, -97)
(1, -29, -97)
(0, -29, -97)
(1, -30, -97)
(0, -30, -97)
(0, -30, -98)
(1, -31, -99)
(0, -31, -98)
(0, -31, -97)
(0, -31, -96)
(1, -32, -96)
(1, -32, -95)
(0, -31, -94)
(1, -31, -94)
(0, -30, -94)
(1, -30, -95)
(0, -29, -95)
(1, -29, -95)
(0, -28, -95)
(1, -28, -95)
(0, -27, -95)
(1, -27, -96)
(0, -26, -95)
(1, -26, -95)
(0, -25, -95)
(1, -25, -96)
(0, -24, -96)
(0, -24, -97)
(0, -24, -98)
(1, -25, -99)
(0, -25, -99)
(0, -25, -100)
(1, -26, -101)
(1, -26, -102)
(0, -26, -102)
(1, -27, -103)
(1, -27, -104)
(0, -26, -104)
(1, -26, -105)
(1, -26, -106)
(0, -25, -106)
(1, -25, -107)
(0, -24, -106)
(1, -24, -107)
(0, -23, -106)
(1, -23, -107)
(1, -23, -108)
(1, -23, -109)
(0, -22, -109)
(1, -22, -109)
(1, -22, -108)
(0, -21, -107)
(1, -21, -108)
(1, -21, -109)
(0, -20, -109)
(1, -20, -109)
(1, -20, -108)
(1, -20, -107)
(1, -20, -106)
(0, -20, -105)
(0, -20, -104)
(1, -20, -104)
(0, -19, -104)
(1, -19, -105)
(0, -18, -105)
(1, -18, -105)
(0, -17, -105)
(1, -17, -105)
(1, -17, -104)
(0, -17, -103)
(0, -17, -102)
(1, -17, -102)
(0, -16, -101)
(1, -16, -102)
(0, -15, -102)
(0, -15, -103)
(1, -16, -104)
(1, -16, -105)
(0, -15, -105)
(1, -15, -106)
(0, -14, -106)
(1, -14, -107)
(0, -13, -107)
(1, -13, -107)
(0, -12, -107)
(1, -12, -108)
(0, -11, -107)
(0, -11, -106)
(1, -12, -106)
(0, -12, -105)
(1, -13, -105)
(1, -13, -104)
(0, -13, -103)
(0, -13, -102)
(1, -13, -102)
(0, -12, -102)
(1, -12, -103)
(0, -11, -103)
(0, -11, -104)
(1, -11, -105)
(0, -10, -104)
(0, -10, -103)
(1, -10, -103)
(1, -10, -102)
(0, -9, -101)
(0, -9, -100)
(0, -9, -99)
(1, -9, -99)
(0, -8, -99)
(0, -8, -100)
(1, -8, -101)
(0, -7, -100)
(1, -7, -100)
(0, -6, -100)
(1, -6, -100)
(1, -6, -99)
(1, -6, -98)
(0, -6, -97)
(1, -7, -98)
(0, -7, -98)
(1, -8, -98)
(0, -8, -97)
(1, -9, -97)
(0, -9, -97)
(1, -10, -98)
(0, -10, -98)
(1, -11, -98)
(0, -11, -98)
(1, -12, -98)
(0, -12, -98)
(1, -13, -99)
(1, -13, -100)
(0, -13, -100)
(1, -14, -101)
(0, -14, -100)
(1, -15, -101)
(0, -15, -100)
(1, -16, -100)
(0, -16, -99)
(1, -17, -99)
(0, -17, -99)
(0, -17, -100)
(1, -18, -101)
(0, -18, -100)
(1, -19, -100)
(0, -19, -99)
(1, -20, -99)
(0, -20, -99)
(1, -21, -99)
(1, -21, -98)
(1, -21, -97)
(1, -21, -96)
(0, -20, -95)
(1, -20, -95)
(0, -19, -95)
(1, -19, -96)
(0, -18, -96)
(1, -18, -96)
(1, -18, -95)
(0, -17, -94)
(1, -17, -95)
(0, -16, -95)
(1, -16, -96)
(0, -15, -95)
(0, -15, -94)
(1, -15, -94)
(0, -14, -94)
(0, -14, -95)
(1, -14, -96)
(1, -14, -97)
(0, -13, -97)
(1, -13, -97)
(0, -12, -96)
(0, -12, -95)
(1, -12, -95)
(0, -11, -95)
(1, -11, -96)
(0, -10, -96)
(1, -10, -96)
(1, -10, -95)
(0, -9, -94)
(0, -9, -93)
(1, -10, -93)
(0, -10, -92)
(1, -11, -93)
(0, -11, -92)
(1, -12, -92)
(1, -12, -91)
(0, -11, -90)
(1, -11, -91)
(0, -10, -90)
(1, -10, -90)
(0, -9, -89)
(1, -9, -89)
(0, -8, -89)
(0, -8, -90)
(1, -8, -91)
(1, -8, -92)
(1, -8, -93)
(1, -8, -94)
(1, -8, -95)
(0, -7, -95)
(1, -7, -95)
(1, -7, -94)
(1, -7, -93)
(1, -7, -92)
(0, -6, -91)
(1, -6, -91)
(0, -5, -90)
(1, -5, -91)
(0, -4, -90)
(1, -4, -90)
(0, -3, -89)
(1, -3, -89)
(1, -3, -88)
(0, -2, -87)
(1, -2, -87)
(1, -2, -86)
(0, -2, -85)
(0, -2, -84)
(1, -3, -84)
(0, -3, -83)
(1, -4, -83)
(0, -4, -82)
(1, -5, -82)
(0, -5, -81)
(0, -5, -80)
(0, -5, -79)
(1, -6, -79)
(0, -6, -78)
(1, -7, -79)
(0, -7, -78)
(0, -7, -77)
(1, -8, -77)
(0, -8, -76)
(1, -9, -77)
(1, -9, -78)
(1, -9, -79)
(0, -9, -79)
(0, -9, -80)
(1, -9, -81)
(0, -8, -80)
(1, -8, -81)
(0, -7, -81)
(1, -7, -81)
(0, -6, -81)
(0, -6, -82)
(1, -6, -83)
(1, -6, -84)
(1, -6, -85)
(1, -6, -86)
(0, -6, -86)
(0, -6, -87)
(1, -7, -88)
(0, -7, -87)
(1, -8, -87)
(1, -8, -86)
(1, -8, -85)
(0, -8, -84)
(1, -9, -84)
(1, -9, -83)
(0, -9, -82)
(1, -10, -82)
(0, -10, -81)
(1, -11, -81)
(0, -11, -81)
(0, -11, -82)
(1, -11, -83)
(0, -10, -83)
(0, -10, -84)
(1, -11, -85)
(0, -11, -84)
(1, -12, -84)
(0, -12, -84)
(1, -13, -85)
(0, -13, -85)
(1, -14, -85)
(0, -14, -85)
(0, -14, -86)
(0, -14, -87)
(1, -15, -88)
(0, -15, -87)
(0, -15, -86)
(1, -16, -86)
(0, -16, -86)
(0, -16, -87)
(0, -16, -88)
(1, -16, -89)
(1, -16, -90)
(0, -15, -90)
(1, -15, -90)
(0, -14, -90)
(1, -14, -91)
(1, -14, -92)
(0, -14, -92)
(1, -15, -92)
(0, -15, -92)
(1, -16, -92)
(0, -16, -91)
(1, -17, -92)
(0, -17, -91)
(1, -18, -91)
(1, -18, -90)
(1, -18, -89)
(1, -18, -88)
(0, -17, -87)
(0, -17, -86)
(0, -17, -85)
(0, -17, -84)
(1, -17, -84)
(0, -16, -83)
(1, -16, -84)
(0, -15, -83)
(1, -15, -83)
(1, -15, -82)
(0, -14, -81)
(0, -14, -80)
(0, -14, -79)
(1, -14, -79)
(1, -14, -78)
(0, -14, -77)
(1, -15, -77)
(0, -15, -77)
(1, -16, -77)
(0, -16, -76)
(1, -17, -77)
(1, -17, -78)
(1, -17, -79)
(0, -17, -79)
(0, -17, -80)
(1, -17, -81)
(1, -17, -82)
(0, -17, -82)
(1, -18, -82)
(0, -18, -81)
(1, -19, -81)
(1, -19, -80)
(1, -19, -79)
(0, -18, -78)
(1, -18, -78)
(1, -18, -77)
(0, -18, -76)
(1, -19, -77)
(0, -19, -76)
(0, -19, -75)
(1, -19, -75)
(0, -18, -74)
(1, -18, -75)
(0, -17, -74)
(1, -17, -75)
(0, -16, -74)
(1, -16, -75)
(0, -15, -75)
(1, -15, -75)
(0, -14, -74)
(0, -14, -73)
(1, -15, -73)
(0, -15, -72)
(0, -15, -71)
(0, -15, -70)
(0, -15, -69)
(1, -15, -69)
(1, -15, -68)
(0, -15, -67)
(1, -16, -67)
(0, -16, -66)
(0, -16, -65)
(1, -17, -65)
(1, -17, -64)
(0, -16, -63)
(1, -16, -63)
(1, -16, -62)
(0, -15, -61)
(1, -15, -61)
(1, -15, -60)
(0, -14, -59)
(1, -14, -60)
(0, -13, -59)
(0, -13, -58)
(1, -13, -58)
(0, -12, -58)
(1, -12, -58)
(0, -11, -58)
(0, -11, -59)
(0, -11, -60)
(1, -11, -61)
(0, -10, -60)
(1, -10, -60)
(1, -10, -59)
(0, -10, -58)
(0, -10, -57)
(1, -10, -57)
(0, -9, -56)
(1, -9, -57)
(1, -9, -58)
(0, -8, -58)
(0, -8, -59)
(1, -8, -60)
(0, -7, -59)
(1, -7, -59)
(0, -6, -59)
(0, -6, -60)
(1, -6, -61)
(0, -5, -61)
(0, -5, -62)
(0, -5, -63)
(1, -6, -64)
(0, -6, -64)
(1, -7, -65)
(0, -7, -65)
(0, -7, -66)
(1, -7, -67)
(0, -6, -67)
(1, -6, -68)
(1, -6, -69)
(0, -5, -69)
(1, -5, -69)
(1, -5, -68)
(0, -4, -67)
(1, -4, -68)
(0, -3, -68)
(0, -3, -69)
(1, -3, -70)
(0, -2, -69)
(1, -2, -69)
(1, -2, -68)
(0, -2, -67)
(0, -2, -66)
(1, -3, -66)
(0, -3, -65)
(1, -4, -66)
(0, -4, -65)
(0, -4, -64)
(0, -4, -63)
(1, -4, -63)
(0, -3, -63)
(1, -3, -64)
(0, -2, -64)
(1, -2, -64)
(0, -1, -63)
(0, -1, -62)
(0, -1, -61)
(1, -2, -61)
(0, -2, -61)
(1, -3, -61)
(0, -3, -61)
(1, -4, -61)
(0, -4, -60)
(1, -5, -60)
(1, -5, -59)
(0, -5, -58)
(1, -6, -58)
(0, -6, -57)
(0, -6, -56)
(1, -6, -56)
(0, -5, -55)
(1, -5, -56)
(0, -4, -56)
(1, -4, -57)
(1, -4, -58)
(0, -3, -58)
(1, -3, -59)
(0, -2, -59)
(1, -2, -59)
(1, -2, -58)
(0, -2, -57)
(1, -3, -57)
(1, -3, -56)
(0, -3, -55)
(1, -4, -55)
(0, -4, -54)
(1, -5, -54)
(0, -5, -53)
(1, -6, -54)
(0, -6, -54)
(1, -7, -55)
(0, -7, -55)
(1, -8, -55)
(0, -8, -55)
(1, -9, -55)
(0, -9, -54)
(1, -10, -55)
(0, -10, -54)
(1, -11, -55)
(1, -11, -56)
(0, -11, -56)
(1, -12, -56)
(0, -12, -56)
(1, -13, -56)
(0, -13, -55)
(1, -14, -55)
(0, -14, -55)
(1, -15, -55)
(0, -15, -55)
(0, -15, -56)
(1, -15, -57)
(1, -15, -58)
(0, -15, -58)
(1, -16, -59)
(0, -16, -59)
(1, -17, -60)
(1, -17, -61)
(1, -17, -62)
(0, -17, -62)
(1, -18, -63)
(1, -18, -64)
(1, -18, -65)
(1, -18, -66)
(0, -18, -66)
(0, -18, -67)
(0, -18, -68)
(0, -18, -69)
(0, -18, -70)
(0, -18, -71)
(1, -19, -72)
(0, -19, -72)
(1, -20, -72)
(1, -20, -71)
(0, -20, -70)
(1, -21, -70)
(0, -21, -69)
(1, -22, -69)
(1, -22, -68)
(0, -22, -67)
(0, -22, -66)
(1, -23, -66)
(1, -23, -65)
(0, -23, -64)
(1, -24, -64)
(0, -24, -64)
(1, -25, -64)
(0, -25, -64)
(1, -26, -64)
(0, -26, -64)
(1, -27, -64)
(0, -27, -63)
(0, -27, -62)
(0, -27, -61)
(0, -27, -60)
(0, -27, -59)
(1, -28, -59)
(0, -28, -59)
(1, -29, -59)
(0, -29, -58)
(1, -30, -59)
(1, -30, -60)
(1, -30, -61)
(0, -29, -61)
(1, -29, -61)
(0, -28, -61)
(0, -28, -62)
(1, -29, -63)
(1, -29, -64)
(0, -29, -64)
(0, -29, -65)
(0, -29, -66)
(0, -29, -67)
(1, -30, -68)
(1, -30, -69)
(0, -30, -69)
(0, -30, -70)
(0, -30, -71)
(0, -30, -72)
(1, -30, -73)
(0, -29, -73)
(1, -29, -74)
(0, -28, -74)
(1, -28, -74)
(0, -27, -74)
(1, -27, -75)
(0, -26, -75)
(1, -26, -75)
(1, -26, -74)
(0, -25, -73)
(1, -25, -73)
(0, -24, -72)
(1, -24, -73)
(0, -23, -73)
(1, -23, -73)
(0, -22, -73)
(1, -22, -74)
(0, -21, -74)
(0, -21, -75)
(1, -21, -76)
(1, -21, -77)
(0, -20, -77)
(0, -20, -78)
(1, -20, -79)
(1, -20, -80)
(0, -20, -80)
(0, -20, -81)
(1, -20, -82)
(0, -19, -82)
(1, -19, -83)
(0, -18, -83)
(0, -18, -84)
(1, -19, -85)
(0, -19, -84)
(1, -20, -85)
(0, -20, -84)
(0, -20, -83)
(1, -21, -83)
(0, -21, -82)
(0, -21, -81)
(1, -22, -81)
(0, -22, -80)
(0, -22, -79)
(1, -22, -79)
(1, -22, -78)
(1, -22, -77)
(0, -22, -76)
(0, -22, -75)
(1, -23, -75)
(0, -23, -75)
(1, -24, -76)
(1, -24, -77)
(0, -24, -77)
(0, -24, -78)
(1, -25, -79)
(0, -25, -79)
(1, -26, -80)
(0, -26, -80)
(0, -26, -81)
(1, -26, -82)
(1, -26, -83)
(1, -26, -84)
(0, -25, -84)
(1, -25, -84)
(0, -24, -84)
(1, -24, -85)
(0, -23, -85)
(1, -23, -86)
(0, -22, -85)
(0, -22, -84)
(1, -22, -84)
(0, -21, -84)
(0, -21, -85)
(0, -21, -86)
(1, -22, -87)
(1, -22, -88)
(0, -21, -88)
(0, -21, -89)
(0, -21, -90)
(0, -21, -91)
(1, -22, -92)
(0, -22, -92)
(0, -22, -93)
(1, -23, -94)
(0, -23, -93)
(0, -23, -92)
(0, -23, -91)
(1, -24, -91)
(0, -24, -90)
(0, -24, -89)
(0, -24, -88)
(1, -24, -88)
(1, -24, -87)
(0, -24, -86)
(1, -25, -86)
(0, -25, -86)
(1, -26, -86)
(0, -26, -85)
(1, -27, -85)
(1, -27, -84)
(1, -27, -83)
(0, -27, -82)
(0, -27, -81)
(0, -27, -80)
(0, -27, -79)
(1, -28, -79)
(0, -28, -79)
(1, -29, -79)
(0, -29, -79)
(1, -30, -80)
(0, -30, -79)
(1, -31, -79)
(0, -31, -78)
(1, -32, -79)
(0, -32, -78)
(1, -33, -79)
(0, -33, -79)
(1, -34, -80)
(1, -34, -81)
(1, -34, -82)
(0, -33, -82)
(1, -33, -83)
(1, -33, -84)
(1, -33, -85)
(0, -33, -85)
(1, -34, -85)
(0, -34, -85)
(1, -35, -85)
(0, -35, -85)
(0, -35, -86)
(1, -36, -87)
(0, -36, -86)
(1, -37, -86)
(1, -37, -85)
(0, -37, -84)
(1, -38, -85)
(0, -38, -84)
(1, -39, -85)
(1, -39, -86)
(1, -39, -87)
(1, -39, -88)
(1, -39, -89)
(0, -38, -89)
(1, -38, -89)
(0, -37, -89)
(1, -37, -89)
(0, -36, -89)
(0, -36, -90)
(1, -37, -91)
(1, -37, -92)
(1, -37, -93)
(0, -37, -93)
(1, -38, -94)
(0, -38, -93)
(0, -38, -92)
(0, -38, -91)
(1, -39, -91)
(0, -39, -91)
(1, -40, -91)
(0, -40, -90)
(1, -41, -91)
(1, -41, -92)
(1, -41, -93)
(1, -41, -94)
(1, -41, -95)
(0, -41, -95)
(1, -42, -95)
(0, -42, -94)
(1, -43, -94)
(0, -43, -93)
(0, -43, -92)
(1, -43, -92)
(1, -43, -91)
(0, -42, -90)
(1, -42, -90)
(0, -41, -89)
(1, -41, -89)
(0, -40, -88)
(1, -40, -88)
(1, -40, -87)
(1, -40, -86)
(1, -40, -85)
(0, -40, -84)
(0, -40, -83)
(1, -40, -83)
(1, -40, -82)
(1, -40, -81)
(0, -39, -80)
(1, -39, -80)
(1, -39, -79)
(0, -39, -78)
(1, -40, -78)
(0, -40, -78)
(1, -41, -78)
(1, -41, -77)
(1, -41, -76)
(1, -41, -75)
(0, -41, -74)
(0, -41, -73)
(1, -42, -73)
(0, -42, -72)
(1, -43, -72)
(0, -43, -72)
(1, -44, -73)
(0, -44, -73)
(1, -45, -73)
(0, -45, -72)
(1, -46, -72)
(0, -46, -72)
(1, -47, -72)
(0, -47, -71)
(0, -47, -70)
(1, -48, -70)
(0, -48, -69)
(1, -49, -70)
(0, -49, -69)
(1, -50, -69)
(1, -50, -68)
(1, -50, -67)
(1, -50, -66)
(0, -49, -65)
(1, -49, -66)
(0, -48, -66)
(1, -48, -67)
(0, -47, -66)
(0, -47, -65)
(1, -48, -65)
(1, -48, -64)
(0, -48, -63)
(1, -49, -64)
(0, -49, -63)
(1, -50, -63)
(1, -50, -62)
(0, -49, -61)
(1, -49, -62)
(0, -48, -61)
(0, -48, -60)
(0, -48, -59)
(0, -48, -58)
(1, -49, -58)
(0, -49, -58)
(1, -50, -59)
(1, -50, -60)
(0, -50, -60)
(1, -51, -61)
(1, -51, -62)
(0, -51, -62)
(1, -52, -63)
(1, -52, -64)
(0, -52, -64)
(1, -53, -65)
(0, -53, -64)
(1, -54, -65)
(1, -54, -66)
(0, -54, -66)
(1, -55, -66)
(0, -55, -65)
(1, -56, -65)
(1, -56, -64)
(1, -56, -63)
(1, -56, -62)
(0, -56, -61)
(1, -57, -62)
(0, -57, -62)
(1, -58, -63)
(0, -58, -62)
(0, -58, -61)
(1, -59, -61)
(0, -59, -61)
(1, -60, -62)
(0, -60, -61)
(1, -61, -61)
(1, -61, -60)
(1, -61, -59)
(1, -61, -58)
(1, -61, -57)
(0, -61, -56)
(1, -62, -56)
(0, -62, -55)
(1, -63, -56)
(0, -63, -56)
(1, -64, -56)
(0, -64, -56)
(1, -65, -56)
(0, -65, -55)
(1, -66, -55)
(0, -66, -55)
(1, -67, -55)
(0, -67, -55)
(0, -67, -56)
(1, -68, -57)
(0, -68, -57)
(1, -69, -57)
(0, -69, -56)
(1, -70, -56)
(1, -70, -55)
(1, -70, -54)
(0, -69, -53)
(1, -69, -54)
(0, -68, -53)
(0, -68, -52)
(0, -68, -51)
(1, -69, -51)
(0, -69, -51)
(1, -70, -52)
(0, -70, -52)
(1, -71, -53)
(0, -71, -53)
(1, -72, -54)
(1, -72, -55)
(0, -72, -55)
(1, -73, -55)
(1, -73, -54)
(0, -73, -53)
(0, -73, -52)
(1, -73, -52)
(0, -72, -51)
(1, -72, -51)
(1, -72, -50)
(1, -72, -49)
(0, -71, -48)
(1, -71, -48)
(0, -70, -48)
(1, -70, -48)
(1, -70, -47)
(0, -69, -46)
(1, -69, -47)
(0, -68, -46)
(1, -68, -46)
(0, -67, -46)
(1, -67, -47)
(0, -66, -46)
(1, -66, -46)
(1, -66, -45)
(0, -65, -44)
(1, -65, -44)
(1, -65, -43)
(1, -65, -42)
(1, -65, -41)
(0, -64, -40)
(1, -64, -41)
(0, -63, -41)
(0, -63, -42)
(1, -63, -43)
(0, -62, -42)
(1, -62, -43)
(0, -61, -43)
(0, -61, -44)
(1, -62, -45)
(1, -62, -46)
(0, -62, -46)
(0, -62, -47)
(0, -62, -48)
(1, -62, -49)
(0, -61, -49)
(1, -61, -50)
(0, -60, -50)
(1, -60, -51)
(0, -59, -50)
(0, -59, -49)
(1, -59, -49)
(1, -59, -48)
(0, -58, -47)
(1, -58, -48)
(0, -57, -47)
(1, -57, -48)
(0, -56, -47)
(1, -56, -48)
(0, -55, -47)
(0, -55, -46)
(0, -55, -45)
(1, -56, -45)
(0, -56, -44)
(1, -57, -45)
(0, -57, -45)
(1, -58, -45)
(1, -58, -44)
(1, -58, -43)
(1, -58, -42)
(0, -58, -41)
(1, -59, -42)
(0, -59, -41)
(1, -60, -42)
(0, -60, -42)
(1, -61, -42)
(0, -61, -41)
(0, -61, -40)
(1, -62, -40)
(0, -62, -39)
(1, -63, -40)
(0, -63, -39)
(1, -64, -39)
(1, -64, -38)
(1, -64, -37)
(0, -64, -36)
(1, -65, -36)
(1, -65, -35)
(1, -65, -34)
(0, -65, -33)
(1, -66, -34)
(1, -66, -35)
(1, -66, -36)
(1, -66, -37)
(1, -66, -38)
(0, -66, -38)
(1, -67, -39)
(0, -67, -39)
(1, -68, -40)
(1, -68, -41)
(0, -68, -41)
(1, -69, -42)
(0, -69, -42)
(1, -70, -43)
(0, -70, -43)
(1, -71, -44)
(0, -71, -43)
(0, -71, -42)
(1, -72, -42)
(0, -72, -42)
(1, -73, -43)
(0, -73, -43)
(0, -73, -44)
(0, -73, -45)
(0, -73, -46)
(1, -73, -47)
(1, -73, -48)
(0, -73, -48)
(1, -74, -49)
(0, -74, -48)
(1, -75, -48)
(0, -75, -48)
(1, -76, -48)
(1, -76, -47)
(1, -76, -46)
(1, -76, -45)
(0, -76, -44)
(1, -77, -45)
(0, -77, -45)
(1, -78, -46)
(1, -78, -47)
(0, -78, -47)
(1, -79, -47)
(0, -79, -46)
(0, -79, -45)
(1, -80, -45)
(0, -80, -45)
(1, -81, -45)
(1, -81, -44)
(0, -80, -43)
(1, -80, -43)
(0, -79, -43)
(1, -79, -44)
(0, -78, -43)
(1, -78, -43)
(1, -78, -42)
(0, -78, -41)
(1, -79, -42)
(0, -79, -41)
(0, -79, -40)
(1, -79, -40)
(0, -78, -39)
(0, -78, -38)
(1, -78, -38)
(0, -77, -37)
(0, -77, -36)
(1, -78, -36)
(1, -78, -35)
(1, -78, -34)
(1, -78, -33)
(0, -77, -32)
(0, -77, -31)
(1, -77, -31)
(1, -77, -30)
(0, -77, -29)
(1, -78, -30)
(0, -78, -29)
(1, -79, -30)
(0, -79, -29)
(1, -80, -30)
(0, -80, -30)
(1, -81, -30)
(0, -81, -30)
(1, -82, -31)
(0, -82, -31)
(0, -82, -32)
(1, -83, -33)
(0, -83, -33)
(1, -84, -34)
(0, -84, -33)
(0, -84, -32)
(1, -84, -32)
(1, -84, -31)
(1, -84, -30)
(0, -83, -29)
(1, -83, -29)
(0, -82, -29)
(1, -82, -29)
(0, -81, -28)
(0, -81, -27)
(1, -82, -27)
(0, -82, -27)
(1, -83, -27)
(1, -83, -26)
(1, -83, -25)
(0, -82, -24)
(1, -82, -24)
(0, -81, -23)
(0, -81, -22)
(0, -81, -21)
(1, -81, -21)
(1, -81, -20)
(0, -80, -19)
(1, -80, -19)
(1, -80, -18)
(0, -79, -17)
(1, -79, -18)
(0, -78, -18)
(0, -78, -19)
(1, -79, -20)
(0, -79, -20)
(1, -80, -21)
(1, -80, -22)
(0, -79, -22)
(1, -79, -22)
(0, -78, -22)
(1, -78, -23)
(0, -77, -22)
(1, -77, -22)
(1, -77, -21)
(0, -76, -20)
(1, -76, -21)
(0, -75, -20)
(1, -75, -21)
(0, -74, -20)
(0, -74, -19)
(1, -74, -19)
(0, -73, -19)
(0, -73, -20)
(0, -73, -21)
(1, -73, -22)
(1, -73, -23)
(0, -73, -23)
(1, -74, -24)
(0, -74, -23)
(1, -75, -23)
(0, -75, -23)
(1, -76, -23)
(0, -76, -23)
(1, -77, -24)
(1, -77, -25)
(0, -76, -25)
(1, -76, -25)
(0, -75, -25)
(1, -75, -25)
(0, -74, -25)
(1, -74, -26)
(1, -74, -27)
(1, -74, -28)
(0, -73, -28)
(1, -73, -28)
(1, -73, -27)
(1, -73, -26)
(1, -73, -25)
(0, -72, -24)
(1, -72, -25)
(1, -72, -26)
(0, -71, -26)
(1, -71, -26)
(0, -70, -25)
(1, -70, -26)
(0, -69, -25)
(0, -69, -24)
(1, -69, -24)
(0, -68, -24)
(1, -68, -25)
(0, -67, -25)
(0, -67, -26)
(1, -67, -27)
(0, -66, -26)
(0, -66, -25)
(0, -66, -24)
(0, -66, -23)
(1, -67, -23)
(1, -67, -22)
(1, -67, -21)
(0, -66, -20)
(1, -66, -21)
(0, -65, -21)
(1, -65, -21)
(1, -65, -20)
(1, -65, -19)
(0, -65, -18)
(1, -66, -18)
(0, -66, -17)
(1, -67, -18)
(0, -67, -18)
(1, -68, -19)
(1, -68, -20)
(1, -68, -21)
(0, -68, -21)
(1, -69, -21)
(0, -69, -20)
(1, -70, -21)
(0, -70, -21)
(0, -70, -22)
(1, -71, -23)
(0, -71, -22)
(0, -71, -21)
(0, -71, -20)
(1, -71, -20)
(1, -71, -19)
(0, -70, -18)
(0, -70, -17)
(0, -70, -16)
(1, -70, -16)
(0, -69, -15)
(1, -69, -15)
(0, -68, -15)
(1, -68, -16)
(0, -67, -15)
(1, -67, -16)
(0, -66, -15)
(1, -66, -15)
(0, -65, -15)
(1, -65, -16)
(1, -65, -17)
(0, -64, -17)
(1, -64, -17)
(0, -63, -16)
(0, -63, -15)
(1, -64, -15)
(0, -64, -14)
(0, -64, -13)
(1, -64, -13)
(0, -63, -13)
(1, -63, -14)
(0, -62, -14)
(1, -62, -14)
(0, -61, -13)
(0, -61, -12)
(1, -62, -12)
(0, -62, -12)
(1, -63, -12)
(1, -63, -11)
(1, -63, -10)
(1, -63, -9)
(1, -63, -8)
(1, -63, -7)
(1, -63, -6)
(1, -63, -5)
(1, -63, -4)
(1, -63, -3)
(0, -62, -2)
(1, -62, -2)
(1, -62, -1)
(0, -61, 0)
(1, -61, 0)
(0, -60, 1)
(1, -60, 1)
(0, -59, 2)
(0, -59, 3)
(0, -59, 4)
(1, -60, 4)
(1, -60, 5)
(1, -60, 6)
(1, -60, 7)
(0, -59, 8)
(1, -59, 8)
(1, -59, 9)
(0, -58, 10)
(1, -58, 9)
(0, -57, 9)
(1, -57, 9)
(0, -56, 9)
(0, -56, 8)
(1, -56, 7)
(0, -55, 8)
(0, -55, 9)
(0, -55, 10)
(0, -55, 11)
(1, -56, 11)
(0, -56, 11)
(1, -57, 11)
(0, -57, 12)
(1, -58, 11)
(0, -58, 12)
(1, -59, 12)
(0, -59, 12)
(0, -59, 11)
(1, -60, 10)
(0, -60, 11)
(1, -61, 11)
(0, -61, 11)
(0, -61, 10)
(0, -61, 9)
(1, -62, 8)
(0, -62, 9)
(1, -63, 9)
(1, -63, 10)
(0, -63, 11)
(0, -63, 12)
(1, -63, 12)
(0, -62, 13)
(0, -62, 14)
(1, -63, 14)
(1, -63, 15)
(0, -62, 16)
(1, -62, 15)
(0, -61, 16)
(1, -61, 15)
(0, -60, 15)
(1, -60, 15)
(1, -60, 16)
(0, -60, 17)
(0, -60, 18)
(1, -60, 18)
(0, -59, 19)
(0, -59, 20)
(1, -60, 20)
(0, -60, 20)
(1, -61, 20)
(0, -61, 20)
(1, -62, 20)
(1, -62, 21)
(0, -61, 22)
(0, -61, 23)
(0, -61, 24)
(1, -62, 24)
(0, -62, 24)
(1, -63, 23)
(0, -63, 23)
(1, -64, 22)
(1, -64, 21)
(1, -64, 20)
(0, -64, 20)
(0, -64, 19)
(1, -64, 18)
(0, -63, 18)
(0, -63, 17)
(1, -64, 16)
(1, -64, 15)
(1, -64, 14)
(0, -64, 14)
(1, -65, 14)
(0, -65, 15)
(1, -66, 15)
(0, -66, 16)
(0, -66, 17)
(1, -66, 17)
(1, -66, 18)
(0, -65, 19)
(0, -65, 20)
(1, -66, 20)
(1, -66, 21)
(0, -65, 22)
(0, -65, 23)
(0, -65, 24)
(1, -66, 24)
(1, -66, 25)
(1, -66, 26)
(1, -66, 27)
(0, -65, 28)
(0, -65, 29)
(0, -65, 30)
(1, -65, 30)
(0, -64, 30)
(1, -64, 30)
(0, -63, 30)
(1, -63, 30)
(1, -63, 31)
(0, -62, 32)
(1, -62, 32)
(0, -61, 32)
(1, -61, 32)
(1, -61, 33)
(0, -60, 34)
(1, -60, 33)
(0, -59, 34)
(1, -59, 33)
(0, -58, 33)
(1, -58, 33)
(1, -58, 34)
(0, -57, 35)
(0, -57, 36)
(1, -58, 36)
(0, -58, 36)
(1, -59, 35)
(0, -59, 36)
(1, -60, 35)
(0, -60, 36)
(1, -61, 35)
(0, -61, 36)
(1, -62, 35)
(0, -62, 35)
(0, -62, 34)
(1, -63, 33)
(0, -63, 34)
(1, -64, 33)
(0, -64, 33)
(1, -65, 32)
(0, -65, 32)
(1, -66, 32)
(0, -66, 33)
(0, -66, 34)
(0, -66, 35)
(0, -66, 36)
(1, -66, 36)
(0, -65, 37)
(1, -65, 36)
(0, -64, 36)
(1, -64, 36)
(0, -63, 37)
(1, -63, 36)
(0, -62, 37)
(1, -62, 37)
(0, -61, 38)
(0, -61, 39)
(1, -62, 39)
(0, -62, 39)
(1, -63, 39)
(1, -63, 40)
(0, -62, 41)
(1, -62, 41)
(0, -61, 42)
(0, -61, 43)
(1, -62, 43)
(0, -62, 44)
(1, -63, 44)
(0, -63, 44)
(1, -64, 43)
(0, -64, 43)
(0, -64, 42)
(1, -65, 41)
(0, -65, 41)
(1, -66, 41)
(0, -66, 42)
(1, -67, 41)
(1, -67, 40)
(0, -66, 40)
(1, -66, 39)
(1, -66, 38)
(0, -66, 38)
(1, -67, 38)
(0, -67, 38)
(0, -67, 37)
(0, -67, 36)
(0, -67, 35)
(1, -68, 34)
(1, -68, 33)
(1, -68, 32)
(0, -68, 32)
(1, -69, 32)
(1, -69, 33)
(0, -69, 34)
(1, -70, 34)
(0, -70, 34)
(1, -71, 34)
(0, -71, 35)
(1, -72, 34)
(0, -72, 34)
(1, -73, 34)
(1, -73, 35)
(0, -72, 36)
(0, -72, 37)
(1, -73, 37)
(1, -73, 38)
(0, -72, 39)
(0, -72, 40)
(1, -72, 40)
(0, -71, 41)
(1, -71, 41)
(0, -70, 42)
(1, -70, 41)
(0, -69, 42)
(0, -69, 43)
(0, -69, 44)
(1, -69, 44)
(0, -68, 45)
(0, -68, 46)
(1, -69, 46)
(0, -69, 47)
(1, -70, 46)
(0, -70, 46)
(0, -70, 45)
(1, -71, 44)
(1, -71, 43)
(0, -71, 43)
(1, -72, 43)
(1, -72, 44)
(0, -72, 45)
(1, -73, 44)
(0, -73, 45)
(0, -73, 46)
(1, -73, 46)
(1, -73, 47)
(1, -73, 48)
(1, -73, 49)
(0, -73, 50)
(1, -74, 49)
(0, -74, 49)
(1, -75, 49)
(1, -75, 50)
(0, -75, 51)
(1, -76, 51)
(1, -76, 52)
(0, -75, 53)
(0, -75, 54)
(0, -75, 55)
(1, -75, 55)
(0, -74, 55)
(1, -74, 55)
(1, -74, 56)
(0, -73, 57)
(0, -73, 58)
(1, -74, 58)
(0, -74, 58)
(1, -75, 57)
(0, -75, 57)
(1, -76, 56)
(0, -76, 56)
(0, -76, 55)
(1, -77, 54)
(0, -77, 54)
(1, -78, 53)
(0, -78, 53)
(0, -78, 52)
(1, -78, 51)
(1, -78, 50)
(0, -77, 50)
(0, -77, 49)
(1, -77, 48)
(0, -76, 49)
(1, -76, 48)
(1, -76, 47)
(0, -75, 47)
(0, -75, 46)
(1, -75, 45)
(1, -75, 44)
(0, -75, 44)
(1, -76, 43)
(0, -76, 43)
(0, -76, 42)
(1, -76, 41)
(1, -76, 40)
(0, -75, 40)
(0, -75, 39)
(1, -75, 38)
(1, -75, 37)
(0, -74, 37)
(0, -74, 36)
(1, -75, 35)
(1, -75, 34)
(1, -75, 33)
(0, -74, 33)
(1, -74, 33)
(0, -73, 33)
(1, -73, 32)
(1, -73, 31)
(1, -73, 30)
(1, -73, 29)
(0, -72, 29)
(0, -72, 28)
(1, -73, 27)
(1, -73, 26)
(1, -73, 25)
(1, -73, 24)
(0, -73, 24)
(0, -73, 23)
(1, -73, 22)
(1, -73, 21)
(1, -73, 20)
(0, -73, 20)
(1, -74, 20)
(0, -74, 21)
(0, -74, 22)
(1, -75, 22)
(1, -75, 23)
(0, -74, 24)
(0, -74, 25)
(1, -75, 25)
(0, -75, 26)
(1, -76, 26)
(1, -76, 27)
(0, -76, 28)
(1, -77, 28)
(0, -77, 28)
(1, -78, 28)
(1, -78, 29)
(0, -77, 30)
(1, -77, 30)
(0, -76, 30)
(1, -76, 30)
(1, -76, 31)
(0, -76, 32)
(0, -76, 33)
(1, -76, 33)
(1, -76, 34)
(1, -76, 35)
(1, -76, 36)
(1, -76, 37)
(0, -76, 38)
(1, -77, 37)
(0, -77, 38)
(1, -78, 37)
(1, -78, 36)
(1, -78, 35)
(0, -78, 35)
(0, -78, 34)
(0, -78, 33)
(0, -78, 32)
(0, -78, 31)
(1, -79, 30)
(0, -79, 30)
(1, -80, 30)
(1, -80, 31)
(1, -80, 32)
(0, -80, 33)
(1, -81, 33)
(0, -81, 33)
(1, -82, 33)
(0, -82, 33)
(0, -82, 32)
(1, -82, 31)
(0, -81, 31)
(0, -81, 30)
(1, -82, 29)
(0, -82, 30)
(1, -83, 30)
(0, -83, 30)
(0, -83, 29)
(0, -83, 28)
(0, -83, 27)
(0, -83, 26)
(0, -83, 25)
(1, -83, 24)
(0, -82, 24)
(1, -82, 23)
(0, -81, 24)
(0, -81, 25)
(1, -81, 25)
(0, -80, 25)
(1, -80, 25)
(0, -79, 26)
(1, -79, 26)
(0, -78, 27)
(1, -78, 26)
(1, -78, 25)
(0, -77, 25)
(0, -77, 24)
(0, -77, 23)
(1, -77, 22)
(0, -76, 22)
(0, -76, 21)
(1, -77, 20)
(1, -77, 19)
(0, -76, 19)
(0, -76, 18)
(1, -77, 17)
(0, -77, 17)
(0, -77, 16)
(1, -78, 15)
(1, -78, 14)
(1, -78, 13)
(0, -77, 13)
(0, -77, 12)
(0, -77, 11)
(1, -78, 10)
(0, -78, 10)
(0, -78, 9)
(1, -79, 8)
(0, -79, 9)
(0, -79, 10)
(1, -80, 10)
(0, -80, 10)
(1, -81, 9)
(0, -81, 10)
(1, -82, 10)
(0, -82, 11)
(0, -82, 12)
(0, -82, 13)
(1, -83, 13)
(0, -83, 14)
(1, -84, 14)
(0, -84, 15)
(1, -85, 15)
(0, -85, 15)
(1, -86, 15)
(1, -86, 16)
(0, -85, 17)
(1, -85, 17)
(1, -85, 18)
(0, -85, 19)
(1, -86, 18)
(0, -86, 18)
(1, -87, 17)
(1, -87, 16)
(0, -87, 16)
(1, -88, 15)
(0, -88, 15)
(1, -89, 14)
(0, -89, 15)
(0, -89, 16)
(1, -89, 16)
(1, -89, 17)
(0, -89, 18)
(0, -89, 19)
(0, -89, 20)
(1, -89, 20)
(0, -88, 20)
(0, -88, 19)
(1, -88, 18)
(0, -87, 19)
(1, -87, 19)
(1, -87, 20)
(0, -87, 21)
(1, -88, 21)
(0, -88, 22)
(0, -88, 23)
(1, -89, 23)
(0, -89, 24)
(1, -90, 23)
(0, -90, 24)
(1, -91, 24)
(0, -91, 24)
(0, -91, 23)
(0, -91, 22)
(0, -91, 21)
(1, -91, 20)
(1, -91, 19)
(1, -91, 18)
(0, -90, 18)
(0, -90, 17)
(0, -90, 16)
(0, -90, 15)
(1, -91, 14)
(0, -91, 15)
(1, -92, 15)
(0, -92, 15)
(1, -93, 15)
(0, -93, 15)
(0, -93, 14)
(0, -93, 13)
(1, -94, 12)
(1, -94, 11)
(1, -94, 10)
(0, -93, 10)
(0, -93, 9)
(0, -93, 8)
(0, -93, 7)
(1, -94, 6)
(0, -94, 7)
(1, -95, 7)
(1, -95, 8)
(1, -95, 9)
(1, -95, 10)
(1, -95, 11)
(1, -95, 12)
(1, -95, 13)
(0, -94, 14)
(0, -94, 15)
(1, -95, 15)
(0, -95, 16)
(1, -96, 16)
(0, -96, 17)
(1, -97, 17)
(0, -97, 17)
(0, -97, 16)
(1, -98, 15)
(0, -98, 16)
(1, -99, 16)
(0, -99, 16)
(1, -100, 16)
(0, -100, 17)
(0, -100, 18)
(1, -100, 18)
(0, -99, 18)
(1, -99, 18)
(0, -98, 18)
(1, -98, 18)
(1, -98, 19)
(1, -98, 20)
(1, -98, 21)
(1, -98, 22)
(1, -98, 23)
(0, -97, 24)
(0, -97, 25)
(1, -98, 25)
(0, -98, 25)
(1, -99, 25)
(0, -99, 26)
(1, -100, 25)
(0, -100, 26)
(0, -100, 27)
(0, -100, 28)
(0, -100, 29)
(1, -100, 29)
(0, -99, 29)
(1, -99, 29)
(1, -99, 30)
(1, -99, 31)
(1, -99, 32)
(0, -98, 33)
(1, -98, 33)
(0, -97, 34)
(1, -97, 33)
(0, -96, 33)
(1, -96, 33)
(0, -95, 34)
(1, -95, 33)
(0, -94, 33)
(1, -94, 32)
(0, -93, 32)
(1, -93, 31)
(0, -92, 31)
(1, -92, 31)
(1, -92, 32)
(0, -92, 33)
(1, -93, 33)
(0, -93, 34)
(1, -94, 34)
(1, -94, 35)
(0, -94, 36)
(0, -94, 37)
(1, -94, 37)
(1, -94, 38)
(0, -93, 39)
(1, -93, 38)
(0, -92, 38)
(1, -92, 37)
(0, -91, 37)
(1, -91, 36)
(0, -90, 36)
(1, -90, 35)
(0, -89, 35)
(1, -89, 35)
(0, -88, 35)
(1, -88, 35)
(0, -87, 36)
(0, -87, 37)
(1, -87, 37)
(0, -86, 37)
(1, -86, 36)
(1, -86, 35)
(1, -86, 34)
(0, -85, 34)
(0, -85, 33)
(0, -85, 32)
(1, -85, 31)
(0, -84, 32)
(1, -84, 32)
(0, -83, 33)
(0, -83, 34)
(1, -83, 34)
(1, -83, 35)
(0, -82, 36)
(0, -82, 37)
(1, -82, 37)
(1, -82, 38)
(0, -82, 39)
(1, -83, 39)
(0, -83, 40)
(1, -84, 39)
(0, -84, 39)
(1, -85, 38)
(0, -85, 38)
(1, -86, 38)
(0, -86, 39)
(1, -87, 39)
(0, -87, 39)
(1, -88, 38)
(0, -88, 39)
(1, -89, 38)
(0, -89, 39)
(0, -89, 40)
(0, -89, 41)
(1, -89, 41)
(1, -89, 42)
(1, -89, 43)
(0, -88, 44)
(0, -88, 45)
(1, -88, 45)
(0, -87, 45)
(1, -87, 44)
(1, -87, 43)
(0, -87, 43)
(0, -87, 42)
(1, -87, 41)
(0, -86, 41)
(1, -86, 40)
(0, -85, 40)
(1, -85, 40)
(1, -85, 41)
(0, -84, 42)
(1, -84, 41)
(0, -83, 42)
(1, -83, 41)
(0, -82, 42)
(0, -82, 43)
(1, -82, 43)
(0, -81, 43)
(1, -81, 43)
(0, -80, 44)
(0, -80, 45)
(1, -80, 45)
(0, -79, 45)
(0, -79, 44)
(0, -79, 43)
(1, -79, 42)
(1, -79, 41)
(0, -79, 41)
(1, -80, 40)
(1, -80, 39)
(0, -79, 39)
(1, -79, 38)
(0, -78, 39)
(0, -78, 40)
(1, -78, 40)
(1, -78, 41)
(1, -78, 42)
(0, -77, 43)
(0, -77, 44)
(0, -77, 45)
(1, -78, 45)
(0, -78, 46)
(1, -79, 46)
(1, -79, 47)
(1, -79, 48)
(1, -79, 49)
(1, -79, 50)
(0, -79, 51)
(1, -80, 50)
(0, -80, 50)
(0, -80, 49)
(0, -80, 48)
(0, -80, 47)
(1, -81, 46)
(0, -81, 47)
(0, -81, 48)
(1, -82, 48)
(1, -82, 49)
(0, -81, 50)
(0, -81, 51)
(1, -82, 51)
(0, -82, 52)
(0, -82, 53)
(1, -82, 53)
(0, -81, 54)
(1, -81, 54)
(0, -80, 55)
(1, -80, 54)
(0, -79, 55)
(0, -79, 56)
(0, -79, 57)
(1, -79, 57)
(1, -79, 58)
(1, -79, 59)
(0, -79, 60)
(0, -79, 61)
(0, -79, 62)
(1, -80, 62)
(1, -80, 63)
(0, -79, 64)
(1, -79, 64)
(0, -78, 64)
(0, -78, 63)
(0, -78, 62)
(1, -78, 61)
(0, -77, 62)
(0, -77, 63)
(1, -77, 63)
(1, -77, 64)
(1, -77, 65)
(0, -76, 66)
(0, -76, 67)
(0, -76, 68)
(1, -77, 68)
(1, -77, 69)
(0, -76, 70)
(1, -76, 70)
(0, -75, 70)
(1, -75, 70)
(0, -74, 70)
(1, -74, 69)
(1, -74, 68)
(0, -73, 68)
(0, -73, 67)
(1, -74, 66)
(0, -74, 66)
(1, -75, 65)
(0, -75, 65)
(0, -75, 64)
(1, -75, 63)
(1, -75, 62)
(0, -75, 62)
(1, -76, 61)
(0, -76, 61)
(1, -77, 60)
(1, -77, 59)
(0, -76, 59)
(1, -76, 59)
(0, -75, 59)
(1, -75, 59)
(0, -74, 60)
(0, -74, 61)
(1, -74, 61)
(1, -74, 62)
(1, -74, 63)
(1, -74, 64)
(0, -73, 65)
(1, -73, 65)
(0, -72, 66)
(0, -72, 67)
(1, -72, 67)
(0, -71, 68)
(1, -71, 68)
(0, -70, 68)
(1, -70, 68)
(0, -69, 69)
(1, -69, 68)
(1, -69, 67)
(0, -69, 67)
(0, -69, 66)
(1, -69, 65)
(1, -69, 64)
(1, -69, 63)
(1, -69, 62)
(0, -69, 62)
(1, -70, 62)
(0, -70, 62)
(1, -71, 62)
(0, -71, 63)
(1, -72, 62)
(0, -72, 63)
(1, -73, 62)
(1, -73, 61)
(1, -73, 60)
(1, -73, 59)
(0, -72, 59)
(1, -72, 59)
(0, -71, 59)
(0, -71, 58)
(0, -71, 57)
(0, -71, 56)
(0, -71, 55)
(1, -71, 54)
(0, -70, 55)
(1, -70, 55)
(1, -70, 56)
(1, -70, 57)
(0, -69, 58)
(1, -69, 57)
(0, -68, 58)
(1, -68, 58)
(0, -67, 59)
(1, -67, 59)
(0, -66, 60)
(0, -66, 61)
(0, -66, 62)
(0, -66, 63)
(1, -67, 63)
(1, -67, 64)
(1, -67, 65)
(1, -67, 66)
(0, -66, 67)
(1, -66, 66)
(1, -66, 65)
(1, -66, 64)
(0, -65, 64)
(1, -65, 63)
(0, -64, 64)
(1, -64, 64)
(0, -63, 65)
(1, -63, 64)
(1, -63, 63)
(0, -62, 63)
(1, -62, 62)
(0, -61, 62)
(1, -61, 61)
(0, -60, 61)
(1, -60, 61)
(1, -60, 62)
(1, -60, 63)
(0, -59, 64)
(0, -59, 65)
(1, -60, 65)
(1, -60, 66)
(0, -60, 67)
(0, -60, 68)
(0, -60, 69)
(1, -60, 69)
(0, -59, 70)
(0, -59, 71)
(1, -59, 71)
(0, -58, 71)
(1, -58, 71)
(0, -57, 71)
(1, -57, 71)
(1, -57, 72)
(0, -56, 73)
(1, -56, 73)
(1, -56, 74)
(1, -56, 75)
(0, -55, 76)
(1, -55, 75)
(0, -54, 75)
(1, -54, 75)
(1, -54, 76)
(0, -53, 77)
(0, -53, 78)
(1, -53, 78)
(0, -52, 78)
(1, -52, 77)
(1, -52, 76)
(0, -52, 76)
(1, -53, 75)
(1, -53, 74)
(0, -53, 74)
(1, -54, 73)
(0, -54, 73)
(0, -54, 72)
(1, -54, 71)
(0, -53, 72)
(1, -53, 71)
(0, -52, 72)
(1, -52, 72)
(1, -52, 73)
(1, -52, 74)
(0, -51, 75)
(1, -51, 74)
(1, -51, 73)
(1, -51, 72)
(0, -50, 72)
(1, -50, 71)
(0, -49, 72)
(1, -49, 71)
(1, -49, 70)
(0, -48, 70)
(1, -48, 70)
(0, -47, 71)
(1, -47, 70)
(0, -46, 71)
(1, -46, 71)
(0, -45, 72)
(0, -45, 73)
(0, -45, 74)
(1, -46, 74)
(1, -46, 75)
(0, -45, 76)
(0, -45, 77)
(0, -45, 78)
(1, -46, 78)
(0, -46, 78)
(1, -47, 78)
(1, -47, 79)
(0, -46, 80)
(0, -46, 81)
(1, -46, 81)
(0, -45, 81)
(0, -45, 80)
(1, -45, 79)
(0, -44, 79)
(0, -44, 78)
(1, -44, 77)
(0, -43, 78)
(1, -43, 78)
(0, -42, 79)
(1, -42, 78)
(0, -41, 78)
(0, -41, 77)
(1, -42, 76)
(0, -42, 76)
(1, -43, 75)
(1, -43, 74)
(1, -43, 73)
(0, -42, 73)
(0, -42, 72)
(0, -42, 71)
(1, -43, 70)
(1, -43, 69)
(1, -43, 68)
(0, -43, 68)
(0, -43, 67)
(1, -43, 66)
(0, -42, 66)
(0, -42, 65)
(1, -42, 64)
(0, -41, 65)
(1, -41, 65)
(0, -40, 65)
(1, -40, 65)
(0, -39, 66)
(1, -39, 65)
(1, -39, 64)
(0, -39, 64)
(0, -39, 63)
(0, -39, 62)
(1, -39, 61)
(0, -38, 62)
(1, -38, 61)
(0, -37, 62)
(0, -37, 63)
(1, -37, 63)
(0, -36, 64)
(0, -36, 65)
(1, -37, 65)
(0, -37, 66)
(1, -38, 66)
(1, -38, 67)
(0, -37, 68)
(0, -37, 69)
(0, -37, 70)
(0, -37, 71)
(1, -38, 71)
(1, -38, 72)
(1, -38, 73)
(1, -38, 74)
(0, -38, 75)
(1, -39, 75)
(1, -39, 76)
(1, -39, 77)
(1, -39, 78)
(0, -39, 79)
(1, -40, 79)
(1, -40, 80)
(0, -39, 81)
(1, -39, 80)
(0, -38, 80)
(1, -38, 79)
(0, -37, 80)
(1, -37, 79)
(0, -36, 79)
(1, -36, 79)
(1, -36, 80)
(1, -36, 81)
(1, -36, 82)
(0, -35, 83)
(1, -35, 83)
(0, -34, 83)
(1, -34, 83)
(0, -33, 83)
(1, -33, 83)
(1, -33, 84)
(1, -33, 85)
(0, -32, 86)
(1, -32, 86)
(0, -31, 86)
(1, -31, 86)
(0, -30, 87)
(0, -30, 88)
(1, -31, 88)
(0, -31, 88)
(1, -32, 88)
(0, -32, 88)
(1, -33, 87)
(0, -33, 88)
(1, -34, 87)
(0, -34, 87)
(1, -35, 87)
(0, -35, 87)
(1, -36, 87)
(1, -36, 88)
(0, -35, 89)
(0, -35, 90)
(1, -36, 90)
(1, -36, 91)
(0, -36, 92)
(1, -37, 91)
(0, -37, 91)
(0, -37, 90)
(0, -37, 89)
(1, -38, 88)
(0, -38, 89)
(1, -39, 88)
(1, -39, 87)
(0, -39, 87)
(1, -40, 86)
(1, -40, 85)
(0, -40, 85)
(1, -41, 84)
(0, -41, 85)
(1, -42, 84)
(0, -42, 84)
(1, -43, 84)
(0, -43, 85)
(1, -44, 85)
(0, -44, 85)
(1, -45, 85)
(1, -45, 86)
(1, -45, 87)
(0, -44, 88)
(1, -44, 88)
(1, -44, 89)
(0, -44, 90)
(1, -45, 90)
(0, -45, 90)
(1, -46, 89)
(1, -46, 88)
(0, -46, 88)
(0, -46, 87)
(1, -47, 86)
(1, -47, 85)
(0, -46, 85)
(0, -46, 84)
(0, -46, 83)
(1, -47, 82)
(0, -47, 83)
(1, -48, 83)
(0, -48, 84)
(0, -48, 85)
(1, -48, 85)
(1, -48, 86)
(1, -48, 87)
(0, -47, 88)
(0, -47, 89)
(1, -48, 89)
(0, -48, 89)
(1, -49, 88)
(0, -49, 89)
(1, -50, 89)
(0, -50, 89)
(0, -50, 88)
(1, -51, 87)
(1, -51, 86)
(0, -50, 86)
(0, -50, 85)
(1, -51, 84)
(0, -51, 85)
(1, -52, 85)
(1, -52, 86)
(0, -52, 87)
(0, -52, 88)
(1, -53, 88)
(0, -53, 89)
(1, -54, 88)
(0, -54, 89)
(1, -55, 89)
(0, -55, 90)
(0, -55, 91)
(1, -56, 91)
(1, -56, 92)
(0, -56, 93)
(1, -57, 93)
(0, -57, 94)
(1, -58, 94)
(1, -58, 95)
(0, -58, 96)
(1, -59, 96)
(0, -59, 96)
(0, -59, 95)
(1, -59, 94)
(1, -59, 93)
(0, -58, 93)
(1, -58, 92)
(0, -57, 92)
(0, -57, 91)
(1, -58, 90)
(0, -58, 91)
(1, -59, 91)
(0, -59, 92)
(1, -60, 91)
(0, -60, 92)
(1, -61, 91)
(0, -61, 91)
(1, -62, 90)
(1, -62, 89)
(0, -61, 89)
(1, -61, 89)
(0, -60, 90)
(1, -60, 89)
(1, -60, 88)
(0, -59, 88)
(1, -59, 88)
(0, -58, 88)
(0, -58, 87)
(0, -58, 86)
(1, -58, 85)
(0, -57, 85)
(1, -57, 85)
(0, -56, 86)
(0, -56, 87)
(1, -57, 87)
(0, -57, 88)
(0, -57, 89)
(1, -57, 89)
(0, -56, 89)
(1, -56, 88)
(0, -55, 88)
(0, -55, 87)
(0, -55, 86)
(1, -55, 85)
(0, -54, 86)
(1, -54, 85)
(0, -53, 86)
(1, -53, 85)
(1, -53, 84)
(1, -53, 83)
(1, -53, 82)
(0, -53, 82)
(1, -54, 81)
(0, -54, 82)
(1, -55, 82)
(0, -55, 83)
(1, -56, 83)
(0, -56, 84)
(1, -57, 83)
(0, -57, 83)
(1, -58, 82)
(0, -58, 82)
(1, -59, 81)
(0, -59, 82)
(1, -60, 81)
(0, -60, 81)
(1, -61, 81)
(1, -61, 82)
(0, -60, 83)
(0, -60, 84)
(1, -60, 84)
(1, -60, 85)
(0, -60, 86)
(1, -61, 86)
(0, -61, 87)
(1, -62, 87)
(0, -62, 88)
(1, -63, 87)
(0, -63, 87)
(1, -64, 87)
(0, -64, 87)
(1, -65, 87)
(0, -65, 87)
(1, -66, 86)
(0, -66, 86)
(1, -67, 86)
(0, -67, 87)
(0, -67, 88)
(0, -67, 89)
(0, -67, 90)
(0, -67, 91)
(1, -68, 91)
(0, -68, 92)
(1, -69, 92)
(1, -69, 93)
(0, -68, 94)
(1, -68, 93)
(0, -67, 94)
(1, -67, 93)
(0, -66, 94)
(1, -66, 93)
(0, -65, 94)
(1, -65, 94)
(0, -64, 94)
(1, -64, 93)
(1, -64, 92)
(1, -64, 91)
(0, -63, 91)
(1, -63, 91)
(0, -62, 92)
(0, -62, 93)
(1, -62, 93)
(0, -61, 93)
(1, -61, 93)
(1, -61, 94)
(1, -61, 95)
(1, -61, 96)
(1, -61, 97)
(1, -61, 98)
(1, -61, 99)
(0, -61, 100)
(1, -62, 99)
(0, -62, 99)
(0, -62, 98)
(0, -62, 97)
(1, -63, 96)
(0, -63, 96)
(1, -64, 96)
(1, -64, 97)
(1, -64, 98)
(0, -63, 99)
(0, -63, 100)
(1, -63, 100)
(0, -62, 101)
(0, -62, 102)
(1, -62, 102)
(0, -61, 103)
(1, -61, 103)
(0, -60, 104)
(1, -60, 103)
(0, -59, 103)
(1, -59, 103)
(0, -58, 103)
(0, -58, 102)
(1, -59, 101)
(1, -59, 100)
(1, -59, 99)
(0, -58, 99)
(1, -58, 99)
(1, -58, 100)
(0, -57, 101)
(1, -57, 101)
(0, -56, 101)
(1, -56, 101)
(1, -56, 102)
(0, -56, 103)
(1, -57, 103)
(0, -57, 104)
(1, -58, 104)
(1, -58, 105)
(0, -58, 106)
(0, -58, 107)
(0, -58, 108)
(1, -59, 108)
(0, -59, 109)
(0, -59, 110)
(1, -60, 110)
(0, -60, 110)
(1, -61, 109)
(0, -61, 110)
(1, -62, 110)
(1, -62, 111)
(0, -62, 112)
(1, -63, 111)
(1, -63, 110)
(1, -63, 109)
(0, -63, 109)
(1, -64, 108)
(1, -64, 107)
(0, -64, 107)
(1, -65, 106)
(0, -65, 107)
(0, -65, 108)
(1, -66, 108)
(0, -66, 108)
(0, -66, 107)
(1, -67, 106)
(1, -67, 105)
(0, -67, 105)
(1, -68, 105)
(1, -68, 106)
(0, -68, 107)
(1, -69, 107)
(0, -69, 108)
(1, -70, 108)
(0, -70, 108)
(1, -71, 107)
(0, -71, 107)
(1, -72, 107)
(1, -72, 108)
(0, -72, 109)
(0, -72, 110)
(0, -72, 111)
(1, -73, 111)
(1, -73, 112)
(0, -73, 113)
(0, -73, 114)
(1, -73, 114)
(1, -73, 115)
(0, -73, 116)
(1, -74, 116)
(0, -74, 116)
(1, -75, 116)
(0, -75, 116)
(1, -76, 115)
(0, -76, 115)
(1, -77, 115)
(1, -77, 116)
(0, -77, 117)
(1, -78, 116)
(0, -78, 117)
(1, -79, 116)
(0, -79, 117)
(1, -80, 117)
(0, -80, 117)
(0, -80, 116)
(1, -80, 115)
(1, -80, 114)
(0, -79, 114)
(1, -79, 113)
(1, -79, 112)
(1, -79, 111)
(0, -78, 111)
(1, -78, 110)
(0, -77, 110)
(1, -77, 109)
(0, -76, 110)
(1, -76, 109)
(1, -76, 108)
(0, -76, 108)
(1, -77, 107)
(0, -77, 108)
(1, -78, 108)
(0, -78, 109)
(1, -79, 109)
(0, -79, 109)
(1, -80, 109)
(0, -80, 109)
(1, -81, 109)
(1, -81, 110)
(0, -80, 111)
(0, -80, 112)
(1, -81, 112)
(1, -81, 113)
(0, -81, 114)
(1, -82, 113)
(1, -82, 112)
(0, -82, 112)
(0, -82, 111)
(1, -82, 110)
(1, -82, 109)
(0, -82, 109)
(0, -82, 108)
(1, -83, 107)
(0, -83, 107)
(1, -84, 106)
(0, -84, 107)
(1, -85, 106)
(0, -85, 107)
(1, -86, 106)
(1, -86, 105)
(0, -85, 105)
(0, -85, 104)
(1, -85, 103)
(0, -84, 103)
(0, -84, 102)
(1, -85, 101)
(0, -85, 102)
(1, -86, 101)
(1, -86, 100)
(0, -85, 100)
(1, -85, 99)
(0, -84, 99)
(1, -84, 98)
(0, -83, 98)
(1, -83, 98)
(0, -82, 99)
(1, -82, 99)
(0, -81, 99)
(0, -81, 98)
(0, -81, 97)
(0, -81, 96)
(1, -82, 95)
(1, -82, 94)
(1, -82, 93)
(0, -82, 93)
(0, -82, 92)
(1, -83, 91)
(1, -83, 90)
(0, -83, 90)
(1, -84, 90)
(0, -84, 90)
(1, -85, 89)
(0, -85, 90)
(1, -86, 89)
(0, -86, 89)
(1, -87, 88)
(1, -87, 87)
(1, -87, 86)
(0, -86, 86)
(0, -86, 85)
(0, -86, 84)
(1, -87, 83)
(0, -87, 84)
(1, -88, 83)
(0, -88, 83)
(1, -89, 82)
(1, -89, 81)
(0, -88, 81)
(1, -88, 81)
(0, -87, 82)
(1, -87, 81)
(0, -86, 81)
(1, -86, 81)
(0, -85, 81)
(1, -85, 81)
(1, -85, 82)
(0, -84, 83)
(0, -84, 84)
(1, -84, 84)
(0, -83, 85)
(1, -83, 85)
(0, -82, 86)
(0, -82, 87)
(1, -82, 87)
(1, -82, 88)
(0, -81, 89)
(1, -81, 88)
(1, -81, 87)
(1, -81, 86)
(1, -81, 85)
(1, -81, 84)
(0, -80, 84)
(1, -80, 83)
(0, -79, 84)
(0, -79, 85)
(1, -80, 85)
(1, -80, 86)
(0, -79, 87)
(1, -79, 87)
(0, -78, 87)
(1, -78, 86)
(0, -77, 86)
(0, -77, 85)
(1, -78, 84)
(0, -78, 84)
(0, -78, 83)
(1, -79, 82)
(1, -79, 81)
(0, -79, 81)
(0, -79, 80)
(0, -79, 79)
(1, -79, 78)
(0, -78, 78)
(1, -78, 77)
(0, -77, 77)
(0, -77, 76)
(0, -77, 75)
(1, -77, 74)
(1, -77, 73)
(0, -76, 73)
(0, -76, 72)
(1, -77, 71)
(0, -77, 72)
(1, -78, 72)
(0, -78, 73)
(1, -79, 72)
(1, -79, 71)
(1, -79, 70)
(0, -79, 70)
(0, -79, 69)
(1, -80, 68)
(0, -80, 69)
(1, -81, 69)
(0, -81, 70)
(1, -82, 69)
(0, -82, 70)
(0, -82, 71)
(1, -83, 71)
(1, -83, 72)
(0, -82, 73)
(1, -82, 73)
(0, -81, 74)
(1, -81, 74)
(1, -81, 75)
(0, -81, 76)
(1, -82, 75)
(0, -82, 75)
(1, -83, 75)
(1, -83, 76)
(0, -82, 77)
(0, -82, 78)
(0, -82, 79)
(1, -82, 79)
(0, -81, 80)
(1, -81, 79)
(0, -80, 80)
(0, -80, 81)
(1, -81, 81)
(1, -81, 82)
(0, -81, 83)
(1, -82, 82)
(0, -82, 83)
(1, -83, 82)
(0, -83, 82)
(0, -83, 81)
(1, -84, 80)
(1, -84, 79)
(0, -83, 79)
(0, -83, 78)
(1, -84, 77)
(0, -84, 77)
(0, -84, 76)
(0, -84, 75)
(1, -84, 74)
(1, -84, 73)
(1, -84, 72)
(1, -84, 71)
(0, -84, 71)
(0, -84, 70)
(1, -84, 69)
(1, -84, 68)
(0, -83, 68)
(0, -83, 67)
(1, -83, 66)
(0, -82, 66)
(0, -82, 65)
(1, -82, 64)
(0, -81, 64)
(0, -81, 63)
(0, -81, 62)
(0, -81, 61)
(1, -82, 60)
(0, -82, 61)
(0, -82, 62)
(0, -82, 63)
(1, -83, 63)
(0, -83, 63)
(1, -84, 62)
(1, -84, 61)
(1, -84, 60)
(0, -84, 60)
(1, -85, 59)
(1, -85, 58)
(1, -85, 57)
(1, -85, 56)
(0, -84, 56)
(0, -84, 55)
(0, -84, 54)
(0, -84, 53)
(0, -84, 52)
(1, -84, 51)
(1, -84, 50)
(1, -84, 49)
(0, -83, 49)
(1, -83, 48)
(1, -83, 47)
(1, -83, 46)
(0, -83, 46)
(1, -84, 45)
(0, -84, 46)
(1, -85, 45)
(0, -85, 46)
(1, -86, 45)
(0, -86, 46)
(1, -87, 46)
(0, -87, 47)
(0, -87, 48)
(1, -87, 48)
(0, -86, 48)
(1, -86, 47)
(0, -85, 48)
(0, -85, 49)
(1, -85, 49)
(1, -85, 50)
(0, -85, 51)
(1, -86, 51)
(0, -86, 51)
(1, -87, 50)
(0, -87, 50)
(1, -88, 50)
(0, -88, 50)
(1, -89, 49)
(1, -89, 48)
(1, -89, 47)
(0, -89, 47)
(0, -89, 46)
(0, -89, 45)
(1, -90, 44)
(0, -90, 44)
(1, -91, 43)
(0, -91, 43)
(0, -91, 42)
(0, -91, 41)
(1, -91, 40)
(0, -90, 40)
(0, -90, 39)
(1, -91, 38)
(0, -91, 39)
(1, -92, 39)
(0, -92, 40)
(1, -93, 40)
(1, -93, 41)
(0, -92, 42)
(0, -92, 43)
(1, -93, 43)
(0, -93, 44)
(1, -94, 44)
(0, -94, 45)
(1, -95, 44)
(1, -95, 43)
(0, -95, 43)
(1, -96, 42)
(0, -96, 42)
(0, -96, 41)
(1, -96, 40)
(0, -95, 40)
(1, -95, 39)
(1, -95, 38)
(0, -95, 38)
(1, -96, 38)
(0, -96, 39)
(1, -97, 39)
(0, -97, 40)
(0, -97, 41)
(1, -98, 41)
(0, -98, 42)
(1, -99, 41)
(0, -99, 42)
(1, -100, 41)
(0, -100, 42)
(0, -100, 43)
(0, -100, 44)
(1, -100, 44)
(0, -99, 45)
(1, -99, 44)
(0, -98, 44)
(1, -98, 43)
(0, -97, 43)
(1, -97, 43)
(0, -96, 44)
(1, -96, 44)
(1, -96, 45)
(0, -95, 46)
(0, -95, 47)
(0, -95, 48)
(1, -95, 48)
(0, -94, 48)
(1, -94, 47)
(0, -93, 48)
(0, -93, 49)
(1, -94, 49)
(1, -94, 50)
(0, -93, 51)
(1, -93, 51)
(0, -92, 51)
(1, -92, 50)
(1, -92, 49)
(0, -91, 49)
(1, -91, 49)
(0, -90, 50)
(0, -90, 51)
(1, -90, 51)
(1, -90, 52)
(0, -90, 53)
(1, -91, 53)
(0, -91, 54)
(1, -92, 53)
(0, -92, 54)
(0, -92, 55)
(1, -93, 55)
(0, -93, 55)
(1, -94, 54)
(0, -94, 54)
(0, -94, 53)
(1, -95, 52)
(0, -95, 52)
(0, -95, 51)
(0, -95, 50)
(1, -96, 49)
(0, -96, 49)
(1, -97, 49)
(0, -97, 50)
(0, -97, 51)
(0, -97, 52)
(1, -98, 52)
(0, -98, 53)
(1, -99, 53)
(0, -99, 53)
(1, -100, 53)
(0, -100, 54)
(0, -100, 55)
(0, -100, 56)
(1, -100, 56)
(1, -100, 57)
(1, -100, 58)
(0, -100, 59)
(0, -100, 60)
(1, -100, 60)
(0, -99, 60)
(1, -99, 60)
(1, -99, 61)
(1, -99, 62)
(0, -99, 63)
(0, -99, 64)
(1, -99, 64)
(0, -98, 65)
(1, -98, 65)
(0, -97, 66)
(0, -97, 67)
(1, -97, 67)
(0, -96, 67)
(0, -96, 66)
(0, -96, 65)
(1, -96, 64)
(1, -96, 63)
(0, -95, 63)
(1, -95, 62)
(0, -94, 62)
(0, -94, 61)
(1, -94, 60)
(0, -93, 61)
(1, -93, 61)
(0, -92, 61)
(0, -92, 60)
(0, -92, 59)
(0, -92, 58)
(0, -92, 57)
(1, -92, 56)
(0, -91, 56)
(1, -91, 55)
(0, -90, 56)
(1, -90, 56)
(0, -89, 57)
(0, -89, 58)
(1, -90, 58)
(1, -90, 59)
(0, -90, 60)
(1, -91, 59)
(0, -91, 60)
(0, -91, 61)
(0, -91, 62)
(0, -91, 63)
(1, -92, 63)
(0, -92, 64)
(1, -93, 64)
(1, -93, 65)
(1, -93, 66)
(0, -92, 67)
(0, -92, 68)
(1, -93, 68)
(0, -93, 69)
(1, -94, 68)
(1, -94, 67)
(1, -94, 66)
(1, -94, 65)
(0, -94, 65)
(1, -95, 65)
(0, -95, 66)
(0, -95, 67)
(1, -95, 67)
(1, -95, 68)
(1, -95, 69)
(1, -95, 70)
(0, -94, 71)
(1, -94, 71)
(0, -93, 72)
(0, -93, 73)
(1, -93, 73)
(0, -92, 73)
(1, -92, 72)
(1, -92, 71)
(0, -91, 71)
(1, -91, 71)
(0, -90, 71)
(1, -90, 70)
(1, -90, 69)
(0, -89, 69)
(0, -89, 68)
(1, -89, 67)
(0, -88, 68)
(0, -88, 69)
(1, -88, 69)
(1, -88, 70)
(1, -88, 71)
(0, -87, 72)
(1, -87, 72)
(0, -86, 72)
(1, -86, 71)
(0, -85, 72)
(0, -85, 73)
(0, -85, 74)
(0, -85, 75)
(1, -86, 75)
(0, -86, 75)
(1, -87, 75)
(0, -87, 75)
(1, -88, 75)
(0, -88, 76)
(1, -89, 76)
(0, -89, 76)
(1, -90, 75)
(1, -90, 74)
(1, -90, 73)
(0, -90, 73)
(1, -91, 73)
(0, -91, 74)
(1, -92, 74)
(1, -92, 75)
(1, -92, 76)
(1, -92, 77)
(0, -92, 78)
(1, -93, 78)
(1, -93, 79)
(0, -92, 80)
(0, -92, 81)
(1, -93, 81)
(1, -93, 82)
(0, -93, 83)
(1, -94, 83)
(1, -94, 84)
(1, -94, 85)
(1, -94, 86)
(0, -94, 87)
(0, -94, 88)
(1, -94, 88)
(0, -93, 88)
(1, -93, 87)
(1, -93, 86)
(1, -93, 85)
(0, -92, 85)
(0, -92, 84)
(1, -92, 83)
(1, -92, 82)
(0, -91, 82)
(1, -91, 82)
(1, -91, 83)
(0, -90, 84)
(1, -90, 84)
(0, -89, 85)
(1, -89, 84)
(0, -88, 85)
(1, -88, 85)
(1, -88, 86)
(1, -88, 87)
(1, -88, 88)
(1, -88, 89)
(1, -88, 90)
(0, -88, 91)
(0, -88, 92)
(0, -88, 93)
(1, -89, 93)
(0, -89, 93)
(1, -90, 92)
(0, -90, 92)
(1, -91, 91)
(0, -91, 92)
(0, -91, 93)
(0, -91, 94)
(1, -91, 94)
(0, -90, 94)
(1, -90, 94)
(0, -89, 95)
(0, -89, 96)
(1, -90, 96)
(0, -90, 96)
(1, -91, 96)
(1, -91, 97)
(0, -90, 98)
(0, -90, 99)
(1, -91, 99)
(1, -91, 100)
(0, -90, 101)
(0, -90, 102)
(0, -90, 103)
(1, -91, 103)
(0, -91, 104)
(1, -92, 103)
(0, -92, 103)
(0, -92, 102)
(1, -92, 101)
(1, -92, 100)
(0, -92, 100)
(1, -93, 100)
(0, -93, 101)
(1, -94, 100)
(0, -94, 100)
(1, -95, 99)
(1, -95, 98)
(0, -95, 98)
(0, -95, 97)
(0, -95, 96)
(1, -96, 95)
(0, -96, 95)
(0, -96, 94)
(1, -96, 93)
(0, -95, 94)
(1, -95, 94)
(0, -94, 95)
(1, -94, 95)
(0, -93, 95)
(1, -93, 94)
(1, -93, 93)
(0, -92, 93)
(0, -92, 92)
(1, -93, 91)
(0, -93, 91)
(1, -94, 90)
(0, -94, 90)
(1, -95, 89)
(0, -95, 90)
(1, -96, 90)
(0, -96, 91)
(1, -97, 90)
(0, -97, 91)
(1, -98, 91)
(1, -98, 92)
(1, -98, 93)
(0, -98, 94)
(0, -98, 95)
(1, -98, 95)
(1, -98, 96)
(0, -97, 97)
(1, -97, 97)
(1, -97, 98)
(1, -97, 99)
(0, -96, 100)
(1, -96, 100)
(0, -95, 101)
(0, -95, 102)
(0, -95, 103)
(1, -96, 103)
(1, -96, 104)
(1, -96, 105)
(1, -96, 106)
(0, -95, 107)
(1, -95, 107)
(0, -94, 108)
(0, -94, 109)
(1, -95, 109)
(0, -95, 110)
(0, -95, 111)
(1, -95, 111)
(0, -94, 112)
(1, -94, 111)
(0, -93, 111)
(1, -93, 110)
(0, -92, 111)
(0, -92, 112)
(1, -93, 112)
(1, -93, 113)
(0, -92, 114)
(0, -92, 115)
(1, -92, 115)
(1, -92, 116)
(1, -92, 117)
(0, -91, 118)
(1, -91, 118)
(1, -91, 119)
(0, -91, 120)
(0, -91, 121)
(1, -92, 121)
(0, -92, 122)
(0, -92, 123)
(1, -92, 123)
(0, -91, 124)
(1, -91, 123)
(0, -90, 123)
(1, -90, 122)
(0, -89, 122)
(1, -89, 121)
(0, -88, 121)
(0, -88, 120)
(1, -88, 119)
(0, -87, 119)
(1, -87, 118)
(0, -86, 118)
(1, -86, 117)
(0, -85, 117)
(1, -85, 116)
(0, -84, 116)
(0, -84, 115)
(1, -84, 114)
(0, -83, 115)
(1, -83, 114)
(0, -82, 115)
(1, -82, 115)
(1, -82, 116)
(0, -81, 117)
(0, -81, 118)
(1, -82, 118)
(0, -82, 118)
(1, -83, 117)
(0, -83, 118)
(1, -84, 118)
(1, -84, 119)
(0, -83, 120)
(1, -83, 120)
(1, -83, 121)
(1, -83, 122)
(1, -83, 123)
(0, -82, 124)
(1, -82, 123)
(1, -82, 122)
(0, -81, 122)
(0, -81, 121)
(1, -81, 120)
(1, -81, 119)
(0, -80, 119)
(1, -80, 119)
(0, -79, 119)
(1, -79, 119)
(0, -78, 120)
(0, -78, 121)
(1, -79, 121)
(0, -79, 121)
(1, -80, 121)
(0, -80, 122)
(0, -80, 123)
(0, -80, 124)
(0, -80, 125)
(1, -80, 125)
(0, -79, 126)
(0, -79, 127)
(1, -79, 127)
(0, -78, 127)
(1, -78, 126)
(0, -77, 126)
(1, -77, 126)
(1, -77, 127)
(0, -76, 128)
(1, -76, 127)
(0, -75, 127)
(1, -75, 127)
(0, -74, 128)
(0, -74, 129)
(0, -74, 130)
(1, -74, 130)
(0, -73, 130)
(1, -73, 129)
(1, -73, 128)
(0, -72, 128)
(1, -72, 127)
(1, -72, 126)
(0, -72, 126)
(0, -72, 125)
(1, -73, 124)
(0, -73, 124)
(0, -73, 123)
(1, -74, 122)
(1, -74, 121)
(1, -74, 120)
(1, -74, 119)
(0, -73, 119)
(1, -73, 118)
(1, -73, 117)
(0, -72, 117)
(1, -72, 116)
(0, -71, 116)
(1, -71, 116)
(1, -71, 117)
(0, -70, 118)
(1, -70, 118)
(0, -69, 118)
(0, -69, 117)
(0, -69, 116)
(0, -69, 115)
(1, -70, 114)
(0, -70, 114)
(0, -70, 113)
(1, -70, 112)
(0, -69, 112)
(1, -69, 112)
(1, -69, 113)
(0, -68, 114)
(0, -68, 115)
(0, -68, 116)
(1, -68, 116)
(0, -67, 116)
(1, -67, 115)
(1, -67, 114)
(1, -67, 113)
(0, -66, 113)
(1, -66, 112)
(0, -65, 113)
(1, -65, 113)
(0, -64, 113)
(1, -64, 113)
(1, -64, 114)
(0, -64, 115)
(1, -65, 115)
(1, -65, 116)
(1, -65, 117)
(1, -65, 118)
(0, -64, 119)
(1, -64, 119)
(0, -63, 120)
(0, -63, 121)
(1, -63, 121)
(1, -63, 122)
(1, -63, 123)
(1, -63, 124)
(0, -63, 125)
(0, -63, 126)
(1, -63, 126)
(0, -62, 127)
(1, -62, 126)
(0, -61, 127)
(1, -61, 127)
(0, -60, 128)
(0, -60, 129)
(1, -61, 129)
(0, -61, 129)
(1, -62, 128)
(0, -62, 129)
(1, -63, 128)
(0, -63, 128)
(1, -64, 127)
(0, -64, 128)
(1, -65, 128)
(0, -65, 129)
(1, -66, 129)
(0, -66, 129)
(1, -67, 128)
(0, -67, 128)
(1, -68, 128)
(0, -68, 128)
(1, -69, 128)
(1, -69, 129)
(0, -69, 130)
(1, -70, 129)
(0, -70, 130)
(0, -70, 131)
(1, -70, 131)
(1, -70, 132)
(1, -70, 133)
(1, -70, 134)
(0, -69, 135)
(0, -69, 136)
(0, -69, 137)
(1, -69, 137)
(1, -69, 138)
(0, -68, 139)
(1, -68, 138)
(0, -67, 139)
(1, -67, 139)
(0, -66, 140)
(1, -66, 139)
(1, -66, 138)
(0, -65, 138)
(1, -65, 137)
(1, -65, 136)
(0, -64, 136)
(1, -64, 135)
(0, -63, 136)
(1, -63, 135)
(1, -63, 134)
(0, -62, 134)
(1, -62, 133)
(1, -62, 132)
(1, -62, 131)
(0, -61, 131)
(1, -61, 131)
(1, -61, 132)
(1, -61, 133)
(0, -60, 134)
(0, -60, 135)
(0, -60, 136)
(0, -60, 137)
(1, -60, 137)
(0, -59, 138)
(1, -59, 137)
(0, -58, 137)
(1, -58, 136)
(0, -57, 137)
(1, -57, 136)
(1, -57, 135)
(0, -56, 135)
(0, -56, 134)
(1, -56, 133)
(0, -55, 134)
(1, -55, 133)
(0, -54, 134)
(1, -54, 133)
(0, -53, 133)
(0, -53, 132)
(0, -53, 131)
(1, -53, 130)
(0, -52, 131)
(1, -52, 131)
(0, -51, 132)
(1, -51, 132)
(0, -50, 133)
(1, -50, 133)
(0, -49, 134)
(0, -49, 135)
(1, -49, 135)
(0, -48, 136)
(0, -48, 137)
(0, -48, 138)
(1, -49, 138)
(1, -49, 139)
(0, -48, 140)
(0, -48, 141)
(1, -48, 141)
(0, -47, 142)
(0, -47, 143)
(1, -47, 143)
(0, -46, 143)
(1, -46, 143)
(1, -46, 144)
(1, -46, 145)
(0, -46, 146)
(1, -47, 146)
(1, -47, 147)
(0, -46, 148)
(0, -46, 149)
(1, -47, 149)
(0, -47, 149)
(1, -48, 148)
(0, -48, 148)
(1, -49, 147)
(0, -49, 147)
(1, -50, 146)
(0, -50, 146)
(1, -51, 146)
(0, -51, 146)
(1, -52, 146)
(0, -52, 146)
(1, -53, 145)
(0, -53, 146)
(1, -54, 146)
(0, -54, 147)
(1, -55, 146)
(0, -55, 147)
(1, -56, 146)
(0, -56, 147)
(1, -57, 147)
(1, -57, 148)
(0, -57, 149)
(0, -57, 150)
(1, -58, 150)
(0, -58, 151)
(1, -59, 150)
(1, -59, 149)
(0, -59, 149)
(1, -60, 149)
(1, -60, 150)
(1, -60, 151)
(0, -59, 152)
(0, -59, 153)
(1, -59, 153)
(0, -58, 154)
(1, -58, 153)
(0, -57, 153)
(1, -57, 153)
(0, -56, 154)
(1, -56, 153)
(1, -56, 152)
(0, -56, 152)
(0, -56, 151)
(1, -56, 150)
(0, -55, 151)
(1, -55, 151)
(1, -55, 152)
(0, -54, 153)
(1, -54, 152)
(0, -53, 153)
(1, -53, 152)
(1, -53, 151)
(1, -53, 150)
(1, -53, 149)
(0, -53, 149)
(0, -53, 148)
(1, -53, 147)
(0, -52, 148)
(1, -52, 148)
(1, -52, 149)
(0, -51, 150)
(1, -51, 149)
(0, -50, 149)
(1, -50, 148)
(0, -49, 149)
(1, -49, 149)
(0, -48, 150)
(1, -48, 150)
(0, -47, 151)
(1, -47, 151)
(1, -47, 152)
(1, -47, 153)
(1, -47, 154)
(0, -46, 155)
(1, -46, 154)
(1, -46, 153)
(0, -45, 153)
(1, -45, 152)
(0, -44, 153)
(0, -44, 154)
(0, -44, 155)
(1, -45, 155)
(0, -45, 156)
(0, -45, 157)
(1, -46, 157)
(0, -46, 158)
(1, -47, 157)
(0, -47, 157)
(1, -48, 156)
(1, -48, 155)
(1, -48, 154)
(1, -48, 153)
(1, -48, 152)
(0, -48, 152)
(1, -49, 152)
(1, -49, 153)
(0, -49, 154)
(1, -50, 153)
(1, -50, 152)
(0, -50, 152)
(1, -51, 151)
(0, -51, 152)
(1, -52, 152)
(1, -52, 153)
(1, -52, 154)
(1, -52, 155)
(1, -52, 156)
(0, -52, 157)
(0, -52, 158)
(1, -52, 158)
(1, -52, 159)
(0, -52, 160)
(1, -53, 160)
(0, -53, 160)
(0, -53, 159)
(0, -53, 158)
(0, -53, 157)
(1, -54, 156)
(1, -54, 155)
(0, -54, 155)
(1, -55, 155)
(0, -55, 156)
(0, -55, 157)
(0, -55, 158)
(0, -55, 159)
(1, -55, 159)
(1, -55, 160)
(1, -55, 161)
(0, -55, 162)
(1, -56, 162)
(0, -56, 162)
(1, -57, 161)
(0, -57, 162)
(1, -58, 161)
(1, -58, 160)
(0, -58, 160)
(0, -58, 159)
(0, -58, 158)
(0, -58, 157)
(0, -58, 156)
(1, -59, 155)
(0, -59, 156)
(1, -60, 155)
(1, -60, 154)
(0, -60, 154)
(1, -61, 154)
(1, -61, 155)
(0, -61, 156)
(0, -61, 157)
(1, -61, 157)
(0, -60, 157)
(1, -60, 157)
(0, -59, 158)
(0, -59, 159)
(1, -60, 159)
(0, -60, 159)
(1, -61, 159)
(0, -61, 159)
(1, -62, 159)
(1, -62, 160)
(0, -62, 161)
(1, -63, 161)
(0, -63, 162)
(0, -63, 163)
(0, -63, 164)
(0, -63, 165)
(1, -64, 165)
(0, -64, 166)
(1, -65, 165)
(0, -65, 166)
(1, -66, 166)
(0, -66, 166)
(1, -67, 166)
(1, -67, 167)
(1, -67, 168)
(0, -66, 169)
(1, -66, 169)
(0, -65, 170)
(1, -65, 170)
(0, -64, 171)
(0, -64, 172)
(1, -65, 172)
(1, -65, 173)
(0, -64, 174)
(1, -64, 174)
(0, -63, 175)
(1, -63, 174)
(0, -62, 174)
(0, -62, 173)
(0, -62, 172)
(1, -63, 171)
(1, -63, 170)
(0, -63, 170)
(1, -64, 169)
(0, -64, 169)
(0, -64, 168)
(1, -64, 167)
(0, -63, 168)
(1, -63, 167)
(0, -62, 168)
(1, -62, 168)
(0, -61, 168)
(0, -61, 167)
(1, -62, 166)
(1, -62, 165)
(0, -61, 165)
(1, -61, 164)
(0, -60, 165)
(0, -60, 166)
(1, -60, 166)
(0, -59, 166)
(1, -59, 166)
(0, -58, 166)
(1, -58, 165)
(0, -57, 166)
(0, -57, 167)
(1, -57, 167)
(0, -56, 167)
(1, -56, 167)
(0, -55, 167)
(0, -55, 166)
(1, -55, 165)
(0, -54, 165)
(1, -54, 164)
(1, -54, 163)
(0, -53, 163)
(1, -53, 162)
(0, -52, 163)
(1, -52, 162)
(0, -51, 162)
(1, -51, 161)
(1, -51, 160)
(1, -51, 159)
(0, -50, 159)
(1, -50, 158)
(0, -49, 159)
(0, -49, 160)
(0, -49, 161)
(1, -49, 161)
(0, -48, 161)
(0, -48, 160)
(1, -48, 159)
(0, -47, 160)
(1, -47, 160)
(0, -46, 160)
(1, -46, 160)
(0, -45, 161)
(1, -45, 160)
(0, -44, 161)
(1, -44, 161)
(0, -43, 162)
(0, -43, 163)
(0, -43, 164)
(1, -44, 164)
(0, -44, 164)
(0, -44, 163)
(1, -45, 162)
(0, -45, 163)
(1, -46, 162)
(0, -46, 163)
(1, -47, 163)
(0, -47, 163)
(1, -48, 163)
(0, -48, 163)
(1, -49, 163)
(0, -49, 163)
(1, -50, 163)
(0, -50, 163)
(1, -51, 163)
(1, -51, 164)
(1, -51, 165)
(0, -51, 166)
(1, -52, 165)
(0, -52, 166)
(0, -52, 167)
(1, -52, 167)
(0, -51, 168)
(1, -51, 168)
(1, -51, 169)
(0, -50, 170)
(1, -50, 170)
(0, -49, 171)
(1, -49, 171)
(0, -48, 171)
(1, -48, 171)
(0, -47, 172)
(0, -47, 173)
(1, -48, 173)
(1, -48, 174)
(0, -47, 175)
(1, -47, 175)
(0, -46, 175)
(1, -46, 174)
(0, -45, 175)
(1, -45, 175)
(1, -45, 176)
(0, -45, 177)
(0, -45, 178)
(1, -46, 178)
(0, -46, 179)
(0, -46, 180)
(1, -46, 180)
(1, -46, 181)
(1, -46, 182)
(1, -46, 183)
(0, -46, 184)
(1, -47, 183)
(0, -47, 183)
(1, -48, 183)
(1, -48, 184)
(1, -48, 185)
(1, -48, 186)
(1, -48, 187)
(1, -48, 188)
(0, -48, 189)
(0, -48, 190)
(1, -48, 190)
(1, -48, 191)
(0, -47, 192)
(1, -47, 192)
(0, -46, 193)
(1, -46, 192)
(0, -45, 192)
(1, -45, 191)
(0, -44, 192)
(0, -44, 193)
(0, -44, 194)
(0, -44, 195)
(1, -44, 195)
(0, -43, 195)
(1, -43, 195)
(0, -42, 196)
(0, -42, 197)
(1, -42, 197)
(0, -41, 198)
(1, -41, 198)
(1, -41, 199)
(0, -40, 200)
(1, -40, 200)
(0, -39, 200)
(1, -39, 199)
(0, -38, 200)
(1, -38, 200)
(0, -37, 200)
(0, -37, 199)
(1, -38, 198)
(0, -38, 198)
(1, -39, 197)
(0, -39, 198)
(1, -40, 197)
(0, -40, 197)
(1, -41, 196)
(0, -41, 196)
(0, -41, 195)
(1, -42, 194)
(1, -42, 193)
(0, -41, 193)
(1, -41, 192)
(0, -40, 193)
(1, -40, 192)
(1, -40, 191)
(0, -40, 191)
(1, -41, 190)
(0, -41, 191)
(1, -42, 190)
(0, -42, 191)
(1, -43, 190)
(0, -43, 190)
(1, -44, 190)
(0, -44, 190)
(0, -44, 189)
(0, -44, 188)
(0, -44, 187)
(0, -44, 186)
(1, -45, 185)
(1, -45, 184)
(1, -45, 183)
(0, -44, 183)
(1, -44, 183)
(0, -43, 184)
(0, -43, 185)
(0, -43, 186)
(0, -43, 187)
(0, -43, 188)
(1, -43, 188)
(0, -42, 188)
(0, -42, 187)
(1, -42, 186)
(0, -41, 187)
(1, -41, 186)
(0, -40, 187)
(1, -40, 187)
(0, -39, 187)
(0, -39, 186)
(1, -39, 185)
(0, -38, 186)
(1, -38, 185)
(0, -37, 186)
(0, -37, 187)
(1, -38, 187)
(0, -38, 188)
(0, -38, 189)
(0, -38, 190)
(1, -38, 190)
(0, -37, 190)
(1, -37, 189)
(0, -36, 189)
(0, -36, 188)
(0, -36, 187)
(1, -36, 186)
(0, -35, 187)
(1, -35, 186)
(0, -34, 186)
(1, -34, 186)
(0, -33, 186)
(1, -33, 186)
(0, -32, 187)
(0, -32, 188)
(1, -33, 188)
(0, -33, 188)
(1, -34, 188)
(0, -34, 189)
(1, -35, 188)
(0, -35, 189)
(0, -35, 190)
(0, -35, 191)
(1, -35, 191)
(1, -35, 192)
(0, -35, 193)
(1, -36, 193)
(1, -36, 194)
(0, -35, 195)
(0, -35, 196)
(1, -36, 196)
(0, -36, 196)
(1, -37, 195)
(1, -37, 194)
(1, -37, 193)
(0, -37, 193)
(1, -38, 193)
(1, -38, 194)
(1, -38, 195)
(1, -38, 196)
(0, -37, 197)
(1, -37, 197)
(0, -36, 198)
(0, -36, 199)
(1, -36, 199)
(0, -35, 200)
(1, -35, 200)
(0, -34, 200)
(0, -34, 199)
(0, -34, 198)
(1, -34, 197)
(1, -34, 196)
(0, -34, 196)
(0, -34, 195)
(1, -34, 194)
(1, -34, 193)
(1, -34, 192)
(1, -34, 191)
(1, -34, 190)
(0, -33, 190)
(1, -33, 190)
(0, -32, 191)
(0, -32, 192)
(1, -33, 192)
(1, -33, 193)
(0, -32, 194)
(0, -32, 195)
(1, -32, 195)
(1, -32, 196)
(0, -32, 197)
(1, -33, 197)
(1, -33, 198)
(1, -33, 199)
(0, -32, 200)
(1, -32, 200)
(0, -31, 200)
(0, -31, 199)
(1, -31, 198)
(0, -30, 198)
(1, -30, 197)
(0, -29, 197)
(1, -29, 197)
(0, -28, 197)
(1, -28, 196)
(0, -27, 197)
(1, -27, 196)
(1, -27, 195)
(0, -26, 195)
(0, -26, 194)
(1, -26, 193)
(0, -25, 194)
(1, -25, 194)
(0, -24, 195)
(1, -24, 195)
(0, -23, 195)
(1, -23, 195)
(1, -23, 196)
(0, -23, 197)
(1, -24, 197)
(1, -24, 198)
(0, -23, 199)
(1, -23, 198)
(0, -22, 199)
(1, -22, 199)
(0, -21, 199)
(0, -21, 198)
(1, -21, 197)
(1, -21, 196)
(1, -21, 195)
(0, -20, 195)
(0, -20, 194)
(1, -21, 193)
(0, -21, 194)
(1, -22, 193)
(1, -22, 192)
(0, -22, 192)
(1, -23, 191)
(0, -23, 192)
(1, -24, 192)
(0, -24, 192)
(1, -25, 192)
(0, -25, 192)
(0, -25, 191)
(1, -25, 190)
(0, -24, 190)
(1, -24, 190)
(0, -23, 190)
(0, -23, 189)
(1, -23, 188)
(0, -22, 189)
(1, -22, 188)
(0, -21, 188)
(0, -21, 187)
(1, -22, 186)
(0, -22, 186)
(1, -23, 186)
(0, -23, 186)
(0, -23, 185)
(1, -23, 184)
(1, -23, 183)
(1, -23, 182)
(1, -23, 181)
(0, -22, 181)
(1, -22, 180)
(1, -22, 179)
(0, -22, 179)
(1, -23, 178)
(0, -23, 179)
(0, -23, 180)
(1, -24, 180)
(0, -24, 180)
(0, -24, 179)
(1, -25, 178)
(0, -25, 179)
(0, -25, 180)
(1, -26, 180)
(0, -26, 181)
(0, -26, 182)
(1, -27, 182)
(0, -27, 182)
(1, -28, 181)
(0, -28, 181)
(1, -29, 180)
(0, -29, 181)
(0, -29, 182)
(1, -30, 182)
(0, -30, 183)
(0, -30, 184)
(0, -30, 185)
(1, -30, 185)
(0, -29, 186)
(1, -29, 185)
(0, -28, 185)
(1, -28, 185)
(1, -28, 186)
(0, -27, 187)
(1, -27, 186)
(1, -27, 185)
(0, -26, 185)
(1, -26, 185)
(0, -25, 186)
(1, -25, 186)
(1, -25, 187)
(1, -25, 188)
(0, -25, 189)
(1, -26, 188)
(0, -26, 189)
(0, -26, 190)
(1, -27, 190)
(1, -27, 191)
(1, -27, 192)
(0, -27, 193)
(0, -27, 194)
(1, -28, 194)
(0, -28, 195)
(1, -29, 194)
(0, -29, 195)
(1, -30, 195)
(0, -30, 195)
(0, -30, 194)
(1, -31, 193)
(1, -31, 192)
(0, -31, 192)
(0, -31, 191)
(0, -31, 190)
(0, -31, 189)
(1, -31, 188)
(1, -31, 187)
(1, -31, 186)
(0, -31, 186)
(1, -32, 185)
(1, -32, 184)
(1, -32, 183)
(0, -31, 183)
(0, -31, 182)
(0, -31, 181)
(1, -32, 180)
(1, -32, 179)
(1, -32, 178)
(1, -32, 177)
(1, -32, 176)
(0, -31, 176)
(0, -31, 175)
(1, -31, 174)
(0, -30, 174)
(1, -30, 173)
(0, -29, 173)
(1, -29, 172)
(1, -29, 171)
(0, -29, 171)
(1, -30, 170)
(0, -30, 170)
(0, -30, 169)
(0, -30, 168)
(1, -30, 167)
(1, -30, 166)
(0, -30, 166)
(1, -31, 166)
(0, -31, 166)
(1, -32, 166)
(0, -32, 167)
(1, -33, 167)
(0, -33, 167)
(1, -34, 167)
(1, -34, 168)
(0, -34, 169)
(1, -35, 169)
(1, -35, 170)
(0, -35, 171)
(1, -36, 171)
(1, -36, 172)
(0, -36, 173)
(1, -37, 172)
(1, -37, 171)
(0, -37, 171)
(0, -37, 170)
(1, -38, 169)
(0, -38, 169)
(1, -39, 169)
(0, -39, 170)
(1, -40, 169)
(0, -40, 169)
(0, -40, 168)
(1, -41, 167)
(0, -41, 167)
(1, -42, 166)
(0, -42, 167)
(1, -43, 166)
(1, -43, 165)
(0, -42, 165)
(1, -42, 164)
(0, -41, 164)
(0, -41, 163)
(1, -42, 162)
(0, -42, 162)
(0, -42, 161)
(1, -42, 160)
(0, -41, 160)
(1, -41, 159)
(1, -41, 158)
(0, -41, 158)
(0, -41, 157)
(1, -42, 156)
(0, -42, 156)
(0, -42, 155)
(1, -43, 154)
(1, -43, 153)
(0, -42, 153)
(1, -42, 152)
(1, -42, 151)
(0, -42, 151)
(0, -42, 150)
(1, -43, 149)
(0, -43, 150)
(1, -44, 149)
(1, -44, 148)
(0, -44, 148)
(0, -44, 147)
(0, -44, 146)
(1, -45, 145)
(1, -45, 144)
(0, -44, 144)
(0, -44, 143)
(1, -44, 142)
(0, -43, 143)
(0, -43, 144)
(0, -43, 145)
(1, -43, 145)
(0, -42, 146)
(1, -42, 145)
(1, -42, 144)
(0, -41, 144)
(1, -41, 144)
(0, -40, 144)
(1, -40, 144)
(1, -40, 145)
(1, -40, 146)
(0, -40, 147)
(0, -40, 148)
(1, -40, 148)
(0, -39, 149)
(1, -39, 148)
(0, -38, 149)
(1, -38, 148)
(1, -38, 147)
(0, -38, 147)
(0, -38, 146)
(0, -38, 145)
(1, -38, 144)
(1, -38, 143)
(1, -38, 142)
(1, -38, 141)
(0, -37, 141)
(1, -37, 141)
(1, -37, 142)
(1, -37, 143)
(1, -37, 144)
(1, -37, 145)
(1, -37, 146)
(0, -36, 147)
(1, -36, 147)
(1, -36, 148)
(1, -36, 149)
(0, -36, 150)
(1, -37, 150)
(1, -37, 151)
(0, -36, 152)
(0, -36, 153)
(1, -36, 153)
(0, -35, 154)
(1, -35, 153)
(0, -34, 154)
(1, -34, 154)
(0, -33, 154)
(1, -33, 153)
(0, -32, 153)
(1, -32, 153)
(0, -31, 154)
(1, -31, 154)
(1, -31, 155)
(0, -30, 156)
(1, -30, 156)
(1, -30, 157)
(1, -30, 158)
(0, -29, 159)
(1, -29, 159)
(0, -28, 160)
(1, -28, 160)
(1, -28, 161)
(1, -28, 162)
(0, -27, 163)
(0, -27, 164)
(1, -27, 164)
(0, -26, 165)
(0, -26, 166)
(1, -26, 166)
(0, -25, 167)
(1, -25, 166)
(1, -25, 165)
(1, -25, 164)
(0, -24, 164)
(1, -24, 164)
(0, -23, 165)
(0, -23, 166)
(1, -24, 166)
(1, -24, 167)
(1, -24, 168)
(0, -24, 169)
(1, -25, 169)
(1, -25, 170)
(0, -24, 171)
(1, -24, 170)
(0, -23, 171)
(0, -23, 172)
(1, -24, 172)
(0, -24, 173)
(0, -24, 174)
(0, -24, 175)
(1, -24, 175)
(1, -24, 176)
(0, -23, 177)
(1, -23, 176)
(0, -22, 177)
(1, -22, 176)
(0, -21, 177)
(1, -21, 177)
(1, -21, 178)
(0, -20, 179)
(1, -20, 178)
(0, -19, 179)
(1, -19, 178)
(0, -18, 178)
(1, -18, 177)
(0, -17, 177)
(1, -17, 177)
(1, -17, 178)
(0, -16, 179)
(1, -16, 179)
(1, -16, 180)
(0, -15, 181)
(1, -15, 180)
(0, -14, 180)
(1, -14, 179)
(0, -13, 180)
(1, -13, 179)
(1, -13, 178)
(0, -12, 178)
(1, -12, 177)
(0, -11, 177)
(1, -11, 177)
(0, -10, 177)
(1, -10, 177)
(0, -9, 178)
(0, -9, 179)
(0, -9, 180)
(1, -10, 180)
(0, -10, 180)
(1, -11, 179)
(0, -11, 179)
(1, -12, 179)
(1, -12, 180)
(0, -12, 181)
(0, -12, 182)
(1, -12, 182)
(0, -11, 183)
(1, -11, 183)
(0, -10, 184)
(0, -10, 185)
(0, -10, 186)
(1, -11, 186)
(1, -11, 187)
(0, -10, 188)
(1, -10, 187)
(0, -9, 188)
(1, -9, 187)
(1, -9, 186)
(0, -9, 186)
(0, -9, 185)
(1, -9, 184)
(1, -9, 183)
(0, -8, 183)
(1, -8, 182)
(0, -7, 182)
(0, -7, 181)
(1, -8, 180)
(0, -8, 180)
(0, -8, 179)
(0, -8, 178)
(0, -8, 177)
(1, -8, 176)
(0, -7, 177)
(1, -7, 176)
(0, -6, 177)
(1, -6, 177)
(0, -5, 177)
(1, -5, 176)
(0, -4, 176)
(0, -4, 175)
(1, -4, 174)
(1, -4, 173)
(0, -3, 173)
(1, -3, 172)
(0, -2, 173)
(0, -2, 174)
(1, -2, 174)
(1, -2, 175)
(0, -2, 176)
(1, -3, 176)
(1, -3, 177)
(0, -3, 178)
(0, -3, 179)
(1, -3, 179)
(0, -2, 179)
(1, -2, 178)
(0, -1, 179)
(1, -1, 178)
(0, 0, 178)
(1, 0, 178)
(0, 1, 178)
(1, 1, 177)
(0, 2, 177)
(1, 2, 176)
(0, 3, 177)
(1, 3, 176)
(1, 3, 175)
(0, 4, 175)
(1, 4, 174)
(0, 5, 175)
(0, 5, 176)
(1, 4, 176)
(1, 4, 177)
(0, 5, 178)
(0, 5, 179)
(1, 4, 179)
(0, 4, 180)
(1, 3, 180)
(0, 3, 181)
(1, 2, 181)
(0, 2, 182)
(0, 2, 183)
(1, 2, 183)
(0, 3, 183)
(1, 3, 183)
(0, 4, 184)
(1, 4, 184)
(0, 5, 185)
(1, 5, 184)
(0, 6, 185)
(0, 6, 186)
(0, 6, 187)
(1, 5, 187)
(0, 5, 188)
(1, 4, 188)
(0, 4, 189)
(0, 4, 190)
(1, 3, 190)
(0, 3, 191)
(0, 3, 192)
(1, 2, 192)
(0, 2, 192)
(0, 2, 191)
(0, 2, 190)
(1, 2, 189)
(1, 2, 188)
(1, 2, 187)
(0, 2, 187)
(0, 2, 186)
(1, 1, 185)
(0, 1, 186)
(1, 0, 186)
(0, 0, 186)
(1, -1, 186)
(0, -1, 186)
(1, -2, 185)
(1, -2, 184)
(1, -2, 183)
(0, -1, 183)
(1, -1, 183)
(0, 0, 184)
(1, 0, 183)
(1, 0, 182)
(1, 0, 181)
(1, 0, 180)
(0, 0, 180)
(1, -1, 180)
(0, -1, 181)
(1, -2, 181)
(0, -2, 182)
(1, -3, 182)
(0, -3, 182)
(1, -4, 182)
(0, -4, 182)
(1, -5, 182)
(0, -5, 183)
(0, -5, 184)
(0, -5, 185)
(1, -5, 185)
(0, -4, 185)
(1, -4, 184)
(0, -3, 185)
(0, -3, 186)
(1, -4, 186)
(1, -4, 187)
(0, -3, 188)
(0, -3, 189)
(1, -4, 189)
(0, -4, 189)
(1, -5, 189)
(1, -5, 190)
(1, -5, 191)
(1, -5, 192)
(0, -4, 193)
(0, -4, 194)
(0, -4, 195)
(1, -4, 195)
(0, -3, 195)
(1, -3, 194)
(0, -2, 194)
(0, -2, 193)
(1, -2, 192)
(1, -2, 191)
(0, -1, 191)
(0, -1, 190)
(1, -1, 189)
(0, 0, 189)
(1, 0, 188)
(0, 1, 189)
(0, 1, 190)
(1, 0, 190)
(1, 0, 191)
(1, 0, 192)
(0, 1, 193)
(1, 1, 193)
(0, 2, 194)
(0, 2, 195)
(1, 1, 195)
(0, 1, 195)
(1, 0, 194)
(0, 0, 194)
(1, -1, 193)
(0, -1, 194)
(0, -1, 195)
(0, -1, 196)
(1, -1, 196)
(0, 0, 197)
(1, 0, 197)
(0, 1, 197)
(1, 1, 197)
(1, 1, 198)
(0, 2, 199)
(0, 2, 200)
(1, 2, 200)
(0, 3, 200)
(1, 3, 199)
(0, 4, 200)
(1, 4, 199)
(0, 5, 199)
(1, 5, 199)
(0, 6, 199)
(0, 6, 198)
(1, 5, 197)
(1, 5, 196)
(0, 5, 196)
(1, 4, 195)
(0, 4, 195)
(1, 3, 194)
(1, 3, 193)
(0, 4, 193)
(1, 4, 193)
(0, 5, 194)
(1, 5, 193)
(0, 6, 193)
(1, 6, 192)
(0, 7, 192)
(0, 7, 191)
(1, 7, 190)
(1, 7, 189)
(0, 8, 189)
(0, 8, 188)
(0, 8, 187)
(1, 7, 186)
(0, 7, 186)
(0, 7, 185)
(0, 7, 184)
(1, 7, 183)
(0, 8, 184)
(0, 8, 185)
(1, 8, 185)
(0, 9, 186)
(0, 9, 187)
(1, 9, 187)
(1, 9, 188)
(1, 9, 189)
(1, 9, 190)
(0, 9, 191)
(0, 9, 192)
(1, 8, 192)
(0, 8, 193)
(0, 8, 194)
(1, 8, 194)
(0, 9, 194)
(1, 9, 193)
(0, 10, 194)
(1, 10, 194)
(0, 11, 195)
(1, 11, 194)
(1, 11, 193)
(0, 12, 193)
(1, 12, 192)
(1, 12, 191)
(0, 13, 191)
(0, 13, 190)
(1, 12, 189)
(0, 12, 189)
(0, 12, 188)
(0, 12, 187)
(0, 12, 186)
(1, 12, 185)
(0, 13, 185)
(1, 13, 185)
(0, 14, 185)
(1, 14, 185)
(0, 15, 186)
(0, 15, 187)
(1, 15, 187)
(0, 16, 188)
(0, 16, 189)
(0, 16, 190)
(0, 16, 191)
(1, 16, 191)
(0, 17, 192)
(0, 17, 193)
(1, 16, 193)
(0, 16, 194)
(0, 16, 195)
(0, 16, 196)
(1, 16, 196)
(1, 16, 197)
(0, 17, 198)
(0, 17, 199)
(1, 17, 199)
(0, 18, 199)
(1, 18, 198)
(0, 19, 198)
(1, 19, 197)
(1, 19, 196)
(0, 20, 196)
(1, 20, 196)
(1, 20, 197)
(0, 21, 198)
(1, 21, 197)
(0, 22, 198)
(1, 22, 197)
(0, 23, 197)
(0, 23, 196)
(1, 22, 195)
(0, 22, 195)
(1, 21, 195)
(0, 21, 195)
(0, 21, 194)
(0, 21, 193)
(1, 20, 192)
(0, 20, 193)
(1, 19, 193)
(0, 19, 193)
(1, 18, 193)
(0, 18, 193)
(0, 18, 192)
(1, 18, 191)
(0, 19, 191)
(1, 19, 190)
(1, 19, 189)
(0, 19, 189)
(0, 19, 188)
(1, 19, 187)
(0, 20, 187)
(1, 20, 187)
(0, 21, 188)
(1, 21, 187)
(0, 22, 188)
(1, 22, 188)
(0, 23, 188)
(1, 23, 188)
(1, 23, 189)
(0, 24, 190)
(1, 24, 190)
(1, 24, 191)
(0, 25, 192)
(1, 25, 192)
(0, 26, 193)
(1, 26, 193)
(0, 27, 193)
(1, 27, 193)
(0, 28, 193)
(1, 28, 192)
(0, 29, 192)
(1, 29, 192)
(0, 30, 192)
(0, 30, 191)
(0, 30, 190)
(0, 30, 189)
(1, 29, 188)
(0, 29, 189)
(1, 28, 189)
(0, 28, 189)
(0, 28, 188)
(1, 27, 187)
(0, 27, 187)
(0, 27, 186)
(1, 26, 185)
(1, 26, 184)
(0, 26, 184)
(0, 26, 183)
(1, 26, 182)
(0, 27, 182)
(0, 27, 181)
(1, 27, 180)
(1, 27, 179)
(1, 27, 178)
(0, 28, 178)
(0, 28, 177)
(0, 28, 176)
(0, 28, 175)
(0, 28, 174)
(1, 28, 173)
(0, 29, 174)
(0, 29, 175)
(0, 29, 176)
(1, 29, 176)
(1, 29, 177)
(0, 30, 178)
(0, 30, 179)
(1, 30, 179)
(1, 30, 180)
(0, 31, 181)
(0, 31, 182)
(1, 31, 182)
(0, 32, 183)
(1, 32, 183)
(0, 33, 183)
(1, 33, 182)
(1, 33, 181)
(1, 33, 180)
(0, 34, 180)
(1, 34, 180)
