(1, -34, 145)
(0, -33, 145)
(1, -33, 145)
(0, -32, 145)
(0, -32, 144)
(0, -32, 143)
(1, -32, 142)
(0, -31, 143)
(1, -31, 142)
(0, -30, 143)
(1, -30, 142)
(0, -29, 143)
(1, -29, 143)
(0, -28, 143)
(1, -28, 142)
(0, -27, 142)
(1, -27, 142)
(1, -27, 143)
(0, -27, 144)
(0, -27, 145)
(1, -28, 145)
(0, -28, 145)
(1, -29, 145)
(0, -29, 145)
(1, -30, 144)
(0, -30, 145)
(0, -30, 146)
(1, -30, 146)
(1, -30, 147)
(1, -30, 148)
(0, -30, 149)
(1, -31, 149)
(1, -31, 150)
(0, -31, 151)
(1, -32, 150)
(0, -32, 151)
(0, -32, 152)
(0, -32, 153)
(0, -32, 154)
(0, -32, 155)
(1, -33, 155)
(0, -33, 156)
(0, -33, 157)
(1, -34, 157)
(0, -34, 157)
(1, -35, 157)
(0, -35, 158)
(1, -36, 157)
(0, -36, 158)
(1, -37, 157)
(0, -37, 158)
(0, -37, 159)
(1, -38, 159)
(1, -38, 160)
(0, -38, 161)
(0, -38, 162)
(0, -38, 163)
(0, -38, 164)
(1, -38, 164)
(0, -37, 165)
(1, -37, 165)
(0, -36, 166)
(1, -36, 166)
(0, -35, 166)
(0, -35, 165)
(1, -35, 164)
(0, -34, 165)
(0, -34, 166)
(1, -34, 166)
(0, -33, 167)
(0, -33, 168)
(1, -34, 168)
(1, -34, 169)
(0, -33, 170)
(0, -33, 171)
(1, -33, 171)
(0, -32, 172)
(0, -32, 173)
(1, -33, 173)
(0, -33, 174)
(1, -34, 173)
(0, -34, 174)
(1, -35, 173)
(0, -35, 173)
(1, -36, 173)
(0, -36, 173)
(0, -36, 172)
(1, -36, 171)
(1, -36, 170)
(0, -35, 170)
(0, -35, 169)
(1, -36, 168)
(0, -36, 169)
(1, -37, 168)
(1, -37, 167)
(0, -37, 167)
(1, -38, 166)
(0, -38, 166)
(1, -39, 165)
(0, -39, 166)
(1, -40, 165)
(0, -40, 165)
(0, -40, 164)
(1, -40, 163)
(0, -39, 163)
(0, -39, 162)
(0, -39, 161)
(1, -40, 160)
(0, -40, 161)
(1, -41, 161)
(0, -41, 161)
(0, -41, 160)
(0, -41, 159)
(1, -41, 158)
(1, -41, 157)
(1, -41, 156)
(0, -40, 156)
(1, -40, 155)
(1, -40, 154)
(0, -40, 154)
(1, -41, 154)
(0, -41, 154)
(0, -41, 153)
(1, -41, 152)
(0, -40, 152)
(1, -40, 151)
(1, -40, 150)
(1, -40, 149)
(0, -40, 149)
(0, -40, 148)
(1, -41, 147)
(0, -41, 148)
(0, -41, 149)
(0, -41, 150)
(1, -42, 150)
(0, -42, 150)
(1, -43, 150)
(0, -43, 151)
(1, -44, 150)
(0, -44, 150)
(1, -45, 150)
(0, -45, 151)
(0, -45, 152)
(1, -45, 152)
(0, -44, 152)
(1, -44, 152)
(1, -44, 153)
(0, -44, 154)
(0, -44, 155)
(0, -44, 156)
(1, -45, 156)
(1, -45, 157)
(0, -45, 158)
(1, -46, 157)
(0, -46, 158)
(1, -47, 158)
(1, -47, 159)
(1, -47, 160)
(0, -46, 161)
(0, -46, 162)
(1, -47, 162)
(1, -47, 163)
(0, -47, 164)
(1, -48, 164)
(0, -48, 165)
(1, -49, 165)
(0, -49, 166)
(0, -49, 167)
(1, -50, 167)
(1, -50, 168)
(1, -50, 169)
(0, -49, 170)
(1, -49, 169)
(0, -48, 169)
(0, -48, 168)
(1, -48, 167)
(0, -47, 167)
(1, -47, 166)
(0, -46, 166)
(0, -46, 165)
(1, -46, 164)
(0, -45, 164)
(0, -45, 163)
(0, -45, 162)
(1, -45, 161)
(1, -45, 160)
(0, -44, 160)
(0, -44, 159)
(1, -44, 158)
(0, -43, 158)
(1, -43, 158)
(1, -43, 159)
(0, -43, 160)
(0, -43, 161)
(0, -43, 162)
(0, -43, 163)
(1, -44, 163)
(1, -44, 164)
(0, -43, 165)
(0, -43, 166)
(1, -44, 166)
(0, -44, 166)
(1, -45, 165)
(0, -45, 166)
(0, -45, 167)
(0, -45, 168)
(0, -45, 169)
(1, -46, 169)
(0, -46, 170)
(1, -47, 169)
(0, -47, 170)
(0, -47, 171)
(0, -47, 172)
(1, -48, 172)
(1, -48, 173)
(0, -48, 174)
(0, -48, 175)
(1, -48, 175)
(1, -48, 176)
(1, -48, 177)
(1, -48, 178)
(0, -47, 179)
(1, -47, 179)
(0, -46, 179)
(0, -46, 178)
(0, -46, 177)
(1, -47, 176)
(1, -47, 175)
(1, -47, 174)
(1, -47, 173)
(0, -46, 173)
(0, -46, 172)
(1, -46, 171)
(0, -45, 172)
(1, -45, 172)
(1, -45, 173)
(0, -44, 174)
(1, -44, 174)
(0, -43, 175)
(1, -43, 174)
(1, -43, 173)
(0, -42, 173)
(0, -42, 172)
(1, -43, 171)
(1, -43, 170)
(1, -43, 169)
(1, -43, 168)
(0, -42, 168)
(1, -42, 168)
(0, -41, 168)
(1, -41, 168)
(1, -41, 169)
(1, -41, 170)
(0, -40, 171)
(1, -40, 170)
(0, -39, 171)
(0, -39, 172)
(1, -39, 172)
(0, -38, 172)
(1, -38, 172)
(0, -37, 173)
(0, -37, 174)
(1, -37, 174)
(0, -36, 175)
(1, -36, 175)
(0, -35, 176)
(0, -35, 177)
(0, -35, 178)
(1, -35, 178)
(0, -34, 178)
(0, -34, 177)
(0, -34, 176)
(1, -34, 175)
(0, -33, 176)
(1, -33, 176)
(0, -32, 176)
(1, -32, 175)
(0, -31, 175)
(0, -31, 174)
(1, -31, 173)
(1, -31, 172)
(1, -31, 171)
(0, -30, 171)
(1, -30, 170)
(0, -29, 171)
(1, -29, 171)
(0, -28, 172)
(0, -28, 173)
(1, -29, 173)
(1, -29, 174)
(0, -29, 175)
(0, -29, 176)
(1, -29, 176)
(0, -28, 177)
(0, -28, 178)
(1, -29, 178)
(1, -29, 179)
(0, -28, 180)
(0, -28, 181)
(1, -28, 181)
(0, -27, 182)
(1, -27, 181)
(0, -26, 181)
(1, -26, 180)
(1, -26, 179)
(0, -26, 179)
(1, -27, 178)
(0, -27, 178)
(0, -27, 177)
(1, -27, 176)
(0, -26, 176)
(1, -26, 176)
(0, -25, 176)
(1, -25, 175)
(0, -24, 176)
(1, -24, 175)
(0, -23, 175)
(0, -23, 174)
(1, -23, 173)
(1, -23, 172)
(0, -22, 172)
(1, -22, 171)
(0, -21, 172)
(1, -21, 172)
(0, -20, 173)
(1, -20, 172)
(1, -20, 171)
(0, -19, 171)
(1, -19, 171)
(1, -19, 172)
(1, -19, 173)
(0, -18, 174)
(1, -18, 173)
(0, -17, 173)
(0, -17, 172)
(0, -17, 171)
(1, -17, 170)
(0, -16, 171)
(0, -16, 172)
(0, -16, 173)
(1, -16, 173)
(0, -15, 173)
(1, -15, 172)
(1, -15, 171)
(1, -15, 170)
(0, -14, 170)
(1, -14, 170)
(0, -13, 171)
(0, -13, 172)
(0, -13, 173)
(1, -13, 173)
(0, -12, 174)
(0, -12, 175)
(1, -12, 175)
(0, -11, 176)
(1, -11, 175)
(0, -10, 175)
(1, -10, 174)
(1, -10, 173)
(1, -10, 172)
(0, -10, 172)
(1, -11, 171)
(1, -11, 170)
(0, -10, 170)
(1, -10, 169)
(0, -9, 170)
(1, -9, 170)
(1, -9, 171)
(0, -8, 172)
(1, -8, 172)
(0, -7, 173)
(0, -7, 174)
(0, -7, 175)
(1, -7, 175)
(0, -6, 176)
(1, -6, 175)
(1, -6, 174)
(0, -6, 174)
(0, -6, 173)
(1, -6, 172)
(0, -5, 172)
(1, -5, 172)
(0, -4, 172)
(1, -4, 172)
(0, -3, 172)
(1, -3, 172)
(0, -2, 173)
(1, -2, 172)
(0, -1, 172)
(1, -1, 171)
(1, -1, 170)
(0, 0, 170)
(0, 0, 169)
(1, -1, 168)
(1, -1, 167)
(1, -1, 166)
(0, 0, 166)
(1, 0, 165)
(0, 1, 166)
(0, 1, 167)
(0, 1, 168)
(0, 1, 169)
(1, 1, 169)
(0, 2, 169)
(1, 2, 168)
(0, 3, 169)
(1, 3, 169)
(1, 3, 170)
(0, 4, 171)
(1, 4, 170)
(0, 5, 170)
(0, 5, 169)
(1, 5, 168)
(0, 6, 169)
(1, 6, 169)
(0, 7, 169)
(0, 7, 168)
(0, 7, 167)
(0, 7, 166)
(1, 6, 165)
(0, 6, 165)
(0, 6, 164)
(1, 5, 163)
(1, 5, 162)
(0, 5, 162)
(0, 5, 161)
(1, 4, 160)
(0, 4, 160)
(1, 3, 160)
(1, 3, 161)
(0, 4, 162)
(0, 4, 163)
(1, 4, 163)
(1, 4, 164)
(1, 4, 165)
(0, 4, 166)
(0, 4, 167)
(1, 3, 167)
(0, 3, 167)
(0, 3, 166)
(0, 3, 165)
(1, 2, 164)
(1, 2, 163)
(0, 2, 163)
(0, 2, 162)
(1, 1, 161)
(0, 1, 161)
(1, 0, 160)
(1, 0, 159)
(1, 0, 158)
(1, 0, 157)
(0, 0, 157)
(0, 0, 156)
(1, -1, 155)
(1, -1, 154)
(1, -1, 153)
(0, 0, 153)
(0, 0, 152)
(1, -1, 151)
(0, -1, 151)
(1, -2, 150)
(0, -2, 150)
(1, -3, 150)
(0, -3, 151)
(1, -4, 151)
(0, -4, 151)
(1, -5, 151)
(0, -5, 152)
(1, -6, 151)
(0, -6, 152)
(1, -7, 151)
(0, -7, 152)
(0, -7, 153)
(0, -7, 154)
(1, -8, 154)
(1, -8, 155)
(0, -7, 156)
(1, -7, 155)
(0, -6, 155)
(1, -6, 155)
(0, -5, 155)
(0, -5, 154)
(1, -5, 153)
(0, -4, 154)
(1, -4, 153)
(0, -3, 153)
(1, -3, 153)
(1, -3, 154)
(0, -3, 155)
(0, -3, 156)
(1, -4, 156)
(1, -4, 157)
(1, -4, 158)
(0, -4, 159)
(0, -4, 160)
(0, -4, 161)
(1, -5, 161)
(0, -5, 162)
(1, -6, 162)
(0, -6, 162)
(0, -6, 161)
(1, -6, 160)
(1, -6, 159)
(0, -5, 159)
(0, -5, 158)
(1, -6, 157)
(0, -6, 157)
(1, -7, 157)
(1, -7, 158)
(1, -7, 159)
(0, -7, 160)
(0, -7, 161)
(0, -7, 162)
(1, -8, 162)
(0, -8, 162)
(1, -9, 161)
(0, -9, 162)
(0, -9, 163)
(1, -9, 163)
(1, -9, 164)
(1, -9, 165)
(1, -9, 166)
(0, -9, 167)
(1, -10, 166)
(0, -10, 167)
(1, -11, 166)
(0, -11, 167)
(1, -12, 166)
(0, -12, 166)
(1, -13, 166)
(0, -13, 166)
(1, -14, 165)
(1, -14, 164)
(0, -14, 164)
(1, -15, 164)
(1, -15, 165)
(1, -15, 166)
(1, -15, 167)
(0, -15, 168)
(0, -15, 169)
(1, -16, 169)
(0, -16, 169)
(1, -17, 168)
(0, -17, 168)
(1, -18, 167)
(1, -18, 166)
(0, -18, 166)
(0, -18, 165)
(1, -18, 164)
(0, -17, 165)
(1, -17, 164)
(1, -17, 163)
(0, -17, 163)
(0, -17, 162)
(1, -18, 161)
(1, -18, 160)
(0, -17, 160)
(0, -17, 159)
(1, -18, 158)
(1, -18, 157)
(0, -18, 157)
(1, -19, 157)
(0, -19, 157)
(0, -19, 156)
(1, -19, 155)
(1, -19, 154)
(1, -19, 153)
(0, -19, 153)
(0, -19, 152)
(1, -19, 151)
(0, -18, 151)
(0, -18, 150)
(1, -18, 149)
(0, -17, 149)
(1, -17, 149)
(1, -17, 150)
(0, -17, 151)
(0, -17, 152)
(0, -17, 153)
(0, -17, 154)
(0, -17, 155)
(1, -17, 155)
(1, -17, 156)
(1, -17, 157)
(0, -16, 158)
(1, -16, 158)
(0, -15, 159)
(1, -15, 159)
(0, -14, 159)
(0, -14, 158)
(0, -14, 157)
(1, -14, 156)
(0, -13, 157)
(1, -13, 156)
(1, -13, 155)
(0, -13, 155)
(1, -14, 154)
(0, -14, 155)
(1, -15, 154)
(0, -15, 155)
(1, -16, 154)
(1, -16, 153)
(0, -15, 153)
(1, -15, 152)
(1, -15, 151)
(1, -15, 150)
(0, -14, 150)
(1, -14, 149)
(1, -14, 148)
(0, -14, 148)
(1, -15, 148)
(0, -15, 149)
(1, -16, 148)
(1, -16, 147)
(0, -16, 147)
(1, -17, 146)
(1, -17, 145)
(1, -17, 144)
(0, -16, 144)
(0, -16, 143)
(1, -16, 142)
(0, -15, 143)
(0, -15, 144)
(1, -15, 144)
(0, -14, 144)
(1, -14, 144)
(0, -13, 145)
(1, -13, 144)
(1, -13, 143)
(1, -13, 142)
(1, -13, 141)
(0, -12, 141)
(1, -12, 141)
(1, -12, 142)
(0, -11, 143)
(1, -11, 142)
(1, -11, 141)
(0, -10, 141)
(0, -10, 140)
(0, -10, 139)
(1, -10, 138)
(1, -10, 137)
(0, -10, 137)
(1, -11, 137)
(0, -11, 137)
(1, -12, 137)
(0, -12, 138)
(0, -12, 139)
(1, -13, 139)
(0, -13, 140)
(1, -14, 140)
(0, -14, 140)
(0, -14, 139)
(1, -15, 138)
(1, -15, 137)
(1, -15, 136)
(1, -15, 135)
(0, -14, 135)
(1, -14, 134)
(0, -13, 134)
(1, -13, 134)
(0, -12, 134)
(0, -12, 133)
(1, -12, 132)
(0, -11, 132)
(1, -11, 132)
(0, -10, 132)
(0, -10, 131)
(1, -10, 130)
(0, -9, 131)
(1, -9, 131)
(0, -8, 132)
(0, -8, 133)
(1, -9, 133)
(0, -9, 134)
(1, -10, 134)
(1, -10, 135)
(0, -9, 136)
(1, -9, 135)
(0, -8, 135)
(1, -8, 134)
(0, -7, 134)
(1, -7, 133)
(0, -6, 133)
(0, -6, 132)
(1, -7, 131)
(1, -7, 130)
(0, -7, 130)
(0, -7, 129)
(1, -7, 128)
(0, -6, 128)
(0, -6, 127)
(1, -6, 126)
(0, -5, 127)
(1, -5, 127)
(0, -4, 128)
(1, -4, 127)
(0, -3, 128)
(1, -3, 127)
(1, -3, 126)
(0, -2, 126)
(0, -2, 125)
(1, -2, 124)
(0, -1, 125)
(1, -1, 125)
(0, 0, 126)
(1, 0, 126)
(1, 0, 127)
(0, 1, 128)
(0, 1, 129)
(1, 1, 129)
(0, 2, 130)
(1, 2, 130)
(1, 2, 131)
(0, 3, 132)
(1, 3, 132)
(1, 3, 133)
(0, 3, 134)
(1, 2, 133)
(0, 2, 134)
(0, 2, 135)
(1, 2, 135)
(0, 3, 136)
(0, 3, 137)
(1, 2, 137)
(0, 2, 138)
(0, 2, 139)
(1, 1, 139)
(1, 1, 140)
(0, 1, 141)
(0, 1, 142)
(1, 1, 142)
(0, 2, 142)
(1, 2, 142)
(1, 2, 143)
(0, 3, 144)
(1, 3, 143)
(0, 4, 144)
(1, 4, 144)
(0, 5, 145)
(1, 5, 145)
(1, 5, 146)
(1, 5, 147)
(0, 5, 148)
(1, 4, 147)
(0, 4, 148)
(0, 4, 149)
(0, 4, 150)
(1, 3, 150)
(0, 3, 151)
(1, 2, 150)
(0, 2, 150)
(0, 2, 149)
(1, 1, 148)
(0, 1, 148)
(1, 0, 147)
(1, 0, 146)
(0, 0, 146)
(1, -1, 146)
(1, -1, 147)
(0, -1, 148)
(0, -1, 149)
(1, -1, 149)
(0, 0, 150)
(1, 0, 150)
(0, 1, 151)
(0, 1, 152)
(1, 1, 152)
(0, 2, 153)
(1, 2, 152)
(0, 3, 153)
(0, 3, 154)
(1, 3, 154)
(0, 4, 154)
(1, 4, 153)
(0, 5, 154)
(0, 5, 155)
(1, 5, 155)
(1, 5, 156)
(0, 5, 157)
(1, 4, 157)
(1, 4, 158)
(0, 5, 159)
(1, 5, 158)
(0, 6, 159)
(1, 6, 158)
(1, 6, 157)
(0, 7, 157)
(1, 7, 157)
(1, 7, 158)
(0, 8, 159)
(1, 8, 159)
(1, 8, 160)
(1, 8, 161)
(0, 8, 162)
(1, 7, 162)
(0, 7, 163)
(0, 7, 164)
(1, 7, 164)
(0, 8, 165)
(1, 8, 165)
(1, 8, 166)
(1, 8, 167)
(1, 8, 168)
(1, 8, 169)
(0, 8, 170)
(1, 7, 170)
(1, 7, 171)
(1, 7, 172)
(0, 8, 173)
(1, 8, 172)
(0, 9, 172)
(1, 9, 171)
(0, 10, 171)
(1, 10, 170)
(0, 11, 171)
(1, 11, 170)
(0, 12, 171)
(1, 12, 171)
(0, 13, 172)
(1, 13, 171)
(0, 14, 172)
(0, 14, 173)
(1, 13, 173)
(0, 13, 174)
(1, 12, 173)
(0, 12, 173)
(1, 11, 172)
(0, 11, 173)
(1, 10, 172)
(0, 10, 173)
(1, 9, 173)
(1, 9, 174)
(0, 10, 175)
(0, 10, 176)
(1, 9, 176)
(0, 9, 176)
(1, 8, 175)
(0, 8, 176)
(0, 8, 177)
(1, 7, 177)
(0, 7, 178)
(1, 6, 178)
(0, 6, 178)
(1, 5, 178)
(1, 5, 179)
(1, 5, 180)
(1, 5, 181)
(0, 5, 182)
(1, 4, 181)
(1, 4, 180)
(1, 4, 179)
(1, 4, 178)
(0, 4, 178)
(1, 3, 177)
(0, 3, 177)
(0, 3, 176)
(0, 3, 175)
(1, 2, 174)
(0, 2, 175)
(1, 1, 174)
(1, 1, 173)
(0, 1, 173)
(1, 0, 172)
(0, 0, 173)
(0, 0, 174)
(0, 0, 175)
(0, 0, 176)
(0, 0, 177)
(0, 0, 178)
(1, -1, 178)
(0, -1, 178)
(0, -1, 177)
(1, -2, 176)
(0, -2, 176)
(1, -3, 175)
(1, -3, 174)
(0, -3, 174)
(1, -4, 174)
(1, -4, 175)
(1, -4, 176)
(0, -4, 177)
(1, -5, 176)
(0, -5, 177)
(1, -6, 177)
(0, -6, 178)
(0, -6, 179)
(0, -6, 180)
(0, -6, 181)
(0, -6, 182)
(0, -6, 183)
(1, -6, 183)
(0, -5, 184)
(1, -5, 184)
(0, -4, 184)
(1, -4, 184)
(0, -3, 184)
(0, -3, 183)
(0, -3, 182)
(1, -4, 181)
(1, -4, 180)
(0, -3, 180)
(1, -3, 180)
(0, -2, 181)
(1, -2, 181)
(1, -2, 182)
(1, -2, 183)
(0, -2, 184)
(0, -2, 185)
(1, -2, 185)
(1, -2, 186)
(1, -2, 187)
(1, -2, 188)
(0, -2, 189)
(1, -3, 188)
(0, -3, 188)
(1, -4, 188)
(1, -4, 189)
(0, -4, 190)
(0, -4, 191)
(0, -4, 192)
(0, -4, 193)
(1, -5, 193)
(0, -5, 194)
(1, -6, 193)
(0, -6, 193)
(1, -7, 192)
(0, -7, 192)
(1, -8, 191)
(1, -8, 190)
(0, -7, 190)
(0, -7, 189)
(0, -7, 188)
(1, -7, 187)
(1, -7, 186)
(0, -7, 186)
(1, -8, 186)
(0, -8, 186)
(0, -8, 185)
(0, -8, 184)
(1, -9, 183)
(0, -9, 184)
(0, -9, 185)
(0, -9, 186)
(1, -10, 186)
(1, -10, 187)
(1, -10, 188)
(1, -10, 189)
(1, -10, 190)
(1, -10, 191)
(1, -10, 192)
(1, -10, 193)
(0, -9, 194)
(0, -9, 195)
(0, -9, 196)
(1, -10, 196)
(0, -10, 197)
(1, -11, 196)
(0, -11, 196)
(1, -12, 196)
(1, -12, 197)
(1, -12, 198)
(0, -12, 199)
(1, -13, 198)
(0, -13, 199)
(1, -14, 198)
(0, -14, 199)
(1, -15, 199)
(0, -15, 199)
(1, -16, 198)
(1, -16, 197)
(1, -16, 196)
(0, -15, 196)
(1, -15, 196)
(0, -14, 197)
(1, -14, 196)
(1, -14, 195)
(0, -13, 195)
(1, -13, 194)
(0, -12, 195)
(1, -12, 194)
(1, -12, 193)
(1, -12, 192)
(0, -11, 192)
(0, -11, 191)
(0, -11, 190)
(1, -12, 189)
(0, -12, 190)
(1, -13, 189)
(0, -13, 190)
(0, -13, 191)
(1, -13, 191)
(1, -13, 192)
(0, -13, 193)
(1, -14, 192)
(0, -14, 192)
(1, -15, 191)
(0, -15, 192)
(1, -16, 191)
(1, -16, 190)
(0, -15, 190)
(1, -15, 189)
(1, -15, 188)
(0, -15, 188)
(0, -15, 187)
(1, -15, 186)
(0, -14, 186)
(1, -14, 186)
(0, -13, 186)
(1, -13, 185)
(1, -13, 184)
(0, -12, 184)
(1, -12, 184)
(0, -11, 185)
(1, -11, 184)
(1, -11, 183)
(1, -11, 182)
(0, -10, 182)
(1, -10, 181)
(0, -9, 182)
(1, -9, 181)
(1, -9, 180)
(1, -9, 179)
(0, -8, 179)
(1, -8, 178)
(1, -8, 177)
(0, -8, 177)
(1, -9, 177)
(0, -9, 178)
(1, -10, 178)
(0, -10, 178)
(1, -11, 178)
(0, -11, 179)
(1, -12, 178)
(1, -12, 177)
(0, -12, 177)
(1, -13, 177)
(0, -13, 178)
(0, -13, 179)
(0, -13, 180)
(0, -13, 181)
(0, -13, 182)
(1, -14, 182)
(1, -14, 183)
(0, -14, 184)
(1, -15, 183)
(0, -15, 183)
(1, -16, 183)
(1, -16, 184)
(1, -16, 185)
(0, -16, 186)
(1, -17, 186)
(1, -17, 187)
(0, -16, 188)
(0, -16, 189)
(1, -17, 189)
(1, -17, 190)
(0, -17, 191)
(1, -18, 190)
(0, -18, 190)
(1, -19, 189)
(0, -19, 190)
(1, -20, 190)
(0, -20, 191)
(1, -21, 191)
(1, -21, 192)
(0, -20, 193)
(0, -20, 194)
(1, -21, 194)
(0, -21, 194)
(1, -22, 194)
(0, -22, 194)
(1, -23, 193)
(0, -23, 193)
(1, -24, 192)
(0, -24, 192)
(1, -25, 191)
(0, -25, 192)
(1, -26, 192)
(0, -26, 193)
(1, -27, 192)
(0, -27, 192)
(1, -28, 191)
(1, -28, 190)
(0, -27, 190)
(1, -27, 190)
(0, -26, 190)
(1, -26, 189)
(0, -25, 190)
(1, -25, 189)
(0, -24, 189)
(1, -24, 188)
(0, -23, 189)
(1, -23, 188)
(0, -22, 189)
(0, -22, 190)
(1, -22, 190)
(0, -21, 190)
(0, -21, 189)
(1, -21, 188)
(0, -20, 189)
(1, -20, 188)
(1, -20, 187)
(0, -20, 187)
(1, -21, 186)
(0, -21, 187)
(1, -22, 187)
(0, -22, 187)
(1, -23, 186)
(1, -23, 185)
(0, -23, 185)
(1, -24, 184)
(0, -24, 185)
(0, -24, 186)
(1, -25, 186)
(0, -25, 186)
(1, -26, 185)
(1, -26, 184)
(0, -25, 184)
(1, -25, 183)
(0, -24, 183)
(1, -24, 182)
(1, -24, 181)
(0, -24, 181)
(1, -25, 181)
(0, -25, 182)
(1, -26, 182)
(0, -26, 183)
(1, -27, 183)
(1, -27, 184)
(0, -27, 185)
(1, -28, 184)
(0, -28, 184)
(0, -28, 183)
(1, -29, 182)
(0, -29, 183)
(1, -30, 183)
(1, -30, 184)
(0, -29, 185)
(1, -29, 185)
(0, -28, 186)
(0, -28, 187)
(1, -28, 187)
(1, -28, 188)
(0, -28, 189)
(1, -29, 189)
(0, -29, 189)
(1, -30, 189)
(0, -30, 189)
(1, -31, 189)
(0, -31, 190)
(1, -32, 190)
(0, -32, 191)
(1, -33, 191)
(0, -33, 192)
(1, -34, 191)
(0, -34, 192)
(1, -35, 191)
(0, -35, 191)
(1, -36, 191)
(0, -36, 192)
(1, -37, 192)
(1, -37, 193)
(0, -37, 194)
(1, -38, 193)
(0, -38, 194)
(0, -38, 195)
(1, -39, 195)
(0, -39, 196)
(0, -39, 197)
(0, -39, 198)
(0, -39, 199)
(1, -40, 199)
(0, -40, 199)
(1, -41, 199)
(0, -41, 200)
(1, -42, 199)
(1, -42, 198)
(0, -42, 198)
(0, -42, 197)
(0, -42, 196)
(1, -42, 195)
(0, -41, 196)
(0, -41, 197)
(1, -41, 197)
(0, -40, 197)
(0, -40, 196)
(0, -40, 195)
(0, -40, 194)
(0, -40, 193)
(1, -41, 192)
(0, -41, 192)
(1, -42, 192)
(1, -42, 193)
(0, -42, 194)
(1, -43, 194)
(0, -43, 194)
(0, -43, 193)
(1, -43, 192)
(1, -43, 191)
(0, -43, 191)
(1, -44, 191)
(0, -44, 191)
(1, -45, 190)
(0, -45, 191)
(1, -46, 190)
(0, -46, 191)
(1, -47, 191)
(0, -47, 192)
(1, -48, 192)
(0, -48, 193)
(0, -48, 194)
(0, -48, 195)
(0, -48, 196)
(0, -48, 197)
(0, -48, 198)
(0, -48, 199)
(1, -49, 199)
(0, -49, 199)
(1, -50, 199)
(0, -50, 199)
(1, -51, 199)
(0, -51, 200)
(1, -52, 199)
(0, -52, 200)
(1, -53, 199)
(1, -53, 198)
(0, -52, 198)
(0, -52, 197)
(1, -52, 196)
(0, -51, 196)
(1, -51, 196)
(0, -50, 197)
(1, -50, 197)
(0, -49, 197)
(0, -49, 196)
(0, -49, 195)
(1, -50, 194)
(1, -50, 193)
(1, -50, 192)
(1, -50, 191)
(0, -50, 191)
(1, -51, 191)
(0, -51, 191)
(1, -52, 191)
(0, -52, 191)
(0, -52, 190)
(1, -52, 189)
(1, -52, 188)
(0, -51, 188)
(1, -51, 187)
(0, -50, 188)
(1, -50, 188)
(0, -49, 189)
(0, -49, 190)
(1, -49, 190)
(0, -48, 190)
(1, -48, 189)
(0, -47, 189)
(1, -47, 189)
(0, -46, 189)
(0, -46, 188)
(1, -47, 187)
(0, -47, 187)
(1, -48, 186)
(0, -48, 187)
(1, -49, 187)
(0, -49, 187)
(1, -50, 186)
(1, -50, 185)
(0, -49, 185)
(1, -49, 185)
(0, -48, 185)
(0, -48, 184)
(0, -48, 183)
(1, -48, 182)
(0, -47, 183)
(1, -47, 182)
(1, -47, 181)
(0, -47, 181)
(1, -48, 180)
(0, -48, 181)
(1, -49, 181)
(0, -49, 181)
(1, -50, 181)
(0, -50, 181)
(1, -51, 180)
(1, -51, 179)
(0, -50, 179)
(1, -50, 178)
(1, -50, 177)
(1, -50, 176)
(0, -49, 176)
(0, -49, 175)
(0, -49, 174)
(0, -49, 173)
(1, -50, 172)
(0, -50, 172)
(1, -51, 171)
(1, -51, 170)
(1, -51, 169)
(0, -51, 169)
(1, -52, 168)
(1, -52, 167)
(1, -52, 166)
(0, -52, 166)
(1, -53, 166)
(0, -53, 166)
(1, -54, 166)
(0, -54, 166)
(0, -54, 165)
(1, -54, 164)
(1, -54, 163)
(0, -54, 163)
(1, -55, 162)
(1, -55, 161)
(1, -55, 160)
(1, -55, 159)
(1, -55, 158)
(0, -54, 158)
(1, -54, 158)
(0, -53, 158)
(1, -53, 158)
(1, -53, 159)
(0, -52, 160)
(0, -52, 161)
(1, -52, 161)
(0, -51, 162)
(0, -51, 163)
(1, -51, 163)
(1, -51, 164)
(0, -50, 165)
(1, -50, 164)
(1, -50, 163)
(1, -50, 162)
(0, -50, 162)
(0, -50, 161)
(1, -50, 160)
(1, -50, 159)
(1, -50, 158)
(0, -49, 158)
(0, -49, 157)
(1, -49, 156)
(0, -48, 156)
(1, -48, 155)
(1, -48, 154)
(1, -48, 153)
(0, -47, 153)
(0, -47, 152)
(1, -47, 151)
(1, -47, 150)
(1, -47, 149)
(1, -47, 148)
(0, -47, 148)
(1, -48, 148)
(0, -48, 149)
(0, -48, 150)
(0, -48, 151)
(1, -49, 151)
(0, -49, 151)
(1, -50, 151)
(0, -50, 151)
(1, -51, 151)
(0, -51, 152)
(1, -52, 151)
(0, -52, 152)
(1, -53, 151)
(1, -53, 150)
(0, -52, 150)
(1, -52, 149)
(0, -51, 150)
(1, -51, 149)
(0, -50, 149)
(0, -50, 148)
(1, -50, 147)
(0, -49, 147)
(0, -49, 146)
(1, -50, 145)
(1, -50, 144)
(0, -49, 144)
(1, -49, 143)
(0, -48, 143)
(1, -48, 143)
(0, -47, 143)
(0, -47, 142)
(1, -47, 141)
(0, -46, 142)
(0, -46, 143)
(0, -46, 144)
(1, -47, 144)
(1, -47, 145)
(0, -46, 146)
(1, -46, 146)
(0, -45, 146)
(1, -45, 146)
(1, -45, 147)
(0, -44, 148)
(1, -44, 147)
(1, -44, 146)
(0, -43, 146)
(1, -43, 146)
(0, -42, 146)
(0, -42, 145)
(0, -42, 144)
(0, -42, 143)
(0, -42, 142)
(1, -42, 141)
(1, -42, 140)
(1, -42, 139)
(0, -42, 139)
(0, -42, 138)
(0, -42, 137)
(0, -42, 136)
(0, -42, 135)
(0, -42, 134)
(1, -43, 133)
(0, -43, 133)
(0, -43, 132)
(0, -43, 131)
(0, -43, 130)
(0, -43, 129)
(1, -43, 128)
(0, -42, 129)
(0, -42, 130)
(0, -42, 131)
(0, -42, 132)
(1, -42, 132)
(0, -41, 132)
(1, -41, 132)
(1, -41, 133)
(0, -40, 134)
(1, -40, 133)
(0, -39, 133)
(1, -39, 133)
(0, -38, 133)
(0, -38, 132)
(1, -39, 131)
(1, -39, 130)
(0, -39, 130)
(1, -40, 130)
(0, -40, 130)
(1, -41, 130)
(0, -41, 130)
(0, -41, 129)
(0, -41, 128)
(1, -42, 127)
(0, -42, 127)
(0, -42, 126)
(1, -42, 125)
(0, -41, 126)
(1, -41, 125)
(0, -40, 125)
(1, -40, 125)
(1, -40, 126)
(0, -40, 127)
(0, -40, 128)
(1, -40, 128)
(0, -39, 128)
(1, -39, 128)
(0, -38, 128)
(1, -38, 128)
(0, -37, 128)
(1, -37, 128)
(1, -37, 129)
(0, -36, 130)
(0, -36, 131)
(1, -37, 131)
(0, -37, 132)
(0, -37, 133)
(0, -37, 134)
(1, -38, 134)
(1, -38, 135)
(0, -37, 136)
(1, -37, 136)
(0, -36, 136)
(0, -36, 135)
(1, -36, 134)
(1, -36, 133)
(1, -36, 132)
(0, -35, 132)
(0, -35, 131)
(1, -35, 130)
(1, -35, 129)
(1, -35, 128)
(0, -35, 128)
(0, -35, 127)
(1, -36, 126)
(1, -36, 125)
(0, -36, 125)
(1, -37, 125)
(0, -37, 125)
(1, -38, 124)
(1, -38, 123)
(1, -38, 122)
(0, -38, 122)
(1, -39, 122)
(0, -39, 122)
(1, -40, 121)
(0, -40, 121)
(1, -41, 120)
(1, -41, 119)
(0, -41, 119)
(1, -42, 118)
(0, -42, 118)
(1, -43, 118)
(0, -43, 118)
(1, -44, 117)
(0, -44, 118)
(1, -45, 117)
(0, -45, 117)
(0, -45, 116)
(1, -46, 115)
(0, -46, 116)
(0, -46, 117)
(1, -47, 117)
(0, -47, 117)
(1, -48, 117)
(0, -48, 118)
(0, -48, 119)
(1, -48, 119)
(1, -48, 120)
(0, -48, 121)
(0, -48, 122)
(0, -48, 123)
(0, -48, 124)
(0, -48, 125)
(1, -48, 125)
(0, -47, 125)
(0, -47, 124)
(1, -47, 123)
(0, -46, 123)
(1, -46, 123)
(1, -46, 124)
(0, -46, 125)
(0, -46, 126)
(1, -46, 126)
(0, -45, 127)
(1, -45, 127)
(1, -45, 128)
(0, -45, 129)
(0, -45, 130)
(1, -45, 130)
(1, -45, 131)
(0, -44, 132)
(0, -44, 133)
(1, -45, 133)
(1, -45, 134)
(0, -45, 135)
(1, -46, 134)
(0, -46, 135)
(1, -47, 134)
(1, -47, 133)
(0, -46, 133)
(1, -46, 132)
(1, -46, 131)
(0, -46, 131)
(1, -47, 131)
(0, -47, 131)
(1, -48, 131)
(1, -48, 132)
(0, -48, 133)
(1, -49, 132)
(1, -49, 131)
(1, -49, 130)
(0, -49, 130)
(0, -49, 129)
(1, -49, 128)
(0, -48, 129)
(1, -48, 128)
(1, -48, 127)
(0, -48, 127)
(1, -49, 126)
(0, -49, 127)
(1, -50, 126)
(0, -50, 126)
(1, -51, 126)
(0, -51, 126)
(1, -52, 125)
(1, -52, 124)
(0, -52, 124)
(1, -53, 123)
(1, -53, 122)
(0, -53, 122)
(0, -53, 121)
(1, -54, 120)
(0, -54, 121)
(0, -54, 122)
(1, -55, 122)
(0, -55, 122)
(1, -56, 121)
(1, -56, 120)
(1, -56, 119)
(0, -56, 119)
(0, -56, 118)
(1, -57, 117)
(0, -57, 118)
(1, -58, 118)
(0, -58, 119)
(1, -59, 119)
(1, -59, 120)
(0, -58, 121)
(0, -58, 122)
(1, -58, 122)
(0, -57, 123)
(1, -57, 123)
(1, -57, 124)
(0, -56, 125)
(0, -56, 126)
(0, -56, 127)
(1, -57, 127)
(0, -57, 127)
(1, -58, 127)
(0, -58, 127)
(1, -59, 127)
(0, -59, 128)
(0, -59, 129)
(1, -59, 129)
(0, -58, 129)
(1, -58, 129)
(0, -57, 130)
(0, -57, 131)
(1, -57, 131)
(0, -56, 132)
(0, -56, 133)
(1, -56, 133)
(1, -56, 134)
(0, -56, 135)
(0, -56, 136)
(0, -56, 137)
(1, -57, 137)
(0, -57, 137)
(1, -58, 137)
(1, -58, 138)
(0, -57, 139)
(1, -57, 139)
(1, -57, 140)
(0, -56, 141)
(1, -56, 141)
(0, -55, 141)
(0, -55, 140)
(1, -55, 139)
(0, -54, 139)
(0, -54, 138)
(1, -55, 137)
(1, -55, 136)
(0, -54, 136)
(0, -54, 135)
(1, -55, 134)
(1, -55, 133)
(0, -54, 133)
(0, -54, 132)
(0, -54, 131)
(0, -54, 130)
(0, -54, 129)
(1, -54, 128)
(0, -53, 129)
(1, -53, 129)
(0, -52, 130)
(0, -52, 131)
(0, -52, 132)
(1, -52, 132)
(0, -51, 133)
(1, -51, 133)
(0, -50, 134)
(1, -50, 133)
(0, -49, 134)
(1, -49, 134)
(1, -49, 135)
(0, -48, 136)
(1, -48, 136)
(0, -47, 137)
(1, -47, 136)
(0, -46, 137)
(1, -46, 136)
(0, -45, 137)
(1, -45, 137)
(0, -44, 137)
(0, -44, 136)
(1, -44, 135)
(0, -43, 136)
(0, -43, 137)
(0, -43, 138)
(0, -43, 139)
(1, -44, 139)
(0, -44, 139)
(1, -45, 139)
(0, -45, 139)
(1, -46, 139)
(0, -46, 140)
(1, -47, 139)
(0, -47, 140)
(1, -48, 139)
(0, -48, 139)
(0, -48, 138)
(1, -49, 137)
(0, -49, 138)
(1, -50, 138)
(0, -50, 139)
(1, -51, 139)
(0, -51, 139)
(1, -52, 139)
(0, -52, 139)
(1, -53, 139)
(0, -53, 140)
(0, -53, 141)
(1, -54, 141)
(1, -54, 142)
(1, -54, 143)
(0, -54, 144)
(1, -55, 144)
(0, -55, 144)
(1, -56, 143)
(0, -56, 143)
(1, -57, 142)
(0, -57, 142)
(1, -58, 142)
(1, -58, 143)
(0, -58, 144)
(1, -59, 144)
(0, -59, 144)
(1, -60, 143)
(0, -60, 144)
(0, -60, 145)
(0, -60, 146)
(0, -60, 147)
(1, -61, 147)
(0, -61, 148)
(0, -61, 149)
(1, -62, 149)
(1, -62, 150)
(0, -61, 151)
(1, -61, 151)
(0, -60, 152)
(1, -60, 151)
(0, -59, 152)
(1, -59, 152)
(0, -58, 153)
(1, -58, 152)
(0, -57, 152)
(1, -57, 152)
(0, -56, 152)
(1, -56, 151)
(0, -55, 152)
(1, -55, 152)
(1, -55, 153)
(0, -54, 154)
(0, -54, 155)
(0, -54, 156)
(1, -55, 156)
(0, -55, 156)
(1, -56, 156)
(1, -56, 157)
(1, -56, 158)
(0, -56, 159)
(0, -56, 160)
(1, -57, 160)
(0, -57, 160)
(0, -57, 159)
(0, -57, 158)
(1, -57, 157)
(1, -57, 156)
(1, -57, 155)
(1, -57, 154)
(0, -57, 154)
(1, -58, 154)
(0, -58, 155)
(1, -59, 155)
(0, -59, 156)
(1, -60, 156)
(0, -60, 157)
(1, -61, 157)
(1, -61, 158)
(0, -60, 159)
(1, -60, 159)
(0, -59, 160)
(0, -59, 161)
(1, -59, 161)
(1, -59, 162)
(1, -59, 163)
(0, -59, 164)
(0, -59, 165)
(1, -59, 165)
(1, -59, 166)
(1, -59, 167)
(0, -59, 168)
(1, -60, 167)
(0, -60, 168)
(0, -60, 169)
(1, -61, 169)
(1, -61, 170)
(1, -61, 171)
(1, -61, 172)
(0, -60, 173)
(1, -60, 173)
(0, -59, 173)
(1, -59, 173)
(0, -58, 173)
(0, -58, 172)
(1, -59, 171)
(0, -59, 171)
(0, -59, 170)
(1, -59, 169)
(0, -58, 170)
(1, -58, 170)
(0, -57, 170)
(1, -57, 169)
(0, -56, 169)
(1, -56, 168)
(0, -55, 169)
(1, -55, 169)
(0, -54, 169)
(1, -54, 168)
(0, -53, 168)
(1, -53, 168)
(1, -53, 169)
(0, -53, 170)
(1, -54, 170)
(0, -54, 171)
(0, -54, 172)
(1, -54, 172)
(1, -54, 173)
(1, -54, 174)
(0, -53, 175)
(1, -53, 174)
(1, -53, 173)
(0, -52, 173)
(1, -52, 172)
(0, -51, 173)
(1, -51, 173)
(1, -51, 174)
(1, -51, 175)
(0, -51, 176)
(1, -52, 176)
(1, -52, 177)
(0, -52, 178)
(1, -53, 178)
(0, -53, 179)
(1, -54, 178)
(0, -54, 178)
(1, -55, 178)
(0, -55, 178)
(1, -56, 178)
(0, -56, 178)
(1, -57, 178)
(1, -57, 179)
(0, -56, 180)
(0, -56, 181)
(1, -57, 181)
(0, -57, 182)
(0, -57, 183)
(0, -57, 184)
(1, -58, 184)
(1, -58, 185)
(0, -57, 186)
(0, -57, 187)
(1, -57, 187)
(1, -57, 188)
(1, -57, 189)
(1, -57, 190)
(1, -57, 191)
(1, -57, 192)
(1, -57, 193)
(0, -56, 194)
(1, -56, 194)
(0, -55, 194)
(1, -55, 194)
(1, -55, 195)
(0, -55, 196)
(0, -55, 197)
(1, -55, 197)
(1, -55, 198)
(1, -55, 199)
(0, -55, 200)
(1, -56, 199)
(1, -56, 198)
(0, -56, 198)
(1, -57, 197)
(0, -57, 198)
(1, -58, 197)
(0, -58, 198)
(1, -59, 197)
(0, -59, 197)
(1, -60, 197)
(0, -60, 197)
(0, -60, 196)
(1, -61, 195)
(1, -61, 194)
(0, -60, 194)
(1, -60, 194)
(0, -59, 195)
(1, -59, 194)
(0, -58, 194)
(0, -58, 193)
(1, -59, 192)
(0, -59, 192)
(0, -59, 191)
(1, -60, 190)
(0, -60, 191)
(0, -60, 192)
(1, -61, 192)
(0, -61, 193)
(1, -62, 193)
(0, -62, 193)
(1, -63, 192)
(0, -63, 193)
(1, -64, 193)
(1, -64, 194)
(1, -64, 195)
(0, -63, 196)
(1, -63, 196)
(0, -62, 197)
(0, -62, 198)
(0, -62, 199)
(1, -63, 199)
(0, -63, 199)
(0, -63, 198)
(1, -64, 197)
(0, -64, 198)
(1, -65, 198)
(0, -65, 199)
(1, -66, 198)
(0, -66, 199)
(0, -66, 200)
(1, -67, 200)
(0, -67, 200)
(0, -67, 199)
(1, -68, 198)
(0, -68, 198)
(1, -69, 198)
(1, -69, 199)
(0, -69, 200)
(1, -70, 200)
(0, -70, 200)
(1, -71, 200)
(0, -71, 200)
(0, -71, 199)
(1, -72, 198)
(1, -72, 197)
(0, -71, 197)
(0, -71, 196)
(1, -71, 195)
(1, -71, 194)
(0, -71, 194)
(1, -72, 193)
(1, -72, 192)
(0, -72, 192)
(1, -73, 191)
(1, -73, 190)
(0, -73, 190)
(1, -74, 189)
(0, -74, 190)
(1, -75, 189)
(0, -75, 189)
(0, -75, 188)
(1, -76, 187)
(1, -76, 186)
(1, -76, 185)
(0, -75, 185)
(1, -75, 184)
(0, -74, 185)
(1, -74, 184)
(0, -73, 184)
(1, -73, 183)
(1, -73, 182)
(0, -72, 182)
(0, -72, 181)
(0, -72, 180)
(1, -72, 179)
(0, -71, 180)
(1, -71, 180)
(0, -70, 181)
(1, -70, 181)
(0, -69, 182)
(1, -69, 182)
(0, -68, 182)
(1, -68, 182)
(1, -68, 183)
(0, -68, 184)
(0, -68, 185)
(1, -69, 185)
(0, -69, 185)
(1, -70, 185)
(0, -70, 185)
(1, -71, 184)
(0, -71, 184)
(1, -72, 184)
(0, -72, 185)
(0, -72, 186)
(1, -72, 186)
(0, -71, 187)
(0, -71, 188)
(1, -72, 188)
(1, -72, 189)
(1, -72, 190)
(0, -71, 191)
(1, -71, 191)
(1, -71, 192)
(0, -70, 193)
(1, -70, 193)
(1, -70, 194)
(0, -69, 195)
(1, -69, 194)
(1, -69, 193)
(1, -69, 192)
(1, -69, 191)
(0, -68, 191)
(0, -68, 190)
(0, -68, 189)
(1, -68, 188)
(1, -68, 187)
(1, -68, 186)
(0, -67, 186)
(1, -67, 186)
(0, -66, 187)
(0, -66, 188)
(1, -66, 188)
(0, -65, 188)
(1, -65, 187)
(0, -64, 188)
(1, -64, 188)
(0, -63, 188)
(1, -63, 188)
(0, -62, 188)
(1, -62, 188)
(0, -61, 188)
(1, -61, 188)
(0, -60, 189)
(1, -60, 188)
(0, -59, 188)
(0, -59, 187)
(0, -59, 186)
(1, -59, 185)
(1, -59, 184)
(1, -59, 183)
(0, -59, 183)
(0, -59, 182)
(0, -59, 181)
(0, -59, 180)
(1, -60, 179)
(0, -60, 179)
(1, -61, 178)
(0, -61, 178)
(1, -62, 178)
(1, -62, 179)
(0, -62, 180)
(0, -62, 181)
(1, -63, 181)
(1, -63, 182)
(0, -63, 183)
(1, -64, 182)
(1, -64, 181)
(1, -64, 180)
(0, -63, 180)
(0, -63, 179)
(0, -63, 178)
(1, -64, 177)
(0, -64, 178)
(1, -65, 178)
(1, -65, 179)
(1, -65, 180)
(0, -65, 181)
(0, -65, 182)
(1, -66, 182)
(1, -66, 183)
(0, -65, 184)
(0, -65, 185)
(1, -66, 185)
(0, -66, 185)
(1, -67, 184)
(1, -67, 183)
(1, -67, 182)
(1, -67, 181)
(0, -67, 181)
(1, -68, 180)
(1, -68, 179)
(0, -67, 179)
(0, -67, 178)
(1, -68, 177)
(0, -68, 178)
(1, -69, 178)
(0, -69, 178)
(0, -69, 177)
(1, -69, 176)
(0, -68, 176)
(0, -68, 175)
(1, -68, 174)
(0, -67, 174)
(0, -67, 173)
(0, -67, 172)
(1, -67, 171)
(0, -66, 171)
(0, -66, 170)
(0, -66, 169)
(1, -66, 168)
(1, -66, 167)
(1, -66, 166)
(0, -66, 166)
(1, -67, 165)
(0, -67, 166)
(1, -68, 165)
(0, -68, 165)
(1, -69, 165)
(0, -69, 165)
(0, -69, 164)
(0, -69, 163)
(0, -69, 162)
(1, -70, 161)
(1, -70, 160)
(1, -70, 159)
(1, -70, 158)
(0, -69, 158)
(1, -69, 157)
(1, -69, 156)
(0, -68, 156)
(1, -68, 155)
(1, -68, 154)
(0, -67, 154)
(0, -67, 153)
(0, -67, 152)
(1, -68, 151)
(1, -68, 150)
(0, -67, 150)
(0, -67, 149)
(1, -68, 148)
(0, -68, 148)
(0, -68, 147)
(1, -69, 146)
(0, -69, 146)
(1, -70, 145)
(0, -70, 146)
(0, -70, 147)
(1, -71, 147)
(0, -71, 147)
(0, -71, 146)
(1, -72, 145)
(0, -72, 146)
(1, -73, 145)
(1, -73, 144)
(1, -73, 143)
(0, -73, 143)
(1, -74, 142)
(1, -74, 141)
(1, -74, 140)
(1, -74, 139)
(0, -74, 139)
(1, -75, 139)
(0, -75, 140)
(1, -76, 139)
(0, -76, 140)
(1, -77, 140)
(1, -77, 141)
(1, -77, 142)
(1, -77, 143)
(1, -77, 144)
(0, -77, 145)
(1, -78, 145)
(1, -78, 146)
(0, -78, 147)
(0, -78, 148)
(1, -79, 148)
(0, -79, 148)
(1, -80, 147)
(0, -80, 148)
(1, -81, 147)
(0, -81, 147)
(1, -82, 147)
(0, -82, 148)
(1, -83, 147)
(1, -83, 146)
(0, -82, 146)
(1, -82, 145)
(0, -81, 145)
(0, -81, 144)
(1, -81, 143)
(0, -80, 144)
(1, -80, 143)
(1, -80, 142)
(1, -80, 141)
(0, -79, 141)
(1, -79, 141)
(1, -79, 142)
(0, -78, 143)
(1, -78, 142)
(1, -78, 141)
(1, -78, 140)
(1, -78, 139)
(1, -78, 138)
(0, -78, 138)
(0, -78, 137)
(1, -78, 136)
(1, -78, 135)
(0, -77, 135)
(0, -77, 134)
(1, -78, 133)
(0, -78, 133)
(0, -78, 132)
(1, -78, 131)
(0, -77, 132)
(1, -77, 131)
(1, -77, 130)
(0, -77, 130)
(1, -78, 129)
(0, -78, 129)
(0, -78, 128)
(1, -78, 127)
(0, -77, 127)
(1, -77, 127)
(0, -76, 128)
(1, -76, 127)
(0, -75, 127)
(1, -75, 127)
(1, -75, 128)
(0, -75, 129)
(0, -75, 130)
(1, -76, 130)
(1, -76, 131)
(0, -75, 132)
(1, -75, 132)
(0, -74, 132)
(1, -74, 131)
(0, -73, 132)
(1, -73, 132)
(1, -73, 133)
(1, -73, 134)
(0, -72, 135)
(1, -72, 134)
(0, -71, 134)
(0, -71, 133)
(1, -71, 132)
(1, -71, 131)
(0, -71, 131)
(1, -72, 130)
(0, -72, 131)
(1, -73, 130)
(1, -73, 129)
(0, -73, 129)
(0, -73, 128)
(0, -73, 127)
(0, -73, 126)
(0, -73, 125)
(1, -73, 124)
(0, -72, 125)
(1, -72, 125)
(0, -71, 126)
(1, -71, 126)
(0, -70, 127)
(1, -70, 126)
(1, -70, 125)
(0, -69, 125)
(0, -69, 124)
(0, -69, 123)
(1, -70, 122)
(1, -70, 121)
(1, -70, 120)
(0, -69, 120)
(1, -69, 119)
(0, -68, 120)
(0, -68, 121)
(1, -68, 121)
(0, -67, 121)
(1, -67, 120)
(0, -66, 121)
(1, -66, 120)
(0, -65, 120)
(1, -65, 119)
(0, -64, 119)
(0, -64, 118)
(0, -64, 117)
(1, -64, 116)
(0, -63, 116)
(0, -63, 115)
(0, -63, 114)
(1, -63, 113)
(0, -62, 114)
(1, -62, 113)
(0, -61, 113)
(1, -61, 112)
(0, -60, 112)
(0, -60, 111)
(0, -60, 110)
(1, -61, 109)
(0, -61, 109)
(1, -62, 109)
(1, -62, 110)
(1, -62, 111)
(0, -62, 112)
(1, -63, 111)
(0, -63, 112)
(1, -64, 111)
(0, -64, 111)
(0, -64, 110)
(1, -65, 109)
(1, -65, 108)
(0, -65, 108)
(0, -65, 107)
(0, -65, 106)
(1, -66, 105)
(0, -66, 105)
(0, -66, 104)
(1, -67, 103)
(0, -67, 103)
(0, -67, 102)
(1, -68, 101)
(0, -68, 101)
(1, -69, 101)
(0, -69, 102)
(1, -70, 101)
(0, -70, 101)
(0, -70, 100)
(1, -71, 99)
(0, -71, 99)
(1, -72, 99)
(0, -72, 100)
(1, -73, 99)
(0, -73, 100)
(1, -74, 100)
(0, -74, 101)
(1, -75, 100)
(0, -75, 101)
(1, -76, 101)
(1, -76, 102)
(0, -75, 103)
(1, -75, 102)
(0, -74, 103)
(0, -74, 104)
(1, -74, 104)
(0, -73, 104)
(0, -73, 103)
(0, -73, 102)
(1, -73, 101)
(0, -72, 102)
(1, -72, 102)
(0, -71, 103)
(1, -71, 102)
(0, -70, 103)
(1, -70, 103)
(0, -69, 104)
(0, -69, 105)
(0, -69, 106)
(1, -70, 106)
(1, -70, 107)
(0, -70, 108)
(1, -71, 107)
(0, -71, 108)
(1, -72, 108)
(1, -72, 109)
(1, -72, 110)
(1, -72, 111)
(0, -72, 112)
(0, -72, 113)
(1, -72, 113)
(0, -71, 114)
(1, -71, 114)
(0, -70, 115)
(0, -70, 116)
(0, -70, 117)
(1, -71, 117)
(1, -71, 118)
(0, -71, 119)
(1, -72, 118)
(1, -72, 117)
(0, -72, 117)
(1, -73, 116)
(0, -73, 116)
(1, -74, 116)
(1, -74, 117)
(0, -74, 118)
(0, -74, 119)
(1, -74, 119)
(1, -74, 120)
(0, -74, 121)
(1, -75, 120)
(0, -75, 120)
(0, -75, 119)
(0, -75, 118)
(1, -76, 117)
(1, -76, 116)
(0, -75, 116)
(0, -75, 115)
(0, -75, 114)
(1, -75, 113)
(1, -75, 112)
(1, -75, 111)
(0, -75, 111)
(1, -76, 111)
(1, -76, 112)
(0, -76, 113)
(1, -77, 113)
(0, -77, 114)
(0, -77, 115)
(1, -77, 115)
(1, -77, 116)
(0, -77, 117)
(1, -78, 116)
(0, -78, 116)
(1, -79, 115)
(1, -79, 114)
(1, -79, 113)
(1, -79, 112)
(0, -79, 112)
(1, -80, 111)
(0, -80, 111)
(1, -81, 110)
(1, -81, 109)
(1, -81, 108)
(0, -80, 108)
(0, -80, 107)
(1, -80, 106)
(1, -80, 105)
(0, -80, 105)
(1, -81, 105)
(0, -81, 106)
(1, -82, 106)
(1, -82, 107)
(1, -82, 108)
(1, -82, 109)
(1, -82, 110)
(0, -82, 111)
(1, -83, 110)
(0, -83, 111)
(1, -84, 111)
(0, -84, 111)
(0, -84, 110)
(1, -85, 109)
(0, -85, 109)
(1, -86, 108)
(0, -86, 108)
(1, -87, 107)
(0, -87, 108)
(1, -88, 107)
(0, -88, 108)
(1, -89, 107)
(0, -89, 107)
(1, -90, 107)
(0, -90, 108)
(1, -91, 107)
(0, -91, 108)
(0, -91, 109)
(0, -91, 110)
(1, -91, 110)
(0, -90, 111)
(1, -90, 111)
(1, -90, 112)
(0, -89, 113)
(1, -89, 112)
(0, -88, 112)
(1, -88, 112)
(0, -87, 113)
(1, -87, 112)
(0, -86, 112)
(0, -86, 111)
(1, -86, 110)
(0, -85, 111)
(0, -85, 112)
(0, -85, 113)
(0, -85, 114)
(0, -85, 115)
(0, -85, 116)
(1, -85, 116)
(0, -84, 116)
(0, -84, 115)
(1, -84, 114)
(0, -83, 114)
(0, -83, 113)
(1, -83, 112)
(0, -82, 113)
(1, -82, 112)
(0, -81, 112)
(1, -81, 112)
(1, -81, 113)
(1, -81, 114)
(1, -81, 115)
(0, -80, 116)
(0, -80, 117)
(1, -81, 117)
(0, -81, 118)
(1, -82, 117)
(0, -82, 117)
(1, -83, 116)
(0, -83, 117)
(1, -84, 117)
(1, -84, 118)
(0, -83, 119)
(1, -83, 118)
(0, -82, 119)
(1, -82, 119)
(1, -82, 120)
(0, -81, 121)
(1, -81, 121)
(0, -80, 122)
(1, -80, 121)
(1, -80, 120)
(0, -80, 120)
(0, -80, 119)
(1, -80, 118)
(0, -79, 118)
(1, -79, 117)
(0, -78, 118)
(1, -78, 118)
(0, -77, 119)
(1, -77, 119)
(1, -77, 120)
(0, -77, 121)
(0, -77, 122)
(0, -77, 123)
(1, -78, 123)
(0, -78, 123)
(1, -79, 122)
(0, -79, 123)
(1, -80, 123)
(1, -80, 124)
(1, -80, 125)
(0, -80, 126)
(0, -80, 127)
(0, -80, 128)
(1, -80, 128)
(0, -79, 129)
(0, -79, 130)
(1, -80, 130)
(1, -80, 131)
(0, -79, 132)
(0, -79, 133)
(1, -80, 133)
(1, -80, 134)
(0, -80, 135)
(1, -81, 134)
(0, -81, 134)
(1, -82, 133)
(0, -82, 133)
(0, -82, 132)
(1, -83, 131)
(1, -83, 130)
(0, -83, 130)
(0, -83, 129)
(1, -84, 128)
(0, -84, 129)
(1, -85, 128)
(0, -85, 128)
(0, -85, 127)
(1, -86, 126)
(0, -86, 126)
(1, -87, 126)
(0, -87, 127)
(0, -87, 128)
(1, -87, 128)
(1, -87, 129)
(1, -87, 130)
(1, -87, 131)
(0, -87, 132)
(1, -88, 132)
(0, -88, 133)
(1, -89, 132)
(0, -89, 132)
(1, -90, 131)
(0, -90, 131)
(1, -91, 131)
(1, -91, 132)
(1, -91, 133)
(0, -90, 134)
(0, -90, 135)
(1, -91, 135)
(1, -91, 136)
(1, -91, 137)
(1, -91, 138)
(0, -90, 139)
(0, -90, 140)
(1, -91, 140)
(0, -91, 141)
(0, -91, 142)
(1, -91, 142)
(0, -90, 142)
(1, -90, 142)
(0, -89, 142)
(0, -89, 141)
(1, -89, 140)
(0, -88, 141)
(1, -88, 141)
(0, -87, 142)
(0, -87, 143)
(1, -88, 143)
(1, -88, 144)
(0, -87, 145)
(0, -87, 146)
(1, -88, 146)
(0, -88, 147)
(0, -88, 148)
(1, -89, 148)
(0, -89, 148)
(0, -89, 147)
(1, -90, 146)
(1, -90, 145)
(0, -90, 145)
(1, -91, 145)
(0, -91, 145)
(1, -92, 144)
(0, -92, 145)
(1, -93, 144)
(0, -93, 145)
(0, -93, 146)
(1, -94, 146)
(0, -94, 146)
(0, -94, 145)
(1, -95, 144)
(0, -95, 145)
(0, -95, 146)
(1, -96, 146)
(0, -96, 146)
(1, -97, 145)
(1, -97, 144)
(0, -97, 144)
(1, -98, 144)
(0, -98, 144)
(1, -99, 143)
(1, -99, 142)
(1, -99, 141)
(0, -98, 141)
(1, -98, 140)
(1, -98, 139)
(0, -98, 139)
(1, -99, 139)
(0, -99, 140)
(1, -100, 140)
(0, -100, 140)
(0, -100, 139)
(1, -100, 138)
(0, -99, 138)
(0, -99, 137)
(1, -99, 136)
(0, -98, 136)
(1, -98, 136)
(0, -97, 137)
(1, -97, 137)
(1, -97, 138)
(1, -97, 139)
(0, -96, 140)
(1, -96, 140)
(0, -95, 140)
(0, -95, 139)
(0, -95, 138)
(1, -95, 137)
(0, -94, 137)
(0, -94, 136)
(0, -94, 135)
(1, -95, 134)
(1, -95, 133)
(0, -95, 133)
(0, -95, 132)
(0, -95, 131)
(0, -95, 130)
(1, -95, 129)
(0, -94, 129)
(0, -94, 128)
(1, -94, 127)
(1, -94, 126)
(0, -93, 126)
(1, -93, 126)
(1, -93, 127)
(0, -92, 128)
(1, -92, 127)
(0, -91, 128)
(1, -91, 127)
(1, -91, 126)
(0, -90, 126)
(1, -90, 125)
(0, -89, 125)
(1, -89, 125)
(0, -88, 126)
(1, -88, 125)
(0, -87, 125)
(1, -87, 124)
(1, -87, 123)
(0, -86, 123)
(0, -86, 122)
(1, -87, 121)
(0, -87, 121)
(0, -87, 120)
(1, -88, 119)
(1, -88, 118)
(1, -88, 117)
(0, -87, 117)
(1, -87, 116)
(0, -86, 116)
(0, -86, 115)
(1, -87, 114)
(0, -87, 115)
(1, -88, 115)
(0, -88, 115)
(1, -89, 114)
(0, -89, 115)
(1, -90, 115)
(0, -90, 115)
(1, -91, 114)
(0, -91, 114)
(0, -91, 113)
(0, -91, 112)
(1, -92, 111)
(0, -92, 111)
(0, -92, 110)
(0, -92, 109)
(1, -93, 108)
(0, -93, 109)
(1, -94, 109)
(0, -94, 109)
(1, -95, 108)
(1, -95, 107)
(0, -95, 107)
(1, -96, 106)
(1, -96, 105)
(0, -96, 105)
(0, -96, 104)
(1, -96, 103)
(0, -95, 103)
(0, -95, 102)
(1, -95, 101)
(0, -94, 102)
(1, -94, 101)
(1, -94, 100)
(0, -94, 100)
(1, -95, 99)
(1, -95, 98)
(0, -94, 98)
(1, -94, 98)
(0, -93, 98)
(0, -93, 97)
(0, -93, 96)
(1, -94, 95)
(1, -94, 94)
(1, -94, 93)
(1, -94, 92)
(0, -94, 92)
(1, -95, 92)
(0, -95, 93)
(0, -95, 94)
(0, -95, 95)
(1, -96, 95)
(0, -96, 95)
(1, -97, 95)
(1, -97, 96)
(0, -97, 97)
(1, -98, 97)
(0, -98, 97)
(1, -99, 96)
(0, -99, 96)
(0, -99, 95)
(1, -99, 94)
(0, -98, 94)
(1, -98, 94)
(0, -97, 94)
(0, -97, 93)
(1, -98, 92)
(0, -98, 92)
(1, -99, 92)
(0, -99, 93)
(1, -100, 92)
(1, -100, 91)
(0, -99, 91)
(1, -99, 90)
(1, -99, 89)
(0, -99, 89)
(1, -100, 89)
(0, -100, 89)
(0, -100, 88)
(1, -100, 87)
(1, -100, 86)
(0, -99, 86)
(1, -99, 86)
(0, -98, 87)
(1, -98, 87)
(0, -97, 88)
(1, -97, 87)
(0, -96, 87)
(0, -96, 86)
(1, -96, 85)
(1, -96, 84)
(0, -95, 84)
(1, -95, 84)
(0, -94, 85)
(1, -94, 84)
(1, -94, 83)
(0, -94, 83)
(0, -94, 82)
(1, -94, 81)
(1, -94, 80)
(1, -94, 79)
(0, -94, 79)
(1, -95, 79)
(0, -95, 80)
(1, -96, 80)
(0, -96, 81)
(1, -97, 80)
(0, -97, 80)
(0, -97, 79)
(1, -98, 78)
(0, -98, 78)
(0, -98, 77)
(0, -98, 76)
(0, -98, 75)
(1, -99, 74)
(0, -99, 75)
(1, -100, 74)
(0, -100, 74)
(0, -100, 73)
(1, -100, 72)
(0, -99, 72)
(1, -99, 72)
(0, -98, 72)
(1, -98, 72)
(1, -98, 73)
(0, -97, 74)
(1, -97, 73)
(0, -96, 73)
(1, -96, 73)
(1, -96, 74)
(0, -96, 75)
(0, -96, 76)
(1, -97, 76)
(1, -97, 77)
(0, -96, 78)
(1, -96, 77)
(0, -95, 77)
(1, -95, 76)
(1, -95, 75)
(0, -94, 75)
(1, -94, 74)
(0, -93, 75)
(1, -93, 74)
(1, -93, 73)
(0, -93, 73)
(0, -93, 72)
(1, -93, 71)
(1, -93, 70)
(1, -93, 69)
(0, -93, 69)
(1, -94, 69)
(0, -94, 69)
(1, -95, 68)
(1, -95, 67)
(0, -95, 67)
(1, -96, 66)
(0, -96, 67)
(0, -96, 68)
(0, -96, 69)
(1, -97, 69)
(0, -97, 69)
(0, -97, 68)
(1, -98, 67)
(0, -98, 67)
(0, -98, 66)
(1, -99, 65)
(0, -99, 66)
(0, -99, 67)
(1, -100, 67)
(0, -100, 67)
(0, -100, 66)
(0, -100, 65)
(1, -100, 64)
(0, -99, 64)
(1, -99, 63)
(0, -98, 64)
(1, -98, 63)
(0, -97, 64)
(0, -97, 65)
(1, -97, 65)
(0, -96, 65)
(0, -96, 64)
(1, -96, 63)
(0, -95, 64)
(0, -95, 65)
(1, -95, 65)
(0, -94, 66)
(1, -94, 66)
(0, -93, 67)
(1, -93, 67)
(0, -92, 67)
(1, -92, 66)
(1, -92, 65)
(0, -92, 65)
(1, -93, 65)
(0, -93, 65)
(1, -94, 64)
(1, -94, 63)
(0, -93, 63)
(1, -93, 63)
(0, -92, 63)
(1, -92, 63)
(0, -91, 64)
(1, -91, 63)
(1, -91, 62)
(0, -90, 62)
(0, -90, 61)
(1, -90, 60)
(0, -89, 61)
(1, -89, 61)
(0, -88, 62)
(1, -88, 62)
(1, -88, 63)
(0, -88, 64)
(1, -89, 63)
(0, -89, 63)
(1, -90, 63)
(1, -90, 64)
(1, -90, 65)
(1, -90, 66)
(0, -89, 67)
(1, -89, 67)
(1, -89, 68)
(0, -88, 69)
(1, -88, 68)
(0, -87, 69)
(1, -87, 69)
(0, -86, 69)
(1, -86, 69)
(0, -85, 69)
(0, -85, 68)
(0, -85, 67)
(1, -85, 66)
(1, -85, 65)
(0, -84, 65)
(1, -84, 65)
(1, -84, 66)
(1, -84, 67)
(0, -84, 68)
(0, -84, 69)
(1, -84, 69)
(0, -83, 70)
(1, -83, 70)
(0, -82, 70)
(1, -82, 70)
(0, -81, 71)
(1, -81, 71)
(1, -81, 72)
(1, -81, 73)
(0, -80, 74)
(1, -80, 73)
(0, -79, 73)
(0, -79, 72)
(0, -79, 71)
(0, -79, 70)
(1, -80, 69)
(0, -80, 70)
(1, -81, 69)
(1, -81, 68)
(1, -81, 67)
(1, -81, 66)
(0, -80, 66)
(1, -80, 65)
(0, -79, 65)
(1, -79, 64)
(0, -78, 64)
(1, -78, 63)
(1, -78, 62)
(1, -78, 61)
(1, -78, 60)
(1, -78, 59)
(0, -77, 59)
(1, -77, 58)
(0, -76, 58)
(0, -76, 57)
(1, -76, 56)
(0, -75, 57)
(1, -75, 56)
(0, -74, 57)
(1, -74, 57)
(0, -73, 57)
(1, -73, 57)
(0, -72, 58)
(1, -72, 58)
(0, -71, 58)
(1, -71, 57)
(0, -70, 58)
(1, -70, 57)
(1, -70, 56)
(1, -70, 55)
(1, -70, 54)
(0, -70, 54)
(0, -70, 53)
(1, -70, 52)
(0, -69, 53)
(1, -69, 52)
(0, -68, 52)
(1, -68, 51)
(1, -68, 50)
(0, -67, 50)
(1, -67, 49)
(1, -67, 48)
(0, -66, 48)
(0, -66, 47)
(1, -66, 46)
(0, -65, 46)
(1, -65, 46)
(0, -64, 46)
(1, -64, 45)
(0, -63, 45)
(1, -63, 44)
(0, -62, 45)
(0, -62, 46)
(0, -62, 47)
(1, -62, 47)
(0, -61, 48)
(1, -61, 47)
(1, -61, 46)
(0, -60, 46)
(1, -60, 45)
(1, -60, 44)
(0, -60, 44)
(0, -60, 43)
(0, -60, 42)
(1, -61, 41)
(1, -61, 40)
(0, -61, 40)
(0, -61, 39)
(1, -62, 38)
(0, -62, 39)
(1, -63, 39)
(0, -63, 39)
(1, -64, 39)
(0, -64, 40)
(1, -65, 39)
(0, -65, 39)
(1, -66, 39)
(0, -66, 40)
(0, -66, 41)
(0, -66, 42)
(1, -66, 42)
(1, -66, 43)
(1, -66, 44)
(0, -66, 45)
(1, -67, 44)
(0, -67, 44)
(0, -67, 43)
(1, -68, 42)
(0, -68, 42)
(1, -69, 41)
(1, -69, 40)
(1, -69, 39)
(0, -69, 39)
(0, -69, 38)
(1, -70, 37)
(1, -70, 36)
(1, -70, 35)
(0, -69, 35)
(1, -69, 34)
(0, -68, 35)
(1, -68, 34)
(0, -67, 35)
(0, -67, 36)
(1, -68, 36)
(0, -68, 37)
(0, -68, 38)
(1, -68, 38)
(0, -67, 39)
(1, -67, 38)
(1, -67, 37)
(0, -66, 37)
(0, -66, 36)
(0, -66, 35)
(1, -66, 34)
(0, -65, 34)
(1, -65, 34)
(1, -65, 35)
(1, -65, 36)
(0, -64, 37)
(1, -64, 36)
(0, -63, 37)
(1, -63, 36)
(1, -63, 35)
(0, -62, 35)
(0, -62, 34)
(1, -63, 33)
(0, -63, 34)
(1, -64, 33)
(0, -64, 33)
(1, -65, 32)
(1, -65, 31)
(1, -65, 30)
(0, -65, 30)
(0, -65, 29)
(1, -66, 28)
(0, -66, 29)
(0, -66, 30)
(1, -67, 30)
(0, -67, 31)
(0, -67, 32)
(1, -68, 32)
(0, -68, 33)
(1, -69, 32)
(1, -69, 31)
(0, -69, 31)
(0, -69, 30)
(0, -69, 29)
(1, -70, 28)
(0, -70, 29)
(0, -70, 30)
(1, -71, 30)
(1, -71, 31)
(0, -70, 32)
(0, -70, 33)
(0, -70, 34)
(1, -71, 34)
(0, -71, 35)
(1, -72, 34)
(1, -72, 33)
(0, -72, 33)
(1, -73, 33)
(0, -73, 33)
(1, -74, 33)
(1, -74, 34)
(0, -74, 35)
(0, -74, 36)
(1, -74, 36)
(0, -73, 37)
(0, -73, 38)
(0, -73, 39)
(0, -73, 40)
(0, -73, 41)
(0, -73, 42)
(0, -73, 43)
(1, -73, 43)
(0, -72, 43)
(1, -72, 42)
(0, -71, 42)
(1, -71, 42)
(0, -70, 43)
(1, -70, 43)
(0, -69, 43)
(1, -69, 43)
(1, -69, 44)
(1, -69, 45)
(1, -69, 46)
(1, -69, 47)
(0, -69, 48)
(1, -70, 47)
(0, -70, 47)
(1, -71, 47)
(0, -71, 48)
(1, -72, 47)
(1, -72, 46)
(0, -72, 46)
(1, -73, 46)
(1, -73, 47)
(1, -73, 48)
(0, -73, 49)
(1, -74, 49)
(0, -74, 49)
(1, -75, 48)
(1, -75, 47)
(0, -74, 47)
(0, -74, 46)
(1, -75, 45)
(0, -75, 46)
(1, -76, 45)
(0, -76, 45)
(1, -77, 44)
(1, -77, 43)
(0, -76, 43)
(1, -76, 42)
(0, -75, 42)
(1, -75, 41)
(1, -75, 40)
(1, -75, 39)
(0, -74, 39)
(0, -74, 38)
(1, -75, 37)
(0, -75, 37)
(0, -75, 36)
(0, -75, 35)
(0, -75, 34)
(0, -75, 33)
(1, -76, 32)
(0, -76, 32)
(0, -76, 31)
(0, -76, 30)
(1, -76, 29)
(0, -75, 30)
(1, -75, 30)
(1, -75, 31)
(0, -74, 32)
(1, -74, 31)
(1, -74, 30)
(0, -73, 30)
(1, -73, 30)
(0, -72, 30)
(0, -72, 29)
(1, -72, 28)
(1, -72, 27)
(0, -71, 27)
(1, -71, 26)
(1, -71, 25)
(0, -71, 25)
(1, -72, 24)
(0, -72, 24)
(1, -73, 24)
(0, -73, 24)
(0, -73, 23)
(1, -74, 22)
(1, -74, 21)
(0, -74, 21)
(1, -75, 21)
(0, -75, 22)
(1, -76, 22)
(0, -76, 22)
(1, -77, 21)
(0, -77, 21)
(1, -78, 20)
(0, -78, 20)
(1, -79, 20)
(0, -79, 21)
(0, -79, 22)
(1, -79, 22)
(1, -79, 23)
(0, -78, 24)
(1, -78, 23)
(0, -77, 24)
(0, -77, 25)
(1, -78, 25)
(0, -78, 26)
(1, -79, 25)
(0, -79, 26)
(1, -80, 25)
(1, -80, 24)
(0, -80, 24)
(1, -81, 23)
(1, -81, 22)
(0, -80, 22)
(0, -80, 21)
(1, -81, 20)
(0, -81, 21)
(1, -82, 21)
(0, -82, 22)
(1, -83, 22)
(0, -83, 23)
(0, -83, 24)
(1, -83, 24)
(1, -83, 25)
(1, -83, 26)
(0, -83, 27)
(1, -84, 27)
(0, -84, 28)
(1, -85, 28)
(0, -85, 29)
(1, -86, 29)
(1, -86, 30)
(1, -86, 31)
(1, -86, 32)
(0, -86, 33)
(0, -86, 34)
(0, -86, 35)
(0, -86, 36)
(1, -87, 36)
(0, -87, 37)
(0, -87, 38)
(1, -87, 38)
(1, -87, 39)
(0, -87, 40)
(0, -87, 41)
(1, -88, 41)
(0, -88, 42)
(1, -89, 41)
(0, -89, 41)
(1, -90, 41)
(0, -90, 42)
(1, -91, 41)
(0, -91, 42)
(1, -92, 41)
(0, -92, 42)
(1, -93, 42)
(0, -93, 42)
(1, -94, 41)
(0, -94, 41)
(1, -95, 40)
(1, -95, 39)
(0, -94, 39)
(1, -94, 39)
(0, -93, 39)
(1, -93, 39)
(0, -92, 39)
(1, -92, 38)
(1, -92, 37)
(0, -92, 37)
(0, -92, 36)
(1, -92, 35)
(0, -91, 35)
(0, -91, 34)
(1, -92, 33)
(0, -92, 34)
(1, -93, 34)
(0, -93, 34)
(0, -93, 33)
(0, -93, 32)
(1, -94, 31)
(0, -94, 32)
(1, -95, 31)
(0, -95, 32)
(1, -96, 32)
(0, -96, 32)
(1, -97, 32)
(1, -97, 33)
(0, -97, 34)
(0, -97, 35)
(1, -98, 35)
(0, -98, 35)
(1, -99, 35)
(1, -99, 36)
(0, -99, 37)
(1, -100, 37)
(0, -100, 37)
(0, -100, 36)
(0, -100, 35)
(1, -100, 34)
(1, -100, 33)
(1, -100, 32)
(0, -100, 32)
(0, -100, 31)
(0, -100, 30)
(0, -100, 29)
(1, -100, 28)
(0, -99, 28)
(1, -99, 27)
(0, -98, 28)
(1, -98, 28)
(0, -97, 28)
(1, -97, 28)
(0, -96, 29)
(1, -96, 29)
(0, -95, 29)
(1, -95, 29)
(0, -94, 29)
(1, -94, 28)
(0, -93, 29)
(1, -93, 28)
(0, -92, 29)
(1, -92, 28)
(0, -91, 28)
(1, -91, 27)
(1, -91, 26)
(1, -91, 25)
(1, -91, 24)
(0, -91, 24)
(1, -92, 23)
(0, -92, 24)
(1, -93, 24)
(0, -93, 25)
(0, -93, 26)
(1, -94, 26)
(0, -94, 26)
(0, -94, 25)
(0, -94, 24)
(1, -94, 23)
(1, -94, 22)
(0, -94, 22)
(1, -95, 22)
(0, -95, 23)
(0, -95, 24)
(0, -95, 25)
(0, -95, 26)
(1, -96, 26)
(0, -96, 26)
(0, -96, 25)
(1, -97, 24)
(0, -97, 25)
(0, -97, 26)
(1, -98, 26)
(0, -98, 26)
(0, -98, 25)
(1, -99, 24)
(1, -99, 23)
(1, -99, 22)
(1, -99, 21)
(0, -99, 21)
(1, -100, 20)
(1, -100, 19)
(1, -100, 18)
(1, -100, 17)
(0, -100, 17)
(0, -100, 16)
(0, -100, 15)
(1, -100, 14)
(0, -99, 15)
(1, -99, 14)
(0, -98, 15)
(1, -98, 14)
(0, -97, 15)
(1, -97, 14)
(0, -96, 14)
(1, -96, 13)
(0, -95, 13)
(0, -95, 12)
(1, -96, 11)
(0, -96, 12)
(1, -97, 12)
(0, -97, 13)
(1, -98, 12)
(0, -98, 12)
(0, -98, 11)
(1, -99, 10)
(1, -99, 9)
(0, -99, 9)
(0, -99, 8)
(1, -99, 7)
(1, -99, 6)
(1, -99, 5)
(0, -99, 5)
(0, -99, 4)
(0, -99, 3)
(1, -99, 2)
(0, -98, 2)
(0, -98, 1)
(1, -98, 0)
(1, -98, -1)
(0, -98, -1)
(1, -99, -1)
(0, -99, 0)
(0, -99, 1)
(1, -100, 1)
(0, -100, 1)
(0, -100, 0)
(0, -100, -1)
(1, -100, -2)
(1, -100, -3)
(0, -99, -3)
(1, -99, -3)
(0, -98, -3)
(1, -98, -4)
(0, -97, -4)
(0, -97, -5)
(1, -97, -6)
(1, -97, -7)
(0, -96, -7)
(0, -96, -8)
(0, -96, -9)
(1, -96, -10)
(1, -96, -11)
(1, -96, -12)
(0, -95, -12)
(0, -95, -13)
(1, -96, -14)
(0, -96, -13)
(1, -97, -13)
(0, -97, -13)
(0, -97, -14)
(1, -98, -15)
(0, -98, -14)
(1, -99, -15)
(0, -99, -15)
(1, -100, -15)
(0, -100, -15)
(0, -100, -16)
(0, -100, -17)
(0, -100, -18)
(1, -100, -19)
(0, -99, -18)
(1, -99, -18)
(1, -99, -17)
(0, -98, -16)
(1, -98, -17)
(1, -98, -18)
(1, -98, -19)
(0, -97, -19)
(0, -97, -20)
(1, -97, -21)
(0, -96, -21)
(0, -96, -22)
(1, -96, -23)
(0, -95, -23)
(1, -95, -23)
(1, -95, -22)
(1, -95, -21)
(0, -95, -20)
(0, -95, -19)
(0, -95, -18)
(1, -95, -18)
(0, -94, -17)
(1, -94, -17)
(1, -94, -16)
(0, -94, -15)
(0, -94, -14)
(0, -94, -13)
(1, -94, -13)
(1, -94, -12)
(1, -94, -11)
(0, -93, -10)
(1, -93, -11)
(1, -93, -12)
(1, -93, -13)
(0, -92, -13)
(1, -92, -13)
(1, -92, -12)
(1, -92, -11)
(1, -92, -10)
(1, -92, -9)
(1, -92, -8)
(0, -92, -7)
(1, -93, -7)
(1, -93, -6)
(1, -93, -5)
(0, -93, -4)
(0, -93, -3)
(0, -93, -2)
(1, -94, -2)
(0, -94, -2)
(1, -95, -3)
(1, -95, -4)
(0, -95, -4)
(1, -96, -4)
(1, -96, -3)
(0, -96, -2)
(0, -96, -1)
(0, -96, 0)
(1, -96, 0)
(0, -95, 1)
(1, -95, 0)
(0, -94, 1)
(0, -94, 2)
(1, -95, 2)
(0, -95, 3)
(0, -95, 4)
(0, -95, 5)
(1, -95, 5)
(0, -94, 6)
(1, -94, 6)
(1, -94, 7)
(0, -93, 8)
(0, -93, 9)
(1, -94, 9)
(1, -94, 10)
(1, -94, 11)
(0, -93, 12)
(0, -93, 13)
(1, -93, 13)
(0, -92, 13)
(0, -92, 12)
(1, -92, 11)
(1, -92, 10)
(1, -92, 9)
(1, -92, 8)
(0, -92, 8)
(0, -92, 7)
(1, -92, 6)
(0, -91, 7)
(1, -91, 6)
(1, -91, 5)
(1, -91, 4)
(1, -91, 3)
(0, -91, 3)
(1, -92, 3)
(0, -92, 3)
(0, -92, 2)
(0, -92, 1)
(1, -93, 0)
(1, -93, -1)
(0, -92, -1)
(1, -92, -1)
(0, -91, 0)
(1, -91, -1)
(1, -91, -2)
(0, -90, -2)
(1, -90, -3)
(0, -89, -2)
(1, -89, -2)
(0, -88, -2)
(0, -88, -3)
(1, -88, -4)
(1, -88, -5)
(0, -88, -5)
(1, -89, -5)
(0, -89, -5)
(1, -90, -6)
(1, -90, -7)
(1, -90, -8)
(1, -90, -9)
(0, -89, -9)
(1, -89, -10)
(0, -88, -10)
(1, -88, -10)
(1, -88, -9)
(0, -87, -8)
(1, -87, -9)
(1, -87, -10)
(1, -87, -11)
(1, -87, -12)
(0, -87, -12)
(1, -88, -12)
(0, -88, -12)
(1, -89, -12)
(0, -89, -12)
(0, -89, -13)
(1, -89, -14)
(0, -88, -14)
(1, -88, -14)
(0, -87, -14)
(1, -87, -14)
(0, -86, -14)
(1, -86, -15)
(1, -86, -16)
(1, -86, -17)
(1, -86, -18)
(0, -86, -18)
(0, -86, -19)
(0, -86, -20)
(0, -86, -21)
(1, -86, -22)
(0, -85, -21)
(0, -85, -20)
(1, -85, -20)
(0, -84, -20)
(0, -84, -21)
(0, -84, -22)
(1, -85, -23)
(1, -85, -24)
(0, -85, -24)
(1, -86, -25)
(0, -86, -24)
(0, -86, -23)
(1, -87, -23)
(0, -87, -22)
(1, -88, -23)
(0, -88, -23)
(1, -89, -24)
(1, -89, -25)
(1, -89, -26)
(0, -89, -26)
(1, -90, -26)
(1, -90, -25)
(0, -90, -24)
(1, -91, -25)
(1, -91, -26)
(0, -91, -26)
(1, -92, -26)
(0, -92, -25)
(1, -93, -26)
(0, -93, -25)
(0, -93, -24)
(1, -94, -24)
(0, -94, -24)
(1, -95, -25)
(1, -95, -26)
(0, -95, -26)
(0, -95, -27)
(1, -95, -28)
(0, -94, -27)
(1, -94, -28)
(1, -94, -29)
(0, -93, -29)
(0, -93, -30)
(1, -94, -31)
(1, -94, -32)
(0, -93, -32)
(1, -93, -32)
(0, -92, -32)
(1, -92, -33)
(0, -91, -33)
(1, -91, -34)
(0, -90, -34)
(1, -90, -34)
(1, -90, -33)
(0, -90, -32)
(1, -91, -32)
(0, -91, -31)
(0, -91, -30)
(1, -92, -30)
(1, -92, -29)
(0, -91, -28)
(1, -91, -29)
(0, -90, -29)
(1, -90, -30)
(0, -89, -29)
(1, -89, -29)
(0, -88, -29)
(1, -88, -30)
(1, -88, -31)
(1, -88, -32)
(1, -88, -33)
(1, -88, -34)
(0, -88, -34)
(0, -88, -35)
(1, -89, -36)
(0, -89, -36)
(1, -90, -37)
(0, -90, -37)
(1, -91, -37)
(0, -91, -36)
(1, -92, -36)
(1, -92, -35)
(0, -92, -34)
(1, -93, -35)
(0, -93, -35)
(1, -94, -36)
(1, -94, -37)
(0, -94, -37)
(1, -95, -38)
(1, -95, -39)
(0, -94, -39)
(0, -94, -40)
(0, -94, -41)
(1, -95, -42)
(1, -95, -43)
(1, -95, -44)
(1, -95, -45)
(0, -95, -45)
(0, -95, -46)
(1, -95, -47)
(0, -94, -47)
(0, -94, -48)
(1, -95, -49)
(1, -95, -50)
(0, -94, -50)
(1, -94, -51)
(1, -94, -52)
(0, -94, -52)
(1, -95, -52)
(0, -95, -52)
(0, -95, -53)
(1, -95, -54)
(1, -95, -55)
(1, -95, -56)
(0, -94, -56)
(1, -94, -57)
(1, -94, -58)
(0, -94, -58)
(0, -94, -59)
(0, -94, -60)
(0, -94, -61)
(1, -95, -62)
(0, -95, -61)
(1, -96, -62)
(0, -96, -61)
(1, -97, -61)
(0, -97, -60)
(0, -97, -59)
(1, -97, -59)
(1, -97, -58)
(0, -96, -57)
(0, -96, -56)
(1, -96, -56)
(1, -96, -55)
(0, -96, -54)
(0, -96, -53)
(0, -96, -52)
(1, -97, -52)
(0, -97, -52)
(1, -98, -52)
(0, -98, -52)
(1, -99, -52)
(0, -99, -52)
(1, -100, -53)
(1, -100, -54)
(1, -100, -55)
(0, -100, -55)
(0, -100, -56)
(1, -100, -57)
(0, -99, -56)
(1, -99, -57)
(1, -99, -58)
(0, -98, -58)
(0, -98, -59)
(0, -98, -60)
(0, -98, -61)
(1, -98, -62)
(0, -97, -62)
(0, -97, -63)
(0, -97, -64)
(1, -98, -65)
(0, -98, -64)
(0, -98, -63)
(1, -99, -63)
(0, -99, -62)
(1, -100, -62)
(0, -100, -62)
(0, -100, -63)
(1, -100, -64)
(1, -100, -65)
(0, -100, -65)
(0, -100, -66)
(1, -100, -67)
(0, -99, -66)
(1, -99, -66)
(0, -98, -66)
(0, -98, -67)
(0, -98, -68)
(1, -98, -69)
(1, -98, -70)
(0, -98, -70)
(1, -99, -71)
(1, -99, -72)
(0, -99, -72)
(1, -100, -73)
(1, -100, -74)
(1, -100, -75)
(0, -99, -75)
(1, -99, -76)
(0, -98, -75)
(1, -98, -76)
(1, -98, -77)
(0, -97, -77)
(1, -97, -77)
(0, -96, -77)
(0, -96, -78)
(1, -97, -79)
(0, -97, -79)
(1, -98, -80)
(0, -98, -79)
(1, -99, -80)
(0, -99, -79)
(1, -100, -80)
(1, -100, -81)
(0, -99, -81)
(1, -99, -82)
(0, -98, -81)
(1, -98, -82)
(1, -98, -83)
(0, -97, -83)
(1, -97, -83)
(0, -96, -83)
(1, -96, -83)
(0, -95, -83)
(1, -95, -83)
(0, -94, -82)
(1, -94, -82)
(0, -93, -81)
(0, -93, -80)
(1, -93, -80)
(0, -92, -79)
(1, -92, -80)
(0, -91, -80)
(1, -91, -81)
(1, -91, -82)
(0, -91, -82)
(0, -91, -83)
(1, -91, -84)
(0, -90, -84)
(1, -90, -84)
(0, -89, -83)
(0, -89, -82)
(0, -89, -81)
(1, -90, -81)
(1, -90, -80)
(0, -89, -79)
(0, -89, -78)
(1, -90, -78)
(0, -90, -77)
(1, -91, -77)
(0, -91, -76)
(1, -92, -77)
(0, -92, -76)
(1, -93, -77)
(0, -93, -77)
(1, -94, -77)
(1, -94, -76)
(1, -94, -75)
(0, -94, -74)
(1, -95, -74)
(0, -95, -73)
(1, -96, -74)
(0, -96, -73)
(0, -96, -72)
(0, -96, -71)
(1, -97, -71)
(1, -97, -70)
(0, -96, -69)
(0, -96, -68)
(1, -97, -68)
(1, -97, -67)
(1, -97, -66)
(0, -96, -65)
(0, -96, -64)
(1, -96, -64)
(0, -95, -64)
(1, -95, -65)
(0, -94, -65)
(1, -94, -66)
(0, -93, -65)
(0, -93, -64)
(1, -93, -64)
(0, -92, -63)
(0, -92, -62)
(1, -92, -62)
(0, -91, -62)
(0, -91, -63)
(1, -91, -64)
(1, -91, -65)
(1, -91, -66)
(1, -91, -67)
(0, -91, -67)
(0, -91, -68)
(1, -91, -69)
(1, -91, -70)
(1, -91, -71)
(0, -90, -71)
(1, -90, -71)
(0, -89, -70)
(1, -89, -71)
(0, -88, -70)
(0, -88, -69)
(1, -88, -69)
(0, -87, -68)
(1, -87, -69)
(1, -87, -70)
(0, -87, -70)
(0, -87, -71)
(1, -88, -72)
(1, -88, -73)
(0, -88, -73)
(1, -89, -74)
(0, -89, -73)
(1, -90, -74)
(0, -90, -73)
(1, -91, -74)
(1, -91, -75)
(0, -90, -75)
(1, -90, -76)
(0, -89, -75)
(1, -89, -76)
(0, -88, -75)
(1, -88, -76)
(0, -87, -76)
(1, -87, -77)
(0, -86, -77)
(1, -86, -78)
(1, -86, -79)
(1, -86, -80)
(1, -86, -81)
(0, -86, -81)
(0, -86, -82)
(0, -86, -83)
(0, -86, -84)
(0, -86, -85)
(1, -87, -86)
(0, -87, -85)
(1, -88, -85)
(0, -88, -85)
(1, -89, -85)
(0, -89, -85)
(0, -89, -86)
(1, -90, -87)
(0, -90, -86)
(1, -91, -86)
(0, -91, -86)
(1, -92, -86)
(0, -92, -86)
(0, -92, -87)
(1, -93, -88)
(0, -93, -88)
(1, -94, -88)
(0, -94, -88)
(1, -95, -88)
(0, -95, -88)
(1, -96, -89)
(0, -96, -88)
(1, -97, -88)
(0, -97, -88)
(1, -98, -89)
(0, -98, -89)
(1, -99, -90)
(0, -99, -89)
(1, -100, -90)
(0, -100, -90)
(0, -100, -91)
(1, -100, -92)
(0, -99, -92)
(0, -99, -93)
(1, -100, -94)
(1, -100, -95)
(0, -100, -95)
(0, -100, -96)
(1, -100, -97)
(0, -99, -97)
(1, -99, -97)
(0, -98, -96)
(1, -98, -96)
(1, -98, -95)
(0, -98, -94)
(0, -98, -93)
(1, -98, -93)
(0, -97, -92)
(1, -97, -93)
(0, -96, -92)
(1, -96, -92)
(1, -96, -91)
(0, -95, -90)
(1, -95, -91)
(0, -94, -90)
(1, -94, -91)
(0, -93, -90)
(1, -93, -90)
(0, -92, -89)
(1, -92, -90)
(0, -91, -89)
(0, -91, -88)
(1, -91, -88)
(0, -90, -88)
(1, -90, -89)
(0, -89, -89)
(1, -89, -90)
(0, -88, -90)
(1, -88, -90)
(0, -87, -89)
(1, -87, -90)
(0, -86, -90)
(0, -86, -91)
(0, -86, -92)
(1, -87, -93)
(0, -87, -92)
(1, -88, -92)
(0, -88, -92)
(1, -89, -93)
(0, -89, -92)
(1, -90, -92)
(0, -90, -92)
(1, -91, -92)
(0, -91, -92)
(1, -92, -92)
(0, -92, -91)
(1, -93, -92)
(1, -93, -93)
(0, -93, -93)
(1, -94, -93)
(0, -94, -93)
(1, -95, -94)
(1, -95, -95)
(0, -95, -95)
(0, -95, -96)
(0, -95, -97)
(1, -95, -98)
(0, -94, -98)
(1, -94, -99)
(0, -93, -98)
(1, -93, -98)
(0, -92, -98)
(1, -92, -98)
(0, -91, -98)
(1, -91, -99)
(0, -90, -98)
(0, -90, -97)
(1, -91, -97)
(1, -91, -96)
(0, -90, -95)
(1, -90, -95)
(0, -89, -95)
(1, -89, -96)
(1, -89, -97)
(1, -89, -98)
(1, -89, -99)
(1, -89, -100)
(0, -89, -100)
(0, -89, -101)
(1, -90, -102)
(0, -90, -102)
(1, -91, -103)
(0, -91, -103)
(1, -92, -103)
(1, -92, -102)
(0, -92, -101)
(0, -92, -100)
(1, -93, -100)
(0, -93, -100)
(0, -93, -101)
(1, -94, -102)
(0, -94, -102)
(0, -94, -103)
(1, -95, -104)
(1, -95, -105)
(0, -94, -105)
(1, -94, -106)
(1, -94, -107)
(0, -93, -107)
(0, -93, -108)
(1, -94, -109)
(0, -94, -109)
(1, -95, -109)
(1, -95, -108)
(1, -95, -107)
(0, -95, -106)
(1, -96, -106)
(0, -96, -105)
(1, -97, -105)
(0, -97, -104)
(1, -98, -105)
(0, -98, -104)
(1, -99, -104)
(0, -99, -103)
(1, -100, -104)
(1, -100, -105)
(0, -100, -105)
(0, -100, -106)
(0, -100, -107)
(1, -100, -108)
(1, -100, -109)
(1, -100, -110)
(1, -100, -111)
(1, -100, -112)
(1, -100, -113)
(0, -100, -113)
(0, -100, -114)
(1, -100, -115)
(0, -99, -115)
(0, -99, -116)
(0, -99, -117)
(1, -100, -118)
(1, -100, -119)
(0, -99, -119)
(1, -99, -119)
(0, -98, -119)
(0, -98, -120)
(1, -98, -121)
(0, -97, -121)
(1, -97, -122)
(0, -96, -122)
(0, -96, -123)
(0, -96, -124)
(0, -96, -125)
(0, -96, -126)
(0, -96, -127)
(1, -97, -128)
(1, -97, -129)
(0, -96, -129)
(1, -96, -130)
(0, -95, -129)
(0, -95, -128)
(1, -95, -128)
(1, -95, -127)
(0, -95, -126)
(0, -95, -125)
(0, -95, -124)
(1, -95, -124)
(1, -95, -123)
(0, -95, -122)
(0, -95, -121)
(0, -95, -120)
(1, -95, -120)
(0, -94, -119)
(1, -94, -119)
(1, -94, -118)
(0, -93, -117)
(0, -93, -116)
(0, -93, -115)
(1, -93, -115)
(0, -92, -114)
(1, -92, -115)
(1, -92, -116)
(1, -92, -117)
(0, -91, -117)
(1, -91, -117)
(0, -90, -117)
(1, -90, -118)
(1, -90, -119)
(0, -89, -119)
(1, -89, -119)
(1, -89, -118)
(0, -88, -117)
(1, -88, -118)
(0, -87, -117)
(0, -87, -116)
(0, -87, -115)
(1, -87, -115)
(0, -86, -115)
(0, -86, -116)
(1, -86, -117)
(0, -85, -116)
(1, -85, -116)
(1, -85, -115)
(0, -84, -114)
(1, -84, -114)
(1, -84, -113)
(0, -83, -112)
(1, -83, -113)
(0, -82, -112)
(0, -82, -111)
(0, -82, -110)
(1, -82, -110)
(1, -82, -109)
(0, -82, -108)
(1, -83, -109)
(0, -83, -109)
(1, -84, -110)
(0, -84, -110)
(1, -85, -111)
(0, -85, -111)
(1, -86, -112)
(0, -86, -112)
(1, -87, -113)
(0, -87, -113)
(1, -88, -114)
(0, -88, -113)
(0, -88, -112)
(0, -88, -111)
(1, -88, -111)
(0, -87, -110)
(0, -87, -109)
(1, -87, -109)
(0, -86, -109)
(1, -86, -109)
(1, -86, -108)
(1, -86, -107)
(1, -86, -106)
(0, -86, -105)
(1, -87, -106)
(0, -87, -106)
(0, -87, -107)
(1, -88, -108)
(0, -88, -108)
(1, -89, -109)
(0, -89, -109)
(1, -90, -110)
(0, -90, -109)
(0, -90, -108)
(0, -90, -107)
(1, -91, -107)
(1, -91, -106)
(1, -91, -105)
(0, -90, -104)
(1, -90, -105)
(0, -89, -104)
(0, -89, -103)
(1, -89, -103)
(0, -88, -102)
(1, -88, -102)
(0, -87, -101)
(0, -87, -100)
(1, -87, -100)
(0, -86, -99)
(1, -86, -100)
(0, -85, -100)
(1, -85, -100)
(0, -84, -99)
(0, -84, -98)
(0, -84, -97)
(0, -84, -96)
(1, -84, -96)
(1, -84, -95)
(1, -84, -94)
(0, -84, -93)
(1, -85, -93)
(1, -85, -92)
(0, -85, -91)
(0, -85, -90)
(0, -85, -89)
(1, -85, -89)
(0, -84, -88)
(0, -84, -87)
(1, -85, -87)
(1, -85, -86)
(0, -85, -85)
(0, -85, -84)
(1, -85, -84)
(0, -84, -84)
(1, -84, -85)
(0, -83, -84)
(0, -83, -83)
(1, -83, -83)
(1, -83, -82)
(1, -83, -81)
(0, -83, -80)
(1, -84, -80)
(0, -84, -79)
(1, -85, -79)
(1, -85, -78)
(1, -85, -77)
(0, -85, -76)
(0, -85, -75)
(1, -86, -75)
(0, -86, -74)
(0, -86, -73)
(1, -86, -73)
(0, -85, -72)
(0, -85, -71)
(1, -86, -71)
(1, -86, -70)
(1, -86, -69)
(0, -85, -68)
(1, -85, -68)
(1, -85, -67)
(0, -85, -66)
(0, -85, -65)
(1, -85, -65)
(0, -84, -64)
(1, -84, -64)
(0, -83, -64)
(0, -83, -65)
(1, -84, -66)
(1, -84, -67)
(1, -84, -68)
(0, -83, -68)
(0, -83, -69)
(1, -84, -70)
(1, -84, -71)
(0, -84, -71)
(0, -84, -72)
(0, -84, -73)
(1, -84, -74)
(0, -83, -74)
(1, -83, -75)
(0, -82, -75)
(1, -82, -75)
(1, -82, -74)
(0, -82, -73)
(1, -83, -73)
(1, -83, -72)
(1, -83, -71)
(0, -82, -70)
(1, -82, -71)
(0, -81, -71)
(1, -81, -71)
(0, -80, -71)
(0, -80, -72)
(1, -80, -73)
(0, -79, -72)
(0, -79, -71)
(1, -79, -71)
(1, -79, -70)
(1, -79, -69)
(0, -79, -68)
(1, -80, -69)
(0, -80, -68)
(1, -81, -69)
(0, -81, -69)
(1, -82, -69)
(0, -82, -68)
(0, -82, -67)
(1, -82, -67)
(0, -81, -67)
(1, -81, -67)
(1, -81, -66)
(0, -81, -65)
(1, -82, -65)
(1, -82, -64)
(1, -82, -63)
(1, -82, -62)
(1, -82, -61)
(1, -82, -60)
(0, -82, -59)
(0, -82, -58)
(1, -82, -58)
(0, -81, -57)
(1, -81, -57)
(0, -80, -56)
(1, -80, -57)
(0, -79, -56)
(1, -79, -57)
(0, -78, -56)
(0, -78, -55)
(1, -79, -55)
(1, -79, -54)
(1, -79, -53)
(0, -78, -52)
(0, -78, -51)
(1, -78, -51)
(0, -77, -50)
(0, -77, -49)
(1, -77, -49)
(0, -76, -49)
(0, -76, -50)
(0, -76, -51)
(1, -77, -52)
(1, -77, -53)
(0, -76, -53)
(0, -76, -54)
(1, -77, -55)
(0, -77, -55)
(0, -77, -56)
(0, -77, -57)
(1, -78, -58)
(0, -78, -58)
(1, -79, -59)
(0, -79, -59)
(0, -79, -60)
(0, -79, -61)
(0, -79, -62)
(1, -80, -63)
(0, -80, -62)
(1, -81, -63)
(1, -81, -64)
(0, -80, -64)
(1, -80, -65)
(0, -79, -65)
(1, -79, -66)
(0, -78, -65)
(0, -78, -64)
(1, -78, -64)
(0, -77, -63)
(1, -77, -64)
(0, -76, -64)
(1, -76, -65)
(1, -76, -66)
(0, -75, -66)
(1, -75, -67)
(0, -74, -66)
(0, -74, -65)
(0, -74, -64)
(1, -74, -64)
(0, -73, -63)
(1, -73, -63)
(1, -73, -62)
(1, -73, -61)
(0, -73, -60)
(1, -74, -60)
(1, -74, -59)
(0, -74, -58)
(1, -75, -58)
(0, -75, -58)
(0, -75, -59)
(1, -76, -60)
(0, -76, -59)
(0, -76, -58)
(0, -76, -57)
(1, -76, -57)
(0, -75, -56)
(1, -75, -56)
(1, -75, -55)
(0, -75, -54)
(0, -75, -53)
(1, -75, -53)
(0, -74, -53)
(1, -74, -54)
(0, -73, -53)
(1, -73, -53)
(0, -72, -52)
(1, -72, -52)
(0, -71, -51)
(0, -71, -50)
(0, -71, -49)
(1, -71, -49)
(0, -70, -48)
(0, -70, -47)
(0, -70, -46)
(1, -71, -46)
(1, -71, -45)
(0, -70, -44)
(0, -70, -43)
(1, -71, -43)
(1, -71, -42)
(0, -71, -41)
(1, -72, -41)
(0, -72, -41)
(1, -73, -42)
(1, -73, -43)
(0, -73, -43)
(1, -74, -44)
(0, -74, -44)
(0, -74, -45)
(0, -74, -46)
(0, -74, -47)
(1, -74, -48)
(1, -74, -49)
(0, -74, -49)
(0, -74, -50)
(1, -75, -51)
(0, -75, -50)
(0, -75, -49)
(0, -75, -48)
(1, -76, -48)
(1, -76, -47)
(0, -75, -46)
(0, -75, -45)
(0, -75, -44)
(0, -75, -43)
(1, -75, -43)
(1, -75, -42)
(0, -75, -41)
(0, -75, -40)
(1, -76, -40)
(0, -76, -40)
(0, -76, -41)
(0, -76, -42)
(0, -76, -43)
(0, -76, -44)
(0, -76, -45)
(1, -77, -46)
(1, -77, -47)
(0, -77, -47)
(1, -78, -48)
(0, -78, -47)
(0, -78, -46)
(1, -78, -46)
(1, -78, -45)
(0, -77, -44)
(0, -77, -43)
(1, -78, -43)
(1, -78, -42)
(0, -77, -41)
(0, -77, -40)
(1, -78, -40)
(0, -78, -40)
(1, -79, -40)
(0, -79, -39)
(1, -80, -39)
(1, -80, -38)
(1, -80, -37)
(1, -80, -36)
(0, -79, -35)
(1, -79, -36)
(1, -79, -37)
(1, -79, -38)
(0, -78, -38)
(1, -78, -38)
(0, -77, -37)
(1, -77, -38)
(0, -76, -38)
(1, -76, -38)
(1, -76, -37)
(0, -76, -36)
(1, -77, -36)
(1, -77, -35)
(0, -76, -34)
(1, -76, -35)
(0, -75, -35)
(1, -75, -36)
(0, -74, -35)
(1, -74, -35)
(0, -73, -34)
(0, -73, -33)
(1, -74, -33)
(0, -74, -33)
(1, -75, -34)
(0, -75, -33)
(0, -75, -32)
(1, -75, -32)
(1, -75, -31)
(0, -75, -30)
(1, -76, -31)
(0, -76, -31)
(1, -77, -32)
(0, -77, -32)
(0, -77, -33)
(1, -78, -34)
(0, -78, -33)
(0, -78, -32)
(1, -79, -32)
(0, -79, -32)
(0, -79, -33)
(1, -80, -34)
(0, -80, -33)
(1, -81, -34)
(0, -81, -34)
(1, -82, -35)
(1, -82, -36)
(1, -82, -37)
(1, -82, -38)
(0, -81, -38)
(0, -81, -39)
(1, -81, -40)
(1, -81, -41)
(1, -81, -42)
(0, -80, -42)
(1, -80, -43)
(1, -80, -44)
(0, -79, -44)
(0, -79, -45)
(0, -79, -46)
(1, -80, -47)
(0, -80, -46)
(0, -80, -45)
(1, -81, -45)
(0, -81, -45)
(1, -82, -45)
(1, -82, -44)
(0, -82, -43)
(1, -83, -43)
(0, -83, -42)
(1, -84, -42)
(1, -84, -41)
(0, -84, -40)
(0, -84, -39)
(0, -84, -38)
(1, -84, -38)
(0, -83, -37)
(1, -83, -37)
(1, -83, -36)
(0, -83, -35)
(0, -83, -34)
(1, -84, -34)
(1, -84, -33)
(0, -83, -32)
(1, -83, -32)
(0, -82, -32)
(1, -82, -32)
(0, -81, -32)
(1, -81, -32)
(0, -80, -31)
(0, -80, -30)
(1, -80, -30)
(0, -79, -30)
(1, -79, -30)
(0, -78, -30)
(1, -78, -31)
(0, -77, -30)
(1, -77, -30)
(0, -76, -29)
(0, -76, -28)
(1, -76, -28)
(0, -75, -28)
(1, -75, -29)
(0, -74, -28)
(1, -74, -29)
(1, -74, -30)
(0, -73, -30)
(0, -73, -31)
(1, -73, -32)
(0, -72, -32)
(1, -72, -33)
(0, -71, -32)
(1, -71, -33)
(0, -70, -32)
(0, -70, -31)
(1, -70, -31)
(1, -70, -30)
(0, -70, -29)
(1, -71, -30)
(0, -71, -29)
(0, -71, -28)
(0, -71, -27)
(1, -71, -27)
(0, -70, -27)
(1, -70, -27)
(0, -69, -27)
(0, -69, -28)
(1, -69, -29)
(0, -68, -29)
(0, -68, -30)
(1, -69, -31)
(1, -69, -32)
(0, -68, -32)
(1, -68, -32)
(0, -67, -31)
(1, -67, -32)
(1, -67, -33)
(0, -67, -33)
(1, -68, -34)
(1, -68, -35)
(0, -68, -35)
(0, -68, -36)
(1, -68, -37)
(0, -67, -37)
(1, -67, -38)
(1, -67, -39)
(0, -66, -39)
(1, -66, -40)
(0, -65, -40)
(1, -65, -40)
(0, -64, -39)
(1, -64, -39)
(0, -63, -38)
(1, -63, -39)
(0, -62, -39)
(1, -62, -40)
(0, -61, -39)
(0, -61, -38)
(1, -62, -38)
(1, -62, -37)
(0, -62, -36)
(1, -63, -36)
(0, -63, -36)
(1, -64, -37)
(0, -64, -36)
(0, -64, -35)
(0, -64, -34)
(1, -65, -34)
(0, -65, -34)
(1, -66, -34)
(1, -66, -33)
(0, -65, -32)
(0, -65, -31)
(1, -66, -31)
(1, -66, -30)
(0, -65, -29)
(0, -65, -28)
(0, -65, -27)
(0, -65, -26)
(0, -65, -25)
(0, -65, -24)
(0, -65, -23)
(0, -65, -22)
(1, -66, -22)
(0, -66, -21)
(1, -67, -21)
(0, -67, -20)
(1, -68, -20)
(0, -68, -19)
(1, -69, -20)
(1, -69, -21)
(0, -68, -21)
(1, -68, -22)
(1, -68, -23)
(0, -68, -23)
(1, -69, -23)
(0, -69, -22)
(1, -70, -23)
(0, -70, -23)
(1, -71, -24)
(0, -71, -24)
(0, -71, -25)
(1, -72, -26)
(0, -72, -26)
(0, -72, -27)
(1, -73, -28)
(0, -73, -27)
(0, -73, -26)
(1, -74, -26)
(1, -74, -25)
(1, -74, -24)
(0, -74, -23)
(1, -75, -23)
(1, -75, -22)
(0, -75, -21)
(0, -75, -20)
(0, -75, -19)
(1, -76, -19)
(1, -76, -18)
(1, -76, -17)
(0, -75, -16)
(1, -75, -16)
(1, -75, -15)
(1, -75, -14)
(1, -75, -13)
(1, -75, -12)
(0, -75, -11)
(1, -76, -11)
(0, -76, -10)
(1, -77, -10)
(1, -77, -9)
(0, -76, -8)
(1, -76, -8)
(1, -76, -7)
(0, -76, -6)
(1, -77, -7)
(0, -77, -7)
(1, -78, -7)
(0, -78, -6)
(0, -78, -5)
(1, -79, -5)
(0, -79, -5)
(0, -79, -6)
(1, -80, -7)
(0, -80, -6)
(0, -80, -5)
(1, -81, -5)
(0, -81, -5)
(0, -81, -6)
(0, -81, -7)
(1, -82, -8)
(1, -82, -9)
(0, -81, -9)
(1, -81, -10)
(0, -80, -9)
(1, -80, -10)
(0, -79, -9)
(0, -79, -8)
(1, -79, -8)
(0, -78, -8)
(0, -78, -9)
(1, -78, -10)
(1, -78, -11)
(1, -78, -12)
(0, -78, -12)
(0, -78, -13)
(1, -78, -14)
(0, -77, -14)
(1, -77, -14)
(0, -76, -14)
(0, -76, -15)
(1, -77, -16)
(0, -77, -16)
(0, -77, -17)
(1, -77, -18)
(1, -77, -19)
(0, -77, -19)
(0, -77, -20)
(1, -77, -21)
(1, -77, -22)
(1, -77, -23)
(0, -76, -23)
(0, -76, -24)
(0, -76, -25)
(0, -76, -26)
(1, -77, -27)
(0, -77, -26)
(1, -78, -27)
(0, -78, -27)
(1, -79, -27)
(1, -79, -26)
(0, -78, -25)
(1, -78, -25)
(1, -78, -24)
(0, -78, -23)
(1, -79, -24)
(0, -79, -24)
(1, -80, -24)
(1, -80, -23)
(0, -79, -22)
(1, -79, -22)
(1, -79, -21)
(1, -79, -20)
(1, -79, -19)
(0, -79, -18)
(1, -80, -19)
(0, -80, -18)
(0, -80, -17)
(1, -81, -17)
(0, -81, -17)
(0, -81, -18)
(1, -82, -19)
(1, -82, -20)
(0, -82, -20)
(0, -82, -21)
(1, -82, -22)
(1, -82, -23)
(1, -82, -24)
(0, -81, -24)
(0, -81, -25)
(1, -82, -26)
(0, -82, -26)
(1, -83, -27)
(0, -83, -26)
(1, -84, -27)
(1, -84, -28)
(0, -83, -28)
(0, -83, -29)
(1, -84, -30)
(0, -84, -30)
(1, -85, -31)
(0, -85, -31)
(0, -85, -32)
(0, -85, -33)
(1, -86, -34)
(0, -86, -34)
(0, -86, -35)
(1, -86, -36)
(0, -85, -36)
(0, -85, -37)
(1, -86, -38)
(0, -86, -37)
(1, -87, -38)
(0, -87, -38)
(0, -87, -39)
(0, -87, -40)
(0, -87, -41)
(1, -88, -42)
(1, -88, -43)
(0, -87, -43)
(1, -87, -44)
(1, -87, -45)
(1, -87, -46)
(0, -86, -46)
(1, -86, -47)
(0, -85, -47)
(0, -85, -48)
(0, -85, -49)
(1, -86, -50)
(1, -86, -51)
(1, -86, -52)
(0, -85, -52)
(1, -85, -53)
(0, -84, -53)
(1, -84, -53)
(0, -83, -52)
(1, -83, -53)
(1, -83, -54)
(0, -83, -54)
(0, -83, -55)
(1, -83, -56)
(1, -83, -57)
(0, -83, -57)
(1, -84, -58)
(0, -84, -58)
(1, -85, -58)
(1, -85, -57)
(0, -85, -56)
(0, -85, -55)
(0, -85, -54)
(1, -86, -54)
(0, -86, -53)
(1, -87, -53)
(1, -87, -52)
(1, -87, -51)
(1, -87, -50)
(1, -87, -49)
(0, -87, -48)
(1, -88, -48)
(0, -88, -48)
(1, -89, -48)
(1, -89, -47)
(0, -88, -46)
(0, -88, -45)
(0, -88, -44)
(1, -89, -44)
(0, -89, -44)
(1, -90, -45)
(0, -90, -45)
(1, -91, -46)
(0, -91, -45)
(0, -91, -44)
(0, -91, -43)
(0, -91, -42)
(0, -91, -41)
(0, -91, -40)
(1, -92, -40)
(0, -92, -40)
(1, -93, -41)
(0, -93, -40)
(0, -93, -39)
(0, -93, -38)
(1, -93, -38)
(0, -92, -38)
(1, -92, -38)
(0, -91, -38)
(1, -91, -39)
(0, -90, -39)
(1, -90, -40)
(1, -90, -41)
(0, -89, -41)
(1, -89, -41)
(1, -89, -40)
(1, -89, -39)
