(1, -22, -54)
(0, -22, -54)
(0, -22, -55)
(1, -22, -56)
(1, -22, -57)
(0, -22, -57)
(0, -22, -58)
(1, -22, -59)
(0, -21, -58)
(1, -21, -58)
(0, -20, -58)
(1, -20, -58)
(0, -19, -58)
(0, -19, -59)
(1, -20, -60)
(0, -20, -60)
(0, -20, -61)
(1, -20, -62)
(0, -19, -61)
(1, -19, -61)
(0, -18, -60)
(1, -18, -61)
(0, -17, -61)
(1, -17, -62)
(1, -17, -63)
(0, -17, -63)
(0, -17, -64)
(0, -17, -65)
(0, -17, -66)
(1, -18, -67)
(1, -18, -68)
(0, -18, -68)
(0, -18, -69)
(0, -18, -70)
(1, -18, -71)
(0, -17, -71)
(1, -17, -71)
(1, -17, -70)
(1, -17, -69)
(1, -17, -68)
(0, -16, -67)
(0, -16, -66)
(1, -16, -66)
(0, -15, -65)
(1, -15, -66)
(1, -15, -67)
(0, -14, -67)
(1, -14, -68)
(1, -14, -69)
(0, -14, -69)
(1, -15, -70)
(1, -15, -71)
(0, -15, -71)
(1, -16, -72)
(0, -16, -72)
(0, -16, -73)
(0, -16, -74)
(1, -17, -75)
(0, -17, -75)
(1, -18, -75)
(0, -18, -75)
(1, -19, -76)
(1, -19, -77)
(1, -19, -78)
(0, -18, -78)
(1, -18, -78)
(0, -17, -78)
(1, -17, -78)
(0, -16, -78)
(0, -16, -79)
(1, -17, -80)
(0, -17, -80)
(1, -18, -81)
(1, -18, -82)
(0, -18, -82)
(1, -19, -83)
(1, -19, -84)
(1, -19, -85)
(0, -19, -85)
(0, -19, -86)
(1, -19, -87)
(0, -18, -87)
(1, -18, -88)
(0, -17, -88)
(1, -17, -89)
(0, -16, -89)
(1, -16, -90)
(1, -16, -91)
(0, -16, -91)
(1, -17, -92)
(1, -17, -93)
(1, -17, -94)
(0, -17, -94)
(0, -17, -95)
(1, -17, -96)
(0, -16, -96)
(0, -16, -97)
(1, -16, -98)
(1, -16, -99)
(1, -16, -100)
(0, -16, -100)
(1, -17, -101)
(0, -17, -100)
(1, -18, -101)
(0, -18, -100)
(1, -19, -100)
(0, -19, -99)
(0, -19, -98)
(1, -19, -98)
(0, -18, -98)
(1, -18, -98)
(1, -18, -97)
(0, -18, -96)
(0, -18, -95)
(1, -19, -95)
(0, -19, -95)
(1, -20, -95)
(0, -20, -95)
(0, -20, -96)
(1, -21, -97)
(0, -21, -96)
(0, -21, -95)
(0, -21, -94)
(1, -21, -94)
(1, -21, -93)
(0, -21, -92)
(1, -22, -93)
(0, -22, -93)
(0, -22, -94)
(0, -22, -95)
(0, -22, -96)
(1, -23, -97)
(0, -23, -96)
(1, -24, -96)
(0, -24, -96)
(1, -25, -97)
(0, -25, -97)
(1, -26, -98)
(1, -26, -99)
(0, -25, -99)
(1, -25, -99)
(0, -24, -99)
(1, -24, -99)
(0, -23, -98)
(1, -23, -99)
(0, -22, -99)
(0, -22, -100)
(0, -22, -101)
(1, -23, -102)
(0, -23, -101)
(1, -24, -102)
(0, -24, -101)
(1, -25, -102)
(0, -25, -102)
(0, -25, -103)
(1, -25, -104)
(0, -24, -104)
(0, -24, -105)
(1, -25, -106)
(0, -25, -105)
(1, -26, -106)
(0, -26, -106)
(1, -27, -106)
(1, -27, -105)
(0, -27, -104)
(1, -28, -104)
(0, -28, -104)
(0, -28, -105)
(1, -29, -106)
(0, -29, -105)
(1, -30, -106)
(1, -30, -107)
(0, -30, -107)
(1, -31, -108)
(1, -31, -109)
(0, -31, -109)
(1, -32, -110)
(1, -32, -111)
(1, -32, -112)
(0, -32, -112)
(1, -33, -112)
(0, -33, -111)
(1, -34, -111)
(0, -34, -110)
(1, -35, -110)
(1, -35, -109)
(0, -35, -108)
(0, -35, -107)
(0, -35, -106)
(1, -35, -106)
(1, -35, -105)
(0, -35, -104)
(1, -36, -105)
(0, -36, -105)
(0, -36, -106)
(1, -37, -107)
(0, -37, -107)
(1, -38, -107)
(1, -38, -106)
(0, -38, -105)
(0, -38, -104)
(1, -39, -104)
(0, -39, -104)
(0, -39, -105)
(1, -40, -106)
(0, -40, -106)
(1, -41, -107)
(1, -41, -108)
(0, -41, -108)
(0, -41, -109)
(0, -41, -110)
(0, -41, -111)
(1, -42, -112)
(1, -42, -113)
(1, -42, -114)
(1, -42, -115)
(0, -42, -115)
(1, -43, -116)
(0, -43, -115)
(0, -43, -114)
(1, -43, -114)
(1, -43, -113)
(0, -43, -112)
(1, -44, -113)
(0, -44, -113)
(1, -45, -114)
(1, -45, -115)
(1, -45, -116)
(0, -44, -116)
(1, -44, -117)
(0, -43, -117)
(0, -43, -118)
(0, -43, -119)
(1, -43, -120)
(0, -42, -120)
(0, -42, -121)
(1, -43, -122)
(0, -43, -121)
(1, -44, -122)
(0, -44, -121)
(1, -45, -121)
(1, -45, -120)
(0, -45, -119)
(0, -45, -118)
(1, -46, -118)
(0, -46, -117)
(1, -47, -117)
(0, -47, -116)
(1, -48, -116)
(0, -48, -115)
(0, -48, -114)
(0, -48, -113)
(1, -48, -113)
(0, -47, -113)
(1, -47, -113)
(0, -46, -112)
(1, -46, -113)
(0, -45, -112)
(0, -45, -111)
(1, -45, -111)
(0, -44, -110)
(1, -44, -110)
(0, -43, -110)
(1, -43, -110)
(1, -43, -109)
(0, -43, -108)
(0, -43, -107)
(1, -43, -107)
(0, -42, -107)
(1, -42, -107)
(1, -42, -106)
(1, -42, -105)
(0, -42, -104)
(1, -43, -104)
(1, -43, -103)
(0, -42, -102)
(1, -42, -102)
(0, -41, -101)
(1, -41, -102)
(0, -40, -101)
(1, -40, -101)
(1, -40, -100)
(0, -39, -99)
(1, -39, -100)
(0, -38, -99)
(0, -38, -98)
(0, -38, -97)
(1, -38, -97)
(0, -37, -96)
(0, -37, -95)
(1, -37, -95)
(1, -37, -94)
(0, -36, -93)
(1, -36, -94)
(0, -35, -93)
(1, -35, -93)
(0, -34, -92)
(1, -34, -93)
(0, -33, -92)
(0, -33, -91)
(1, -33, -91)
(0, -32, -90)
(1, -32, -90)
(1, -32, -89)
(1, -32, -88)
(0, -31, -87)
(1, -31, -88)
(0, -30, -87)
(1, -30, -88)
(1, -30, -89)
(0, -30, -89)
(1, -31, -90)
(1, -31, -91)
(1, -31, -92)
(0, -30, -92)
(1, -30, -92)
(0, -29, -91)
(0, -29, -90)
(1, -29, -90)
(0, -28, -89)
(1, -28, -89)
(1, -28, -88)
(0, -28, -87)
(0, -28, -86)
(1, -29, -86)
(1, -29, -85)
(0, -28, -84)
(0, -28, -83)
(1, -28, -83)
(0, -27, -82)
(1, -27, -82)
(1, -27, -81)
(1, -27, -80)
(1, -27, -79)
(1, -27, -78)
(1, -27, -77)
(1, -27, -76)
(0, -27, -75)
(1, -28, -75)
(0, -28, -74)
(1, -29, -75)
(0, -29, -75)
(0, -29, -76)
(1, -29, -77)
(1, -29, -78)
(0, -29, -78)
(1, -30, -79)
(1, -30, -80)
(1, -30, -81)
(0, -30, -81)
(0, -30, -82)
(1, -31, -83)
(1, -31, -84)
(0, -31, -84)
(1, -32, -85)
(0, -32, -84)
(0, -32, -83)
(1, -33, -83)
(0, -33, -83)
(0, -33, -84)
(1, -34, -85)
(0, -34, -84)
(1, -35, -85)
(1, -35, -86)
(0, -34, -86)
(0, -34, -87)
(1, -34, -88)
(0, -33, -87)
(1, -33, -88)
(1, -33, -89)
(0, -33, -89)
(1, -34, -90)
(0, -34, -89)
(1, -35, -90)
(1, -35, -91)
(0, -35, -91)
(1, -36, -92)
(0, -36, -91)
(1, -37, -92)
(0, -37, -91)
(1, -38, -91)
(0, -38, -90)
(0, -38, -89)
(0, -38, -88)
(0, -38, -87)
(0, -38, -86)
(1, -38, -86)
(1, -38, -85)
(0, -38, -84)
(1, -39, -85)
(0, -39, -85)
(0, -39, -86)
(1, -40, -87)
(0, -40, -87)
(0, -40, -88)
(1, -40, -89)
(0, -39, -89)
(0, -39, -90)
(1, -40, -91)
(0, -40, -91)
(1, -41, -91)
(0, -41, -90)
(1, -42, -91)
(1, -42, -92)
(0, -42, -92)
(0, -42, -93)
(1, -42, -94)
(1, -42, -95)
(1, -42, -96)
(0, -41, -96)
(1, -41, -96)
(1, -41, -95)
(0, -40, -94)
(1, -40, -94)
(0, -39, -93)
(1, -39, -94)
(1, -39, -95)
(0, -39, -95)
(0, -39, -96)
(1, -40, -97)
(0, -40, -97)
(1, -41, -98)
(0, -41, -98)
(0, -41, -99)
(1, -42, -100)
(0, -42, -99)
(0, -42, -98)
(1, -43, -98)
(1, -43, -97)
(1, -43, -96)
(1, -43, -95)
(0, -43, -94)
(0, -43, -93)
(0, -43, -92)
(0, -43, -91)
(1, -43, -91)
(1, -43, -90)
(0, -43, -89)
(1, -44, -90)
(0, -44, -89)
(1, -45, -89)
(1, -45, -88)
(0, -45, -87)
(1, -46, -87)
(1, -46, -86)
(0, -45, -85)
(0, -45, -84)
(1, -46, -84)
(0, -46, -84)
(1, -47, -85)
(0, -47, -85)
(1, -48, -86)
(0, -48, -85)
(0, -48, -84)
(1, -48, -84)
(1, -48, -83)
(0, -48, -82)
(0, -48, -81)
(1, -48, -81)
(0, -47, -81)
(1, -47, -81)
(0, -46, -80)
(1, -46, -81)
(0, -45, -81)
(1, -45, -81)
(1, -45, -80)
(1, -45, -79)
(0, -44, -78)
(0, -44, -77)
(1, -44, -77)
(0, -43, -76)
(1, -43, -77)
(0, -42, -77)
(1, -42, -77)
(1, -42, -76)
(0, -41, -75)
(1, -41, -75)
(1, -41, -74)
(0, -40, -73)
(0, -40, -72)
(1, -41, -72)
(0, -41, -71)
(0, -41, -70)
(1, -42, -70)
(1, -42, -69)
(0, -42, -68)
(0, -42, -67)
(1, -43, -67)
(0, -43, -66)
(1, -44, -67)
(0, -44, -66)
(1, -45, -66)
(0, -45, -66)
(1, -46, -66)
(0, -46, -66)
(1, -47, -66)
(1, -47, -65)
(0, -47, -64)
(0, -47, -63)
(1, -48, -63)
(1, -48, -62)
(1, -48, -61)
(1, -48, -60)
(0, -48, -59)
(1, -49, -60)
(0, -49, -60)
(1, -50, -60)
(0, -50, -60)
(0, -50, -61)
(1, -51, -62)
(0, -51, -61)
(0, -51, -60)
(1, -52, -60)
(0, -52, -60)
(0, -52, -61)
(1, -53, -62)
(0, -53, -62)
(1, -54, -63)
(0, -54, -62)
(0, -54, -61)
(1, -55, -61)
(1, -55, -60)
(0, -55, -59)
(1, -56, -59)
(0, -56, -59)
(1, -57, -60)
(0, -57, -59)
(0, -57, -58)
(0, -57, -57)
(1, -57, -57)
(1, -57, -56)
(0, -56, -55)
(0, -56, -54)
(0, -56, -53)
(0, -56, -52)
(0, -56, -51)
(0, -56, -50)
(1, -56, -50)
(0, -55, -50)
(1, -55, -50)
(0, -54, -50)
(1, -54, -51)
(0, -53, -50)
(1, -53, -51)
(1, -53, -52)
(0, -52, -52)
(1, -52, -53)
(0, -51, -53)
(1, -51, -53)
(0, -50, -52)
(1, -50, -53)
(0, -49, -53)
(0, -49, -54)
(1, -50, -55)
(0, -50, -54)
(1, -51, -55)
(1, -51, -56)
(1, -51, -57)
(0, -50, -57)
(1, -50, -58)
(0, -49, -58)
(1, -49, -58)
(0, -48, -57)
(0, -48, -56)
(1, -48, -56)
(0, -47, -56)
(1, -47, -57)
(0, -46, -56)
(1, -46, -56)
(0, -45, -55)
(1, -45, -56)
(1, -45, -57)
(0, -45, -57)
(1, -46, -58)
(0, -46, -58)
(1, -47, -59)
(1, -47, -60)
(1, -47, -61)
(1, -47, -62)
(0, -46, -62)
(1, -46, -62)
(1, -46, -61)
(1, -46, -60)
(0, -45, -59)
(1, -45, -59)
(0, -44, -58)
(1, -44, -58)
(0, -43, -58)
(1, -43, -58)
(1, -43, -57)
(1, -43, -56)
(1, -43, -55)
(0, -43, -54)
(0, -43, -53)
(0, -43, -52)
(0, -43, -51)
(0, -43, -50)
(0, -43, -49)
(1, -43, -49)
(0, -42, -49)
(0, -42, -50)
(1, -42, -51)
(0, -41, -50)
(1, -41, -50)
(1, -41, -49)
(1, -41, -48)
(0, -41, -47)
(1, -42, -47)
(0, -42, -46)
(1, -43, -46)
(0, -43, -46)
(0, -43, -47)
(1, -44, -48)
(0, -44, -48)
(0, -44, -49)
(0, -44, -50)
(1, -45, -51)
(0, -45, -51)
(1, -46, -52)
(0, -46, -51)
(0, -46, -50)
(1, -47, -50)
(0, -47, -50)
(1, -48, -50)
(0, -48, -50)
(1, -49, -50)
(0, -49, -49)
(0, -49, -48)
(0, -49, -47)
(1, -49, -47)
(0, -48, -46)
(1, -48, -47)
(0, -47, -46)
(1, -47, -46)
(1, -47, -45)
(0, -46, -44)
(0, -46, -43)
(0, -46, -42)
(1, -46, -42)
(0, -45, -42)
(1, -45, -43)
(0, -44, -43)
(1, -44, -44)
(0, -43, -43)
(1, -43, -44)
(0, -42, -43)
(1, -42, -43)
(1, -42, -42)
(0, -42, -41)
(1, -43, -41)
(0, -43, -40)
(1, -44, -40)
(0, -44, -39)
(1, -45, -39)
(0, -45, -38)
(1, -46, -39)
(1, -46, -40)
(0, -46, -40)
(1, -47, -40)
(1, -47, -39)
(0, -47, -38)
(1, -48, -39)
(0, -48, -39)
(0, -48, -40)
(0, -48, -41)
(1, -49, -42)
(0, -49, -42)
(1, -50, -43)
(1, -50, -44)
(0, -49, -44)
(0, -49, -45)
(1, -50, -46)
(0, -50, -45)
(1, -51, -46)
(0, -51, -46)
(0, -51, -47)
(1, -52, -48)
(0, -52, -48)
(1, -53, -49)
(0, -53, -48)
(1, -54, -48)
(1, -54, -47)
(1, -54, -46)
(1, -54, -45)
(1, -54, -44)
(1, -54, -43)
(0, -54, -42)
(1, -55, -42)
(0, -55, -41)
(0, -55, -40)
(0, -55, -39)
(1, -56, -39)
(0, -56, -39)
(1, -57, -39)
(0, -57, -39)
(0, -57, -40)
(1, -57, -41)
(0, -56, -41)
(0, -56, -42)
(0, -56, -43)
(1, -57, -44)
(0, -57, -44)
(1, -58, -45)
(1, -58, -46)
(0, -57, -46)
(1, -57, -46)
(0, -56, -46)
(0, -56, -47)
(1, -57, -48)
(1, -57, -49)
(0, -57, -49)
(0, -57, -50)
(0, -57, -51)
(1, -58, -52)
(0, -58, -52)
(0, -58, -53)
(1, -59, -54)
(0, -59, -53)
(0, -59, -52)
(0, -59, -51)
(1, -59, -51)
(0, -58, -50)
(0, -58, -49)
(1, -59, -49)
(0, -59, -48)
(1, -60, -49)
(1, -60, -50)
(0, -60, -50)
(1, -61, -50)
(1, -61, -49)
(1, -61, -48)
(1, -61, -47)
(0, -60, -46)
(0, -60, -45)
(1, -61, -45)
(1, -61, -44)
(0, -60, -43)
(1, -60, -44)
(0, -59, -43)
(1, -59, -44)
(0, -58, -43)
(0, -58, -42)
(0, -58, -41)
(0, -58, -40)
(1, -59, -40)
(1, -59, -39)
(0, -59, -38)
(1, -60, -38)
(1, -60, -37)
(1, -60, -36)
(1, -60, -35)
(1, -60, -34)
(1, -60, -33)
(0, -60, -32)
(0, -60, -31)
(1, -60, -31)
(0, -59, -31)
(1, -59, -32)
(0, -58, -31)
(1, -58, -32)
(0, -57, -32)
(0, -57, -33)
(1, -58, -34)
(0, -58, -33)
(1, -59, -34)
(1, -59, -35)
(1, -59, -36)
(1, -59, -37)
(0, -58, -37)
(1, -58, -37)
(0, -57, -36)
(1, -57, -37)
(0, -56, -37)
(1, -56, -37)
(1, -56, -36)
(1, -56, -35)
(0, -56, -34)
(0, -56, -33)
(0, -56, -32)
(1, -56, -32)
(0, -55, -32)
(1, -55, -32)
(1, -55, -31)
(0, -55, -30)
(0, -55, -29)
(1, -56, -29)
(0, -56, -28)
(0, -56, -27)
(1, -56, -27)
(1, -56, -26)
(1, -56, -25)
(1, -56, -24)
(0, -56, -23)
(1, -57, -24)
(1, -57, -25)
(1, -57, -26)
(0, -57, -26)
(0, -57, -27)
(0, -57, -28)
(0, -57, -29)
(1, -58, -30)
(0, -58, -29)
(0, -58, -28)
(1, -59, -28)
(0, -59, -27)
(1, -60, -28)
(0, -60, -28)
(0, -60, -29)
(1, -61, -30)
(0, -61, -29)
(0, -61, -28)
(0, -61, -27)
(1, -61, -27)
(1, -61, -26)
(0, -61, -25)
(1, -62, -25)
(0, -62, -24)
(0, -62, -23)
(1, -62, -23)
(0, -61, -23)
(1, -61, -23)
(0, -60, -22)
(0, -60, -21)
(1, -61, -21)
(0, -61, -20)
(1, -62, -20)
(0, -62, -20)
(0, -62, -21)
(1, -63, -22)
(0, -63, -22)
(1, -64, -22)
(1, -64, -21)
(0, -63, -20)
(0, -63, -19)
(0, -63, -18)
(1, -64, -18)
(0, -64, -17)
(0, -64, -16)
(0, -64, -15)
(1, -65, -15)
(0, -65, -15)
(1, -66, -16)
(0, -66, -15)
(1, -67, -16)
(0, -67, -16)
(1, -68, -17)
(0, -68, -16)
(1, -69, -16)
(1, -69, -15)
(1, -69, -14)
(0, -68, -13)
(0, -68, -12)
(0, -68, -11)
(1, -68, -11)
(0, -67, -11)
(1, -67, -11)
(0, -66, -10)
(1, -66, -10)
(0, -65, -10)
(1, -65, -11)
(0, -64, -11)
(1, -64, -11)
(0, -63, -10)
(0, -63, -9)
(1, -64, -9)
(0, -64, -9)
(1, -65, -9)
(1, -65, -8)
(0, -64, -7)
(1, -64, -7)
(0, -63, -6)
(1, -63, -7)
(1, -63, -8)
(0, -62, -8)
(1, -62, -8)
(1, -62, -7)
(1, -62, -6)
(0, -62, -5)
(0, -62, -4)
(1, -63, -4)
(1, -63, -3)
(0, -63, -2)
(1, -64, -2)
(0, -64, -1)
(0, -64, 0)
(0, -64, 1)
(1, -64, 1)
(0, -63, 2)
(1, -63, 1)
(0, -62, 2)
(0, -62, 3)
(1, -63, 3)
(1, -63, 4)
(0, -62, 5)
(1, -62, 5)
(0, -61, 5)
(1, -61, 4)
(0, -60, 5)
(1, -60, 5)
(0, -59, 5)
(0, -59, 4)
(0, -59, 3)
(0, -59, 2)
(0, -59, 1)
(1, -60, 0)
(0, -60, 0)
(1, -61, 0)
(0, -61, 1)
(1, -62, 0)
(1, -62, -1)
(0, -61, -1)
(1, -61, -2)
(0, -60, -2)
(0, -60, -3)
(1, -60, -4)
(1, -60, -5)
(0, -59, -5)
(0, -59, -6)
(0, -59, -7)
(0, -59, -8)
(1, -59, -9)
(1, -59, -10)
(0, -58, -10)
(1, -58, -11)
(1, -58, -12)
(0, -57, -12)
(1, -57, -12)
(1, -57, -11)
(1, -57, -10)
(0, -57, -9)
(1, -58, -9)
(1, -58, -8)
(0, -57, -7)
(1, -57, -8)
(0, -56, -7)
(1, -56, -8)
(0, -55, -7)
(1, -55, -7)
(0, -54, -6)
(1, -54, -7)
(0, -53, -6)
(0, -53, -5)
(0, -53, -4)
(1, -53, -4)
(0, -52, -4)
(1, -52, -4)
(0, -51, -4)
(0, -51, -5)
(1, -52, -6)
(1, -52, -7)
(0, -52, -7)
(0, -52, -8)
(0, -52, -9)
(0, -52, -10)
(1, -52, -11)
(0, -51, -11)
(1, -51, -11)
(0, -50, -11)
(1, -50, -11)
(0, -49, -11)
(0, -49, -12)
(1, -50, -13)
(1, -50, -14)
(0, -49, -14)
(1, -49, -15)
(0, -48, -14)
(1, -48, -14)
(0, -47, -14)
(1, -47, -14)
(0, -46, -14)
(1, -46, -14)
(0, -45, -14)
(1, -45, -15)
(0, -44, -14)
(1, -44, -14)
(0, -43, -14)
(0, -43, -15)
(0, -43, -16)
(1, -44, -17)
(1, -44, -18)
(0, -43, -18)
(1, -43, -18)
(0, -42, -18)
(1, -42, -18)
(1, -42, -17)
(0, -42, -16)
(0, -42, -15)
(0, -42, -14)
(1, -42, -14)
(0, -41, -14)
(1, -41, -14)
(1, -41, -13)
(1, -41, -12)
(1, -41, -11)
(0, -40, -10)
(0, -40, -9)
(0, -40, -8)
(1, -40, -8)
(0, -39, -7)
(0, -39, -6)
(1, -40, -6)
(1, -40, -5)
(0, -39, -4)
(1, -39, -4)
(0, -38, -4)
(1, -38, -4)
(0, -37, -4)
(1, -37, -4)
(0, -36, -4)
(0, -36, -5)
(1, -36, -6)
(0, -35, -5)
(1, -35, -5)
(1, -35, -4)
(0, -34, -3)
(0, -34, -2)
(0, -34, -1)
(0, -34, 0)
(1, -34, 0)
(1, -34, 1)
(1, -34, 2)
(0, -33, 3)
(0, -33, 4)
(1, -34, 4)
(1, -34, 5)
(1, -34, 6)
(1, -34, 7)
(0, -34, 8)
(0, -34, 9)
(1, -34, 9)
(0, -33, 10)
(1, -33, 9)
(0, -32, 9)
(0, -32, 8)
(0, -32, 7)
(0, -32, 6)
(0, -32, 5)
(1, -32, 4)
(0, -31, 5)
(0, -31, 6)
(0, -31, 7)
(1, -31, 7)
(0, -30, 7)
(1, -30, 7)
(0, -29, 7)
(1, -29, 6)
(0, -28, 6)
(1, -28, 5)
(0, -27, 6)
(0, -27, 7)
(1, -27, 7)
(0, -26, 8)
(0, -26, 9)
(1, -26, 9)
(0, -25, 9)
(1, -25, 8)
(1, -25, 7)
(0, -25, 7)
(1, -26, 6)
(1, -26, 5)
(0, -26, 5)
(1, -27, 4)
(0, -27, 4)
(0, -27, 3)
(0, -27, 2)
(1, -27, 1)
(1, -27, 0)
(1, -27, -1)
(1, -27, -2)
(0, -27, -2)
(1, -28, -2)
(1, -28, -1)
(0, -28, 0)
(1, -29, 0)
(1, -29, 1)
(0, -28, 2)
(0, -28, 3)
(1, -29, 3)
(0, -29, 3)
(1, -30, 2)
(0, -30, 3)
(1, -31, 3)
(0, -31, 3)
(0, -31, 2)
(1, -31, 1)
(1, -31, 0)
(1, -31, -1)
(0, -30, -1)
(1, -30, -2)
(0, -29, -1)
(1, -29, -2)
(1, -29, -3)
(0, -29, -3)
(1, -30, -4)
(0, -30, -4)
(1, -31, -5)
(1, -31, -6)
(1, -31, -7)
(0, -31, -7)
(1, -32, -8)
(0, -32, -8)
(1, -33, -8)
(1, -33, -7)
(0, -33, -6)
(1, -34, -6)
(0, -34, -6)
(1, -35, -7)
(1, -35, -8)
(0, -35, -8)
(1, -36, -9)
(0, -36, -8)
(1, -37, -8)
(0, -37, -8)
(1, -38, -9)
(0, -38, -9)
(0, -38, -10)
(1, -39, -11)
(0, -39, -11)
(0, -39, -12)
(1, -40, -13)
(1, -40, -14)
(0, -39, -14)
(0, -39, -15)
(1, -39, -16)
(0, -38, -16)
(0, -38, -17)
(1, -39, -18)
(0, -39, -18)
(1, -40, -19)
(0, -40, -18)
(1, -41, -19)
(0, -41, -19)
(0, -41, -20)
(1, -41, -21)
(0, -40, -20)
(1, -40, -21)
(0, -39, -21)
(0, -39, -22)
(1, -39, -23)
(0, -38, -23)
(1, -38, -23)
(1, -38, -22)
(0, -37, -21)
(1, -37, -22)
(1, -37, -23)
(0, -36, -23)
(1, -36, -23)
(0, -35, -22)
(0, -35, -21)
(1, -35, -21)
(0, -34, -21)
(1, -34, -22)
(0, -33, -21)
(1, -33, -21)
(1, -33, -20)
(0, -32, -19)
(0, -32, -18)
(0, -32, -17)
(1, -33, -17)
(1, -33, -16)
(1, -33, -15)
(0, -32, -14)
(1, -32, -15)
(1, -32, -16)
(0, -31, -16)
(1, -31, -16)
(0, -30, -16)
(1, -30, -16)
(0, -29, -16)
(1, -29, -16)
(0, -28, -16)
(1, -28, -17)
(1, -28, -18)
(1, -28, -19)
(1, -28, -20)
(1, -28, -21)
(0, -28, -21)
(1, -29, -21)
(0, -29, -21)
(0, -29, -22)
(0, -29, -23)
(1, -29, -24)
(1, -29, -25)
(0, -28, -25)
(1, -28, -26)
(0, -27, -25)
(1, -27, -25)
(1, -27, -24)
(0, -26, -23)
(1, -26, -23)
(0, -25, -22)
(0, -25, -21)
(1, -26, -21)
(1, -26, -20)
(0, -25, -19)
(0, -25, -18)
(1, -26, -18)
(0, -26, -17)
(0, -26, -16)
(1, -26, -16)
(0, -25, -16)
(1, -25, -16)
(0, -24, -15)
(0, -24, -14)
(0, -24, -13)
(1, -25, -13)
(1, -25, -12)
(1, -25, -11)
(0, -24, -10)
(1, -24, -10)
(0, -23, -10)
(0, -23, -11)
(1, -23, -12)
(0, -22, -11)
(0, -22, -10)
(0, -22, -9)
(1, -22, -9)
(0, -21, -9)
(1, -21, -10)
(1, -21, -11)
(0, -20, -11)
(1, -20, -12)
(0, -19, -12)
(1, -19, -12)
(1, -19, -11)
(1, -19, -10)
(1, -19, -9)
(0, -18, -8)
(1, -18, -9)
(0, -17, -9)
(1, -17, -9)
(1, -17, -8)
(0, -17, -7)
(0, -17, -6)
(1, -18, -6)
(1, -18, -5)
(1, -18, -4)
(0, -17, -3)
(1, -17, -4)
(1, -17, -5)
(0, -16, -5)
(1, -16, -5)
(0, -15, -4)
(1, -15, -4)
(0, -14, -4)
(1, -14, -4)
(1, -14, -3)
(0, -13, -2)
(1, -13, -2)
(0, -12, -2)
(1, -12, -2)
(0, -11, -1)
(1, -11, -2)
(0, -10, -2)
(1, -10, -3)
(1, -10, -4)
(0, -9, -4)
(0, -9, -5)
(0, -9, -6)
(1, -9, -7)
(0, -8, -6)
(1, -8, -7)
(0, -7, -6)
(1, -7, -7)
(0, -6, -7)
(1, -6, -7)
(1, -6, -6)
(1, -6, -5)
(1, -6, -4)
(0, -5, -3)
(1, -5, -4)
(0, -4, -4)
(0, -4, -5)
(1, -4, -6)
(1, -4, -7)
(0, -4, -7)
(0, -4, -8)
(0, -4, -9)
(1, -5, -10)
(0, -5, -9)
(1, -6, -10)
(0, -6, -9)
(1, -7, -9)
(0, -7, -8)
(1, -8, -9)
(0, -8, -9)
(1, -9, -9)
(0, -9, -9)
(0, -9, -10)
(1, -10, -11)
(0, -10, -11)
(0, -10, -12)
(1, -10, -13)
(0, -9, -12)
(1, -9, -13)
(1, -9, -14)
(0, -9, -14)
(1, -10, -15)
(1, -10, -16)
(1, -10, -17)
(1, -10, -18)
(0, -9, -18)
(1, -9, -18)
(0, -8, -17)
(1, -8, -17)
(1, -8, -16)
(1, -8, -15)
(1, -8, -14)
(1, -8, -13)
(0, -7, -12)
(1, -7, -12)
(0, -6, -11)
(1, -6, -12)
(1, -6, -13)
(0, -5, -13)
(1, -5, -13)
(0, -4, -12)
(1, -4, -12)
(0, -3, -11)
(1, -3, -12)
(0, -2, -12)
(1, -2, -12)
(0, -1, -12)
(1, -1, -13)
(0, 0, -12)
(1, 0, -13)
(0, 1, -13)
(1, 1, -14)
(1, 1, -15)
(1, 1, -16)
(1, 1, -17)
(0, 2, -17)
(1, 2, -17)
(0, 3, -16)
(1, 3, -17)
(0, 4, -16)
(0, 4, -15)
(0, 4, -14)
(1, 4, -14)
(0, 5, -14)
(1, 5, -15)
(0, 6, -15)
(0, 6, -16)
(1, 5, -17)
(1, 5, -18)
(1, 5, -19)
(0, 5, -19)
(1, 4, -19)
(0, 4, -19)
(1, 3, -19)
(0, 3, -19)
(1, 2, -19)
(0, 2, -19)
(1, 1, -20)
(0, 1, -20)
(0, 1, -21)
(1, 1, -22)
(0, 2, -21)
(1, 2, -21)
(0, 3, -21)
(1, 3, -22)
(1, 3, -23)
(0, 4, -23)
(1, 4, -23)
(0, 5, -23)
(0, 5, -24)
(1, 5, -25)
(1, 5, -26)
(1, 5, -27)
(1, 5, -28)
(0, 6, -28)
(0, 6, -29)
(1, 5, -30)
(0, 5, -30)
(1, 4, -30)
(0, 4, -29)
(0, 4, -28)
(1, 3, -28)
(0, 3, -28)
(0, 3, -29)
(0, 3, -30)
(1, 3, -31)
(0, 4, -31)
(1, 4, -32)
(1, 4, -33)
(0, 5, -33)
(0, 5, -34)
(0, 5, -35)
(1, 4, -36)
(0, 4, -36)
(1, 3, -36)
(0, 3, -35)
(1, 2, -35)
(0, 2, -35)
(1, 1, -36)
(0, 1, -36)
(1, 0, -36)
(0, 0, -36)
(1, -1, -37)
(0, -1, -36)
(0, -1, -35)
(0, -1, -34)
(1, -1, -34)
(0, 0, -33)
(1, 0, -33)
(0, 1, -32)
(1, 1, -33)
(0, 2, -33)
(1, 2, -33)
(1, 2, -32)
(0, 2, -31)
(1, 1, -31)
(0, 1, -30)
(1, 0, -31)
(0, 0, -31)
(1, -1, -31)
(0, -1, -31)
(1, -2, -31)
(1, -2, -30)
(1, -2, -29)
(1, -2, -28)
(0, -1, -27)
(1, -1, -27)
(1, -1, -26)
(0, 0, -25)
(1, 0, -26)
(0, 1, -25)
(0, 1, -24)
(1, 0, -24)
(0, 0, -23)
(1, -1, -24)
(0, -1, -23)
(1, -2, -23)
(1, -2, -22)
(0, -1, -21)
(0, -1, -20)
(1, -1, -20)
(0, 0, -19)
(1, 0, -19)
(1, 0, -18)
(1, 0, -17)
(1, 0, -16)
(0, 0, -15)
(1, -1, -16)
(0, -1, -15)
(1, -2, -16)
(0, -2, -15)
(1, -3, -16)
(1, -3, -17)
(1, -3, -18)
(0, -3, -18)
(1, -4, -19)
(0, -4, -18)
(1, -5, -19)
(0, -5, -18)
(1, -6, -18)
(0, -6, -17)
(1, -7, -18)
(1, -7, -19)
(0, -6, -19)
(0, -6, -20)
(0, -6, -21)
(1, -7, -22)
(0, -7, -22)
(1, -8, -22)
(0, -8, -21)
(1, -9, -21)
(0, -9, -21)
(1, -10, -22)
(0, -10, -21)
(1, -11, -21)
(1, -11, -20)
(1, -11, -19)
(1, -11, -18)
(1, -11, -17)
(0, -11, -16)
(1, -12, -16)
(0, -12, -16)
(1, -13, -17)
(0, -13, -17)
(0, -13, -18)
(1, -14, -19)
(0, -14, -19)
(1, -15, -20)
(0, -15, -20)
(1, -16, -20)
(1, -16, -19)
(0, -15, -18)
(0, -15, -17)
(1, -15, -17)
(0, -14, -16)
(0, -14, -15)
(1, -15, -15)
(1, -15, -14)
(0, -14, -13)
(1, -14, -14)
(0, -13, -13)
(0, -13, -12)
(0, -13, -11)
(1, -14, -11)
(1, -14, -10)
(1, -14, -9)
(0, -14, -8)
(0, -14, -7)
(1, -15, -7)
(0, -15, -6)
(1, -16, -7)
(1, -16, -8)
(0, -15, -8)
(0, -15, -9)
(1, -16, -10)
(1, -16, -11)
(1, -16, -12)
(0, -16, -12)
(0, -16, -13)
(0, -16, -14)
(1, -17, -15)
(1, -17, -16)
(1, -17, -17)
(1, -17, -18)
(0, -17, -18)
(1, -18, -19)
(0, -18, -18)
(1, -19, -18)
(0, -19, -17)
(1, -20, -17)
(0, -20, -16)
(1, -21, -16)
(0, -21, -15)
(1, -22, -15)
(0, -22, -14)
(1, -23, -14)
(0, -23, -14)
(0, -23, -15)
(1, -23, -16)
(0, -22, -16)
(1, -22, -17)
(1, -22, -18)
(0, -21, -18)
(1, -21, -19)
(0, -20, -19)
(0, -20, -20)
(0, -20, -21)
(0, -20, -22)
(1, -21, -23)
(0, -21, -23)
(1, -22, -24)
(1, -22, -25)
(0, -22, -25)
(1, -23, -25)
(0, -23, -25)
(0, -23, -26)
(0, -23, -27)
(0, -23, -28)
(0, -23, -29)
(0, -23, -30)
(1, -23, -31)
(0, -22, -31)
(0, -22, -32)
(0, -22, -33)
(1, -23, -34)
(0, -23, -33)
(1, -24, -34)
(0, -24, -33)
(1, -25, -33)
(1, -25, -32)
(0, -25, -31)
(0, -25, -30)
(1, -25, -30)
(0, -24, -29)
(0, -24, -28)
(1, -25, -28)
(1, -25, -27)
(0, -24, -26)
(0, -24, -25)
(0, -24, -24)
(1, -25, -24)
(0, -25, -24)
(0, -25, -25)
(1, -26, -26)
(0, -26, -26)
(1, -27, -27)
(1, -27, -28)
(1, -27, -29)
(1, -27, -30)
(0, -27, -30)
(0, -27, -31)
(1, -27, -32)
(1, -27, -33)
(0, -27, -33)
(1, -28, -34)
(0, -28, -34)
(1, -29, -35)
(1, -29, -36)
(0, -28, -36)
(0, -28, -37)
(1, -29, -38)
(0, -29, -38)
(0, -29, -39)
(1, -29, -40)
(1, -29, -41)
(0, -29, -41)
(1, -30, -42)
(0, -30, -41)
(0, -30, -40)
(0, -30, -39)
(1, -31, -39)
(0, -31, -38)
(0, -31, -37)
(0, -31, -36)
(1, -31, -36)
(0, -30, -36)
(1, -30, -36)
(1, -30, -35)
(0, -30, -34)
(0, -30, -33)
(0, -30, -32)
(1, -31, -32)
(1, -31, -31)
(0, -31, -30)
(0, -31, -29)
(1, -32, -29)
(0, -32, -28)
(0, -32, -27)
(0, -32, -26)
(1, -33, -26)
(0, -33, -26)
(1, -34, -26)
(0, -34, -25)
(1, -35, -25)
(0, -35, -24)
(1, -36, -25)
(1, -36, -26)
(1, -36, -27)
(0, -36, -27)
(0, -36, -28)
(0, -36, -29)
(1, -37, -30)
(1, -37, -31)
(0, -37, -31)
(0, -37, -32)
(0, -37, -33)
(1, -38, -34)
(0, -38, -33)
(0, -38, -32)
(1, -39, -32)
(0, -39, -32)
(1, -40, -32)
(0, -40, -32)
(1, -41, -32)
(1, -41, -31)
(1, -41, -30)
(0, -41, -29)
(1, -42, -29)
(0, -42, -28)
(1, -43, -28)
(0, -43, -27)
(1, -44, -27)
(0, -44, -27)
(1, -45, -28)
(0, -45, -27)
(1, -46, -28)
(0, -46, -27)
(0, -46, -26)
(0, -46, -25)
(0, -46, -24)
(1, -47, -24)
(0, -47, -23)
(1, -48, -23)
(1, -48, -22)
(1, -48, -21)
(1, -48, -20)
(0, -47, -19)
(1, -47, -19)
(0, -46, -19)
(1, -46, -19)
(1, -46, -18)
(1, -46, -17)
(0, -46, -16)
(1, -47, -17)
(0, -47, -17)
(1, -48, -18)
(0, -48, -18)
(1, -49, -19)
(0, -49, -18)
(1, -50, -19)
(1, -50, -20)
(1, -50, -21)
(0, -50, -21)
(1, -51, -21)
(0, -51, -20)
(1, -52, -21)
(0, -52, -21)
(0, -52, -22)
(0, -52, -23)
(1, -53, -24)
(0, -53, -23)
(1, -54, -24)
(0, -54, -23)
(1, -55, -24)
(1, -55, -25)
(0, -54, -25)
(1, -54, -26)
(0, -53, -26)
(1, -53, -26)
(0, -52, -26)
(1, -52, -27)
(0, -51, -26)
(1, -51, -26)
(0, -50, -25)
(1, -50, -25)
(0, -49, -25)
(1, -49, -26)
(1, -49, -27)
(1, -49, -28)
(0, -49, -28)
(1, -50, -28)
(0, -50, -27)
(1, -51, -28)
(1, -51, -29)
(0, -51, -29)
(1, -52, -30)
(0, -52, -29)
(1, -53, -30)
(1, -53, -31)
(0, -53, -31)
(1, -54, -32)
(1, -54, -33)
(0, -53, -33)
(1, -53, -34)
(0, -52, -34)
(1, -52, -35)
(1, -52, -36)
(0, -51, -36)
(1, -51, -37)
(0, -50, -36)
(1, -50, -36)
(1, -50, -35)
(0, -50, -34)
(0, -50, -33)
(1, -50, -33)
(0, -49, -32)
(1, -49, -32)
(0, -48, -31)
(0, -48, -30)
(0, -48, -29)
(1, -48, -29)
(0, -47, -29)
(1, -47, -30)
(1, -47, -31)
(0, -47, -31)
(0, -47, -32)
(1, -48, -33)
(0, -48, -33)
(0, -48, -34)
(1, -48, -35)
(0, -47, -34)
(1, -47, -34)
(0, -46, -34)
(0, -46, -35)
(0, -46, -36)
(1, -46, -37)
(0, -45, -36)
(1, -45, -37)
(0, -44, -36)
(1, -44, -36)
(0, -43, -35)
(1, -43, -35)
(0, -42, -34)
(1, -42, -35)
(0, -41, -34)
(1, -41, -35)
(0, -40, -35)
(0, -40, -36)
(1, -40, -37)
(0, -39, -37)
(1, -39, -37)
(1, -39, -36)
(0, -38, -35)
(1, -38, -36)
(1, -38, -37)
(1, -38, -38)
(0, -38, -38)
(1, -39, -39)
(1, -39, -40)
(1, -39, -41)
(0, -38, -41)
(1, -38, -41)
(0, -37, -41)
(1, -37, -41)
(1, -37, -40)
(0, -36, -39)
(1, -36, -40)
(0, -35, -40)
(1, -35, -41)
(0, -34, -40)
(1, -34, -40)
(0, -33, -39)
(1, -33, -40)
(1, -33, -41)
(0, -33, -41)
(0, -33, -42)
(1, -34, -43)
(0, -34, -42)
(1, -35, -43)
(0, -35, -42)
(1, -36, -43)
(1, -36, -44)
(0, -36, -44)
(0, -36, -45)
(0, -36, -46)
(0, -36, -47)
(1, -36, -48)
(1, -36, -49)
(0, -35, -49)
(0, -35, -50)
(0, -35, -51)
(1, -35, -52)
(0, -34, -52)
(1, -34, -52)
(0, -33, -51)
(1, -33, -51)
(1, -33, -50)
(0, -33, -49)
(1, -34, -49)
(1, -34, -48)
(0, -33, -47)
(0, -33, -46)
(1, -33, -46)
(0, -32, -45)
(1, -32, -46)
(1, -32, -47)
(0, -31, -47)
(1, -31, -47)
(0, -30, -47)
(1, -30, -48)
(0, -29, -48)
(1, -29, -48)
(0, -28, -48)
(1, -28, -48)
(0, -27, -48)
(1, -27, -48)
(0, -26, -48)
(1, -26, -49)
(1, -26, -50)
(0, -26, -50)
(0, -26, -51)
(1, -26, -52)
(1, -26, -53)
(0, -25, -53)
(0, -25, -54)
(1, -26, -55)
(1, -26, -56)
(0, -26, -56)
(1, -27, -56)
(1, -27, -55)
(0, -27, -54)
(1, -28, -55)
(1, -28, -56)
(1, -28, -57)
(0, -28, -57)
(1, -29, -58)
(1, -29, -59)
(0, -29, -59)
(1, -30, -59)
(1, -30, -58)
(1, -30, -57)
(1, -30, -56)
(0, -29, -55)
(1, -29, -55)
(1, -29, -54)
(0, -28, -53)
(0, -28, -52)
(1, -28, -52)
(0, -27, -51)
(0, -27, -50)
(1, -28, -50)
(0, -28, -50)
(1, -29, -51)
(0, -29, -50)
(1, -30, -50)
(0, -30, -49)
(1, -31, -49)
(0, -31, -49)
(0, -31, -50)
(1, -32, -51)
(1, -32, -52)
(0, -31, -52)
(0, -31, -53)
(1, -31, -54)
(1, -31, -55)
(0, -31, -55)
(0, -31, -56)
(1, -31, -57)
(1, -31, -58)
(0, -31, -58)
(0, -31, -59)
(1, -31, -60)
(0, -30, -60)
(1, -30, -61)
(1, -30, -62)
(0, -29, -62)
(1, -29, -62)
(1, -29, -61)
(0, -28, -60)
(1, -28, -60)
(0, -27, -60)
(1, -27, -61)
(0, -26, -61)
(0, -26, -62)
(0, -26, -63)
(1, -27, -64)
(1, -27, -65)
(0, -26, -65)
(0, -26, -66)
(1, -26, -67)
(1, -26, -68)
(0, -26, -68)
(1, -27, -69)
(1, -27, -70)
(0, -27, -70)
(1, -28, -70)
(0, -28, -69)
(1, -29, -69)
(1, -29, -68)
(0, -29, -67)
(0, -29, -66)
(1, -30, -66)
(0, -30, -66)
(1, -31, -66)
(0, -31, -66)
(1, -32, -67)
(1, -32, -68)
(1, -32, -69)
(1, -32, -70)
(1, -32, -71)
(0, -31, -71)
(1, -31, -71)
(0, -30, -71)
(1, -30, -72)
(0, -29, -71)
(1, -29, -71)
(0, -28, -71)
(0, -28, -72)
(1, -28, -73)
(0, -27, -73)
(1, -27, -73)
(0, -26, -72)
(0, -26, -71)
(1, -26, -71)
(0, -25, -71)
(0, -25, -72)
(0, -25, -73)
(1, -26, -74)
(1, -26, -75)
(0, -25, -75)
(1, -25, -76)
(0, -24, -76)
(1, -24, -76)
(1, -24, -75)
(1, -24, -74)
(1, -24, -73)
(1, -24, -72)
(0, -23, -71)
(1, -23, -71)
(0, -22, -70)
(1, -22, -71)
(1, -22, -72)
(1, -22, -73)
(0, -21, -73)
(1, -21, -73)
(0, -20, -72)
(1, -20, -72)
(0, -19, -71)
(0, -19, -70)
(0, -19, -69)
(1, -20, -69)
(1, -20, -68)
(0, -19, -67)
(1, -19, -67)
(1, -19, -66)
(1, -19, -65)
(0, -18, -64)
(0, -18, -63)
(1, -19, -63)
(0, -19, -63)
(1, -20, -64)
(1, -20, -65)
(0, -20, -65)
(1, -21, -65)
(0, -21, -65)
(1, -22, -65)
(0, -22, -65)
(1, -23, -66)
(1, -23, -67)
(1, -23, -68)
(1, -23, -69)
(0, -23, -69)
(1, -24, -69)
(1, -24, -68)
(0, -24, -67)
(0, -24, -66)
(0, -24, -65)
(1, -24, -65)
(0, -23, -64)
(1, -23, -64)
(1, -23, -63)
(0, -23, -62)
(1, -24, -63)
(0, -24, -62)
(0, -24, -61)
(0, -24, -60)
(0, -24, -59)
(1, -24, -59)
(1, -24, -58)
(1, -24, -57)
(1, -24, -56)
(0, -24, -55)
(0, -24, -54)
(0, -24, -53)
(0, -24, -52)
(1, -24, -52)
(1, -24, -51)
(0, -23, -50)
(1, -23, -51)
(0, -22, -50)
(1, -22, -51)
(1, -22, -52)
(0, -21, -52)
(1, -21, -52)
(0, -20, -52)
(1, -20, -53)
(0, -19, -52)
(1, -19, -52)
(0, -18, -51)
(1, -18, -52)
(0, -17, -51)
(0, -17, -50)
(1, -17, -50)
(0, -16, -49)
(1, -16, -50)
(0, -15, -50)
(1, -15, -50)
(1, -15, -49)
(1, -15, -48)
(1, -15, -47)
(0, -15, -46)
(1, -16, -47)
(0, -16, -46)
(1, -17, -47)
(0, -17, -46)
(1, -18, -47)
(0, -18, -47)
(1, -19, -48)
(0, -19, -47)
(1, -20, -48)
(1, -20, -49)
(1, -20, -50)
(0, -20, -50)
(1, -21, -50)
(0, -21, -49)
(0, -21, -48)
(0, -21, -47)
(1, -22, -47)
(1, -22, -46)
(0, -21, -45)
(1, -21, -46)
(0, -20, -46)
(1, -20, -46)
(1, -20, -45)
(1, -20, -44)
(1, -20, -43)
(0, -19, -42)
(1, -19, -43)
(0, -18, -43)
(1, -18, -44)
(0, -17, -44)
(1, -17, -44)
(0, -16, -43)
(1, -16, -43)
(1, -16, -42)
(0, -15, -41)
(1, -15, -41)
(1, -15, -40)
(1, -15, -39)
(0, -14, -38)
(0, -14, -37)
(0, -14, -36)
(1, -15, -36)
(0, -15, -35)
(1, -16, -35)
(0, -16, -34)
(0, -16, -33)
(1, -16, -33)
(0, -15, -32)
(1, -15, -32)
(1, -15, -31)
(0, -14, -30)
(1, -14, -30)
(1, -14, -29)
(1, -14, -28)
(1, -14, -27)
(0, -13, -26)
(1, -13, -27)
(0, -12, -27)
(1, -12, -28)
(1, -12, -29)
(1, -12, -30)
(1, -12, -31)
(0, -12, -31)
(0, -12, -32)
(1, -12, -33)
(1, -12, -34)
(1, -12, -35)
(1, -12, -36)
(0, -11, -36)
(1, -11, -37)
(0, -10, -36)
(0, -10, -35)
(0, -10, -34)
(1, -10, -34)
(0, -9, -34)
(0, -9, -35)
(1, -9, -36)
(0, -8, -35)
(1, -8, -35)
(0, -7, -35)
(1, -7, -36)
(0, -6, -36)
(0, -6, -37)
(0, -6, -38)
(0, -6, -39)
(0, -6, -40)
(1, -7, -41)
(1, -7, -42)
(0, -7, -42)
(1, -8, -42)
(1, -8, -41)
(0, -8, -40)
(1, -9, -40)
(0, -9, -39)
(1, -10, -40)
(1, -10, -41)
(0, -10, -41)
(0, -10, -42)
(0, -10, -43)
(0, -10, -44)
(0, -10, -45)
(1, -11, -46)
(0, -11, -46)
(1, -12, -46)
(0, -12, -46)
(1, -13, -46)
(0, -13, -46)
(0, -13, -47)
(1, -13, -48)
(1, -13, -49)
(1, -13, -50)
(0, -13, -50)
(0, -13, -51)
(1, -13, -52)
(0, -12, -51)
(1, -12, -52)
(0, -11, -52)
(1, -11, -53)
(1, -11, -54)
(0, -11, -54)
(1, -12, -54)
(0, -12, -54)
(1, -13, -55)
(1, -13, -56)
(0, -12, -56)
(0, -12, -57)
(1, -12, -58)
(0, -11, -58)
(1, -11, -59)
(1, -11, -60)
(1, -11, -61)
(0, -10, -61)
(0, -10, -62)
(1, -11, -63)
(1, -11, -64)
(0, -11, -64)
(0, -11, -65)
(1, -11, -66)
(0, -10, -66)
(1, -10, -66)
(1, -10, -65)
(1, -10, -64)
(0, -9, -63)
(0, -9, -62)
(1, -9, -62)
(1, -9, -61)
(0, -9, -60)
(1, -10, -60)
(1, -10, -59)
(0, -9, -58)
(0, -9, -57)
(1, -9, -57)
(0, -8, -57)
(1, -8, -58)
(0, -7, -57)
(1, -7, -57)
(1, -7, -56)
(0, -6, -55)
(0, -6, -54)
(1, -6, -54)
(1, -6, -53)
(1, -6, -52)
(0, -5, -51)
(1, -5, -51)
(1, -5, -50)
(1, -5, -49)
(0, -5, -48)
(0, -5, -47)
(0, -5, -46)
(0, -5, -45)
(1, -5, -45)
(0, -4, -44)
(1, -4, -44)
(0, -3, -44)
(0, -3, -45)
(1, -3, -46)
(0, -2, -46)
(1, -2, -47)
(0, -1, -46)
(1, -1, -46)
(0, 0, -45)
(0, 0, -44)
(1, 0, -44)
(0, 1, -44)
(1, 1, -44)
(0, 2, -43)
(1, 2, -44)
(0, 3, -44)
(0, 3, -45)
(1, 2, -46)
(0, 2, -46)
(1, 1, -47)
(1, 1, -48)
(1, 1, -49)
(0, 1, -49)
(0, 1, -50)
(0, 1, -51)
(1, 1, -52)
(0, 2, -52)
(1, 2, -52)
(0, 3, -51)
(1, 3, -52)
(0, 4, -52)
(1, 4, -52)
(0, 5, -52)
(1, 5, -52)
(0, 6, -52)
(1, 6, -53)
(0, 7, -52)
(0, 7, -51)
(1, 6, -51)
(1, 6, -50)
(1, 6, -49)
(0, 6, -48)
(1, 5, -49)
(1, 5, -50)
(0, 5, -50)
(1, 4, -50)
(1, 4, -49)
(0, 4, -48)
(0, 4, -47)
(0, 4, -46)
(1, 4, -46)
(0, 5, -46)
(1, 5, -47)
(0, 6, -46)
(1, 6, -47)
(0, 7, -46)
(1, 7, -47)
(1, 7, -48)
(1, 7, -49)
(1, 7, -50)
(0, 8, -50)
(1, 8, -51)
(0, 9, -50)
(1, 9, -50)
(0, 10, -50)
(1, 10, -51)
(0, 11, -50)
(1, 11, -50)
(0, 12, -49)
(1, 12, -50)
(1, 12, -51)
(0, 12, -51)
(1, 11, -52)
(0, 11, -52)
(0, 11, -53)
(1, 10, -54)
(1, 10, -55)
(0, 10, -55)
(1, 9, -55)
(0, 9, -54)
(0, 9, -53)
(1, 8, -53)
(0, 8, -53)
(1, 7, -54)
(0, 7, -54)
(0, 7, -55)
(1, 7, -56)
(0, 8, -56)
(1, 8, -56)
(0, 9, -56)
(1, 9, -57)
(1, 9, -58)
(0, 9, -58)
(0, 9, -59)
(1, 8, -60)
(0, 8, -59)
(1, 7, -60)
(1, 7, -61)
(0, 7, -61)
(1, 6, -61)
(1, 6, -60)
(0, 6, -59)
(1, 5, -59)
(1, 5, -58)
(0, 6, -57)
(0, 6, -56)
(1, 5, -56)
(0, 5, -56)
(1, 4, -56)
(0, 4, -55)
(1, 3, -56)
(0, 3, -56)
(0, 3, -57)
(1, 2, -58)
(0, 2, -57)
(1, 1, -58)
(1, 1, -59)
(1, 1, -60)
(0, 2, -60)
(0, 2, -61)
(1, 2, -62)
(0, 3, -61)
(1, 3, -61)
(0, 4, -60)
(1, 4, -60)
(0, 5, -60)
(1, 5, -61)
(1, 5, -62)
(0, 6, -62)
(1, 6, -63)
(0, 7, -63)
(1, 7, -63)
(0, 8, -62)
(1, 8, -63)
(0, 9, -62)
(1, 9, -62)
(0, 10, -61)
(1, 10, -61)
(0, 11, -60)
(1, 11, -60)
(0, 12, -59)
(1, 12, -60)
(1, 12, -61)
(0, 12, -61)
(1, 11, -62)
(0, 11, -62)
(1, 10, -63)
(1, 10, -64)
(1, 10, -65)
(1, 10, -66)
(0, 10, -66)
(0, 10, -67)
(1, 10, -68)
(1, 10, -69)
(0, 11, -69)
(1, 11, -69)
(0, 12, -69)
(1, 12, -70)
(1, 12, -71)
(0, 12, -71)
(1, 11, -72)
(1, 11, -73)
(1, 11, -74)
(0, 12, -74)
(1, 12, -74)
(0, 13, -74)
(0, 13, -75)
(0, 13, -76)
(0, 13, -77)
(0, 13, -78)
(1, 12, -79)
(1, 12, -80)
(0, 13, -80)
(1, 13, -81)
(0, 14, -81)
(1, 14, -81)
(0, 15, -80)
(1, 15, -80)
(0, 16, -80)
(0, 16, -81)
(0, 16, -82)
(1, 16, -83)
(0, 17, -83)
(0, 17, -84)
(1, 16, -85)
(0, 16, -85)
(1, 15, -85)
(0, 15, -85)
(1, 14, -86)
(1, 14, -87)
(1, 14, -88)
(1, 14, -89)
(1, 14, -90)
(0, 14, -90)
(0, 14, -91)
(1, 14, -92)
(0, 15, -92)
(1, 15, -92)
(0, 16, -92)
(1, 16, -92)
(0, 17, -92)
(1, 17, -93)
(0, 18, -92)
(1, 18, -92)
(0, 19, -92)
(0, 19, -93)
(0, 19, -94)
(1, 19, -95)
(0, 20, -95)
(1, 20, -95)
(1, 20, -94)
(0, 21, -93)
(1, 21, -94)
(0, 22, -93)
(0, 22, -92)
(1, 22, -92)
(0, 23, -92)
(0, 23, -93)
(0, 23, -94)
(0, 23, -95)
(1, 23, -96)
(0, 24, -96)
(0, 24, -97)
(0, 24, -98)
(1, 23, -99)
(0, 23, -99)
(0, 23, -100)
(0, 23, -101)
(0, 23, -102)
(0, 23, -103)
(1, 22, -104)
(0, 22, -103)
(1, 21, -103)
(1, 21, -102)
(0, 21, -101)
(0, 21, -100)
(0, 21, -99)
(1, 20, -99)
(0, 20, -98)
(1, 19, -99)
(1, 19, -100)
(1, 19, -101)
(1, 19, -102)
(0, 20, -102)
(1, 20, -103)
(1, 20, -104)
(1, 20, -105)
(0, 21, -105)
(1, 21, -105)
(0, 22, -105)
(1, 22, -106)
(1, 22, -107)
(1, 22, -108)
(0, 23, -108)
(0, 23, -109)
(1, 22, -110)
(0, 22, -109)
(1, 21, -109)
(0, 21, -109)
(1, 20, -110)
(0, 20, -110)
(1, 19, -111)
(1, 19, -112)
(0, 20, -112)
(1, 20, -112)
(0, 21, -111)
(1, 21, -111)
(0, 22, -111)
(0, 22, -112)
(1, 22, -113)
(0, 23, -113)
(1, 23, -114)
(1, 23, -115)
(0, 23, -115)
(1, 22, -115)
(0, 22, -114)
(1, 21, -115)
(0, 21, -115)
(0, 21, -116)
(0, 21, -117)
(1, 21, -118)
(1, 21, -119)
(0, 21, -119)
(0, 21, -120)
(0, 21, -121)
(0, 21, -122)
(1, 20, -123)
(1, 20, -124)
(0, 21, -124)
(0, 21, -125)
(1, 20, -126)
(0, 20, -126)
(1, 19, -126)
(0, 19, -125)
(1, 18, -125)
(0, 18, -124)
(1, 17, -124)
(0, 17, -123)
(1, 16, -123)
(1, 16, -122)
(0, 17, -121)
(1, 17, -122)
(0, 18, -122)
(1, 18, -123)
(0, 19, -123)
(1, 19, -123)
(1, 19, -122)
(0, 20, -121)
(0, 20, -120)
(0, 20, -119)
(1, 19, -119)
(0, 19, -119)
(1, 18, -119)
(1, 18, -118)
(1, 18, -117)
(1, 18, -116)
(1, 18, -115)
(1, 18, -114)
(0, 18, -113)
(1, 17, -114)
(1, 17, -115)
(0, 17, -115)
(1, 16, -116)
(0, 16, -115)
(1, 15, -116)
(1, 15, -117)
(1, 15, -118)
(0, 15, -118)
(0, 15, -119)
(1, 14, -120)
(1, 14, -121)
(0, 14, -121)
(0, 14, -122)
(1, 14, -123)
(1, 14, -124)
(0, 14, -124)
(1, 13, -125)
(0, 13, -125)
(0, 13, -126)
(0, 13, -127)
(1, 12, -128)
(1, 12, -129)
(0, 12, -129)
(0, 12, -130)
(1, 12, -131)
(0, 13, -130)
(1, 13, -131)
(0, 14, -130)
(1, 14, -130)
(0, 15, -130)
(1, 15, -131)
(1, 15, -132)
(1, 15, -133)
(1, 15, -134)
(0, 16, -134)
(1, 16, -134)
(0, 17, -133)
(1, 17, -133)
(0, 18, -133)
(0, 18, -134)
(1, 18, -135)
(0, 19, -134)
(1, 19, -135)
(0, 20, -135)
(0, 20, -136)
(0, 20, -137)
(0, 20, -138)
(0, 20, -139)
(0, 20, -140)
(1, 20, -141)
(0, 21, -140)
(1, 21, -140)
(0, 22, -139)
(0, 22, -138)
(1, 22, -138)
(1, 22, -137)
(0, 22, -136)
(0, 22, -135)
(1, 21, -135)
(1, 21, -134)
(0, 21, -133)
(1, 20, -134)
(0, 20, -133)
(1, 19, -133)
(0, 19, -132)
(1, 18, -132)
(0, 18, -131)
(1, 17, -131)
(1, 17, -130)
(0, 17, -129)
(1, 16, -129)
(1, 16, -128)
(0, 17, -127)
(1, 17, -128)
(0, 18, -128)
(1, 18, -129)
(1, 18, -130)
(0, 19, -130)
(1, 19, -131)
(0, 20, -131)
(1, 20, -131)
(0, 21, -131)
(1, 21, -131)
(0, 22, -130)
(0, 22, -129)
(1, 22, -129)
(1, 22, -128)
(1, 22, -127)
(1, 22, -126)
(0, 23, -125)
(0, 23, -124)
(1, 22, -124)
(1, 22, -123)
(1, 22, -122)
(0, 23, -121)
(1, 23, -121)
(0, 24, -121)
(1, 24, -122)
(1, 24, -123)
(0, 25, -123)
(1, 25, -124)
(0, 26, -123)
(1, 26, -124)
(0, 27, -124)
(0, 27, -125)
(1, 27, -126)
(0, 28, -125)
(0, 28, -124)
(1, 28, -124)
(0, 29, -124)
(1, 29, -124)
(0, 30, -124)
(1, 30, -124)
(1, 30, -123)
(0, 31, -122)
(0, 31, -121)
(1, 30, -121)
(1, 30, -120)
(1, 30, -119)
(0, 31, -118)
(0, 31, -117)
(1, 31, -117)
(0, 32, -117)
(1, 32, -117)
(0, 33, -117)
(1, 33, -117)
(1, 33, -116)
(1, 33, -115)
(1, 33, -114)
(0, 33, -113)
(0, 33, -112)
(1, 32, -112)
(0, 32, -112)
(1, 31, -112)
(0, 31, -111)
(0, 31, -110)
(0, 31, -109)
(1, 30, -109)
(0, 30, -108)
(1, 29, -109)
(1, 29, -110)
(0, 30, -110)
(0, 30, -111)
(0, 30, -112)
(1, 29, -113)
(0, 29, -113)
(1, 28, -113)
(0, 28, -113)
(1, 27, -114)
(0, 27, -113)
(0, 27, -112)
(1, 26, -112)
(0, 26, -111)
(0, 26, -110)
(0, 26, -109)
(1, 26, -109)
(0, 27, -109)
(0, 27, -110)
(1, 27, -111)
(0, 28, -110)
(1, 28, -110)
(1, 28, -109)
(1, 28, -108)
(0, 29, -107)
(0, 29, -106)
(1, 29, -106)
(1, 29, -105)
(1, 29, -104)
(1, 29, -103)
(0, 30, -102)
(1, 30, -103)
(1, 30, -104)
(0, 31, -104)
(0, 31, -105)
(0, 31, -106)
(1, 31, -107)
(0, 32, -106)
(1, 32, -106)
(1, 32, -105)
(0, 32, -104)
(0, 32, -103)
(1, 32, -103)
(0, 33, -102)
(1, 33, -103)
(0, 34, -103)
(1, 34, -103)
(0, 35, -103)
(1, 35, -103)
(0, 36, -103)
(1, 36, -104)
(0, 37, -104)
(0, 37, -105)
(1, 37, -106)
(0, 38, -106)
(0, 38, -107)
(1, 38, -108)
(1, 38, -109)
(0, 39, -109)
(0, 39, -110)
(0, 39, -111)
(1, 39, -112)
(1, 39, -113)
(0, 39, -113)
(1, 38, -114)
(0, 38, -113)
(1, 37, -113)
(1, 37, -112)
(0, 37, -111)
(1, 36, -111)
(1, 36, -110)
(1, 36, -109)
(1, 36, -108)
(0, 36, -107)
(0, 36, -106)
(0, 36, -105)
(1, 35, -105)
(0, 35, -105)
(1, 34, -106)
(0, 34, -106)
(0, 34, -107)
(1, 33, -108)
(1, 33, -109)
(1, 33, -110)
(1, 33, -111)
(0, 34, -111)
(1, 34, -112)
(0, 35, -112)
(0, 35, -113)
(1, 34, -114)
(1, 34, -115)
(0, 35, -115)
(1, 35, -116)
(1, 35, -117)
(0, 36, -117)
(1, 36, -118)
(0, 37, -117)
(1, 37, -118)
(1, 37, -119)
(0, 37, -119)
(1, 36, -120)
(1, 36, -121)
(0, 36, -121)
(1, 35, -122)
(0, 35, -122)
(0, 35, -123)
(0, 35, -124)
(0, 35, -125)
(0, 35, -126)
(1, 34, -127)
(0, 34, -126)
(1, 33, -126)
(0, 33, -125)
(0, 33, -124)
(0, 33, -123)
(0, 33, -122)
(0, 33, -121)
(1, 32, -121)
(0, 32, -121)
(0, 32, -122)
(0, 32, -123)
(1, 31, -124)
(1, 31, -125)
(1, 31, -126)
(0, 31, -126)
(1, 30, -127)
(1, 30, -128)
(0, 30, -128)
(0, 30, -129)
(1, 30, -130)
(0, 31, -130)
(1, 31, -130)
(0, 32, -129)
(0, 32, -128)
(1, 32, -128)
(0, 33, -127)
(1, 33, -128)
(0, 34, -128)
(1, 34, -129)
(0, 35, -129)
(1, 35, -130)
(0, 36, -129)
(1, 36, -129)
(0, 37, -128)
(0, 37, -127)
(0, 37, -126)
(1, 36, -126)
(0, 36, -125)
(0, 36, -124)
(1, 36, -124)
(0, 37, -123)
(0, 37, -122)
(1, 37, -122)
(0, 38, -121)
(1, 38, -122)
(0, 39, -122)
(0, 39, -123)
(1, 39, -124)
(0, 40, -123)
(1, 40, -123)
(0, 41, -123)
(1, 41, -123)
(1, 41, -122)
(0, 41, -121)
(1, 40, -121)
(0, 40, -121)
(1, 39, -121)
(0, 39, -120)
(0, 39, -119)
(1, 39, -119)
(1, 39, -118)
(0, 39, -117)
(0, 39, -116)
(0, 39, -115)
(1, 39, -115)
(0, 40, -114)
(1, 40, -115)
(0, 41, -115)
(1, 41, -115)
(0, 42, -115)
(1, 42, -115)
(1, 42, -114)
(0, 43, -113)
(1, 43, -113)
(0, 44, -112)
(1, 44, -113)
(0, 45, -112)
(0, 45, -111)
(1, 45, -111)
(1, 45, -110)
(1, 45, -109)
(1, 45, -108)
(1, 45, -107)
(1, 45, -106)
(0, 46, -105)
(1, 46, -105)
(0, 47, -105)
(0, 47, -106)
(0, 47, -107)
(1, 47, -108)
(0, 48, -108)
(1, 48, -109)
(0, 49, -109)
(1, 49, -110)
(1, 49, -111)
(0, 50, -111)
(0, 50, -112)
(1, 49, -113)
(0, 49, -113)
(1, 48, -114)
(0, 48, -114)
(1, 47, -115)
(0, 47, -115)
(1, 46, -116)
(0, 46, -115)
(1, 45, -116)
(0, 45, -116)
(1, 44, -117)
(0, 44, -117)
(0, 44, -118)
(0, 44, -119)
(0, 44, -120)
(1, 43, -121)
(0, 43, -121)
(1, 42, -122)
(1, 42, -123)
(1, 42, -124)
(0, 42, -124)
(1, 41, -125)
(1, 41, -126)
(0, 41, -126)
(1, 40, -126)
(0, 40, -126)
(1, 39, -126)
(0, 39, -125)
(1, 38, -126)
(1, 38, -127)
(0, 39, -127)
(1, 39, -128)
(1, 39, -129)
(0, 39, -129)
(0, 39, -130)
(0, 39, -131)
(1, 38, -132)
(0, 38, -131)
(1, 37, -131)
(0, 37, -131)
(0, 37, -132)
(1, 36, -133)
(0, 36, -133)
(1, 35, -133)
(0, 35, -132)
(0, 35, -131)
(1, 34, -131)
(0, 34, -130)
(1, 33, -131)
(0, 33, -131)
(1, 32, -131)
(0, 32, -131)
(1, 31, -132)
(0, 31, -132)
(1, 30, -132)
(0, 30, -132)
(1, 29, -133)
(0, 29, -132)
(1, 28, -132)
(0, 28, -132)
(1, 27, -133)
(1, 27, -134)
(1, 27, -135)
(0, 27, -135)
(0, 27, -136)
(1, 27, -137)
(1, 27, -138)
(0, 28, -138)
(1, 28, -138)
(1, 28, -137)
(0, 29, -136)
(1, 29, -137)
(0, 30, -137)
(1, 30, -138)
(1, 30, -139)
(0, 30, -139)
(0, 30, -140)
(0, 30, -141)
(1, 29, -142)
(1, 29, -143)
(0, 29, -143)
(1, 28, -143)
(0, 28, -143)
(0, 28, -144)
(1, 27, -145)
(0, 27, -145)
(1, 26, -146)
(0, 26, -146)
(1, 25, -147)
(0, 25, -146)
(1, 24, -146)
(0, 24, -145)
(1, 23, -146)
(1, 23, -147)
(0, 23, -147)
(1, 22, -147)
(0, 22, -146)
(1, 21, -146)
(0, 21, -145)
(1, 20, -146)
(0, 20, -145)
(1, 19, -146)
(1, 19, -147)
(0, 20, -147)
(1, 20, -148)
(0, 21, -147)
(1, 21, -148)
(0, 22, -148)
(0, 22, -149)
(0, 22, -150)
(1, 22, -151)
(0, 23, -150)
(1, 23, -150)
(1, 23, -149)
(0, 24, -148)
(1, 24, -149)
(1, 24, -150)
(1, 24, -151)
(0, 24, -151)
(1, 23, -152)
(0, 23, -152)
(1, 22, -153)
(0, 22, -153)
(0, 22, -154)
(1, 21, -155)
(1, 21, -156)
(0, 22, -156)
(1, 22, -156)
(0, 23, -155)
(1, 23, -156)
(0, 24, -155)
(0, 24, -154)
(0, 24, -153)
(1, 24, -153)
(0, 25, -152)
(1, 25, -152)
(1, 25, -151)
(0, 26, -150)
(1, 26, -151)
(0, 27, -151)
(1, 27, -151)
(1, 27, -150)
(0, 28, -149)
(0, 28, -148)
(1, 28, -148)
(0, 29, -148)
(1, 29, -149)
(0, 30, -149)
(0, 30, -150)
(0, 30, -151)
(1, 30, -152)
(0, 31, -151)
(1, 31, -152)
(0, 32, -151)
(1, 32, -152)
(0, 33, -152)
(1, 33, -152)
(0, 34, -152)
(0, 34, -153)
(1, 33, -154)
(0, 33, -154)
(1, 32, -155)
(0, 32, -155)
(0, 32, -156)
(1, 31, -157)
(0, 31, -156)
(1, 30, -157)
(0, 30, -157)
(1, 29, -158)
(1, 29, -159)
(0, 29, -159)
(1, 28, -159)
(0, 28, -158)
(1, 27, -159)
(0, 27, -159)
(1, 26, -159)
(0, 26, -158)
(1, 25, -158)
(0, 25, -157)
(1, 24, -157)
(0, 24, -157)
(1, 23, -158)
(1, 23, -159)
(0, 23, -159)
(1, 22, -159)
(0, 22, -159)
(1, 21, -160)
(1, 21, -161)
(0, 22, -161)
(0, 22, -162)
(1, 22, -163)
(0, 23, -163)
(1, 23, -163)
(1, 23, -162)
(0, 24, -161)
(0, 24, -160)
(1, 24, -160)
(0, 25, -159)
(1, 25, -160)
(0, 26, -160)
(0, 26, -161)
(1, 26, -162)
(0, 27, -162)
(1, 27, -162)
(0, 28, -161)
(1, 28, -162)
(1, 28, -163)
(1, 28, -164)
(0, 28, -164)
(0, 28, -165)
(1, 28, -166)
(0, 29, -166)
(1, 29, -167)
(0, 30, -167)
(1, 30, -168)
(0, 31, -168)
(0, 31, -169)
(1, 30, -170)
(0, 30, -170)
(1, 29, -171)
(0, 29, -171)
(0, 29, -172)
(1, 29, -173)
(0, 30, -173)
(1, 30, -173)
(0, 31, -173)
(1, 31, -174)
(0, 32, -173)
(0, 32, -172)
(0, 32, -171)
(1, 32, -171)
(0, 33, -171)
(1, 33, -171)
(0, 34, -171)
(1, 34, -172)
(0, 35, -172)
(1, 35, -172)
(1, 35, -171)
(0, 36, -170)
(1, 36, -171)
(1, 36, -172)
(1, 36, -173)
(0, 37, -173)
(1, 37, -173)
(0, 38, -172)
(1, 38, -173)
(1, 38, -174)
(0, 39, -174)
(1, 39, -175)
(0, 40, -175)
(1, 40, -175)
(1, 40, -174)
(1, 40, -173)
(0, 41, -172)
(1, 41, -172)
(0, 42, -172)
(1, 42, -173)
(1, 42, -174)
(0, 43, -174)
(0, 43, -175)
(1, 43, -176)
(0, 44, -176)
(1, 44, -176)
(1, 44, -175)
(0, 45, -174)
(1, 45, -175)
(1, 45, -176)
(0, 46, -176)
(1, 46, -177)
(0, 47, -176)
(0, 47, -175)
(0, 47, -174)
(1, 46, -174)
(0, 46, -173)
(0, 46, -172)
(0, 46, -171)
(1, 46, -171)
(0, 47, -171)
(1, 47, -171)
(0, 48, -171)
(0, 48, -172)
(0, 48, -173)
(0, 48, -174)
(0, 48, -175)
(0, 48, -176)
(0, 48, -177)
(0, 48, -178)
(1, 47, -179)
(0, 47, -179)
(0, 47, -180)
(0, 47, -181)
(1, 46, -182)
(0, 46, -181)
(1, 45, -181)
(0, 45, -180)
(0, 45, -179)
(1, 45, -179)
(1, 45, -178)
(0, 45, -177)
(1, 44, -178)
(0, 44, -178)
(0, 44, -179)
(1, 43, -180)
(1, 43, -181)
(0, 44, -181)
(0, 44, -182)
(0, 44, -183)
(1, 43, -184)
(0, 43, -184)
(1, 42, -184)
(0, 42, -183)
(0, 42, -182)
(0, 42, -181)
(1, 42, -181)
(1, 42, -180)
(0, 42, -179)
(1, 41, -180)
(0, 41, -180)
(0, 41, -181)
(0, 41, -182)
(0, 41, -183)
(0, 41, -184)
(0, 41, -185)
(1, 41, -186)
(0, 42, -186)
(1, 42, -187)
(1, 42, -188)
(0, 42, -188)
(1, 41, -189)
(0, 41, -189)
(1, 40, -189)
(0, 40, -189)
(1, 39, -190)
(1, 39, -191)
(1, 39, -192)
(0, 39, -192)
(1, 38, -193)
(0, 38, -192)
(0, 38, -191)
(1, 37, -191)
(0, 37, -191)
(1, 36, -192)
(0, 36, -192)
(1, 35, -192)
(0, 35, -192)
(0, 35, -193)
(1, 34, -194)
(0, 34, -194)
(0, 34, -195)
(0, 34, -196)
(1, 34, -197)
(1, 34, -198)
(1, 34, -199)
(0, 34, -199)
(1, 33, -199)
(1, 33, -198)
(0, 33, -197)
(0, 33, -196)
(1, 32, -196)
(0, 32, -196)
(1, 31, -196)
(0, 31, -195)
(1, 30, -195)
(0, 30, -194)
(0, 30, -193)
(0, 30, -192)
(1, 30, -192)
(0, 31, -191)
(1, 31, -191)
(0, 32, -190)
(0, 32, -189)
(0, 32, -188)
(0, 32, -187)
(1, 31, -187)
(1, 31, -186)
(0, 31, -185)
(1, 30, -186)
(0, 30, -185)
(0, 30, -184)
(1, 29, -184)
(1, 29, -183)
(0, 30, -182)
(0, 30, -181)
(0, 30, -180)
(1, 29, -180)
(0, 29, -180)
(1, 28, -181)
(1, 28, -182)
(0, 28, -182)
(1, 27, -182)
(0, 27, -181)
(1, 26, -181)
(0, 26, -180)
(1, 25, -180)
(0, 25, -179)
(0, 25, -178)
(1, 24, -178)
(1, 24, -177)
(0, 24, -176)
(1, 23, -176)
(0, 23, -175)
(1, 22, -176)
(0, 22, -176)
(1, 21, -177)
(0, 21, -176)
(0, 21, -175)
(1, 21, -175)
(1, 21, -174)
(0, 22, -173)
(0, 22, -172)
(1, 22, -172)
(1, 22, -171)
(0, 22, -170)
(1, 21, -171)
(0, 21, -170)
(0, 21, -169)
(1, 21, -169)
(1, 21, -168)
(1, 21, -167)
(0, 22, -166)
(1, 22, -166)
(1, 22, -165)
(0, 22, -164)
(1, 21, -165)
(0, 21, -164)
(0, 21, -163)
(0, 21, -162)
(1, 20, -162)
(0, 20, -161)
(0, 20, -160)
(1, 19, -160)
(0, 19, -159)
(1, 18, -159)
(1, 18, -158)
(0, 19, -157)
(1, 19, -157)
(1, 19, -156)
(0, 20, -155)
(0, 20, -154)
(1, 19, -154)
(0, 19, -153)
(0, 19, -152)
(1, 18, -152)
(0, 18, -152)
(1, 17, -152)
(0, 17, -151)
(1, 16, -152)
(0, 16, -151)
(0, 16, -150)
(0, 16, -149)
(0, 16, -148)
(1, 15, -148)
(1, 15, -147)
(0, 16, -146)
(1, 16, -147)
(0, 17, -146)
(1, 17, -147)
(0, 18, -147)
(1, 18, -147)
(1, 18, -146)
(1, 18, -145)
(0, 18, -144)
(0, 18, -143)
(1, 18, -143)
(1, 18, -142)
(1, 18, -141)
(0, 18, -140)
(1, 17, -141)
(0, 17, -141)
(1, 16, -141)
(0, 16, -140)
(1, 15, -141)
(1, 15, -142)
(0, 16, -142)
(0, 16, -143)
(0, 16, -144)
(1, 15, -145)
(0, 15, -144)
(0, 15, -143)
(1, 14, -143)
(0, 14, -142)
(1, 13, -143)
(0, 13, -142)
(1, 12, -143)
(1, 12, -144)
(0, 12, -144)
(1, 11, -145)
(0, 11, -144)
(0, 11, -143)
(0, 11, -142)
(1, 11, -142)
(1, 11, -141)
(1, 11, -140)
(0, 12, -139)
(0, 12, -138)
(1, 12, -138)
(1, 12, -137)
(1, 12, -136)
(0, 13, -135)
(0, 13, -134)
(1, 12, -134)
(0, 12, -133)
(0, 12, -132)
(1, 11, -132)
(0, 11, -131)
(0, 11, -130)
(0, 11, -129)
(1, 10, -129)
(0, 10, -128)
(0, 10, -127)
(1, 9, -127)
(1, 9, -126)
(0, 10, -125)
(1, 10, -125)
(0, 11, -125)
(0, 11, -126)
(1, 11, -127)
(0, 12, -126)
(0, 12, -125)
(0, 12, -124)
(0, 12, -123)
(0, 12, -122)
(0, 12, -121)
(0, 12, -120)
(1, 12, -120)
(0, 13, -119)
(0, 13, -118)
(0, 13, -117)
(0, 13, -116)
(0, 13, -115)
(0, 13, -114)
(1, 13, -114)
(1, 13, -113)
(0, 14, -112)
(1, 14, -112)
(1, 14, -111)
(0, 15, -110)
(1, 15, -111)
(0, 16, -110)
(1, 16, -111)
(0, 17, -111)
(1, 17, -111)
(0, 18, -110)
(0, 18, -109)
(1, 17, -109)
(0, 17, -108)
(1, 16, -109)
(0, 16, -108)
(1, 15, -108)
(1, 15, -107)
(1, 15, -106)
(0, 16, -105)
(1, 16, -105)
(0, 17, -105)
(1, 17, -106)
(0, 18, -106)
(1, 18, -107)
(0, 19, -107)
(0, 19, -108)
(1, 19, -109)
(0, 20, -108)
(0, 20, -107)
(0, 20, -106)
(1, 19, -106)
(0, 19, -105)
(1, 18, -105)
(1, 18, -104)
(1, 18, -103)
(1, 18, -102)
(0, 18, -101)
(1, 17, -101)
(0, 17, -101)
(0, 17, -102)
(1, 16, -103)
(0, 16, -102)
(1, 15, -102)
(0, 15, -101)
(0, 15, -100)
(1, 15, -100)
(0, 16, -99)
(0, 16, -98)
(1, 16, -98)
(0, 17, -97)
(0, 17, -96)
(0, 17, -95)
(1, 16, -95)
(0, 16, -95)
(1, 15, -96)
(0, 15, -96)
(1, 14, -97)
(1, 14, -98)
(0, 14, -98)
(0, 14, -99)
(1, 13, -100)
(0, 13, -99)
(0, 13, -98)
(1, 12, -98)
(1, 12, -97)
(0, 12, -96)
(1, 11, -97)
(0, 11, -97)
(0, 11, -98)
(0, 11, -99)
(0, 11, -100)
(0, 11, -101)
(1, 11, -102)
(0, 12, -101)
(1, 12, -101)
(0, 13, -101)
(0, 13, -102)
(1, 12, -103)
(1, 12, -104)
(1, 12, -105)
(1, 12, -106)
(1, 12, -107)
(0, 13, -107)
(1, 13, -108)
(1, 13, -109)
(0, 13, -109)
(0, 13, -110)
(1, 12, -111)
(0, 12, -110)
(1, 11, -111)
(0, 11, -110)
(1, 10, -111)
(1, 10, -112)
(0, 11, -112)
(0, 11, -113)
(0, 11, -114)
(0, 11, -115)
(1, 10, -116)
(0, 10, -115)
(1, 9, -115)
(0, 9, -115)
(1, 8, -116)
(1, 8, -117)
(0, 8, -117)
(1, 7, -118)
(0, 7, -117)
(0, 7, -116)
(1, 7, -116)
(1, 7, -115)
(0, 8, -114)
(1, 8, -114)
(0, 9, -113)
(1, 9, -113)
(1, 9, -112)
(1, 9, -111)
(0, 9, -110)
(1, 8, -110)
(0, 8, -109)
(1, 7, -110)
(1, 7, -111)
(0, 8, -111)
(0, 8, -112)
(1, 7, -113)
(0, 7, -113)
(1, 6, -113)
(0, 6, -112)
(1, 5, -112)
(0, 5, -112)
(1, 4, -112)
(1, 4, -111)
(0, 4, -110)
(0, 4, -109)
(0, 4, -108)
(1, 4, -108)
(0, 5, -108)
(0, 5, -109)
(1, 5, -110)
(0, 6, -109)
(1, 6, -109)
(0, 7, -108)
(0, 7, -107)
(1, 6, -107)
(0, 6, -106)
(0, 6, -105)
(1, 6, -105)
(1, 6, -104)
(0, 6, -103)
(1, 5, -104)
(0, 5, -104)
(1, 4, -104)
(0, 4, -104)
(1, 3, -105)
(0, 3, -105)
(1, 2, -106)
(1, 2, -107)
(0, 3, -107)
(0, 3, -108)
(0, 3, -109)
(0, 3, -110)
(1, 2, -111)
(0, 2, -111)
(1, 1, -111)
(1, 1, -110)
(1, 1, -109)
(0, 1, -108)
(0, 1, -107)
(0, 1, -106)
(0, 1, -105)
(1, 1, -105)
(0, 2, -104)
(1, 2, -104)
(0, 3, -103)
(1, 3, -103)
(1, 3, -102)
(1, 3, -101)
(1, 3, -100)
(0, 4, -99)
(1, 4, -99)
(0, 5, -98)
(0, 5, -97)
(1, 4, -97)
(0, 4, -96)
(0, 4, -95)
(1, 4, -95)
(0, 5, -95)
(1, 5, -96)
(0, 6, -95)
(1, 6, -95)
(0, 7, -95)
(0, 7, -96)
(0, 7, -97)
(0, 7, -98)
(0, 7, -99)
(0, 7, -100)
(0, 7, -101)
(1, 7, -102)
(0, 8, -102)
(0, 8, -103)
(1, 8, -104)
(0, 9, -103)
(0, 9, -102)
(1, 9, -102)
(0, 10, -101)
(0, 10, -100)
(1, 9, -100)
(0, 9, -100)
(1, 8, -100)
(1, 8, -99)
(0, 8, -98)
(0, 8, -97)
(0, 8, -96)
(0, 8, -95)
(0, 8, -94)
(1, 7, -94)
(1, 7, -93)
(0, 8, -92)
(1, 8, -92)
(0, 9, -91)
(1, 9, -92)
(1, 9, -93)
(0, 9, -93)
(0, 9, -94)
(1, 9, -95)
(0, 10, -94)
(1, 10, -95)
(0, 11, -94)
(1, 11, -94)
(0, 12, -93)
(1, 12, -94)
(1, 12, -95)
(0, 13, -95)
(1, 13, -95)
(1, 13, -94)
(1, 13, -93)
(0, 13, -92)
(1, 12, -92)
(0, 12, -91)
(1, 11, -91)
(0, 11, -90)
(1, 10, -90)
(0, 10, -90)
(1, 9, -90)
(1, 9, -89)
(0, 9, -88)
(1, 8, -88)
(1, 8, -87)
(0, 8, -86)
(1, 7, -87)
(0, 7, -86)
(0, 7, -85)
(1, 6, -85)
(1, 6, -84)
(0, 6, -83)
(0, 6, -82)
(1, 6, -82)
(0, 7, -81)
(1, 7, -82)
(0, 8, -81)
(1, 8, -81)
(0, 9, -80)
(1, 9, -81)
(0, 10, -81)
(0, 10, -82)
(1, 10, -83)
(0, 11, -83)
(0, 11, -84)
(1, 11, -85)
(1, 11, -86)
(0, 12, -86)
(1, 12, -86)
(1, 12, -85)
(1, 12, -84)
(0, 13, -83)
(0, 13, -82)
(1, 12, -82)
(0, 12, -81)
(1, 11, -81)
(1, 11, -80)
(1, 11, -79)
(1, 11, -78)
(0, 11, -77)
(1, 10, -77)
(1, 10, -76)
(1, 10, -75)
(0, 10, -74)
(1, 9, -74)
(0, 9, -74)
(0, 9, -75)
(0, 9, -76)
(0, 9, -77)
(1, 8, -78)
(0, 8, -77)
(1, 7, -78)
(0, 7, -78)
(0, 7, -79)
(1, 6, -80)
(0, 6, -79)
(1, 5, -80)
(0, 5, -79)
(1, 4, -80)
(0, 4, -80)
(0, 4, -81)
(1, 3, -82)
(0, 3, -82)
(1, 2, -83)
(0, 2, -83)
(1, 1, -84)
(1, 1, -85)
(0, 2, -85)
(0, 2, -86)
(0, 2, -87)
(0, 2, -88)
(1, 1, -89)
(0, 1, -88)
(1, 0, -88)
(0, 0, -88)
(0, 0, -89)
(1, -1, -90)
(0, -1, -90)
(0, -1, -91)
(1, -1, -92)
(0, 0, -91)
(1, 0, -91)
(0, 1, -91)
(1, 1, -91)
(0, 2, -91)
(1, 2, -92)
(0, 3, -92)
(0, 3, -93)
(1, 2, -94)
(1, 2, -95)
(1, 2, -96)
(1, 2, -97)
(1, 2, -98)
(0, 2, -98)
(0, 2, -99)
(1, 1, -100)
(1, 1, -101)
(1, 1, -102)
(0, 1, -102)
(1, 0, -103)
(0, 0, -103)
(1, -1, -104)
(0, -1, -104)
(1, -2, -104)
(0, -2, -104)
(1, -3, -105)
(1, -3, -106)
(0, -3, -106)
(1, -4, -106)
(0, -4, -106)
(0, -4, -107)
(0, -4, -108)
(1, -5, -109)
(0, -5, -109)
(1, -6, -109)
(0, -6, -109)
(1, -7, -109)
(0, -7, -109)
(0, -7, -110)
(0, -7, -111)
(1, -7, -112)
(1, -7, -113)
(1, -7, -114)
(0, -7, -114)
(0, -7, -115)
(1, -8, -116)
(0, -8, -116)
(1, -9, -116)
(0, -9, -115)
(1, -10, -115)
(0, -10, -115)
(1, -11, -115)
(0, -11, -115)
(1, -12, -116)
(0, -12, -115)
(1, -13, -116)
(0, -13, -116)
(0, -13, -117)
(0, -13, -118)
(1, -14, -119)
(0, -14, -118)
(1, -15, -118)
(0, -15, -118)
(1, -16, -118)
(1, -16, -117)
(1, -16, -116)
(1, -16, -115)
(0, -16, -114)
(1, -17, -115)
(0, -17, -114)
(1, -18, -114)
(0, -18, -114)
(1, -19, -114)
(1, -19, -113)
(1, -19, -112)
(0, -18, -111)
(1, -18, -112)
(0, -17, -112)
(1, -17, -113)
(0, -16, -112)
(1, -16, -113)
(0, -15, -113)
(1, -15, -114)
(0, -14, -114)
(1, -14, -114)
(0, -13, -114)
(1, -13, -114)
(1, -13, -113)
(1, -13, -112)
(0, -12, -111)
(1, -12, -111)
(0, -11, -111)
(1, -11, -112)
(1, -11, -113)
(0, -10, -113)
(1, -10, -113)
(0, -9, -112)
(0, -9, -111)
(1, -10, -111)
(0, -10, -110)
(0, -10, -109)
(1, -11, -109)
(0, -11, -108)
(1, -12, -108)
(0, -12, -108)
(1, -13, -108)
(0, -13, -107)
(1, -14, -108)
(1, -14, -109)
(0, -14, -109)
(0, -14, -110)
(0, -14, -111)
(1, -15, -112)
(0, -15, -111)
(0, -15, -110)
(0, -15, -109)
(0, -15, -108)
(1, -15, -108)
(1, -15, -107)
(0, -14, -106)
(0, -14, -105)
(1, -15, -105)
(1, -15, -104)
(1, -15, -103)
(0, -15, -102)
(1, -16, -103)
(1, -16, -104)
(1, -16, -105)
(0, -16, -105)
(1, -17, -106)
(0, -17, -105)
(1, -18, -106)
(1, -18, -107)
(0, -17, -107)
(0, -17, -108)
(0, -17, -109)
(1, -18, -110)
(0, -18, -109)
(0, -18, -108)
(1, -19, -108)
(0, -19, -107)
(0, -19, -106)
(1, -19, -106)
(1, -19, -105)
(0, -18, -104)
(0, -18, -103)
(1, -19, -103)
(1, -19, -102)
(0, -19, -101)
(1, -20, -101)
(0, -20, -101)
(0, -20, -102)
(0, -20, -103)
(1, -21, -104)
(0, -21, -103)
(1, -22, -104)
(1, -22, -105)
(1, -22, -106)
(1, -22, -107)
(0, -21, -107)
(1, -21, -107)
(0, -20, -107)
(0, -20, -108)
(1, -21, -109)
(0, -21, -109)
(0, -21, -110)
(1, -22, -111)
(0, -22, -111)
(0, -22, -112)
(1, -22, -113)
(1, -22, -114)
(0, -22, -114)
(1, -23, -114)
(0, -23, -114)
(1, -24, -115)
(1, -24, -116)
(0, -23, -116)
(1, -23, -116)
(0, -22, -116)
(1, -22, -116)
(0, -21, -115)
(1, -21, -115)
(0, -20, -115)
(0, -20, -116)
(0, -20, -117)
(0, -20, -118)
(1, -21, -119)
(0, -21, -118)
(1, -22, -119)
(1, -22, -120)
(1, -22, -121)
(1, -22, -122)
(1, -22, -123)
(0, -21, -123)
(1, -21, -123)
(1, -21, -122)
(0, -20, -121)
(0, -20, -120)
(1, -20, -120)
(0, -19, -119)
(1, -19, -120)
(0, -18, -119)
(0, -18, -118)
(1, -19, -118)
(0, -19, -117)
(0, -19, -116)
(1, -19, -116)
(0, -18, -116)
(1, -18, -116)
(0, -17, -116)
(0, -17, -117)
(1, -17, -118)
(1, -17, -119)
(0, -17, -119)
(0, -17, -120)
(0, -17, -121)
(1, -18, -122)
(0, -18, -122)
(0, -18, -123)
(1, -18, -124)
(0, -17, -124)
(1, -17, -125)
(1, -17, -126)
(0, -17, -126)
(1, -18, -126)
(0, -18, -126)
(1, -19, -127)
(0, -19, -127)
(1, -20, -127)
(0, -20, -127)
(1, -21, -127)
(0, -21, -127)
(0, -21, -128)
(0, -21, -129)
(0, -21, -130)
(0, -21, -131)
(1, -21, -132)
(0, -20, -132)
(1, -20, -132)
(0, -19, -131)
(1, -19, -132)
(0, -18, -132)
(1, -18, -132)
(1, -18, -131)
(0, -17, -130)
(1, -17, -131)
(0, -16, -131)
(0, -16, -132)
(1, -16, -133)
(1, -16, -134)
(1, -16, -135)
(1, -16, -136)
(0, -16, -136)
(1, -17, -136)
(0, -17, -135)
(1, -18, -136)
(1, -18, -137)
(0, -18, -137)
(1, -19, -137)
(1, -19, -136)
(1, -19, -135)
(1, -19, -134)
(0, -19, -133)
(1, -20, -134)
(1, -20, -135)
(1, -20, -136)
(0, -20, -136)
(0, -20, -137)
(0, -20, -138)
(0, -20, -139)
(1, -20, -140)
(0, -19, -139)
(1, -19, -139)
(0, -18, -139)
(1, -18, -139)
(0, -17, -139)
(1, -17, -139)
(0, -16, -138)
(1, -16, -138)
(0, -15, -138)
(1, -15, -139)
(0, -14, -138)
(0, -14, -137)
(0, -14, -136)
(0, -14, -135)
(1, -15, -135)
(1, -15, -134)
(0, -14, -133)
(0, -14, -132)
(1, -14, -132)
(0, -13, -132)
(1, -13, -133)
(1, -13, -134)
(0, -12, -134)
(1, -12, -135)
(1, -12, -136)
(1, -12, -137)
(0, -12, -137)
(1, -13, -138)
(1, -13, -139)
(0, -13, -139)
(1, -14, -140)
(0, -14, -140)
(1, -15, -141)
(0, -15, -141)
(1, -16, -141)
(0, -16, -141)
(1, -17, -141)
(0, -17, -141)
(0, -17, -142)
(1, -17, -143)
(0, -16, -143)
(0, -16, -144)
(1, -17, -145)
(0, -17, -144)
(1, -18, -144)
(0, -18, -144)
(1, -19, -144)
(0, -19, -143)
(1, -20, -143)
(0, -20, -142)
(1, -21, -143)
(0, -21, -142)
(1, -22, -143)
(0, -22, -143)
(1, -23, -143)
(1, -23, -142)
(0, -23, -141)
(1, -24, -141)
(0, -24, -140)
(1, -25, -140)
(0, -25, -139)
(0, -25, -138)
(1, -25, -138)
(1, -25, -137)
(1, -25, -136)
(1, -25, -135)
(0, -25, -134)
(0, -25, -133)
(0, -25, -132)
(1, -26, -132)
(0, -26, -132)
(0, -26, -133)
(0, -26, -134)
(0, -26, -135)
(1, -27, -136)
(0, -27, -136)
(0, -27, -137)
(1, -28, -138)
(0, -28, -137)
(1, -29, -137)
(0, -29, -136)
(1, -30, -137)
(0, -30, -136)
(1, -31, -137)
(0, -31, -136)
(1, -32, -137)
(1, -32, -138)
(0, -31, -138)
(1, -31, -139)
(1, -31, -140)
(0, -30, -140)
(0, -30, -141)
(0, -30, -142)
(1, -31, -143)
(1, -31, -144)
(0, -31, -144)
(1, -32, -145)
(0, -32, -145)
(1, -33, -146)
(1, -33, -147)
(1, -33, -148)
(0, -32, -148)
(1, -32, -148)
(1, -32, -147)
(0, -31, -146)
(1, -31, -147)
(0, -30, -147)
(1, -30, -147)
(0, -29, -146)
(1, -29, -147)
(0, -28, -146)
(0, -28, -145)
(1, -29, -145)
(1, -29, -144)
(0, -29, -143)
(0, -29, -142)
(0, -29, -141)
(1, -29, -141)
(0, -28, -141)
(1, -28, -142)
(1, -28, -143)
(0, -27, -143)
(1, -27, -144)
(0, -26, -144)
(1, -26, -145)
(1, -26, -146)
(0, -26, -146)
(1, -27, -147)
(1, -27, -148)
(0, -26, -148)
(1, -26, -148)
(0, -25, -148)
(0, -25, -149)
(1, -25, -150)
(0, -24, -150)
(1, -24, -150)
(0, -23, -149)
(1, -23, -149)
(0, -22, -148)
(1, -22, -148)
(0, -21, -148)
(1, -21, -149)
(1, -21, -150)
(0, -21, -150)
(0, -21, -151)
(1, -21, -152)
(0, -20, -152)
(0, -20, -153)
(0, -20, -154)
(1, -20, -155)
(0, -19, -155)
(0, -19, -156)
(1, -19, -157)
(1, -19, -158)
(1, -19, -159)
(0, -19, -159)
(1, -20, -160)
(1, -20, -161)
(1, -20, -162)
(0, -19, -162)
(1, -19, -163)
(0, -18, -162)
(1, -18, -162)
(0, -17, -161)
(1, -17, -161)
(0, -16, -160)
(0, -16, -159)
(1, -16, -159)
(0, -15, -159)
(0, -15, -160)
(0, -15, -161)
(1, -15, -162)
(0, -14, -161)
(1, -14, -162)
(1, -14, -163)
(0, -13, -163)
(1, -13, -163)
(0, -12, -163)
(1, -12, -163)
(0, -11, -163)
(0, -11, -164)
(0, -11, -165)
(1, -11, -166)
(0, -10, -165)
(1, -10, -165)
(0, -9, -165)
(1, -9, -166)
(1, -9, -167)
(1, -9, -168)
(0, -9, -168)
(0, -9, -169)
(1, -10, -170)
(1, -10, -171)
(1, -10, -172)
(0, -9, -172)
(1, -9, -172)
(0, -8, -171)
(0, -8, -170)
(1, -8, -170)
(1, -8, -169)
(1, -8, -168)
(0, -7, -167)
(1, -7, -167)
(1, -7, -166)
(0, -7, -165)
(0, -7, -164)
(0, -7, -163)
(1, -8, -163)
(0, -8, -163)
(1, -9, -163)
(1, -9, -162)
(1, -9, -161)
(0, -8, -160)
(0, -8, -159)
(1, -8, -159)
(1, -8, -158)
(0, -7, -157)
(0, -7, -156)
(0, -7, -155)
(0, -7, -154)
(0, -7, -153)
(1, -8, -153)
(0, -8, -152)
(1, -9, -152)
(0, -9, -151)
(0, -9, -150)
(0, -9, -149)
(1, -10, -149)
(1, -10, -148)
(0, -10, -147)
(0, -10, -146)
(1, -10, -146)
(1, -10, -145)
(0, -9, -144)
(1, -9, -145)
(0, -8, -144)
(0, -8, -143)
(1, -9, -143)
(0, -9, -142)
(0, -9, -141)
(1, -9, -141)
(0, -8, -141)
(1, -8, -142)
(0, -7, -142)
(1, -7, -142)
(0, -6, -142)
(1, -6, -143)
(0, -5, -143)
(1, -5, -144)
(0, -4, -144)
(1, -4, -145)
(0, -3, -144)
(1, -3, -145)
(1, -3, -146)
(0, -2, -146)
(0, -2, -147)
(1, -3, -148)
(0, -3, -148)
(1, -4, -148)
(0, -4, -147)
(1, -5, -148)
(1, -5, -149)
(1, -5, -150)
(1, -5, -151)
(0, -4, -151)
(1, -4, -151)
(0, -3, -151)
(1, -3, -151)
(0, -2, -150)
(1, -2, -151)
(0, -1, -151)
(1, -1, -151)
(1, -1, -150)
(0, -1, -149)
(0, -1, -148)
(0, -1, -147)
(1, -1, -147)
(0, 0, -147)
(1, 0, -148)
(1, 0, -149)
(0, 1, -149)
(1, 1, -149)
(0, 2, -149)
(1, 2, -150)
(0, 3, -149)
(1, 3, -150)
(1, 3, -151)
(1, 3, -152)
(0, 3, -152)
(1, 2, -153)
(0, 2, -153)
(1, 1, -154)
(1, 1, -155)
(0, 2, -155)
(0, 2, -156)
(0, 2, -157)
(1, 1, -158)
(0, 1, -157)
(1, 0, -158)
(0, 0, -157)
(1, -1, -158)
(0, -1, -157)
(1, -2, -157)
(1, -2, -156)
(0, -1, -155)
(0, -1, -154)
(0, -1, -153)
(1, -2, -153)
(0, -2, -153)
(0, -2, -154)
(1, -3, -155)
(1, -3, -156)
(1, -3, -157)
(1, -3, -158)
(0, -3, -158)
(0, -3, -159)
(1, -3, -160)
(1, -3, -161)
(1, -3, -162)
(0, -3, -162)
(1, -4, -163)
(1, -4, -164)
(0, -3, -164)
(0, -3, -165)
(0, -3, -166)
(1, -3, -167)
(1, -3, -168)
(1, -3, -169)
(0, -2, -169)
(1, -2, -170)
(1, -2, -171)
(0, -2, -171)
(1, -3, -171)
(0, -3, -171)
(1, -4, -172)
(0, -4, -171)
(1, -5, -172)
(0, -5, -172)
(1, -6, -172)
(1, -6, -171)
(1, -6, -170)
(1, -6, -169)
(0, -6, -168)
(1, -7, -169)
(1, -7, -170)
(1, -7, -171)
(1, -7, -172)
(1, -7, -173)
(0, -6, -173)
(0, -6, -174)
(1, -6, -175)
(0, -5, -174)
(1, -5, -175)
(0, -4, -175)
(1, -4, -175)
(0, -3, -174)
(1, -3, -175)
(0, -2, -174)
(1, -2, -174)
(0, -1, -173)
(1, -1, -174)
(1, -1, -175)
(1, -1, -176)
(0, -1, -176)
(0, -1, -177)
(0, -1, -178)
(1, -1, -179)
(0, 0, -178)
(1, 0, -179)
(0, 1, -179)
(1, 1, -180)
(0, 2, -179)
(1, 2, -180)
(0, 3, -180)
(1, 3, -180)
(1, 3, -179)
(0, 4, -178)
(1, 4, -178)
(1, 4, -177)
(1, 4, -176)
(0, 4, -175)
(0, 4, -174)
(0, 4, -173)
(1, 3, -173)
(0, 3, -172)
(0, 3, -171)
(0, 3, -170)
(0, 3, -169)
(1, 2, -169)
(0, 2, -168)
(1, 1, -168)
(0, 1, -167)
(1, 0, -168)
(0, 0, -167)
(1, -1, -168)
(0, -1, -168)
(1, -2, -168)
(1, -2, -167)
(0, -1, -166)
(0, -1, -165)
(0, -1, -164)
(1, -1, -164)
(1, -1, -163)
(0, 0, -162)
(0, 0, -161)
(1, 0, -161)
(0, 1, -161)
(1, 1, -162)
(0, 2, -162)
(0, 2, -163)
(0, 2, -164)
(1, 1, -165)
(1, 1, -166)
(0, 2, -166)
(1, 2, -166)
(0, 3, -165)
(0, 3, -164)
(0, 3, -163)
(0, 3, -162)
(1, 3, -162)
(1, 3, -161)
(0, 4, -160)
(1, 4, -161)
(1, 4, -162)
(0, 5, -162)
(0, 5, -163)
(0, 5, -164)
(1, 4, -165)
(1, 4, -166)
(1, 4, -167)
(0, 5, -167)
(1, 5, -167)
(0, 6, -166)
(1, 6, -167)
(0, 7, -167)
(1, 7, -168)
(0, 8, -168)
(0, 8, -169)
(1, 7, -170)
(1, 7, -171)
(0, 8, -171)
(0, 8, -172)
(1, 8, -173)
(0, 9, -173)
(0, 9, -174)
(1, 8, -175)
(0, 8, -174)
(1, 7, -175)
(1, 7, -176)
(0, 8, -176)
(0, 8, -177)
(0, 8, -178)
(0, 8, -179)
(0, 8, -180)
(1, 8, -181)
(0, 9, -181)
(0, 9, -182)
(1, 8, -183)
(0, 8, -183)
(1, 7, -183)
(0, 7, -182)
(0, 7, -181)
(1, 6, -181)
(0, 6, -181)
(1, 5, -182)
(0, 5, -181)
(1, 4, -182)
(1, 4, -183)
(0, 5, -183)
(0, 5, -184)
(1, 4, -185)
(0, 4, -185)
(0, 4, -186)
(0, 4, -187)
(1, 3, -188)
(1, 3, -189)
(0, 3, -189)
(1, 2, -189)
(1, 2, -188)
(0, 2, -187)
(0, 2, -186)
(0, 2, -185)
(0, 2, -184)
(1, 2, -184)
(0, 3, -183)
(0, 3, -182)
(1, 2, -182)
(0, 2, -182)
(1, 1, -183)
(0, 1, -182)
(1, 0, -183)
(0, 0, -183)
(1, -1, -183)
(0, -1, -182)
(0, -1, -181)
(0, -1, -180)
(1, -2, -180)
(0, -2, -180)
(1, -3, -181)
(0, -3, -180)
(1, -4, -181)
(0, -4, -180)
(1, -5, -180)
(0, -5, -179)
(1, -6, -180)
(1, -6, -181)
(0, -5, -181)
(1, -5, -182)
(0, -4, -182)
(0, -4, -183)
(1, -4, -184)
(1, -4, -185)
(0, -3, -185)
(0, -3, -186)
(1, -4, -187)
(0, -4, -187)
(0, -4, -188)
(1, -5, -189)
(0, -5, -188)
(1, -6, -189)
(1, -6, -190)
(0, -6, -190)
(0, -6, -191)
(1, -7, -192)
(0, -7, -191)
(1, -8, -192)
(0, -8, -192)
(1, -9, -192)
(0, -9, -191)
(0, -9, -190)
(1, -9, -190)
(0, -8, -190)
(1, -8, -190)
(1, -8, -189)
(0, -7, -188)
(0, -7, -187)
(1, -7, -187)
(1, -7, -186)
(0, -7, -185)
(1, -8, -186)
(0, -8, -186)
(0, -8, -187)
(1, -9, -188)
(0, -9, -188)
(1, -10, -188)
(0, -10, -188)
(1, -11, -189)
(1, -11, -190)
(1, -11, -191)
(0, -10, -191)
(0, -10, -192)
(1, -10, -193)
(0, -9, -193)
(1, -9, -194)
(1, -9, -195)
(0, -9, -195)
(0, -9, -196)
(1, -10, -197)
(0, -10, -197)
(1, -11, -198)
(0, -11, -197)
(1, -12, -198)
(0, -12, -198)
(1, -13, -198)
(0, -13, -198)
(1, -14, -199)
(0, -14, -198)
(0, -14, -197)
(1, -15, -197)
(1, -15, -196)
(0, -14, -195)
(1, -14, -195)
(0, -13, -195)
(1, -13, -196)
(0, -12, -195)
(0, -12, -194)
(0, -12, -193)
(0, -12, -192)
(1, -13, -192)
(1, -13, -191)
(1, -13, -190)
(1, -13, -189)
(1, -13, -188)
(1, -13, -187)
(0, -13, -186)
(1, -14, -187)
(0, -14, -187)
(1, -15, -187)
(1, -15, -186)
(1, -15, -185)
(1, -15, -184)
(1, -15, -183)
(0, -15, -182)
(1, -16, -182)
(0, -16, -182)
(0, -16, -183)
(1, -17, -184)
(0, -17, -184)
(1, -18, -185)
(0, -18, -185)
(0, -18, -186)
(1, -18, -187)
(0, -17, -187)
(1, -17, -188)
(0, -16, -187)
(1, -16, -188)
(1, -16, -189)
(0, -15, -189)
(1, -15, -189)
(0, -14, -189)
(0, -14, -190)
(1, -14, -191)
(1, -14, -192)
(1, -14, -193)
(0, -14, -193)
(1, -15, -193)
(0, -15, -192)
(0, -15, -191)
(1, -16, -191)
(0, -16, -191)
(1, -17, -192)
(0, -17, -191)
(1, -18, -191)
(1, -18, -190)
(0, -18, -189)
(1, -19, -189)
(0, -19, -188)
(0, -19, -187)
(0, -19, -186)
(1, -20, -186)
(0, -20, -186)
(0, -20, -187)
(0, -20, -188)
(0, -20, -189)
(1, -21, -190)
(1, -21, -191)
(0, -20, -191)
(0, -20, -192)
(0, -20, -193)
(0, -20, -194)
(1, -20, -195)
(0, -19, -195)
(0, -19, -196)
(0, -19, -197)
(1, -19, -198)
(1, -19, -199)
(0, -19, -199)
(1, -20, -200)
(0, -20, -199)
(0, -20, -198)
(0, -20, -197)
(0, -20, -196)
(1, -21, -196)
(0, -21, -195)
(0, -21, -194)
(1, -22, -194)
(0, -22, -194)
(1, -23, -195)
(0, -23, -194)
(1, -24, -194)
(0, -24, -194)
(0, -24, -195)
(0, -24, -196)
(1, -24, -197)
(0, -23, -197)
(1, -23, -198)
(0, -22, -197)
(1, -22, -197)
(0, -21, -197)
(0, -21, -198)
(1, -22, -199)
(1, -22, -200)
(0, -22, -200)
(1, -23, -200)
(0, -23, -200)
(1, -24, -200)
(0, -24, -200)
(1, -25, -200)
(0, -25, -200)
(1, -26, -200)
(0, -26, -200)
(1, -27, -200)
(1, -27, -199)
(0, -27, -198)
(1, -28, -198)
(0, -28, -198)
(1, -29, -198)
(0, -29, -197)
(1, -30, -197)
(1, -30, -196)
(0, -30, -195)
(1, -31, -196)
(0, -31, -196)
(0, -31, -197)
(0, -31, -198)
(0, -31, -199)
(1, -32, -200)
(0, -32, -200)
(1, -33, -200)
(1, -33, -199)
(1, -33, -198)
(0, -32, -197)
(0, -32, -196)
(1, -33, -196)
(0, -33, -196)
(1, -34, -196)
(0, -34, -196)
(0, -34, -197)
(0, -34, -198)
(1, -35, -199)
(0, -35, -199)
(1, -36, -199)
(0, -36, -198)
(1, -37, -199)
(1, -37, -200)
(0, -37, -200)
(1, -38, -200)
(0, -38, -199)
(1, -39, -200)
(0, -39, -199)
(1, -40, -200)
(0, -40, -200)
(1, -41, -200)
(0, -41, -200)
(1, -42, -200)
(0, -42, -200)
(1, -43, -200)
(1, -43, -199)
(1, -43, -198)
(0, -43, -197)
(0, -43, -196)
(0, -43, -195)
(1, -44, -195)
(0, -44, -195)
(1, -45, -196)
(0, -45, -195)
(0, -45, -194)
(0, -45, -193)
(1, -45, -193)
(0, -44, -192)
(0, -44, -191)
(1, -45, -191)
(0, -45, -190)
(1, -46, -191)
(0, -46, -190)
(1, -47, -191)
(1, -47, -192)
(1, -47, -193)
(0, -47, -193)
(0, -47, -194)
(1, -47, -195)
(0, -46, -195)
(0, -46, -196)
(1, -47, -197)
(0, -47, -196)
(1, -48, -196)
(0, -48, -195)
(1, -49, -195)
(0, -49, -194)
(0, -49, -193)
(1, -50, -193)
(0, -50, -193)
(1, -51, -193)
(0, -51, -193)
(1, -52, -194)
(1, -52, -195)
(1, -52, -196)
(1, -52, -197)
(1, -52, -198)
(0, -51, -198)
(1, -51, -198)
(1, -51, -197)
(1, -51, -196)
(0, -50, -195)
(1, -50, -196)
(0, -49, -196)
(0, -49, -197)
(0, -49, -198)
(1, -50, -199)
(0, -50, -199)
(1, -51, -200)
(0, -51, -200)
(1, -52, -200)
(0, -52, -199)
(1, -53, -200)
(0, -53, -200)
(1, -54, -200)
(1, -54, -199)
(0, -54, -198)
(1, -55, -199)
(0, -55, -199)
(1, -56, -199)
(0, -56, -198)
(1, -57, -198)
(0, -57, -197)
(1, -58, -198)
(0, -58, -197)
(1, -59, -197)
(0, -59, -196)
(1, -60, -197)
(0, -60, -197)
(1, -61, -197)
(0, -61, -197)
(1, -62, -198)
(0, -62, -198)
(0, -62, -199)
(1, -63, -200)
(0, -63, -199)
(1, -64, -199)
(0, -64, -199)
(1, -65, -199)
(0, -65, -198)
(0, -65, -197)
(0, -65, -196)
(1, -65, -196)
(1, -65, -195)
(0, -64, -194)
(0, -64, -193)
(1, -64, -193)
(1, -64, -192)
(0, -63, -191)
(1, -63, -191)
(0, -62, -190)
(1, -62, -191)
(1, -62, -192)
(0, -62, -192)
(0, -62, -193)
(1, -62, -194)
(0, -61, -193)
(1, -61, -194)
(1, -61, -195)
(0, -60, -195)
(1, -60, -195)
(0, -59, -194)
(0, -59, -193)
(0, -59, -192)
(0, -59, -191)
(0, -59, -190)
(1, -59, -190)
(0, -58, -190)
(1, -58, -190)
(0, -57, -190)
(1, -57, -190)
(1, -57, -189)
(0, -57, -188)
(1, -58, -188)
(0, -58, -187)
(1, -59, -188)
(0, -59, -188)
(1, -60, -188)
(0, -60, -187)
(1, -61, -188)
(0, -61, -188)
(1, -62, -189)
(0, -62, -188)
(0, -62, -187)
(1, -62, -187)
(0, -61, -186)
(0, -61, -185)
(0, -61, -184)
(1, -62, -184)
(0, -62, -184)
(0, -62, -185)
(1, -63, -186)
(0, -63, -185)
(0, -63, -184)
(1, -64, -184)
(1, -64, -183)
(0, -64, -182)
(1, -65, -182)
(1, -65, -181)
(1, -65, -180)
(0, -65, -179)
(1, -66, -179)
(1, -66, -178)
(0, -65, -177)
(0, -65, -176)
(1, -66, -176)
(1, -66, -175)
(1, -66, -174)
(1, -66, -173)
(1, -66, -172)
(0, -65, -171)
(1, -65, -172)
(0, -64, -171)
(0, -64, -170)
(1, -64, -170)
(0, -63, -169)
(1, -63, -169)
(0, -62, -169)
(1, -62, -169)
(1, -62, -168)
(0, -61, -167)
(1, -61, -167)
(0, -60, -166)
(1, -60, -167)
(0, -59, -166)
(0, -59, -165)
(1, -59, -165)
(1, -59, -164)
(0, -59, -163)
(1, -60, -163)
(1, -60, -162)
(0, -60, -161)
(1, -61, -162)
(0, -61, -161)
(0, -61, -160)
(1, -62, -160)
(1, -62, -159)
(0, -62, -158)
(0, -62, -157)
(0, -62, -156)
(1, -63, -156)
(0, -63, -155)
(1, -64, -155)
(0, -64, -155)
(1, -65, -155)
(0, -65, -155)
(1, -66, -156)
(1, -66, -157)
(0, -65, -157)
(0, -65, -158)
(1, -66, -159)
(0, -66, -158)
(1, -67, -158)
(1, -67, -157)
(1, -67, -156)
(1, -67, -155)
(1, -67, -154)
(0, -67, -153)
(1, -68, -154)
(1, -68, -155)
(1, -68, -156)
(0, -68, -156)
(1, -69, -156)
(1, -69, -155)
(0, -69, -154)
(1, -70, -154)
(0, -70, -153)
(1, -71, -154)
(0, -71, -153)
(1, -72, -153)
(0, -72, -153)
(0, -72, -154)
(0, -72, -155)
(1, -73, -156)
(0, -73, -155)
(1, -74, -156)
(0, -74, -155)
(0, -74, -154)
(1, -75, -154)
(1, -75, -153)
(0, -74, -152)
