(0, -14, 96)
(1, -14, 96)
(0, -13, 96)
(1, -13, 96)
(1, -13, 97)
(1, -13, 98)
(0, -12, 99)
(0, -12, 100)
(1, -13, 100)
(0, -13, 101)
(0, -13, 102)
(0, -13, 103)
(1, -13, 103)
(1, -13, 104)
(1, -13, 105)
(0, -12, 106)
(1, -12, 106)
(1, -12, 107)
(0, -12, 108)
(0, -12, 109)
(1, -13, 109)
(0, -13, 109)
(0, -13, 108)
(1, -14, 107)
(1, -14, 106)
(1, -14, 105)
(1, -14, 104)
(0, -14, 104)
(1, -15, 104)
(0, -15, 105)
(0, -15, 106)
(1, -16, 106)
(1, -16, 107)
(0, -15, 108)
(1, -15, 108)
(1, -15, 109)
(0, -14, 110)
(0, -14, 111)
(1, -14, 111)
(1, -14, 112)
(1, -14, 113)
(1, -14, 114)
(0, -13, 115)
(1, -13, 114)
(0, -12, 115)
(1, -12, 115)
(0, -11, 115)
(1, -11, 114)
(0, -10, 115)
(1, -10, 115)
(0, -9, 116)
(1, -9, 115)
(0, -8, 116)
(1, -8, 116)
(0, -7, 117)
(0, -7, 118)
(0, -7, 119)
(0, -7, 120)
(1, -8, 120)
(0, -8, 121)
(1, -9, 120)
(0, -9, 121)
(1, -10, 120)
(1, -10, 119)
(0, -10, 119)
(1, -11, 119)
(0, -11, 119)
(1, -12, 119)
(1, -12, 120)
(1, -12, 121)
(0, -11, 122)
(1, -11, 122)
(1, -11, 123)
(0, -11, 124)
(1, -12, 124)
(0, -12, 125)
(0, -12, 126)
(0, -12, 127)
(1, -12, 127)
(1, -12, 128)
(0, -11, 129)
(1, -11, 129)
(1, -11, 130)
(0, -10, 131)
(1, -10, 131)
(1, -10, 132)
(0, -9, 133)
(0, -9, 134)
(1, -9, 134)
(0, -8, 135)
(0, -8, 136)
(1, -8, 136)
(1, -8, 137)
(1, -8, 138)
(0, -7, 139)
(1, -7, 139)
(0, -6, 140)
(1, -6, 139)
(0, -5, 139)
(1, -5, 139)
(1, -5, 140)
(0, -4, 141)
(0, -4, 142)
(0, -4, 143)
(1, -4, 143)
(1, -4, 144)
(0, -4, 145)
(1, -5, 144)
(0, -5, 144)
(0, -5, 143)
(0, -5, 142)
(1, -6, 141)
(0, -6, 142)
(0, -6, 143)
(0, -6, 144)
(0, -6, 145)
(0, -6, 146)
(0, -6, 147)
(1, -6, 147)
(0, -5, 147)
(1, -5, 147)
(1, -5, 148)
(0, -5, 149)
(1, -6, 149)
(0, -6, 149)
(1, -7, 149)
(0, -7, 150)
(1, -8, 149)
(1, -8, 148)
(0, -7, 148)
(0, -7, 147)
(0, -7, 146)
(1, -8, 145)
(0, -8, 145)
(1, -9, 145)
(0, -9, 146)
(1, -10, 145)
(1, -10, 144)
(1, -10, 143)
(0, -9, 143)
(1, -9, 143)
(0, -8, 143)
(1, -8, 142)
(1, -8, 141)
(0, -8, 141)
(0, -8, 140)
(1, -9, 139)
(0, -9, 140)
(1, -10, 139)
(1, -10, 138)
(0, -10, 138)
(1, -11, 138)
(1, -11, 139)
(1, -11, 140)
(0, -10, 141)
(0, -10, 142)
(1, -11, 142)
(1, -11, 143)
(0, -11, 144)
(1, -12, 143)
(1, -12, 142)
(1, -12, 141)
(0, -12, 141)
(1, -13, 141)
(0, -13, 142)
(1, -14, 142)
(0, -14, 143)
(0, -14, 144)
(0, -14, 145)
(1, -15, 145)
(0, -15, 145)
(1, -16, 145)
(1, -16, 146)
(1, -16, 147)
(1, -16, 148)
(0, -16, 149)
(1, -17, 149)
(0, -17, 149)
(0, -17, 148)
(1, -18, 147)
(1, -18, 146)
(0, -18, 146)
(1, -19, 145)
(0, -19, 146)
(1, -20, 146)
(1, -20, 147)
(1, -20, 148)
(0, -20, 149)
(0, -20, 150)
(0, -20, 151)
(0, -20, 152)
(0, -20, 153)
(0, -20, 154)
(1, -21, 154)
(1, -21, 155)
(0, -20, 156)
(0, -20, 157)
(0, -20, 158)
(1, -20, 158)
(0, -19, 159)
(1, -19, 158)
(0, -18, 158)
(1, -18, 158)
(0, -17, 159)
(1, -17, 159)
(1, -17, 160)
(1, -17, 161)
(1, -17, 162)
(1, -17, 163)
(1, -17, 164)
(0, -17, 165)
(1, -18, 164)
(0, -18, 164)
(1, -19, 163)
(0, -19, 163)
(1, -20, 163)
(1, -20, 164)
(0, -19, 165)
(0, -19, 166)
(1, -19, 166)
(0, -18, 167)
(0, -18, 168)
(0, -18, 169)
(1, -18, 169)
(1, -18, 170)
(1, -18, 171)
(0, -18, 172)
(0, -18, 173)
(1, -18, 173)
(1, -18, 174)
(0, -18, 175)
(1, -19, 175)
(0, -19, 176)
(0, -19, 177)
(1, -20, 177)
(0, -20, 177)
(1, -21, 176)
(0, -21, 176)
(1, -22, 175)
(1, -22, 174)
(1, -22, 173)
(1, -22, 172)
(0, -21, 172)
(1, -21, 172)
(0, -20, 172)
(0, -20, 171)
(1, -21, 170)
(0, -21, 170)
(1, -22, 169)
(1, -22, 168)
(1, -22, 167)
(0, -22, 167)
(1, -23, 166)
(1, -23, 165)
(0, -22, 165)
(1, -22, 165)
(0, -21, 165)
(0, -21, 164)
(0, -21, 163)
(0, -21, 162)
(0, -21, 161)
(1, -21, 160)
(1, -21, 159)
(0, -21, 159)
(1, -22, 158)
(0, -22, 158)
(1, -23, 158)
(0, -23, 159)
(1, -24, 159)
(1, -24, 160)
(0, -23, 161)
(1, -23, 161)
(0, -22, 162)
(0, -22, 163)
(1, -23, 163)
(0, -23, 164)
(1, -24, 163)
(1, -24, 162)
(0, -24, 162)
(1, -25, 161)
(1, -25, 160)
(1, -25, 159)
(0, -25, 159)
(1, -26, 158)
(0, -26, 158)
(1, -27, 158)
(1, -27, 159)
(0, -27, 160)
(0, -27, 161)
(1, -27, 161)
(0, -26, 162)
(0, -26, 163)
(0, -26, 164)
(1, -26, 164)
(0, -25, 165)
(1, -25, 165)
(0, -24, 165)
(1, -24, 165)
(1, -24, 166)
(0, -24, 167)
(0, -24, 168)
(1, -24, 168)
(1, -24, 169)
(1, -24, 170)
(0, -24, 171)
(1, -25, 170)
(0, -25, 170)
(0, -25, 169)
(1, -26, 168)
(0, -26, 168)
(1, -27, 168)
(0, -27, 169)
(1, -28, 169)
(0, -28, 169)
(1, -29, 169)
(1, -29, 170)
(0, -29, 171)
(1, -30, 171)
(0, -30, 172)
(0, -30, 173)
(0, -30, 174)
(0, -30, 175)
(1, -30, 175)
(1, -30, 176)
(1, -30, 177)
(0, -30, 178)
(1, -31, 177)
(0, -31, 177)
(0, -31, 176)
(1, -32, 175)
(1, -32, 174)
(0, -31, 174)
(0, -31, 173)
(1, -32, 172)
(0, -32, 172)
(1, -33, 171)
(0, -33, 171)
(1, -34, 171)
(0, -34, 172)
(1, -35, 171)
(0, -35, 172)
(0, -35, 173)
(1, -36, 173)
(0, -36, 174)
(0, -36, 175)
(0, -36, 176)
(1, -36, 176)
(1, -36, 177)
(1, -36, 178)
(0, -36, 179)
(1, -37, 179)
(0, -37, 180)
(1, -38, 179)
(1, -38, 178)
(0, -38, 178)
(1, -39, 177)
(1, -39, 176)
(0, -38, 176)
(1, -38, 175)
(0, -37, 175)
(0, -37, 174)
(1, -38, 173)
(0, -38, 174)
(1, -39, 174)
(0, -39, 175)
(1, -40, 174)
(1, -40, 173)
(0, -39, 173)
(0, -39, 172)
(1, -39, 171)
(0, -38, 171)
(1, -38, 171)
(0, -37, 171)
(1, -37, 170)
(0, -36, 171)
(1, -36, 170)
(1, -36, 169)
(0, -35, 169)
(0, -35, 168)
(1, -36, 167)
(1, -36, 166)
(0, -35, 166)
(0, -35, 165)
(1, -35, 164)
(1, -35, 163)
(0, -35, 163)
(1, -36, 163)
(0, -36, 163)
(1, -37, 162)
(1, -37, 161)
(1, -37, 160)
(0, -37, 160)
(1, -38, 159)
(0, -38, 160)
(1, -39, 160)
(1, -39, 161)
(1, -39, 162)
(0, -39, 163)
(1, -40, 163)
(1, -40, 164)
(0, -39, 165)
(0, -39, 166)
(0, -39, 167)
(1, -40, 167)
(0, -40, 167)
(1, -41, 167)
(0, -41, 168)
(1, -42, 167)
(0, -42, 168)
(0, -42, 169)
(1, -43, 169)
(0, -43, 170)
(0, -43, 171)
(0, -43, 172)
(1, -44, 172)
(0, -44, 173)
(0, -44, 174)
(1, -44, 174)
(0, -43, 174)
(1, -43, 174)
(1, -43, 175)
(0, -43, 176)
(0, -43, 177)
(1, -43, 177)
(0, -42, 177)
(1, -42, 177)
(0, -41, 178)
(0, -41, 179)
(0, -41, 180)
(1, -41, 180)
(0, -40, 181)
(0, -40, 182)
(1, -41, 182)
(1, -41, 183)
(0, -41, 184)
(1, -42, 184)
(0, -42, 184)
(1, -43, 184)
(0, -43, 185)
(1, -44, 184)
(0, -44, 185)
(1, -45, 184)
(1, -45, 183)
(1, -45, 182)
(0, -45, 182)
(0, -45, 181)
(0, -45, 180)
(1, -45, 179)
(1, -45, 178)
(0, -44, 178)
(0, -44, 177)
(0, -44, 176)
(1, -45, 175)
(0, -45, 175)
(1, -46, 175)
(1, -46, 176)
(0, -46, 177)
(0, -46, 178)
(1, -47, 178)
(0, -47, 178)
(0, -47, 177)
(0, -47, 176)
(1, -48, 175)
(0, -48, 175)
(0, -48, 174)
(1, -49, 173)
(0, -49, 173)
(1, -50, 173)
(1, -50, 174)
(1, -50, 175)
(0, -49, 176)
(0, -49, 177)
(1, -50, 177)
(0, -50, 177)
(1, -51, 176)
(0, -51, 176)
(1, -52, 176)
(1, -52, 177)
(0, -51, 178)
(0, -51, 179)
(0, -51, 180)
(1, -52, 180)
(1, -52, 181)
(1, -52, 182)
(0, -51, 183)
(1, -51, 183)
(0, -50, 183)
(1, -50, 183)
(1, -50, 184)
(0, -49, 185)
(1, -49, 184)
(1, -49, 183)
(0, -48, 183)
(1, -48, 182)
(0, -47, 183)
(0, -47, 184)
(0, -47, 185)
(1, -48, 185)
(1, -48, 186)
(1, -48, 187)
(0, -47, 188)
(1, -47, 187)
(0, -46, 188)
(1, -46, 188)
(0, -45, 189)
(1, -45, 189)
(0, -44, 190)
(1, -44, 190)
(0, -43, 190)
(0, -43, 189)
(1, -44, 188)
(1, -44, 187)
(0, -43, 187)
(1, -43, 186)
(0, -42, 186)
(1, -42, 186)
(1, -42, 187)
(1, -42, 188)
(0, -41, 189)
(1, -41, 189)
(0, -40, 190)
(1, -40, 189)
(0, -39, 190)
(1, -39, 189)
(0, -38, 190)
(1, -38, 189)
(0, -37, 190)
(1, -37, 190)
(1, -37, 191)
(1, -37, 192)
(1, -37, 193)
(1, -37, 194)
(1, -37, 195)
(0, -36, 196)
(1, -36, 195)
(0, -35, 195)
(1, -35, 195)
(0, -34, 196)
(1, -34, 195)
(0, -33, 195)
(0, -33, 194)
(1, -34, 193)
(1, -34, 192)
(0, -33, 192)
(1, -33, 191)
(0, -32, 192)
(1, -32, 192)
(0, -31, 192)
(1, -31, 192)
(1, -31, 193)
(0, -30, 194)
(0, -30, 195)
(1, -31, 195)
(1, -31, 196)
(0, -30, 197)
(1, -30, 197)
(1, -30, 198)
(0, -30, 199)
(1, -31, 198)
(0, -31, 198)
(1, -32, 197)
(1, -32, 196)
(0, -32, 196)
(1, -33, 196)
(1, -33, 197)
(0, -33, 198)
(1, -34, 198)
(0, -34, 198)
(1, -35, 198)
(0, -35, 198)
(1, -36, 197)
(0, -36, 198)
(0, -36, 199)
(1, -37, 199)
(0, -37, 199)
(0, -37, 198)
(0, -37, 197)
(1, -38, 196)
(1, -38, 195)
(0, -38, 195)
(1, -39, 194)
(0, -39, 195)
(0, -39, 196)
(0, -39, 197)
(1, -39, 197)
(0, -38, 198)
(0, -38, 199)
(0, -38, 200)
(1, -39, 200)
(0, -39, 200)
(0, -39, 199)
(1, -40, 198)
(0, -40, 198)
(1, -41, 197)
(0, -41, 198)
(1, -42, 197)
(0, -42, 198)
(1, -43, 197)
(1, -43, 196)
(0, -43, 196)
(1, -44, 195)
(1, -44, 194)
(1, -44, 193)
(1, -44, 192)
(0, -44, 192)
(1, -45, 192)
(1, -45, 193)
(0, -45, 194)
(1, -46, 194)
(1, -46, 195)
(0, -46, 196)
(1, -47, 195)
(1, -47, 194)
(1, -47, 193)
(1, -47, 192)
(0, -46, 192)
(0, -46, 191)
(1, -47, 190)
(0, -47, 191)
(1, -48, 190)
(1, -48, 189)
(0, -48, 189)
(1, -49, 189)
(1, -49, 190)
(1, -49, 191)
(1, -49, 192)
(0, -49, 193)
(1, -50, 193)
(1, -50, 194)
(0, -50, 195)
(1, -51, 195)
(0, -51, 195)
(1, -52, 194)
(0, -52, 195)
(1, -53, 194)
(0, -53, 194)
(1, -54, 194)
(0, -54, 194)
(1, -55, 193)
(0, -55, 194)
(1, -56, 193)
(1, -56, 192)
(1, -56, 191)
(0, -55, 191)
(1, -55, 190)
(0, -54, 190)
(1, -54, 190)
(0, -53, 191)
(1, -53, 190)
(0, -52, 191)
(1, -52, 190)
(0, -51, 190)
(1, -51, 190)
(1, -51, 191)
(0, -50, 192)
(1, -50, 191)
(1, -50, 190)
(1, -50, 189)
(0, -50, 189)
(0, -50, 188)
(0, -50, 187)
(0, -50, 186)
(1, -51, 185)
(0, -51, 186)
(1, -52, 186)
(0, -52, 187)
(1, -53, 187)
(1, -53, 188)
(0, -53, 189)
(1, -54, 188)
(1, -54, 187)
(0, -54, 187)
(0, -54, 186)
(0, -54, 185)
(0, -54, 184)
(1, -55, 183)
(1, -55, 182)
(0, -55, 182)
(0, -55, 181)
(0, -55, 180)
(0, -55, 179)
(1, -55, 178)
(0, -54, 178)
(0, -54, 177)
(1, -54, 176)
(0, -53, 176)
(1, -53, 175)
(1, -53, 174)
(1, -53, 173)
(0, -53, 173)
(0, -53, 172)
(1, -53, 171)
(1, -53, 170)
(1, -53, 169)
(1, -53, 168)
(0, -52, 168)
(1, -52, 167)
(0, -51, 167)
(1, -51, 167)
(0, -50, 168)
(1, -50, 167)
(0, -49, 168)
(1, -49, 167)
(1, -49, 166)
(0, -48, 166)
(0, -48, 165)
(1, -49, 164)
(0, -49, 165)
(1, -50, 165)
(0, -50, 166)
(1, -51, 165)
(1, -51, 164)
(0, -50, 164)
(1, -50, 163)
(1, -50, 162)
(0, -49, 162)
(0, -49, 161)
(1, -50, 160)
(0, -50, 160)
(0, -50, 159)
(0, -50, 158)
(1, -51, 157)
(0, -51, 158)
(1, -52, 157)
(0, -52, 158)
(0, -52, 159)
(1, -53, 159)
(0, -53, 159)
(0, -53, 158)
(1, -54, 157)
(1, -54, 156)
(0, -54, 156)
(1, -55, 156)
(1, -55, 157)
(1, -55, 158)
(0, -54, 159)
(0, -54, 160)
(1, -54, 160)
(0, -53, 161)
(0, -53, 162)
(0, -53, 163)
(1, -54, 163)
(0, -54, 163)
(0, -54, 162)
(1, -55, 161)
(0, -55, 162)
(1, -56, 161)
(0, -56, 161)
(0, -56, 160)
(1, -56, 159)
(1, -56, 158)
(1, -56, 157)
(1, -56, 156)
(1, -56, 155)
(0, -56, 155)
(0, -56, 154)
(0, -56, 153)
(1, -56, 152)
(0, -55, 153)
(1, -55, 153)
(0, -54, 154)
(1, -54, 154)
(0, -53, 154)
(1, -53, 154)
(0, -52, 154)
(0, -52, 153)
(0, -52, 152)
(1, -52, 151)
(1, -52, 150)
(0, -52, 150)
(0, -52, 149)
(0, -52, 148)
(0, -52, 147)
(0, -52, 146)
(1, -52, 145)
(0, -51, 146)
(0, -51, 147)
(0, -51, 148)
(0, -51, 149)
(1, -51, 149)
(1, -51, 150)
(0, -50, 151)
(1, -50, 150)
(0, -49, 150)
(1, -49, 150)
(0, -48, 150)
(1, -48, 149)
(0, -47, 150)
(1, -47, 150)
(0, -46, 151)
(0, -46, 152)
(1, -46, 152)
(0, -45, 152)
(1, -45, 151)
(1, -45, 150)
(0, -45, 150)
(0, -45, 149)
(1, -46, 148)
(0, -46, 149)
(1, -47, 148)
(0, -47, 148)
(0, -47, 147)
(1, -48, 146)
(0, -48, 147)
(0, -48, 148)
(1, -49, 148)
(0, -49, 148)
(1, -50, 147)
(1, -50, 146)
(0, -50, 146)
(0, -50, 145)
(1, -50, 144)
(1, -50, 143)
(0, -49, 143)
(1, -49, 142)
(0, -48, 142)
(0, -48, 141)
(1, -48, 140)
(1, -48, 139)
(1, -48, 138)
(0, -48, 138)
(0, -48, 137)
(1, -48, 136)
(1, -48, 135)
(1, -48, 134)
(0, -48, 134)
(0, -48, 133)
(0, -48, 132)
(1, -49, 131)
(0, -49, 131)
(1, -50, 131)
(0, -50, 132)
(0, -50, 133)
(1, -51, 133)
(0, -51, 134)
(1, -52, 134)
(0, -52, 134)
(1, -53, 133)
(0, -53, 133)
(0, -53, 132)
(1, -53, 131)
(0, -52, 131)
(1, -52, 130)
(1, -52, 129)
(1, -52, 128)
(1, -52, 127)
(0, -51, 127)
(1, -51, 127)
(0, -50, 127)
(1, -50, 127)
(0, -49, 127)
(1, -49, 126)
(1, -49, 125)
(0, -48, 125)
(0, -48, 124)
(0, -48, 123)
(0, -48, 122)
(1, -48, 121)
(0, -47, 122)
(1, -47, 122)
(1, -47, 123)
(1, -47, 124)
(0, -46, 125)
(1, -46, 125)
(1, -46, 126)
(1, -46, 127)
(1, -46, 128)
(0, -46, 129)
(0, -46, 130)
(1, -46, 130)
(0, -45, 130)
(1, -45, 130)
(1, -45, 131)
(0, -45, 132)
(0, -45, 133)
(1, -46, 133)
(0, -46, 133)
(1, -47, 133)
(1, -47, 134)
(0, -46, 135)
(0, -46, 136)
(1, -47, 136)
(1, -47, 137)
(0, -46, 138)
(1, -46, 137)
(0, -45, 138)
(0, -45, 139)
(1, -45, 139)
(0, -44, 139)
(0, -44, 138)
(1, -44, 137)
(0, -43, 137)
(0, -43, 136)
(0, -43, 135)
(1, -43, 134)
(0, -42, 135)
(1, -42, 134)
(1, -42, 133)
(1, -42, 132)
(0, -41, 132)
(1, -41, 131)
(0, -40, 131)
(0, -40, 130)
(1, -40, 129)
(0, -39, 130)
(1, -39, 130)
(1, -39, 131)
(0, -38, 132)
(1, -38, 132)
(0, -37, 132)
(1, -37, 132)
(0, -36, 132)
(0, -36, 131)
(1, -36, 130)
(1, -36, 129)
(1, -36, 128)
(0, -35, 128)
(1, -35, 127)
(1, -35, 126)
(0, -34, 126)
(1, -34, 125)
(1, -34, 124)
(0, -33, 124)
(1, -33, 124)
(0, -32, 124)
(1, -32, 124)
(0, -31, 124)
(1, -31, 123)
(0, -30, 123)
(1, -30, 123)
(1, -30, 124)
(0, -29, 125)
(1, -29, 125)
(1, -29, 126)
(0, -29, 127)
(1, -30, 126)
(0, -30, 126)
(1, -31, 125)
(0, -31, 126)
(1, -32, 126)
(1, -32, 127)
(1, -32, 128)
(0, -31, 129)
(1, -31, 129)
(1, -31, 130)
(1, -31, 131)
(1, -31, 132)
(1, -31, 133)
(0, -31, 134)
(1, -32, 134)
(0, -32, 135)
(0, -32, 136)
(1, -33, 136)
(1, -33, 137)
(0, -32, 138)
(0, -32, 139)
(1, -32, 139)
(0, -31, 140)
(1, -31, 139)
(0, -30, 139)
(1, -30, 139)
(0, -29, 140)
(0, -29, 141)
(1, -30, 141)
(0, -30, 141)
(1, -31, 141)
(1, -31, 142)
(1, -31, 143)
(1, -31, 144)
(0, -31, 145)
(0, -31, 146)
(1, -32, 146)
(0, -32, 147)
(1, -33, 146)
(1, -33, 145)
(0, -33, 145)
(1, -34, 145)
(1, -34, 146)
(1, -34, 147)
(0, -34, 148)
(1, -35, 147)
(0, -35, 148)
(1, -36, 147)
(0, -36, 147)
(1, -37, 146)
(1, -37, 145)
(0, -36, 145)
(1, -36, 144)
(1, -36, 143)
(0, -35, 143)
(1, -35, 142)
(0, -34, 142)
(1, -34, 142)
(0, -33, 142)
(0, -33, 141)
(0, -33, 140)
(0, -33, 139)
(1, -34, 138)
(0, -34, 138)
(0, -34, 137)
(1, -35, 136)
(0, -35, 137)
(1, -36, 136)
(0, -36, 137)
(1, -37, 137)
(1, -37, 138)
(0, -37, 139)
(0, -37, 140)
(1, -37, 140)
(0, -36, 140)
(1, -36, 139)
(0, -35, 140)
(0, -35, 141)
(1, -36, 141)
(0, -36, 142)
(1, -37, 142)
(0, -37, 143)
(0, -37, 144)
(1, -38, 144)
(1, -38, 145)
(0, -38, 146)
(1, -39, 146)
(0, -39, 146)
(1, -40, 146)
(1, -40, 147)
(1, -40, 148)
(0, -40, 149)
(1, -41, 148)
(0, -41, 148)
(1, -42, 147)
(1, -42, 146)
(0, -41, 146)
(0, -41, 145)
(1, -42, 144)
(0, -42, 145)
(1, -43, 144)
(0, -43, 145)
(1, -44, 144)
(0, -44, 145)
(1, -45, 145)
(1, -45, 146)
(1, -45, 147)
(0, -44, 148)
(1, -44, 147)
(0, -43, 147)
(1, -43, 147)
(1, -43, 148)
(0, -43, 149)
(1, -44, 149)
(1, -44, 150)
(0, -43, 151)
(0, -43, 152)
(1, -43, 152)
(1, -43, 153)
(0, -42, 154)
(0, -42, 155)
(1, -43, 155)
(0, -43, 155)
(1, -44, 155)
(0, -44, 155)
(0, -44, 154)
(1, -45, 153)
(0, -45, 154)
(0, -45, 155)
(1, -46, 155)
(1, -46, 156)
(1, -46, 157)
(0, -46, 158)
(1, -47, 158)
(1, -47, 159)
(0, -46, 160)
(1, -46, 159)
(0, -45, 159)
(1, -45, 158)
(0, -44, 158)
(1, -44, 157)
(0, -43, 157)
(1, -43, 157)
(0, -42, 157)
(1, -42, 157)
(1, -42, 158)
(1, -42, 159)
(0, -41, 160)
(1, -41, 159)
(1, -41, 158)
(1, -41, 157)
(1, -41, 156)
(0, -41, 156)
(0, -41, 155)
(1, -41, 154)
(0, -40, 154)
(1, -40, 153)
(0, -39, 153)
(1, -39, 152)
(0, -38, 152)
(1, -38, 152)
(0, -37, 152)
(0, -37, 151)
(1, -37, 150)
(0, -36, 151)
(0, -36, 152)
(1, -36, 152)
(0, -35, 153)
(0, -35, 154)
(1, -35, 154)
(0, -34, 154)
(1, -34, 154)
(0, -33, 154)
(1, -33, 153)
(0, -32, 153)
(1, -32, 152)
(0, -31, 153)
(1, -31, 152)
(0, -30, 153)
(1, -30, 153)
(1, -30, 154)
(0, -29, 155)
(0, -29, 156)
(1, -29, 156)
(0, -28, 156)
(1, -28, 155)
(0, -27, 156)
(1, -27, 155)
(0, -26, 156)
(1, -26, 155)
(0, -25, 155)
(1, -25, 154)
(0, -24, 154)
(1, -24, 153)
(1, -24, 152)
(0, -24, 152)
(1, -25, 152)
(0, -25, 152)
(1, -26, 152)
(0, -26, 153)
(1, -27, 153)
(0, -27, 154)
(1, -28, 153)
(1, -28, 152)
(1, -28, 151)
(0, -28, 151)
(1, -29, 150)
(0, -29, 150)
(1, -30, 150)
(0, -30, 150)
(1, -31, 149)
(0, -31, 149)
(0, -31, 148)
(1, -31, 147)
(0, -30, 147)
(0, -30, 146)
(1, -30, 145)
(0, -29, 145)
(1, -29, 144)
(0, -28, 145)
(1, -28, 145)
(1, -28, 146)
(1, -28, 147)
(1, -28, 148)
(0, -27, 149)
(0, -27, 150)
(1, -27, 150)
(0, -26, 150)
(1, -26, 149)
(0, -25, 149)
(0, -25, 148)
(0, -25, 147)
(0, -25, 146)
(1, -25, 145)
(1, -25, 144)
(1, -25, 143)
(0, -25, 143)
(1, -26, 142)
(1, -26, 141)
(0, -26, 141)
(1, -27, 140)
(1, -27, 139)
(0, -26, 139)
(1, -26, 138)
(1, -26, 137)
(0, -26, 137)
(0, -26, 136)
(1, -26, 135)
(0, -25, 136)
(1, -25, 136)
(0, -24, 137)
(1, -24, 136)
(1, -24, 135)
(0, -24, 135)
(0, -24, 134)
(1, -24, 133)
(0, -23, 133)
(0, -23, 132)
(1, -23, 131)
(0, -22, 132)
(0, -22, 133)
(0, -22, 134)
(1, -23, 134)
(1, -23, 135)
(1, -23, 136)
(1, -23, 137)
(1, -23, 138)
(0, -23, 139)
(1, -24, 139)
(0, -24, 140)
(0, -24, 141)
(1, -24, 141)
(0, -23, 141)
(1, -23, 141)
(0, -22, 142)
(1, -22, 142)
(0, -21, 143)
(1, -21, 142)
(0, -20, 143)
(1, -20, 143)
(0, -19, 143)
(0, -19, 142)
(0, -19, 141)
(0, -19, 140)
(0, -19, 139)
(1, -19, 138)
(1, -19, 137)
(1, -19, 136)
(0, -19, 136)
(1, -20, 135)
(0, -20, 135)
(1, -21, 134)
(1, -21, 133)
(0, -20, 133)
(1, -20, 133)
(0, -19, 134)
(1, -19, 134)
(0, -18, 135)
(1, -18, 134)
(0, -17, 135)
(1, -17, 135)
(0, -16, 135)
(1, -16, 135)
(1, -16, 136)
(0, -16, 137)
(1, -17, 137)
(0, -17, 138)
(0, -17, 139)
(0, -17, 140)
(0, -17, 141)
(1, -18, 141)
(0, -18, 142)
(0, -18, 143)
(1, -18, 143)
(0, -17, 143)
(1, -17, 142)
(0, -16, 143)
(1, -16, 143)
(0, -15, 143)
(0, -15, 142)
(1, -15, 141)
(1, -15, 140)
(1, -15, 139)
(0, -14, 139)
(1, -14, 139)
(0, -13, 140)
(1, -13, 139)
(1, -13, 138)
(1, -13, 137)
(1, -13, 136)
(0, -12, 136)
(1, -12, 136)
(0, -11, 136)
(0, -11, 135)
(1, -12, 134)
(1, -12, 133)
(0, -12, 133)
(1, -13, 132)
(0, -13, 132)
(1, -14, 131)
(0, -14, 131)
(1, -15, 130)
(1, -15, 129)
(1, -15, 128)
(1, -15, 127)
(1, -15, 126)
(1, -15, 125)
(0, -14, 125)
(0, -14, 124)
(1, -15, 123)
(0, -15, 124)
(1, -16, 123)
(0, -16, 124)
(1, -17, 124)
(1, -17, 125)
(0, -17, 126)
(1, -18, 125)
(1, -18, 124)
(0, -18, 124)
(1, -19, 124)
(0, -19, 124)
(0, -19, 123)
(1, -20, 122)
(0, -20, 123)
(0, -20, 124)
(0, -20, 125)
(1, -21, 125)
(1, -21, 126)
(1, -21, 127)
(0, -21, 128)
(0, -21, 129)
(1, -22, 129)
(0, -22, 129)
(1, -23, 128)
(0, -23, 129)
(1, -24, 129)
(1, -24, 130)
(0, -24, 131)
(1, -25, 130)
(0, -25, 130)
(0, -25, 129)
(0, -25, 128)
(1, -25, 127)
(0, -24, 127)
(1, -24, 126)
(0, -23, 126)
(0, -23, 125)
(0, -23, 124)
(1, -23, 123)
(1, -23, 122)
(1, -23, 121)
(0, -22, 121)
(1, -22, 120)
(1, -22, 119)
(1, -22, 118)
(0, -21, 118)
(1, -21, 117)
(0, -20, 118)
(1, -20, 118)
(0, -19, 118)
(1, -19, 117)
(0, -18, 117)
(1, -18, 116)
(0, -17, 117)
(1, -17, 116)
(0, -16, 117)
(1, -16, 117)
(0, -15, 118)
(1, -15, 117)
(1, -15, 116)
(0, -15, 116)
(0, -15, 115)
(1, -16, 114)
(1, -16, 113)
(1, -16, 112)
(0, -16, 112)
(1, -17, 112)
(1, -17, 113)
(1, -17, 114)
(0, -17, 115)
(1, -18, 114)
(1, -18, 113)
(1, -18, 112)
(1, -18, 111)
(0, -18, 111)
(1, -19, 111)
(0, -19, 112)
(1, -20, 111)
(0, -20, 112)
(1, -21, 111)
(1, -21, 110)
(0, -21, 110)
(1, -22, 110)
(0, -22, 111)
(0, -22, 112)
(1, -22, 112)
(0, -21, 113)
(0, -21, 114)
(1, -22, 114)
(0, -22, 115)
(1, -23, 114)
(0, -23, 115)
(0, -23, 116)
(1, -24, 116)
(0, -24, 117)
(1, -25, 116)
(1, -25, 115)
(0, -24, 115)
(0, -24, 114)
(1, -25, 113)
(0, -25, 114)
(1, -26, 113)
(0, -26, 113)
(0, -26, 112)
(1, -26, 111)
(0, -25, 111)
(0, -25, 110)
(1, -26, 109)
(0, -26, 109)
(1, -27, 108)
(0, -27, 109)
(1, -28, 109)
(1, -28, 110)
(1, -28, 111)
(0, -27, 112)
(0, -27, 113)
(0, -27, 114)
(1, -27, 114)
(1, -27, 115)
(0, -27, 116)
(1, -28, 115)
(0, -28, 116)
(1, -29, 115)
(0, -29, 116)
(1, -30, 116)
(0, -30, 116)
(1, -31, 115)
(1, -31, 114)
(1, -31, 113)
(0, -30, 113)
(0, -30, 112)
(1, -30, 111)
(1, -30, 110)
(0, -30, 110)
(1, -31, 109)
(0, -31, 110)
(1, -32, 110)
(0, -32, 110)
(0, -32, 109)
(1, -33, 108)
(0, -33, 108)
(0, -33, 107)
(1, -33, 106)
(1, -33, 105)
(0, -32, 105)
(0, -32, 104)
(1, -32, 103)
(0, -31, 103)
(1, -31, 102)
(0, -30, 103)
(0, -30, 104)
(0, -30, 105)
(1, -30, 105)
(0, -29, 105)
(1, -29, 104)
(0, -28, 104)
(0, -28, 103)
(0, -28, 102)
(1, -29, 101)
(0, -29, 102)
(1, -30, 101)
(0, -30, 101)
(1, -31, 100)
(1, -31, 99)
(0, -31, 99)
(1, -32, 99)
(1, -32, 100)
(1, -32, 101)
(0, -32, 102)
(1, -33, 101)
(0, -33, 102)
(1, -34, 102)
(0, -34, 102)
(0, -34, 101)
(1, -35, 100)
(0, -35, 101)
(0, -35, 102)
(1, -36, 102)
(1, -36, 103)
(1, -36, 104)
(0, -36, 105)
(1, -37, 104)
(1, -37, 103)
(1, -37, 102)
(1, -37, 101)
(1, -37, 100)
(0, -36, 100)
(0, -36, 99)
(1, -36, 98)
(0, -35, 99)
(1, -35, 98)
(0, -34, 98)
(1, -34, 98)
(0, -33, 98)
(1, -33, 98)
(0, -32, 98)
(0, -32, 97)
(1, -32, 96)
(1, -32, 95)
(1, -32, 94)
(0, -32, 94)
(0, -32, 93)
(1, -33, 92)
(0, -33, 93)
(1, -34, 93)
(0, -34, 94)
(0, -34, 95)
(0, -34, 96)
(1, -35, 96)
(0, -35, 97)
(1, -36, 96)
(0, -36, 97)
(1, -37, 97)
(0, -37, 97)
(1, -38, 97)
(0, -38, 97)
(0, -38, 96)
(1, -38, 95)
(1, -38, 94)
(1, -38, 93)
(0, -38, 93)
(1, -39, 92)
(0, -39, 93)
(0, -39, 94)
(1, -40, 94)
(1, -40, 95)
(0, -39, 96)
(0, -39, 97)
(1, -40, 97)
(0, -40, 97)
(1, -41, 97)
(0, -41, 97)
(1, -42, 96)
(0, -42, 96)
(1, -43, 95)
(0, -43, 95)
(1, -44, 95)
(0, -44, 95)
(1, -45, 94)
(1, -45, 93)
(0, -44, 93)
(1, -44, 92)
(1, -44, 91)
(1, -44, 90)
(0, -43, 90)
(1, -43, 90)
(0, -42, 90)
(1, -42, 90)
(1, -42, 91)
(0, -42, 92)
(1, -43, 92)
(1, -43, 93)
(0, -42, 94)
(1, -42, 93)
(0, -41, 93)
(1, -41, 92)
(0, -40, 92)
(1, -40, 91)
(0, -39, 91)
(0, -39, 90)
(1, -40, 89)
(0, -40, 89)
(1, -41, 89)
(0, -41, 89)
(1, -42, 88)
(1, -42, 87)
(1, -42, 86)
(0, -42, 86)
(1, -43, 86)
(0, -43, 87)
(1, -44, 87)
(0, -44, 87)
(1, -45, 86)
(0, -45, 86)
(1, -46, 85)
(0, -46, 86)
(1, -47, 86)
(0, -47, 86)
(1, -48, 85)
(1, -48, 84)
(1, -48, 83)
(1, -48, 82)
(0, -47, 82)
(0, -47, 81)
(0, -47, 80)
(1, -48, 79)
(1, -48, 78)
(0, -48, 78)
(1, -49, 78)
(0, -49, 79)
(1, -50, 78)
(0, -50, 78)
(0, -50, 77)
(0, -50, 76)
(0, -50, 75)
(1, -51, 74)
(0, -51, 74)
(0, -51, 73)
(1, -52, 72)
(0, -52, 73)
(1, -53, 72)
(0, -53, 72)
(1, -54, 71)
(0, -54, 71)
(0, -54, 70)
(0, -54, 69)
(0, -54, 68)
(1, -54, 67)
(0, -53, 67)
(1, -53, 66)
(0, -52, 66)
(0, -52, 65)
(1, -52, 64)
(0, -51, 65)
(1, -51, 64)
(0, -50, 65)
(1, -50, 65)
(0, -49, 65)
(1, -49, 64)
(0, -48, 65)
(0, -48, 66)
(1, -48, 66)
(0, -47, 66)
(0, -47, 65)
(0, -47, 64)
(1, -48, 63)
(1, -48, 62)
(1, -48, 61)
(1, -48, 60)
(1, -48, 59)
(0, -48, 59)
(0, -48, 58)
(1, -48, 57)
(1, -48, 56)
(1, -48, 55)
(1, -48, 54)
(1, -48, 53)
(1, -48, 52)
(1, -48, 51)
(0, -48, 51)
(1, -49, 50)
(0, -49, 50)
(1, -50, 50)
(1, -50, 51)
(0, -49, 52)
(1, -49, 52)
(1, -49, 53)
(0, -49, 54)
(1, -50, 54)
(0, -50, 55)
(0, -50, 56)
(1, -50, 56)
(1, -50, 57)
(0, -49, 58)
(0, -49, 59)
(0, -49, 60)
(1, -49, 60)
(1, -49, 61)
(0, -49, 62)
(1, -50, 62)
(0, -50, 62)
(1, -51, 62)
(0, -51, 62)
(0, -51, 61)
(1, -52, 60)
(1, -52, 59)
(1, -52, 58)
(0, -52, 58)
(1, -53, 57)
(1, -53, 56)
(0, -52, 56)
(0, -52, 55)
(1, -52, 54)
(1, -52, 53)
(1, -52, 52)
(0, -52, 52)
(1, -53, 51)
(0, -53, 51)
(1, -54, 51)
(0, -54, 51)
(1, -55, 51)
(0, -55, 52)
(0, -55, 53)
(0, -55, 54)
(0, -55, 55)
(1, -55, 55)
(1, -55, 56)
(0, -54, 57)
(1, -54, 57)
(1, -54, 58)
(1, -54, 59)
(0, -54, 60)
(1, -55, 59)
(0, -55, 59)
(1, -56, 58)
(0, -56, 58)
(1, -57, 57)
(0, -57, 58)
(1, -58, 57)
(0, -58, 58)
(1, -59, 57)
(0, -59, 57)
(0, -59, 56)
(0, -59, 55)
(0, -59, 54)
(1, -59, 53)
(0, -58, 53)
(1, -58, 53)
(0, -57, 54)
(1, -57, 53)
(1, -57, 52)
(0, -56, 52)
(0, -56, 51)
(1, -57, 50)
(1, -57, 49)
(0, -56, 49)
(1, -56, 48)
(1, -56, 47)
(0, -55, 47)
(0, -55, 46)
(0, -55, 45)
(0, -55, 44)
(1, -56, 43)
(0, -56, 44)
(0, -56, 45)
(1, -57, 45)
(0, -57, 46)
(1, -58, 45)
(0, -58, 46)
(0, -58, 47)
(1, -59, 47)
(0, -59, 48)
(1, -60, 48)
(0, -60, 49)
(1, -61, 48)
(0, -61, 48)
(1, -62, 48)
(0, -62, 49)
(0, -62, 50)
(1, -63, 50)
(1, -63, 51)
(0, -62, 52)
(0, -62, 53)
(1, -63, 53)
(1, -63, 54)
(0, -62, 55)
(0, -62, 56)
(1, -63, 56)
(0, -63, 56)
(1, -64, 55)
(0, -64, 56)
(0, -64, 57)
(1, -65, 57)
(0, -65, 58)
(1, -66, 58)
(1, -66, 59)
(0, -66, 60)
(1, -67, 60)
(0, -67, 60)
(1, -68, 60)
(1, -68, 61)
(1, -68, 62)
(0, -67, 63)
(1, -67, 62)
(0, -66, 63)
(0, -66, 64)
(1, -66, 64)
(0, -65, 65)
(1, -65, 64)
(1, -65, 63)
(1, -65, 62)
(0, -64, 62)
(1, -64, 62)
(1, -64, 63)
(0, -63, 64)
(1, -63, 64)
(0, -62, 64)
(1, -62, 64)
(0, -61, 64)
(1, -61, 63)
(0, -60, 64)
(0, -60, 65)
(0, -60, 66)
(1, -61, 66)
(1, -61, 67)
(1, -61, 68)
(0, -60, 69)
(0, -60, 70)
(1, -60, 70)
(0, -59, 70)
(0, -59, 69)
(1, -59, 68)
(0, -58, 69)
(0, -58, 70)
(0, -58, 71)
(0, -58, 72)
(1, -59, 72)
(0, -59, 72)
(1, -60, 72)
(0, -60, 73)
(0, -60, 74)
(0, -60, 75)
(1, -60, 75)
(1, -60, 76)
(0, -60, 77)
(1, -61, 77)
(0, -61, 78)
(0, -61, 79)
(1, -62, 79)
(1, -62, 80)
(0, -62, 81)
(0, -62, 82)
(0, -62, 83)
(1, -63, 83)
(1, -63, 84)
(1, -63, 85)
(0, -62, 86)
(1, -62, 86)
(0, -61, 86)
(1, -61, 85)
(0, -60, 86)
(1, -60, 86)
(0, -59, 87)
(1, -59, 86)
(1, -59, 85)
(1, -59, 84)
(0, -59, 84)
(1, -60, 83)
(0, -60, 83)
(0, -60, 82)
(1, -60, 81)
(0, -59, 81)
(1, -59, 81)
(1, -59, 82)
(0, -58, 83)
(1, -58, 82)
(0, -57, 82)
(0, -57, 81)
(1, -57, 80)
(0, -56, 80)
(1, -56, 79)
(1, -56, 78)
(0, -56, 78)
(1, -57, 77)
(0, -57, 77)
(1, -58, 76)
(0, -58, 77)
(1, -59, 76)
(1, -59, 75)
(0, -58, 75)
(0, -58, 74)
(1, -58, 73)
(0, -57, 73)
(0, -57, 72)
(0, -57, 71)
(0, -57, 70)
(1, -57, 69)
(0, -56, 69)
(0, -56, 68)
(1, -57, 67)
(1, -57, 66)
(0, -57, 66)
(1, -58, 65)
(0, -58, 65)
(1, -59, 64)
(0, -59, 64)
(0, -59, 63)
(1, -60, 62)
(0, -60, 62)
(1, -61, 61)
(0, -61, 62)
(1, -62, 61)
(1, -62, 60)
(0, -61, 60)
(1, -61, 59)
(0, -60, 60)
(1, -60, 60)
(0, -59, 60)
(1, -59, 60)
(1, -59, 61)
(0, -58, 62)
(1, -58, 61)
(0, -57, 62)
(1, -57, 62)
(0, -56, 62)
(1, -56, 61)
(0, -55, 61)
(1, -55, 61)
(0, -54, 62)
(0, -54, 63)
(1, -55, 63)
(0, -55, 63)
(1, -56, 63)
(0, -56, 64)
(0, -56, 65)
(1, -56, 65)
(1, -56, 66)
(0, -55, 67)
(0, -55, 68)
(0, -55, 69)
(0, -55, 70)
(1, -56, 70)
(1, -56, 71)
(0, -55, 72)
(1, -55, 72)
(0, -54, 73)
(1, -54, 73)
(0, -53, 74)
(1, -53, 74)
(0, -52, 75)
(0, -52, 76)
(1, -52, 76)
(1, -52, 77)
(1, -52, 78)
(0, -52, 79)
(1, -53, 79)
(0, -53, 80)
(1, -54, 79)
(1, -54, 78)
(1, -54, 77)
(0, -53, 77)
(0, -53, 76)
(1, -54, 75)
(0, -54, 76)
(1, -55, 76)
(1, -55, 77)
(1, -55, 78)
(1, -55, 79)
(1, -55, 80)
(1, -55, 81)
(1, -55, 82)
(0, -54, 83)
(0, -54, 84)
(0, -54, 85)
(0, -54, 86)
(1, -54, 86)
(0, -53, 86)
(1, -53, 85)
(0, -52, 86)
(1, -52, 85)
(0, -51, 85)
(1, -51, 84)
(0, -50, 84)
(0, -50, 83)
(1, -51, 82)
(0, -51, 83)
(1, -52, 82)
(1, -52, 81)
(1, -52, 80)
(0, -51, 80)
(1, -51, 80)
(0, -50, 81)
(1, -50, 80)
(0, -49, 81)
(1, -49, 81)
(1, -49, 82)
(0, -49, 83)
(0, -49, 84)
(0, -49, 85)
(1, -50, 85)
(1, -50, 86)
(1, -50, 87)
(0, -49, 88)
(0, -49, 89)
(1, -49, 89)
(0, -48, 90)
(1, -48, 89)
(0, -47, 89)
(1, -47, 89)
(0, -46, 90)
(1, -46, 89)
(0, -45, 90)
(1, -45, 90)
(1, -45, 91)
(0, -45, 92)
(1, -46, 91)
(0, -46, 92)
(1, -47, 91)
(0, -47, 92)
(1, -48, 91)
(0, -48, 92)
(0, -48, 93)
(1, -49, 93)
(0, -49, 94)
(0, -49, 95)
(1, -50, 95)
(1, -50, 96)
(0, -49, 97)
(1, -49, 96)
(0, -48, 96)
(0, -48, 95)
(1, -48, 94)
(0, -47, 94)
(1, -47, 93)
(0, -46, 94)
(1, -46, 94)
(1, -46, 95)
(1, -46, 96)
(0, -45, 97)
(1, -45, 97)
(0, -44, 97)
(1, -44, 97)
(0, -43, 97)
(1, -43, 97)
(0, -42, 98)
(0, -42, 99)
(0, -42, 100)
(1, -42, 100)
(1, -42, 101)
(0, -42, 102)
(1, -43, 102)
(0, -43, 102)
(1, -44, 101)
(0, -44, 102)
(1, -45, 101)
(0, -45, 101)
(1, -46, 101)
(0, -46, 102)
(1, -47, 101)
(1, -47, 100)
(0, -46, 100)
(0, -46, 99)
(0, -46, 98)
(1, -47, 97)
(0, -47, 98)
(1, -48, 98)
(0, -48, 99)
(1, -49, 99)
(0, -49, 100)
(1, -50, 100)
(0, -50, 100)
(1, -51, 100)
(0, -51, 100)
(0, -51, 99)
(1, -51, 98)
(1, -51, 97)
(0, -51, 97)
(0, -51, 96)
(1, -51, 95)
(1, -51, 94)
(1, -51, 93)
(0, -50, 93)
(1, -50, 92)
(0, -49, 92)
(0, -49, 91)
(1, -50, 90)
(0, -50, 91)
(1, -51, 90)
(0, -51, 90)
(1, -52, 89)
(1, -52, 88)
(0, -52, 88)
(1, -53, 87)
(0, -53, 88)
(0, -53, 89)
(1, -54, 89)
(0, -54, 89)
(1, -55, 88)
(0, -55, 88)
(1, -56, 88)
(1, -56, 89)
(0, -55, 90)
(1, -55, 90)
(1, -55, 91)
(0, -54, 92)
(1, -54, 92)
(0, -53, 93)
(1, -53, 92)
(0, -52, 92)
(1, -52, 92)
(1, -52, 93)
(0, -52, 94)
(0, -52, 95)
(1, -53, 95)
(1, -53, 96)
(0, -53, 97)
(1, -54, 96)
(0, -54, 97)
(0, -54, 98)
(1, -54, 98)
(1, -54, 99)
(1, -54, 100)
(1, -54, 101)
(1, -54, 102)
(0, -53, 103)
(0, -53, 104)
(1, -54, 104)
(1, -54, 105)
(0, -53, 106)
(1, -53, 105)
(0, -52, 106)
(1, -52, 105)
(0, -51, 105)
(1, -51, 104)
(1, -51, 103)
(1, -51, 102)
(0, -50, 102)
(1, -50, 102)
(0, -49, 103)
(1, -49, 102)
(0, -48, 102)
(1, -48, 102)
(1, -48, 103)
(0, -47, 104)
(1, -47, 103)
(0, -46, 104)
(1, -46, 103)
(0, -45, 104)
(1, -45, 104)
(1, -45, 105)
(1, -45, 106)
(0, -45, 107)
(1, -46, 107)
(0, -46, 108)
(0, -46, 109)
(1, -47, 109)
(0, -47, 109)
(0, -47, 108)
(1, -48, 107)
(0, -48, 107)
(1, -49, 106)
(0, -49, 106)
(1, -50, 106)
(1, -50, 107)
(0, -50, 108)
(1, -51, 108)
(1, -51, 109)
(0, -50, 110)
(1, -50, 110)
(0, -49, 110)
(0, -49, 109)
(1, -49, 108)
(0, -48, 109)
(0, -48, 110)
(0, -48, 111)
(1, -49, 111)
(1, -49, 112)
(0, -49, 113)
(1, -50, 112)
(0, -50, 113)
(1, -51, 113)
(0, -51, 113)
(1, -52, 113)
(1, -52, 114)
(0, -52, 115)
(1, -53, 114)
(0, -53, 115)
(1, -54, 114)
(1, -54, 113)
(1, -54, 112)
(1, -54, 111)
(0, -54, 111)
(1, -55, 111)
(0, -55, 111)
(1, -56, 111)
(0, -56, 111)
(1, -57, 110)
(1, -57, 109)
(0, -56, 109)
(1, -56, 109)
(0, -55, 109)
(1, -55, 109)
(0, -54, 109)
(0, -54, 108)
(0, -54, 107)
(1, -55, 106)
(0, -55, 107)
(1, -56, 106)
(0, -56, 107)
(1, -57, 107)
(0, -57, 107)
(1, -58, 107)
(0, -58, 108)
(1, -59, 108)
(0, -59, 109)
(1, -60, 108)
(0, -60, 109)
(0, -60, 110)
(0, -60, 111)
(1, -60, 111)
(0, -59, 112)
(1, -59, 112)
(1, -59, 113)
(0, -58, 114)
(1, -58, 113)
(0, -57, 114)
(1, -57, 114)
(0, -56, 115)
(1, -56, 114)
(0, -55, 115)
(0, -55, 116)
(0, -55, 117)
(1, -56, 117)
(0, -56, 118)
(1, -57, 117)
(0, -57, 118)
(1, -58, 118)
(0, -58, 119)
(0, -58, 120)
(1, -58, 120)
(0, -57, 120)
(1, -57, 119)
(0, -56, 120)
(1, -56, 120)
(0, -55, 121)
(1, -55, 121)
(0, -54, 121)
(1, -54, 121)
(0, -53, 121)
(1, -53, 121)
(0, -52, 121)
(1, -52, 121)
(1, -52, 122)
(1, -52, 123)
(1, -52, 124)
(0, -52, 125)
(1, -53, 125)
(1, -53, 126)
(1, -53, 127)
(1, -53, 128)
(1, -53, 129)
(0, -53, 130)
(1, -54, 129)
(1, -54, 128)
(1, -54, 127)
(1, -54, 126)
(1, -54, 125)
(1, -54, 124)
(0, -54, 124)
(1, -55, 124)
(1, -55, 125)
(0, -55, 126)
(1, -56, 125)
(1, -56, 124)
(0, -56, 124)
(1, -57, 123)
(0, -57, 124)
(0, -57, 125)
(0, -57, 126)
(1, -58, 126)
(0, -58, 126)
(1, -59, 125)
(0, -59, 125)
(1, -60, 124)
(1, -60, 123)
(0, -60, 123)
(1, -61, 123)
(0, -61, 124)
(0, -61, 125)
(1, -62, 125)
(1, -62, 126)
(1, -62, 127)
(1, -62, 128)
(1, -62, 129)
(0, -61, 130)
(1, -61, 130)
(0, -60, 131)
(1, -60, 131)
(0, -59, 131)
(1, -59, 131)
(0, -58, 132)
(0, -58, 133)
(1, -58, 133)
(0, -57, 134)
(1, -57, 134)
(0, -56, 134)
(0, -56, 133)
(1, -56, 132)
(0, -55, 133)
(0, -55, 134)
(0, -55, 135)
(0, -55, 136)
(1, -55, 136)
(0, -54, 137)
(1, -54, 136)
(0, -53, 137)
(1, -53, 137)
(0, -52, 138)
(1, -52, 137)
(0, -51, 137)
(1, -51, 137)
(0, -50, 138)
(0, -50, 139)
(1, -51, 139)
(0, -51, 139)
(1, -52, 139)
(1, -52, 140)
(1, -52, 141)
(1, -52, 142)
(1, -52, 143)
(0, -52, 144)
(1, -53, 144)
(0, -53, 144)
(1, -54, 143)
(0, -54, 143)
(1, -55, 142)
(0, -55, 143)
(0, -55, 144)
(1, -55, 144)
(0, -54, 145)
(1, -54, 145)
(1, -54, 146)
(0, -53, 147)
(0, -53, 148)
(1, -54, 148)
(0, -54, 149)
(1, -55, 148)
(0, -55, 149)
(1, -56, 148)
(1, -56, 147)
(0, -56, 147)
(1, -57, 147)
(0, -57, 147)
(1, -58, 147)
(0, -58, 148)
(1, -59, 148)
(0, -59, 148)
(0, -59, 147)
(1, -59, 146)
(1, -59, 145)
(1, -59, 144)
(0, -59, 144)
(1, -60, 144)
(1, -60, 145)
(0, -60, 146)
(0, -60, 147)
(0, -60, 148)
(1, -61, 148)
(1, -61, 149)
(0, -61, 150)
(1, -62, 150)
(1, -62, 151)
(0, -62, 152)
(1, -63, 152)
(0, -63, 153)
(0, -63, 154)
(1, -63, 154)
(0, -62, 155)
(1, -62, 154)
(1, -62, 153)
(0, -61, 153)
(1, -61, 153)
(0, -60, 153)
(1, -60, 152)
(0, -59, 152)
(1, -59, 151)
(0, -58, 152)
(1, -58, 152)
(1, -58, 153)
(1, -58, 154)
(0, -58, 155)
(1, -59, 155)
(0, -59, 155)
(1, -60, 155)
(0, -60, 156)
(0, -60, 157)
(1, -60, 157)
(0, -59, 158)
(1, -59, 157)
(0, -58, 157)
(1, -58, 156)
(0, -57, 157)
(1, -57, 157)
(1, -57, 158)
(0, -57, 159)
(0, -57, 160)
(0, -57, 161)
(0, -57, 162)
(1, -58, 162)
(1, -58, 163)
(1, -58, 164)
(1, -58, 165)
(0, -57, 166)
(1, -57, 165)
(0, -56, 165)
(1, -56, 165)
(0, -55, 165)
(1, -55, 165)
(0, -54, 165)
(1, -54, 165)
(0, -53, 166)
(0, -53, 167)
(1, -54, 167)
(1, -54, 168)
(0, -54, 169)
(1, -55, 168)
(0, -55, 168)
(1, -56, 168)
(0, -56, 168)
(1, -57, 168)
(0, -57, 168)
(1, -58, 167)
(0, -58, 167)
(1, -59, 167)
(1, -59, 168)
(0, -59, 169)
(1, -60, 168)
(0, -60, 168)
(1, -61, 168)
(0, -61, 168)
(1, -62, 168)
(0, -62, 168)
(0, -62, 167)
(1, -63, 166)
(0, -63, 166)
(0, -63, 165)
(1, -63, 164)
(1, -63, 163)
(0, -63, 163)
(0, -63, 162)
(0, -63, 161)
(1, -64, 160)
(1, -64, 159)
(0, -64, 159)
(1, -65, 158)
(0, -65, 158)
(0, -65, 157)
(1, -66, 156)
(1, -66, 155)
(0, -65, 155)
(1, -65, 155)
(0, -64, 155)
(0, -64, 154)
(1, -65, 153)
(1, -65, 152)
(1, -65, 151)
(0, -65, 151)
(1, -66, 151)
(1, -66, 152)
(0, -66, 153)
(0, -66, 154)
(1, -67, 154)
(1, -67, 155)
(0, -67, 156)
(1, -68, 156)
(0, -68, 157)
(1, -69, 156)
(1, -69, 155)
(0, -69, 155)
(1, -70, 154)
(0, -70, 155)
(0, -70, 156)
(1, -71, 156)
(0, -71, 157)
(1, -72, 157)
(0, -72, 157)
(1, -73, 157)
(0, -73, 157)
(1, -74, 156)
(1, -74, 155)
(0, -74, 155)
(0, -74, 154)
(1, -75, 153)
(0, -75, 154)
(1, -76, 153)
(0, -76, 153)
(1, -77, 153)
(1, -77, 154)
(0, -77, 155)
(1, -78, 155)
(0, -78, 155)
(0, -78, 154)
(0, -78, 153)
(0, -78, 152)
(0, -78, 151)
(1, -78, 150)
(1, -78, 149)
(0, -77, 149)
(1, -77, 149)
(1, -77, 150)
(0, -76, 151)
(1, -76, 150)
(0, -75, 150)
(1, -75, 150)
(1, -75, 151)
(0, -74, 152)
(1, -74, 151)
(1, -74, 150)
(1, -74, 149)
(0, -73, 149)
(1, -73, 149)
(0, -72, 150)
(1, -72, 150)
(0, -71, 150)
(1, -71, 150)
(0, -70, 150)
(0, -70, 149)
(0, -70, 148)
(1, -70, 147)
(0, -69, 148)
(0, -69, 149)
(0, -69, 150)
(1, -69, 150)
(0, -68, 150)
(1, -68, 149)
(1, -68, 148)
(0, -68, 148)
(0, -68, 147)
(0, -68, 146)
(1, -68, 145)
(1, -68, 144)
(0, -67, 144)
(1, -67, 144)
(0, -66, 144)
(1, -66, 144)
(0, -65, 145)
(1, -65, 145)
(1, -65, 146)
(0, -64, 147)
(0, -64, 148)
(1, -65, 148)
(1, -65, 149)
(0, -64, 150)
(1, -64, 150)
(0, -63, 150)
(0, -63, 149)
(1, -63, 148)
(0, -62, 149)
(1, -62, 148)
(1, -62, 147)
(0, -61, 147)
(0, -61, 146)
(0, -61, 145)
(1, -61, 144)
(1, -61, 143)
(1, -61, 142)
(1, -61, 141)
(0, -61, 141)
(1, -62, 141)
(0, -62, 141)
(0, -62, 140)
(1, -62, 139)
(1, -62, 138)
(1, -62, 137)
(0, -62, 137)
(1, -63, 137)
(0, -63, 138)
(0, -63, 139)
(1, -64, 139)
(0, -64, 139)
(0, -64, 138)
(0, -64, 137)
(1, -65, 136)
(1, -65, 135)
(0, -65, 135)
(0, -65, 134)
(0, -65, 133)
(1, -65, 132)
(1, -65, 131)
(1, -65, 130)
(0, -64, 130)
(1, -64, 130)
(0, -63, 131)
(1, -63, 130)
(1, -63, 129)
(1, -63, 128)
(0, -63, 128)
(1, -64, 127)
(0, -64, 127)
(1, -65, 126)
(0, -65, 126)
(0, -65, 125)
(0, -65, 124)
(0, -65, 123)
(1, -66, 122)
(0, -66, 122)
(1, -67, 121)
(0, -67, 122)
(0, -67, 123)
(1, -68, 123)
(1, -68, 124)
(1, -68, 125)
(0, -68, 126)
(1, -69, 126)
(1, -69, 127)
(0, -69, 128)
(1, -70, 127)
(0, -70, 127)
(0, -70, 126)
(1, -71, 125)
(0, -71, 125)
(1, -72, 125)
(1, -72, 126)
(1, -72, 127)
(0, -71, 128)
(0, -71, 129)
(0, -71, 130)
(0, -71, 131)
(1, -71, 131)
(1, -71, 132)
(0, -70, 133)
(1, -70, 133)
(0, -69, 133)
(0, -69, 132)
(1, -69, 131)
(0, -68, 132)
(1, -68, 131)
(0, -67, 132)
(0, -67, 133)
(1, -68, 133)
(0, -68, 134)
(1, -69, 134)
(1, -69, 135)
(0, -68, 136)
(1, -68, 136)
(1, -68, 137)
(0, -67, 138)
(1, -67, 138)
(1, -67, 139)
(0, -67, 140)
(1, -68, 140)
(0, -68, 141)
(1, -69, 140)
(0, -69, 141)
(1, -70, 141)
(1, -70, 142)
(0, -70, 143)
(0, -70, 144)
(1, -70, 144)
(1, -70, 145)
(0, -70, 146)
(1, -71, 146)
(0, -71, 146)
(1, -72, 146)
(0, -72, 146)
(1, -73, 146)
(0, -73, 146)
(1, -74, 146)
(0, -74, 147)
(1, -75, 146)
(0, -75, 147)
(1, -76, 147)
(0, -76, 148)
(1, -77, 147)
(1, -77, 146)
(0, -77, 146)
(1, -78, 146)
(0, -78, 146)
(0, -78, 145)
(1, -79, 144)
(1, -79, 143)
(0, -78, 143)
(0, -78, 142)
(1, -78, 141)
(0, -77, 142)
(1, -77, 142)
(0, -76, 142)
(0, -76, 141)
(0, -76, 140)
(0, -76, 139)
(1, -77, 138)
(0, -77, 138)
(0, -77, 137)
(0, -77, 136)
(0, -77, 135)
(1, -78, 134)
(1, -78, 133)
(0, -78, 133)
(1, -79, 133)
(0, -79, 133)
(0, -79, 132)
(1, -80, 131)
(0, -80, 132)
(1, -81, 132)
(0, -81, 133)
(1, -82, 133)
(1, -82, 134)
(0, -81, 135)
(1, -81, 134)
(0, -80, 134)
(1, -80, 134)
(1, -80, 135)
(0, -80, 136)
(1, -81, 136)
(0, -81, 137)
(0, -81, 138)
(1, -82, 138)
(0, -82, 138)
(1, -83, 137)
(1, -83, 136)
(0, -83, 136)
(1, -84, 135)
(1, -84, 134)
(1, -84, 133)
(1, -84, 132)
(1, -84, 131)
(0, -84, 131)
(0, -84, 130)
(1, -84, 129)
(0, -83, 130)
(1, -83, 129)
(0, -82, 130)
(1, -82, 129)
(0, -81, 129)
(0, -81, 128)
(1, -81, 127)
(0, -80, 127)
(1, -80, 127)
(1, -80, 128)
(1, -80, 129)
(0, -79, 130)
(1, -79, 130)
(0, -78, 130)
(1, -78, 129)
(0, -77, 129)
(1, -77, 128)
(0, -76, 128)
(0, -76, 127)
(1, -77, 126)
(0, -77, 126)
(0, -77, 125)
(0, -77, 124)
(1, -78, 123)
(0, -78, 124)
(1, -79, 123)
(0, -79, 124)
(0, -79, 125)
(1, -80, 125)
(0, -80, 125)
(0, -80, 124)
(0, -80, 123)
(0, -80, 122)
(1, -81, 121)
(0, -81, 122)
(0, -81, 123)
(1, -82, 123)
(0, -82, 123)
(1, -83, 123)
(1, -83, 124)
(0, -82, 125)
(0, -82, 126)
(1, -83, 126)
(0, -83, 126)
(1, -84, 126)
(0, -84, 126)
(1, -85, 125)
(0, -85, 125)
(1, -86, 125)
(1, -86, 126)
(1, -86, 127)
(0, -86, 128)
(1, -87, 127)
(0, -87, 128)
(1, -88, 127)
(1, -88, 126)
(1, -88, 125)
(0, -88, 125)
(0, -88, 124)
(1, -88, 123)
(1, -88, 122)
(0, -88, 122)
(0, -88, 121)
(0, -88, 120)
(0, -88, 119)
(0, -88, 118)
(1, -89, 117)
(0, -89, 117)
(1, -90, 116)
(0, -90, 117)
(1, -91, 116)
(0, -91, 117)
(1, -92, 117)
(1, -92, 118)
(0, -92, 119)
(1, -93, 119)
(0, -93, 120)
(1, -94, 119)
(0, -94, 119)
(1, -95, 119)
(0, -95, 119)
(0, -95, 118)
(1, -95, 117)
(1, -95, 116)
(1, -95, 115)
(0, -95, 115)
(0, -95, 114)
(1, -96, 113)
(1, -96, 112)
(0, -95, 112)
(1, -95, 111)
(1, -95, 110)
(0, -95, 110)
(0, -95, 109)
(1, -95, 108)
(0, -94, 109)
(1, -94, 108)
(1, -94, 107)
(0, -93, 107)
(0, -93, 106)
(1, -94, 105)
(1, -94, 104)
(0, -93, 104)
(0, -93, 103)
(1, -93, 102)
(1, -93, 101)
(0, -93, 101)
(1, -94, 100)
(0, -94, 101)
(0, -94, 102)
(1, -95, 102)
(0, -95, 102)
(0, -95, 101)
(0, -95, 100)
(1, -96, 99)
(1, -96, 98)
(0, -95, 98)
(1, -95, 97)
(0, -94, 98)
(1, -94, 98)
(0, -93, 99)
(1, -93, 98)
(1, -93, 97)
(0, -93, 97)
(1, -94, 96)
(1, -94, 95)
(0, -94, 95)
(0, -94, 94)
(0, -94, 93)
(0, -94, 92)
(1, -94, 91)
(0, -93, 91)
(0, -93, 90)
(1, -93, 89)
(1, -93, 88)
(0, -93, 88)
(0, -93, 87)
(1, -93, 86)
(0, -92, 87)
(1, -92, 87)
(1, -92, 88)
(1, -92, 89)
(1, -92, 90)
(0, -91, 91)
(1, -91, 91)
(1, -91, 92)
(0, -90, 93)
(1, -90, 92)
(1, -90, 91)
(0, -89, 91)
(0, -89, 90)
(1, -89, 89)
(0, -88, 90)
(0, -88, 91)
(1, -88, 91)
(0, -87, 92)
(1, -87, 91)
(0, -86, 92)
(1, -86, 91)
(0, -85, 91)
(1, -85, 91)
(0, -84, 92)
(1, -84, 91)
(0, -83, 92)
(1, -83, 92)
(0, -82, 93)
(1, -82, 93)
(0, -81, 94)
(1, -81, 93)
(0, -80, 93)
(0, -80, 92)
(1, -81, 91)
(0, -81, 91)
(1, -82, 91)
(0, -82, 91)
(1, -83, 90)
(0, -83, 90)
(1, -84, 89)
(0, -84, 90)
(1, -85, 89)
(1, -85, 88)
(0, -85, 88)
(0, -85, 87)
(1, -86, 86)
(0, -86, 86)
(1, -87, 85)
(0, -87, 86)
(1, -88, 86)
(0, -88, 86)
(1, -89, 85)
(0, -89, 85)
(1, -90, 84)
(1, -90, 83)
(0, -90, 83)
(1, -91, 82)
(0, -91, 82)
(0, -91, 81)
(1, -92, 80)
(0, -92, 80)
(1, -93, 80)
(0, -93, 80)
(1, -94, 79)
(1, -94, 78)
(1, -94, 77)
(0, -93, 77)
(0, -93, 76)
(1, -93, 75)
(1, -93, 74)
(0, -92, 74)
(1, -92, 74)
(1, -92, 75)
(1, -92, 76)
(0, -91, 77)
(0, -91, 78)
(0, -91, 79)
(1, -91, 79)
(0, -90, 80)
(0, -90, 81)
(1, -90, 81)
(0, -89, 82)
(1, -89, 81)
(1, -89, 80)
(1, -89, 79)
(1, -89, 78)
(0, -89, 78)
(1, -90, 77)
(1, -90, 76)
(1, -90, 75)
(0, -90, 75)
(0, -90, 74)
(1, -91, 73)
(1, -91, 72)
(0, -91, 72)
(0, -91, 71)
(1, -92, 70)
(1, -92, 69)
(0, -92, 69)
(1, -93, 69)
(0, -93, 70)
(1, -94, 70)
(1, -94, 71)
(0, -93, 72)
(0, -93, 73)
(1, -94, 73)
(0, -94, 73)
(1, -95, 72)
(1, -95, 71)
(1, -95, 70)
(1, -95, 69)
(0, -94, 69)
(0, -94, 68)
(1, -94, 67)
(1, -94, 66)
(1, -94, 65)
(0, -93, 65)
(0, -93, 64)
(1, -93, 63)
(0, -92, 64)
(0, -92, 65)
(1, -92, 65)
(0, -91, 65)
(1, -91, 65)
(0, -90, 65)
(1, -90, 64)
(0, -89, 65)
(1, -89, 65)
(0, -88, 66)
(1, -88, 65)
(0, -87, 65)
(0, -87, 64)
(0, -87, 63)
(1, -88, 62)
(0, -88, 62)
(0, -88, 61)
(1, -88, 60)
(1, -88, 59)
(1, -88, 58)
(0, -87, 58)
(1, -87, 57)
(1, -87, 56)
(0, -86, 56)
(1, -86, 56)
(0, -85, 57)
(0, -85, 58)
(1, -86, 58)
(1, -86, 59)
(0, -86, 60)
(0, -86, 61)
(0, -86, 62)
(0, -86, 63)
(0, -86, 64)
(1, -86, 64)
(0, -85, 65)
(0, -85, 66)
(1, -85, 66)
(0, -84, 66)
(1, -84, 65)
(1, -84, 64)
(0, -84, 64)
(1, -85, 63)
(0, -85, 63)
(0, -85, 62)
(0, -85, 61)
(1, -85, 60)
(0, -84, 61)
(1, -84, 61)
(1, -84, 62)
(0, -83, 63)
(1, -83, 62)
(1, -83, 61)
(0, -82, 61)
(1, -82, 61)
(1, -82, 62)
(1, -82, 63)
(1, -82, 64)
(1, -82, 65)
(0, -81, 66)
(1, -81, 65)
(0, -80, 66)
(0, -80, 67)
(1, -81, 67)
(1, -81, 68)
(1, -81, 69)
(0, -81, 70)
(1, -82, 69)
(0, -82, 70)
(1, -83, 70)
(0, -83, 71)
(1, -84, 71)
(0, -84, 72)
(1, -85, 71)
(1, -85, 70)
(0, -85, 70)
(1, -86, 70)
(1, -86, 71)
(0, -86, 72)
(1, -87, 72)
(0, -87, 72)
(1, -88, 72)
(0, -88, 73)
(0, -88, 74)
(1, -88, 74)
(0, -87, 74)
(1, -87, 74)
(1, -87, 75)
(1, -87, 76)
(0, -87, 77)
(0, -87, 78)
(0, -87, 79)
(1, -87, 79)
(1, -87, 80)
(0, -86, 81)
(1, -86, 80)
(0, -85, 81)
(1, -85, 81)
(1, -85, 82)
(0, -84, 83)
(0, -84, 84)
(1, -84, 84)
(0, -83, 84)
(1, -83, 83)
(1, -83, 82)
(1, -83, 81)
(1, -83, 80)
(0, -83, 80)
(0, -83, 79)
(1, -83, 78)
(1, -83, 77)
(0, -82, 77)
(1, -82, 76)
(1, -82, 75)
(0, -82, 75)
(1, -83, 74)
(1, -83, 73)
(0, -82, 73)
(0, -82, 72)
(1, -82, 71)
(0, -81, 72)
(1, -81, 72)
(1, -81, 73)
(1, -81, 74)
(1, -81, 75)
(0, -80, 76)
(1, -80, 75)
(0, -79, 76)
(1, -79, 76)
(0, -78, 77)
(1, -78, 77)
(0, -77, 78)
(1, -77, 78)
(0, -76, 78)
(1, -76, 77)
(1, -76, 76)
(0, -76, 76)
(0, -76, 75)
(1, -77, 74)
(0, -77, 74)
(1, -78, 73)
(0, -78, 74)
(1, -79, 73)
(0, -79, 74)
(1, -80, 73)
(1, -80, 72)
(1, -80, 71)
(0, -79, 71)
(1, -79, 71)
(0, -78, 71)
(1, -78, 71)
(0, -77, 72)
(1, -77, 71)
(1, -77, 70)
(1, -77, 69)
(1, -77, 68)
(1, -77, 67)
(0, -76, 67)
(1, -76, 67)
(0, -75, 68)
(0, -75, 69)
(0, -75, 70)
(0, -75, 71)
(1, -75, 71)
(1, -75, 72)
(1, -75, 73)
(1, -75, 74)
(0, -74, 75)
(0, -74, 76)
(1, -74, 76)
(1, -74, 77)
(1, -74, 78)
(0, -73, 79)
(0, -73, 80)
(1, -74, 80)
(0, -74, 81)
(0, -74, 82)
(0, -74, 83)
(0, -74, 84)
(0, -74, 85)
(0, -74, 86)
(1, -75, 86)
(1, -75, 87)
(1, -75, 88)
(0, -75, 89)
(1, -76, 89)
(0, -76, 89)
(1, -77, 88)
(0, -77, 89)
(1, -78, 88)
(0, -78, 88)
(1, -79, 88)
(1, -79, 89)
(0, -78, 90)
(0, -78, 91)
(1, -79, 91)
(1, -79, 92)
(0, -78, 93)
(0, -78, 94)
(1, -78, 94)
(1, -78, 95)
(0, -78, 96)
(0, -78, 97)
(1, -79, 97)
(1, -79, 98)
(1, -79, 99)
(1, -79, 100)
(1, -79, 101)
(0, -79, 102)
(0, -79, 103)
(1, -80, 103)
(0, -80, 104)
(1, -81, 103)
(0, -81, 103)
(0, -81, 102)
(0, -81, 101)
(1, -81, 100)
(0, -80, 100)
(1, -80, 99)
(1, -80, 98)
(1, -80, 97)
(1, -80, 96)
(0, -79, 96)
(0, -79, 95)
(1, -80, 94)
(0, -80, 95)
(1, -81, 95)
(1, -81, 96)
(1, -81, 97)
(0, -81, 98)
(1, -82, 98)
(0, -82, 98)
(1, -83, 98)
(0, -83, 99)
(1, -84, 99)
(0, -84, 99)
(1, -85, 98)
(0, -85, 99)
(1, -86, 98)
(0, -86, 98)
(1, -87, 98)
(1, -87, 99)
(0, -87, 100)
(1, -88, 100)
(1, -88, 101)
(1, -88, 102)
(0, -88, 103)
(0, -88, 104)
(1, -88, 104)
(1, -88, 105)
(1, -88, 106)
(0, -87, 107)
(1, -87, 107)
(0, -86, 108)
(0, -86, 109)
(1, -87, 109)
(1, -87, 110)
(0, -86, 111)
(1, -86, 110)
(0, -85, 110)
(1, -85, 109)
(0, -84, 110)
(1, -84, 109)
(0, -83, 110)
(1, -83, 110)
(0, -82, 110)
(1, -82, 109)
(0, -81, 110)
(1, -81, 110)
(0, -80, 110)
(0, -80, 109)
(1, -80, 108)
(0, -79, 108)
(1, -79, 108)
(1, -79, 109)
(0, -78, 110)
(0, -78, 111)
(1, -79, 111)
(0, -79, 111)
(1, -80, 111)
(0, -80, 112)
(0, -80, 113)
(0, -80, 114)
(1, -81, 114)
(1, -81, 115)
(0, -80, 116)
(0, -80, 117)
(1, -81, 117)
(0, -81, 117)
(1, -82, 116)
(0, -82, 116)
(1, -83, 115)
(0, -83, 116)
(0, -83, 117)
(0, -83, 118)
(0, -83, 119)
(0, -83, 120)
(1, -84, 120)
(0, -84, 121)
(0, -84, 122)
(1, -84, 122)
(0, -83, 122)
(1, -83, 121)
(0, -82, 121)
(1, -82, 120)
(0, -81, 120)
(1, -81, 119)
(0, -80, 119)
(1, -80, 119)
(1, -80, 120)
(0, -79, 121)
(1, -79, 121)
(0, -78, 122)
(1, -78, 121)
(0, -77, 122)
(1, -77, 122)
(0, -76, 123)
(1, -76, 123)
(0, -75, 123)
(0, -75, 122)
(0, -75, 121)
(1, -75, 120)
(1, -75, 119)
(1, -75, 118)
(1, -75, 117)
(0, -75, 117)
(1, -76, 116)
(0, -76, 117)
(1, -77, 116)
(0, -77, 116)
(1, -78, 116)
(0, -78, 116)
(1, -79, 115)
(0, -79, 115)
(0, -79, 114)
(1, -79, 113)
(0, -78, 113)
(1, -78, 112)
(0, -77, 112)
(0, -77, 111)
(0, -77, 110)
(1, -77, 109)
(1, -77, 108)
(0, -76, 108)
(1, -76, 108)
(1, -76, 109)
(0, -75, 110)
(1, -75, 110)
(1, -75, 111)
(0, -74, 112)
(1, -74, 111)
(0, -73, 111)
(0, -73, 110)
(0, -73, 109)
(1, -73, 108)
(0, -72, 109)
(1, -72, 109)
(0, -71, 110)
(0, -71, 111)
(1, -71, 111)
(1, -71, 112)
(1, -71, 113)
(0, -70, 114)
(1, -70, 113)
(0, -69, 113)
(1, -69, 112)
(0, -68, 112)
(0, -68, 111)
(0, -68, 110)
(0, -68, 109)
(1, -69, 108)
(1, -69, 107)
(0, -69, 107)
(1, -70, 106)
(0, -70, 106)
(1, -71, 106)
(0, -71, 107)
(1, -72, 106)
(0, -72, 107)
(1, -73, 106)
(0, -73, 106)
(0, -73, 105)
(1, -73, 104)
(1, -73, 103)
(1, -73, 102)
(0, -73, 102)
(1, -74, 102)
(0, -74, 102)
(0, -74, 101)
(0, -74, 100)
(0, -74, 99)
(0, -74, 98)
(1, -74, 97)
(0, -73, 98)
(0, -73, 99)
(1, -73, 99)
(0, -72, 100)
(1, -72, 99)
(0, -71, 99)
(1, -71, 98)
(0, -70, 98)
(1, -70, 98)
(0, -69, 98)
(0, -69, 97)
(1, -70, 96)
(1, -70, 95)
(0, -69, 95)
(1, -69, 94)
(0, -68, 94)
(1, -68, 93)
(0, -67, 93)
(1, -67, 93)
(1, -67, 94)
(1, -67, 95)
(0, -67, 96)
(0, -67, 97)
(1, -68, 97)
(0, -68, 98)
(0, -68, 99)
(0, -68, 100)
(1, -68, 100)
(0, -67, 100)
(0, -67, 99)
(1, -67, 98)
(0, -66, 98)
(0, -66, 97)
(1, -66, 96)
(0, -65, 96)
(1, -65, 96)
(1, -65, 97)
(0, -65, 98)
(0, -65, 99)
(1, -66, 99)
(1, -66, 100)
(0, -66, 101)
(1, -67, 101)
(1, -67, 102)
(0, -66, 103)
(1, -66, 103)
(0, -65, 103)
(0, -65, 102)
(1, -65, 101)
(0, -64, 102)
(0, -64, 103)
(1, -64, 103)
(0, -63, 103)
(1, -63, 102)
(1, -63, 101)
(0, -63, 101)
(0, -63, 100)
(1, -64, 99)
(1, -64, 98)
(0, -63, 98)
(1, -63, 97)
(0, -62, 98)
(1, -62, 98)
(0, -61, 99)
(1, -61, 98)
(0, -60, 99)
(1, -60, 99)
(0, -59, 99)
(0, -59, 98)
(0, -59, 97)
(1, -59, 96)
(0, -58, 97)
(0, -58, 98)
(0, -58, 99)
(0, -58, 100)
(0, -58, 101)
(1, -59, 101)
(0, -59, 101)
(1, -60, 101)
(1, -60, 102)
(0, -60, 103)
(1, -61, 103)
(1, -61, 104)
(0, -61, 105)
(0, -61, 106)
(1, -62, 106)
(1, -62, 107)
(0, -61, 108)
(1, -61, 107)
(0, -60, 107)
(0, -60, 106)
(1, -60, 105)
(0, -59, 106)
(1, -59, 106)
(0, -58, 106)
(1, -58, 105)
(0, -57, 105)
(1, -57, 104)
(1, -57, 103)
(1, -57, 102)
(0, -56, 102)
(0, -56, 101)
(0, -56, 100)
(1, -57, 99)
(1, -57, 98)
(0, -56, 98)
(0, -56, 97)
(0, -56, 96)
(1, -57, 95)
(0, -57, 95)
(1, -58, 95)
(0, -58, 95)
(1, -59, 94)
(0, -59, 95)
(1, -60, 94)
(1, -60, 93)
(1, -60, 92)
(0, -60, 92)
(1, -61, 92)
(0, -61, 93)
(1, -62, 93)
(0, -62, 93)
(1, -63, 92)
(1, -63, 91)
(1, -63, 90)
(0, -63, 90)
(1, -64, 89)
(0, -64, 90)
(0, -64, 91)
(1, -64, 91)
(1, -64, 92)
(0, -64, 93)
(1, -65, 92)
(0, -65, 93)
(1, -66, 92)
(1, -66, 91)
(0, -66, 91)
(1, -67, 91)
(0, -67, 91)
(0, -67, 90)
(1, -67, 89)
(1, -67, 88)
(0, -66, 88)
(1, -66, 87)
(1, -66, 86)
(1, -66, 85)
(1, -66, 84)
(0, -66, 84)
(0, -66, 83)
(1, -66, 82)
(0, -65, 82)
(0, -65, 81)
(0, -65, 80)
(0, -65, 79)
(1, -66, 78)
(1, -66, 77)
(0, -66, 77)
(1, -67, 76)
(1, -67, 75)
(1, -67, 74)
(0, -67, 74)
(1, -68, 74)
(1, -68, 75)
(0, -68, 76)
(0, -68, 77)
(0, -68, 78)
(1, -69, 78)
(0, -69, 79)
(0, -69, 80)
(0, -69, 81)
(1, -69, 81)
(0, -68, 81)
(1, -68, 81)
(0, -67, 82)
(0, -67, 83)
(1, -68, 83)
(0, -68, 83)
(1, -69, 83)
(1, -69, 84)
(0, -69, 85)
(1, -70, 84)
(0, -70, 85)
(1, -71, 84)
(1, -71, 83)
(0, -71, 83)
(1, -72, 82)
(0, -72, 83)
(0, -72, 84)
(1, -72, 84)
(1, -72, 85)
(0, -71, 86)
(0, -71, 87)
(0, -71, 88)
(1, -72, 88)
(0, -72, 88)
(1, -73, 87)
(1, -73, 86)
(0, -73, 86)
(0, -73, 85)
(0, -73, 84)
(0, -73, 83)
(0, -73, 82)
(1, -73, 81)
(0, -72, 81)
(1, -72, 80)
(0, -71, 80)
(1, -71, 79)
(0, -70, 79)
(0, -70, 78)
(1, -71, 77)
(0, -71, 77)
(1, -72, 77)
(0, -72, 77)
(0, -72, 76)
(0, -72, 75)
(1, -73, 74)
(1, -73, 73)
(0, -72, 73)
(1, -72, 73)
(0, -71, 73)
(0, -71, 72)
(1, -72, 71)
(1, -72, 70)
(0, -72, 70)
(1, -73, 70)
(1, -73, 71)
(0, -73, 72)
(1, -74, 71)
(1, -74, 70)
(0, -74, 70)
(0, -74, 69)
(0, -74, 68)
(1, -74, 67)
(0, -73, 68)
(1, -73, 67)
(0, -72, 68)
(1, -72, 68)
(0, -71, 69)
(1, -71, 68)
(0, -70, 68)
(0, -70, 67)
(1, -70, 66)
(0, -69, 66)
(0, -69, 65)
(1, -70, 64)
(0, -70, 64)
(1, -71, 64)
(1, -71, 65)
(0, -71, 66)
(1, -72, 65)
(0, -72, 65)
(1, -73, 65)
(0, -73, 66)
(1, -74, 65)
(1, -74, 64)
(1, -74, 63)
(1, -74, 62)
(0, -74, 62)
(1, -75, 62)
(0, -75, 62)
(1, -76, 62)
(0, -76, 62)
(1, -77, 61)
(1, -77, 60)
(0, -77, 60)
(0, -77, 59)
(1, -78, 58)
(0, -78, 59)
(1, -79, 58)
(1, -79, 57)
(0, -78, 57)
(1, -78, 56)
(1, -78, 55)
(1, -78, 54)
(0, -77, 54)
(1, -77, 53)
(0, -76, 54)
(1, -76, 53)
(0, -75, 53)
(1, -75, 53)
(0, -74, 54)
(0, -74, 55)
(1, -74, 55)
(0, -73, 56)
(1, -73, 55)
(0, -72, 56)
(0, -72, 57)
(0, -72, 58)
(1, -72, 58)
(0, -71, 59)
(1, -71, 58)
(0, -70, 58)
(1, -70, 58)
(1, -70, 59)
(0, -69, 60)
(1, -69, 59)
(0, -68, 59)
(1, -68, 58)
(1, -68, 57)
(0, -68, 57)
(1, -69, 57)
(0, -69, 57)
(1, -70, 56)
(1, -70, 55)
(0, -69, 55)
(1, -69, 55)
(0, -68, 55)
(0, -68, 54)
(1, -69, 53)
(1, -69, 52)
(0, -69, 52)
(1, -70, 51)
(1, -70, 50)
(0, -69, 50)
(1, -69, 49)
(1, -69, 48)
(1, -69, 47)
(0, -68, 47)
(1, -68, 47)
(0, -67, 48)
(0, -67, 49)
(1, -67, 49)
(1, -67, 50)
(0, -67, 51)
(0, -67, 52)
(1, -67, 52)
(0, -66, 52)
(1, -66, 52)
(0, -65, 52)
(1, -65, 52)
(0, -64, 53)
(1, -64, 52)
(1, -64, 51)
(0, -64, 51)
(0, -64, 50)
(0, -64, 49)
(0, -64, 48)
(1, -64, 47)
(1, -64, 46)
(0, -64, 46)
(1, -65, 45)
(0, -65, 46)
(1, -66, 45)
(0, -66, 45)
(1, -67, 44)
(0, -67, 45)
(1, -68, 44)
(1, -68, 43)
(1, -68, 42)
(0, -68, 42)
(1, -69, 41)
(0, -69, 41)
(1, -70, 40)
(0, -70, 40)
(0, -70, 39)
(0, -70, 38)
(1, -70, 37)
(0, -69, 38)
(1, -69, 38)
(0, -68, 38)
(1, -68, 37)
(1, -68, 36)
(1, -68, 35)
(1, -68, 34)
(1, -68, 33)
(1, -68, 32)
(0, -67, 32)
(1, -67, 31)
(1, -67, 30)
(0, -66, 30)
(1, -66, 29)
(1, -66, 28)
(0, -65, 28)
(1, -65, 28)
(0, -64, 28)
(1, -64, 27)
(0, -63, 27)
(1, -63, 26)
(0, -62, 26)
(0, -62, 25)
(0, -62, 24)
(1, -62, 23)
(1, -62, 22)
(1, -62, 21)
(0, -61, 21)
(1, -61, 21)
(0, -60, 21)
(1, -60, 21)
(0, -59, 21)
(0, -59, 20)
(0, -59, 19)
(0, -59, 18)
(0, -59, 17)
(1, -60, 16)
(0, -60, 17)
(1, -61, 16)
(0, -61, 17)
(1, -62, 16)
(0, -62, 17)
(1, -63, 16)
(1, -63, 15)
(1, -63, 14)
(1, -63, 13)
(0, -62, 13)
(1, -62, 13)
(1, -62, 14)
(0, -61, 15)
(1, -61, 14)
(0, -60, 14)
(1, -60, 13)
(0, -59, 13)
(1, -59, 12)
(0, -58, 13)
(0, -58, 14)
(1, -58, 14)
(0, -57, 15)
(0, -57, 16)
(1, -58, 16)
(0, -58, 17)
(0, -58, 18)
(1, -58, 18)
(0, -57, 18)
(1, -57, 18)
(1, -57, 19)
(1, -57, 20)
(0, -56, 21)
(1, -56, 20)
(0, -55, 21)
(0, -55, 22)
(1, -56, 22)
(0, -56, 23)
(0, -56, 24)
(1, -57, 24)
(0, -57, 25)
(1, -58, 25)
(0, -58, 26)
(1, -59, 25)
(1, -59, 24)
(0, -59, 24)
(1, -60, 24)
(0, -60, 24)
(1, -61, 24)
(1, -61, 25)
(0, -60, 26)
(0, -60, 27)
(1, -60, 27)
(0, -59, 28)
(0, -59, 29)
(1, -60, 29)
(1, -60, 30)
(0, -59, 31)
(1, -59, 30)
(0, -58, 31)
(1, -58, 30)
(0, -57, 30)
(1, -57, 29)
(1, -57, 28)
(0, -56, 28)
(1, -56, 28)
(1, -56, 29)
(0, -55, 30)
(1, -55, 30)
(0, -54, 30)
(1, -54, 30)
(0, -53, 31)
(1, -53, 31)
(0, -52, 32)
(1, -52, 32)
(0, -51, 33)
(1, -51, 33)
(1, -51, 34)
(1, -51, 35)
(0, -51, 36)
(1, -52, 35)
(0, -52, 36)
(0, -52, 37)
(1, -53, 37)
(0, -53, 38)
(1, -54, 38)
(1, -54, 39)
(0, -54, 40)
(1, -55, 39)
(0, -55, 39)
(1, -56, 38)
(0, -56, 39)
(1, -57, 38)
(0, -57, 39)
(0, -57, 40)
(1, -57, 40)
(1, -57, 41)
(0, -56, 42)
(1, -56, 41)
(0, -55, 42)
(1, -55, 42)
(0, -54, 43)
(1, -54, 42)
(0, -53, 43)
(1, -53, 42)
(0, -52, 43)
(0, -52, 44)
(1, -52, 44)
(1, -52, 45)
(0, -52, 46)
(1, -53, 45)
(0, -53, 45)
(1, -54, 44)
(0, -54, 45)
(0, -54, 46)
(1, -54, 46)
(0, -53, 47)
(1, -53, 47)
(1, -53, 48)
(1, -53, 49)
(0, -52, 50)
(1, -52, 49)
(0, -51, 50)
(1, -51, 49)
(1, -51, 48)
(0, -51, 48)
(0, -51, 47)
(1, -51, 46)
(0, -50, 46)
(1, -50, 45)
(0, -49, 46)
(1, -49, 46)
(0, -48, 47)
(1, -48, 47)
(1, -48, 48)
(1, -48, 49)
(0, -47, 50)
(1, -47, 50)
(0, -46, 50)
(1, -46, 50)
(0, -45, 50)
(1, -45, 49)
(1, -45, 48)
(0, -44, 48)
(0, -44, 47)
(1, -44, 46)
(1, -44, 45)
(0, -43, 45)
(1, -43, 44)
(0, -42, 44)
(1, -42, 43)
(0, -41, 43)
(1, -41, 42)
(0, -40, 42)
(1, -40, 41)
(1, -40, 40)
(0, -40, 40)
(1, -41, 39)
(0, -41, 39)
(1, -42, 38)
(1, -42, 37)
(0, -41, 37)
(1, -41, 37)
(0, -40, 37)
(0, -40, 36)
(1, -41, 35)
(0, -41, 35)
(1, -42, 34)
(0, -42, 34)
(1, -43, 33)
(0, -43, 34)
(1, -44, 33)
(0, -44, 33)
(0, -44, 32)
(1, -45, 31)
(0, -45, 31)
(1, -46, 31)
(0, -46, 32)
(1, -47, 32)
(0, -47, 33)
(1, -48, 33)
(0, -48, 33)
(1, -49, 33)
(0, -49, 34)
(1, -50, 33)
(1, -50, 32)
(0, -50, 32)
(0, -50, 31)
(0, -50, 30)
(1, -50, 29)
(0, -49, 29)
(1, -49, 29)
(0, -48, 29)
(0, -48, 28)
(0, -48, 27)
(0, -48, 26)
(1, -48, 25)
(0, -47, 26)
(0, -47, 27)
(1, -47, 27)
(0, -46, 28)
(1, -46, 27)
(1, -46, 26)
(0, -46, 26)
(0, -46, 25)
(1, -46, 24)
(1, -46, 23)
(1, -46, 22)
(1, -46, 21)
(0, -46, 21)
(1, -47, 21)
(0, -47, 21)
(1, -48, 20)
(0, -48, 20)
(0, -48, 19)
(1, -49, 18)
(0, -49, 18)
(1, -50, 18)
(1, -50, 19)
(0, -50, 20)
(1, -51, 19)
(0, -51, 20)
(1, -52, 20)
(0, -52, 20)
(1, -53, 19)
(0, -53, 19)
(1, -54, 19)
(0, -54, 19)
(1, -55, 19)
(0, -55, 19)
(0, -55, 18)
(1, -55, 17)
(0, -54, 17)
(1, -54, 16)
(1, -54, 15)
(0, -53, 15)
(1, -53, 15)
(0, -52, 15)
(1, -52, 15)
(0, -51, 16)
(1, -51, 16)
(0, -50, 16)
(0, -50, 15)
(1, -51, 14)
(0, -51, 14)
(1, -52, 13)
(0, -52, 13)
(1, -53, 13)
(0, -53, 13)
(0, -53, 12)
(1, -54, 11)
(1, -54, 10)
(0, -54, 10)
(1, -55, 10)
(1, -55, 11)
(0, -55, 12)
(1, -56, 11)
(1, -56, 10)
(1, -56, 9)
(0, -55, 9)
(1, -55, 8)
(0, -54, 8)
(1, -54, 8)
(0, -53, 8)
(1, -53, 8)
(1, -53, 9)
(0, -52, 10)
(0, -52, 11)
(1, -52, 11)
(0, -51, 11)
(0, -51, 10)
(1, -51, 9)
(1, -51, 8)
(1, -51, 7)
(1, -51, 6)
(0, -50, 6)
(1, -50, 6)
(0, -49, 6)
(1, -49, 6)
(1, -49, 7)
(0, -48, 8)
(1, -48, 7)
(0, -47, 7)
(1, -47, 6)
(0, -46, 7)
(1, -46, 7)
(0, -45, 7)
(0, -45, 6)
(0, -45, 5)
(0, -45, 4)
(1, -45, 3)
(1, -45, 2)
(0, -44, 2)
(1, -44, 1)
(1, -44, 0)
(0, -44, 0)
(1, -45, 0)
(0, -45, 1)
(1, -46, 0)
(1, -46, -1)
(0, -45, -1)
(1, -45, -2)
(1, -45, -3)
(0, -45, -3)
(1, -46, -4)
(0, -46, -4)
(1, -47, -4)
(0, -47, -3)
(1, -48, -4)
(1, -48, -5)
(1, -48, -6)
(0, -47, -6)
(1, -47, -7)
(1, -47, -8)
(0, -47, -8)
(1, -48, -9)
(1, -48, -10)
(1, -48, -11)
(1, -48, -12)
(0, -48, -12)
(1, -49, -12)
(0, -49, -11)
(1, -50, -12)
(1, -50, -13)
(0, -50, -13)
(1, -51, -13)
(0, -51, -12)
(0, -51, -11)
(1, -52, -11)
(0, -52, -10)
(0, -52, -9)
(1, -53, -9)
(1, -53, -8)
(0, -53, -7)
(1, -54, -8)
(0, -54, -8)
(0, -54, -9)
(1, -55, -10)
(0, -55, -10)
(0, -55, -11)
(1, -55, -12)
(0, -54, -12)
(1, -54, -12)
(0, -53, -11)
(1, -53, -12)
(1, -53, -13)
(0, -53, -13)
(0, -53, -14)
(1, -53, -15)
(0, -52, -15)
(1, -52, -15)
(0, -51, -15)
(0, -51, -16)
(1, -51, -17)
(1, -51, -18)
(0, -50, -18)
(0, -50, -19)
(0, -50, -20)
(1, -50, -21)
(0, -49, -20)
(1, -49, -21)
(0, -48, -20)
(1, -48, -20)
(0, -47, -19)
(1, -47, -20)
(0, -46, -20)
(1, -46, -21)
(1, -46, -22)
(0, -46, -22)
(1, -47, -22)
(0, -47, -21)
(1, -48, -22)
(1, -48, -23)
(1, -48, -24)
(0, -47, -24)
(1, -47, -24)
(0, -46, -24)
(1, -46, -24)
(0, -45, -24)
(1, -45, -24)
(1, -45, -23)
(0, -44, -22)
(0, -44, -21)
(1, -44, -21)
(1, -44, -20)
(1, -44, -19)
(0, -44, -18)
(1, -45, -19)
(0, -45, -19)
(1, -46, -19)
(0, -46, -18)
(0, -46, -17)
(1, -46, -17)
(0, -45, -17)
(1, -45, -17)
(0, -44, -16)
(1, -44, -17)
(0, -43, -16)
(0, -43, -15)
(1, -43, -15)
(0, -42, -14)
(1, -42, -15)
(0, -41, -14)
(0, -41, -13)
(1, -41, -13)
(0, -40, -13)
(1, -40, -13)
(0, -39, -12)
(1, -39, -12)
(1, -39, -11)
(0, -39, -10)
(1, -40, -10)
(0, -40, -9)
(1, -41, -10)
(1, -41, -11)
(0, -41, -11)
(1, -42, -11)
(1, -42, -10)
(0, -42, -9)
(1, -43, -9)
(1, -43, -8)
(1, -43, -7)
(0, -43, -6)
(1, -44, -6)
(0, -44, -5)
(0, -44, -4)
(1, -44, -4)
(1, -44, -3)
(1, -44, -2)
(0, -43, -1)
(1, -43, -2)
(0, -42, -1)
(1, -42, -1)
(0, -41, 0)
(1, -41, 0)
(0, -40, 1)
(1, -40, 0)
(1, -40, -1)
(1, -40, -2)
(1, -40, -3)
(0, -39, -3)
(1, -39, -3)
(1, -39, -2)
(0, -38, -1)
(1, -38, -2)
(0, -37, -2)
(1, -37, -2)
(1, -37, -1)
(0, -37, 0)
(1, -38, 0)
(0, -38, 1)
(0, -38, 2)
(1, -39, 2)
(0, -39, 3)
(0, -39, 4)
(1, -39, 4)
(1, -39, 5)
(1, -39, 6)
(0, -39, 7)
(1, -40, 7)
(0, -40, 8)
(1, -41, 8)
(1, -41, 9)
(1, -41, 10)
(1, -41, 11)
(1, -41, 12)
(0, -40, 13)
(1, -40, 12)
(0, -39, 13)
(0, -39, 14)
(1, -39, 14)
(0, -38, 15)
(1, -38, 14)
(0, -37, 14)
(0, -37, 13)
(0, -37, 12)
(0, -37, 11)
(1, -37, 10)
(0, -36, 11)
(1, -36, 11)
(1, -36, 12)
(0, -35, 13)
(1, -35, 13)
(0, -34, 13)
(0, -34, 12)
(0, -34, 11)
(1, -34, 10)
(0, -33, 10)
(1, -33, 9)
(1, -33, 8)
(0, -32, 8)
(0, -32, 7)
(1, -32, 6)
(0, -31, 7)
(0, -31, 8)
(0, -31, 9)
(0, -31, 10)
(0, -31, 11)
(1, -32, 11)
(0, -32, 12)
(1, -33, 12)
(1, -33, 13)
(0, -32, 14)
(1, -32, 13)
(0, -31, 13)
(1, -31, 13)
(0, -30, 14)
(1, -30, 13)
(1, -30, 12)
(1, -30, 11)
(0, -29, 11)
(0, -29, 10)
(1, -30, 9)
(0, -30, 9)
(0, -30, 8)
(0, -30, 7)
(1, -30, 6)
(1, -30, 5)
(1, -30, 4)
(0, -29, 4)
(1, -29, 4)
(1, -29, 5)
(0, -28, 6)
(1, -28, 5)
(0, -27, 6)
(0, -27, 7)
(0, -27, 8)
(0, -27, 9)
(0, -27, 10)
(1, -28, 10)
(0, -28, 11)
(0, -28, 12)
(1, -28, 12)
(0, -27, 13)
(1, -27, 13)
(1, -27, 14)
(0, -27, 15)
(1, -28, 15)
(1, -28, 16)
(1, -28, 17)
(0, -27, 18)
(1, -27, 18)
(1, -27, 19)
(0, -27, 20)
(1, -28, 19)
(0, -28, 19)
(1, -29, 18)
(1, -29, 17)
(0, -29, 17)
(0, -29, 16)
(1, -30, 15)
(0, -30, 16)
(1, -31, 15)
(0, -31, 16)
(1, -32, 16)
(0, -32, 16)
(1, -33, 15)
(0, -33, 15)
(1, -34, 15)
(0, -34, 15)
(1, -35, 15)
(1, -35, 16)
(1, -35, 17)
(1, -35, 18)
(1, -35, 19)
(1, -35, 20)
(0, -34, 21)
(1, -34, 21)
(0, -33, 21)
(0, -33, 20)
(1, -33, 19)
(1, -33, 18)
(0, -32, 18)
(1, -32, 18)
(0, -31, 19)
(1, -31, 18)
(0, -30, 18)
(1, -30, 18)
(1, -30, 19)
(0, -29, 20)
(0, -29, 21)
(0, -29, 22)
(1, -29, 22)
(1, -29, 23)
(0, -28, 24)
(1, -28, 23)
(0, -27, 24)
(0, -27, 25)
(1, -28, 25)
(0, -28, 26)
(1, -29, 25)
(0, -29, 26)
(1, -30, 26)
(1, -30, 27)
(1, -30, 28)
(0, -29, 29)
(1, -29, 29)
(1, -29, 30)
(0, -29, 31)
(1, -30, 30)
(0, -30, 30)
(1, -31, 29)
(0, -31, 30)
(1, -32, 29)
(1, -32, 28)
(0, -32, 28)
(1, -33, 27)
(1, -33, 26)
(0, -32, 26)
(1, -32, 26)
(0, -31, 27)
(1, -31, 26)
(1, -31, 25)
(0, -31, 25)
(1, -32, 24)
(1, -32, 23)
(1, -32, 22)
(0, -32, 22)
(1, -33, 22)
(0, -33, 23)
(0, -33, 24)
(1, -34, 24)
(1, -34, 25)
(0, -34, 26)
(1, -35, 25)
(0, -35, 25)
(1, -36, 24)
(0, -36, 25)
(0, -36, 26)
(1, -36, 26)
(1, -36, 27)
(1, -36, 28)
(0, -36, 29)
(0, -36, 30)
(1, -37, 30)
(0, -37, 31)
(1, -38, 30)
(1, -38, 29)
(0, -38, 29)
(0, -38, 28)
(1, -38, 27)
(1, -38, 26)
(0, -37, 26)
(0, -37, 25)
(0, -37, 24)
(1, -37, 23)
(1, -37, 22)
(1, -37, 21)
(0, -37, 21)
(1, -38, 20)
(0, -38, 20)
(0, -38, 19)
(1, -39, 18)
(0, -39, 18)
(0, -39, 17)
(0, -39, 16)
(1, -40, 15)
(0, -40, 15)
(1, -41, 14)
(0, -41, 15)
(1, -42, 14)
(0, -42, 15)
(0, -42, 16)
(0, -42, 17)
(0, -42, 18)
(1, -43, 18)
(0, -43, 18)
(0, -43, 17)
(0, -43, 16)
(0, -43, 15)
(1, -44, 14)
(0, -44, 14)
(0, -44, 13)
(1, -45, 12)
(0, -45, 13)
(1, -46, 12)
(1, -46, 11)
(0, -45, 11)
(1, -45, 10)
(0, -44, 11)
(1, -44, 11)
(0, -43, 12)
(1, -43, 11)
(0, -42, 11)
(0, -42, 10)
(1, -43, 9)
(0, -43, 9)
(0, -43, 8)
(1, -44, 7)
(0, -44, 8)
(1, -45, 8)
(0, -45, 9)
(1, -46, 9)
(0, -46, 9)
(1, -47, 9)
(0, -47, 9)
(1, -48, 9)
(1, -48, 10)
(0, -47, 11)
(1, -47, 11)
(1, -47, 12)
(0, -47, 13)
(1, -48, 13)
(0, -48, 13)
(1, -49, 12)
(0, -49, 13)
(0, -49, 14)
(0, -49, 15)
(0, -49, 16)
(1, -49, 16)
(0, -48, 17)
(1, -48, 16)
(0, -47, 16)
(1, -47, 16)
(1, -47, 17)
(0, -46, 18)
(0, -46, 19)
(1, -46, 19)
(0, -45, 19)
(1, -45, 18)
(0, -44, 19)
(0, -44, 20)
(0, -44, 21)
(0, -44, 22)
(0, -44, 23)
(0, -44, 24)
(1, -45, 24)
(1, -45, 25)
(1, -45, 26)
(0, -44, 27)
(0, -44, 28)
