(1, -45, 97)
(0, -45, 98)
(0, -45, 99)
(1, -46, 99)
(0, -46, 99)
(1, -47, 98)
(0, -47, 98)
(0, -47, 97)
(1, -47, 96)
(1, -47, 95)
(1, -47, 94)
(0, -47, 94)
(0, -47, 93)
(1, -48, 92)
(1, -48, 91)
(0, -48, 91)
(0, -48, 90)
(1, -48, 89)
(1, -48, 88)
(1, -48, 87)
(1, -48, 86)
(1, -48, 85)
(1, -48, 84)
(1, -48, 83)
(0, -48, 83)
(1, -49, 82)
(0, -49, 83)
(1, -50, 82)
(1, -50, 81)
(0, -49, 81)
(1, -49, 80)
(1, -49, 79)
(0, -49, 79)
(1, -50, 78)
(0, -50, 79)
(1, -51, 79)
(0, -51, 79)
(0, -51, 78)
(0, -51, 77)
(0, -51, 76)
(1, -52, 75)
(1, -52, 74)
(1, -52, 73)
(1, -52, 72)
(0, -52, 72)
(1, -53, 72)
(1, -53, 73)
(1, -53, 74)
(0, -53, 75)
(1, -54, 74)
(0, -54, 75)
(0, -54, 76)
(0, -54, 77)
(1, -54, 77)
(0, -53, 77)
(1, -53, 77)
(1, -53, 78)
(0, -53, 79)
(0, -53, 80)
(1, -54, 80)
(0, -54, 81)
(1, -55, 80)
(0, -55, 81)
(0, -55, 82)
(1, -56, 82)
(0, -56, 83)
(0, -56, 84)
(0, -56, 85)
(1, -56, 85)
(0, -55, 86)
(0, -55, 87)
(1, -55, 87)
(1, -55, 88)
(1, -55, 89)
(0, -55, 90)
(1, -56, 89)
(0, -56, 90)
(0, -56, 91)
(0, -56, 92)
(1, -57, 92)
(1, -57, 93)
(0, -57, 94)
(1, -58, 94)
(1, -58, 95)
(0, -57, 96)
(1, -57, 95)
(0, -56, 95)
(1, -56, 94)
(1, -56, 93)
(0, -55, 93)
(1, -55, 92)
(0, -54, 93)
(1, -54, 92)
(0, -53, 93)
(1, -53, 92)
(0, -52, 92)
(1, -52, 92)
(0, -51, 93)
(0, -51, 94)
(0, -51, 95)
(0, -51, 96)
(1, -51, 96)
(0, -50, 96)
(1, -50, 95)
(0, -49, 95)
(1, -49, 95)
(1, -49, 96)
(1, -49, 97)
(0, -48, 98)
(0, -48, 99)
(1, -49, 99)
(1, -49, 100)
(1, -49, 101)
(1, -49, 102)
(0, -49, 103)
(1, -50, 103)
(0, -50, 104)
(1, -51, 103)
(0, -51, 103)
(1, -52, 103)
(0, -52, 104)
(1, -53, 103)
(0, -53, 103)
(1, -54, 103)
(1, -54, 104)
(1, -54, 105)
(0, -53, 106)
(0, -53, 107)
(1, -54, 107)
(1, -54, 108)
(0, -53, 109)
(0, -53, 110)
(0, -53, 111)
(1, -54, 111)
(0, -54, 112)
(1, -55, 111)
(1, -55, 110)
(0, -55, 110)
(1, -56, 109)
(0, -56, 110)
(1, -57, 110)
(0, -57, 111)
(0, -57, 112)
(1, -58, 112)
(0, -58, 113)
(0, -58, 114)
(1, -59, 114)
(0, -59, 114)
(1, -60, 113)
(0, -60, 113)
(1, -61, 112)
(1, -61, 111)
(1, -61, 110)
(0, -60, 110)
(1, -60, 109)
(0, -59, 110)
(1, -59, 109)
(1, -59, 108)
(0, -58, 108)
(1, -58, 107)
(0, -57, 108)
(1, -57, 107)
(0, -56, 108)
(1, -56, 107)
(0, -55, 107)
(0, -55, 106)
(1, -55, 105)
(1, -55, 104)
(1, -55, 103)
(1, -55, 102)
(0, -55, 102)
(1, -56, 101)
(1, -56, 100)
(0, -56, 100)
(1, -57, 100)
(0, -57, 100)
(0, -57, 99)
(0, -57, 98)
(1, -58, 97)
(0, -58, 97)
(1, -59, 96)
(1, -59, 95)
(0, -59, 95)
(0, -59, 94)
(1, -59, 93)
(0, -58, 93)
(1, -58, 92)
(1, -58, 91)
(0, -57, 91)
(0, -57, 90)
(0, -57, 89)
(0, -57, 88)
(1, -58, 87)
(0, -58, 88)
(0, -58, 89)
(1, -59, 89)
(0, -59, 90)
(1, -60, 90)
(1, -60, 91)
(0, -60, 92)
(1, -61, 91)
(1, -61, 90)
(1, -61, 89)
(0, -60, 89)
(0, -60, 88)
(1, -61, 87)
(1, -61, 86)
(1, -61, 85)
(0, -61, 85)
(1, -62, 84)
(0, -62, 84)
(0, -62, 83)
(1, -63, 82)
(1, -63, 81)
(0, -63, 81)
(1, -64, 81)
(1, -64, 82)
(1, -64, 83)
(1, -64, 84)
(1, -64, 85)
(0, -64, 86)
(1, -65, 85)
(0, -65, 86)
(1, -66, 85)
(0, -66, 85)
(1, -67, 84)
(1, -67, 83)
(1, -67, 82)
(0, -66, 82)
(0, -66, 81)
(1, -66, 80)
(1, -66, 79)
(0, -65, 79)
(1, -65, 79)
(0, -64, 79)
(1, -64, 79)
(0, -63, 79)
(0, -63, 78)
(1, -63, 77)
(0, -62, 78)
(1, -62, 77)
(0, -61, 77)
(0, -61, 76)
(0, -61, 75)
(0, -61, 74)
(1, -62, 73)
(1, -62, 72)
(0, -62, 72)
(1, -63, 71)
(1, -63, 70)
(0, -62, 70)
(0, -62, 69)
(1, -62, 68)
(0, -61, 68)
(1, -61, 67)
(1, -61, 66)
(1, -61, 65)
(1, -61, 64)
(0, -60, 64)
(1, -60, 64)
(1, -60, 65)
(1, -60, 66)
(1, -60, 67)
(0, -59, 68)
(1, -59, 67)
(1, -59, 66)
(0, -58, 66)
(0, -58, 65)
(0, -58, 64)
(1, -58, 63)
(0, -57, 64)
(1, -57, 63)
(1, -57, 62)
(0, -57, 62)
(1, -58, 61)
(1, -58, 60)
(0, -58, 60)
(0, -58, 59)
(0, -58, 58)
(0, -58, 57)
(0, -58, 56)
(0, -58, 55)
(1, -59, 54)
(0, -59, 55)
(1, -60, 55)
(1, -60, 56)
(1, -60, 57)
(0, -60, 58)
(0, -60, 59)
(1, -61, 59)
(1, -61, 60)
(0, -61, 61)
(1, -62, 60)
(0, -62, 60)
(0, -62, 59)
(1, -62, 58)
(1, -62, 57)
(0, -62, 57)
(1, -63, 57)
(0, -63, 57)
(1, -64, 56)
(0, -64, 56)
(1, -65, 56)
(1, -65, 57)
(1, -65, 58)
(0, -64, 59)
(1, -64, 59)
(1, -64, 60)
(0, -64, 61)
(1, -65, 60)
(0, -65, 60)
(1, -66, 60)
(1, -66, 61)
(0, -65, 62)
(1, -65, 62)
(0, -64, 63)
(0, -64, 64)
(1, -65, 64)
(0, -65, 64)
(1, -66, 64)
(0, -66, 65)
(1, -67, 64)
(1, -67, 63)
(1, -67, 62)
(1, -67, 61)
(0, -67, 61)
(1, -68, 61)
(0, -68, 61)
(1, -69, 60)
(0, -69, 61)
(1, -70, 61)
(0, -70, 62)
(0, -70, 63)
(0, -70, 64)
(1, -71, 64)
(0, -71, 65)
(0, -71, 66)
(0, -71, 67)
(1, -72, 67)
(0, -72, 67)
(1, -73, 66)
(0, -73, 66)
(0, -73, 65)
(1, -74, 64)
(1, -74, 63)
(0, -73, 63)
(0, -73, 62)
(1, -73, 61)
(0, -72, 61)
(0, -72, 60)
(1, -72, 59)
(1, -72, 58)
(1, -72, 57)
(1, -72, 56)
(1, -72, 55)
(0, -71, 55)
(1, -71, 54)
(0, -70, 55)
(1, -70, 54)
(1, -70, 53)
(0, -69, 53)
(1, -69, 53)
(0, -68, 53)
(1, -68, 52)
(0, -67, 53)
(1, -67, 52)
(0, -66, 52)
(1, -66, 52)
(1, -66, 53)
(0, -66, 54)
(1, -67, 54)
(1, -67, 55)
(1, -67, 56)
(1, -67, 57)
(0, -66, 58)
(1, -66, 57)
(1, -66, 56)
(1, -66, 55)
(0, -65, 55)
(1, -65, 54)
(1, -65, 53)
(0, -64, 53)
(1, -64, 53)
(1, -64, 54)
(0, -63, 55)
(1, -63, 55)
(0, -62, 55)
(0, -62, 54)
(0, -62, 53)
(0, -62, 52)
(0, -62, 51)
(0, -62, 50)
(1, -62, 49)
(0, -61, 50)
(0, -61, 51)
(1, -61, 51)
(0, -60, 52)
(1, -60, 51)
(0, -59, 51)
(0, -59, 50)
(0, -59, 49)
(1, -59, 48)
(0, -58, 48)
(0, -58, 47)
(1, -58, 46)
(0, -57, 47)
(0, -57, 48)
(0, -57, 49)
(1, -57, 49)
(0, -56, 49)
(0, -56, 48)
(1, -56, 47)
(1, -56, 46)
(0, -55, 46)
(0, -55, 45)
(0, -55, 44)
(1, -56, 43)
(1, -56, 42)
(1, -56, 41)
(1, -56, 40)
(1, -56, 39)
(0, -56, 39)
(0, -56, 38)
(1, -57, 37)
(0, -57, 37)
(1, -58, 37)
(0, -58, 37)
(1, -59, 36)
(0, -59, 37)
(1, -60, 36)
(1, -60, 35)
(0, -60, 35)
(0, -60, 34)
(1, -60, 33)
(0, -59, 34)
(1, -59, 34)
(0, -58, 34)
(1, -58, 33)
(0, -57, 33)
(0, -57, 32)
(1, -58, 31)
(1, -58, 30)
(1, -58, 29)
(1, -58, 28)
(1, -58, 27)
(0, -58, 27)
(0, -58, 26)
(0, -58, 25)
(1, -58, 24)
(0, -57, 24)
(0, -57, 23)
(1, -58, 22)
(1, -58, 21)
(0, -57, 21)
(1, -57, 21)
(0, -56, 21)
(1, -56, 20)
(1, -56, 19)
(0, -55, 19)
(1, -55, 18)
(0, -54, 18)
(1, -54, 17)
(0, -53, 18)
(0, -53, 19)
(0, -53, 20)
(0, -53, 21)
(1, -54, 21)
(1, -54, 22)
(1, -54, 23)
(0, -53, 24)
(0, -53, 25)
(0, -53, 26)
(0, -53, 27)
(1, -54, 27)
(0, -54, 27)
(0, -54, 26)
(0, -54, 25)
(1, -55, 24)
(1, -55, 23)
(0, -55, 23)
(1, -56, 23)
(0, -56, 24)
(0, -56, 25)
(0, -56, 26)
(0, -56, 27)
(1, -57, 27)
(1, -57, 28)
(1, -57, 29)
(1, -57, 30)
(0, -56, 31)
(1, -56, 31)
(1, -56, 32)
(0, -56, 33)
(0, -56, 34)
(0, -56, 35)
(0, -56, 36)
(1, -56, 36)
(0, -55, 37)
(1, -55, 37)
(0, -54, 38)
(1, -54, 37)
(0, -53, 38)
(0, -53, 39)
(0, -53, 40)
(1, -53, 40)
(0, -52, 40)
(0, -52, 39)
(1, -52, 38)
(0, -51, 38)
(1, -51, 38)
(0, -50, 39)
(1, -50, 38)
(0, -49, 39)
(1, -49, 39)
(0, -48, 39)
(0, -48, 38)
(1, -48, 37)
(1, -48, 36)
(1, -48, 35)
(0, -48, 35)
(0, -48, 34)
(0, -48, 33)
(1, -48, 32)
(1, -48, 31)
(0, -48, 31)
(1, -49, 31)
(0, -49, 31)
(1, -50, 31)
(0, -50, 32)
(1, -51, 31)
(0, -51, 32)
(1, -52, 31)
(1, -52, 30)
(0, -51, 30)
(1, -51, 29)
(0, -50, 29)
(0, -50, 28)
(0, -50, 27)
(1, -51, 26)
(0, -51, 26)
(0, -51, 25)
(1, -51, 24)
(0, -50, 25)
(1, -50, 24)
(0, -49, 24)
(1, -49, 24)
(1, -49, 25)
(1, -49, 26)
(1, -49, 27)
(0, -48, 28)
(1, -48, 27)
(1, -48, 26)
(1, -48, 25)
(0, -47, 25)
(0, -47, 24)
(1, -48, 23)
(0, -48, 23)
(1, -49, 22)
(1, -49, 21)
(0, -48, 21)
(1, -48, 20)
(0, -47, 21)
(1, -47, 21)
(1, -47, 22)
(0, -46, 23)
(1, -46, 23)
(0, -45, 23)
(0, -45, 22)
(1, -46, 21)
(1, -46, 20)
(0, -46, 20)
(1, -47, 19)
(1, -47, 18)
(0, -47, 18)
(1, -48, 17)
(0, -48, 18)
(0, -48, 19)
(1, -49, 19)
(0, -49, 20)
(1, -50, 20)
(0, -50, 21)
(1, -51, 21)
(0, -51, 22)
(1, -52, 21)
(0, -52, 21)
(0, -52, 20)
(0, -52, 19)
(0, -52, 18)
(0, -52, 17)
(1, -53, 16)
(0, -53, 16)
(0, -53, 15)
(1, -53, 14)
(0, -52, 15)
(1, -52, 14)
(0, -51, 15)
(1, -51, 14)
(0, -50, 14)
(1, -50, 13)
(1, -50, 12)
(0, -50, 12)
(0, -50, 11)
(1, -50, 10)
(1, -50, 9)
(0, -49, 9)
(1, -49, 9)
(1, -49, 10)
(1, -49, 11)
(1, -49, 12)
(1, -49, 13)
(0, -48, 14)
(1, -48, 14)
(0, -47, 14)
(1, -47, 14)
(0, -46, 14)
(1, -46, 14)
(0, -45, 15)
(1, -45, 15)
(0, -44, 15)
(0, -44, 14)
(0, -44, 13)
(1, -44, 12)
(1, -44, 11)
(0, -43, 11)
(0, -43, 10)
(1, -44, 9)
(0, -44, 10)
(1, -45, 10)
(0, -45, 10)
(0, -45, 9)
(0, -45, 8)
(0, -45, 7)
(0, -45, 6)
(1, -45, 5)
(1, -45, 4)
(0, -44, 4)
(0, -44, 3)
(1, -44, 2)
(0, -43, 3)
(1, -43, 3)
(1, -43, 4)
(1, -43, 5)
(0, -42, 6)
(1, -42, 5)
(0, -41, 6)
(1, -41, 5)
(0, -40, 6)
(0, -40, 7)
(1, -41, 7)
(1, -41, 8)
(0, -40, 9)
(1, -40, 9)
(0, -39, 9)
(1, -39, 9)
(0, -38, 9)
(0, -38, 8)
(1, -39, 7)
(1, -39, 6)
(0, -38, 6)
(1, -38, 5)
(1, -38, 4)
(1, -38, 3)
(0, -37, 3)
(1, -37, 2)
(0, -36, 2)
(1, -36, 2)
(0, -35, 2)
(1, -35, 2)
(1, -35, 3)
(0, -35, 4)
(0, -35, 5)
(1, -36, 5)
(0, -36, 5)
(1, -37, 5)
(1, -37, 6)
(0, -37, 7)
(0, -37, 8)
(1, -37, 8)
(1, -37, 9)
(1, -37, 10)
(0, -37, 11)
(1, -38, 11)
(1, -38, 12)
(0, -38, 13)
(1, -39, 13)
(1, -39, 14)
(0, -39, 15)
(1, -40, 15)
(1, -40, 16)
(0, -40, 17)
(1, -41, 16)
(0, -41, 16)
(0, -41, 15)
(1, -42, 14)
(1, -42, 13)
(0, -42, 13)
(1, -43, 13)
(1, -43, 14)
(0, -43, 15)
(0, -43, 16)
(1, -44, 16)
(1, -44, 17)
(0, -43, 18)
(1, -43, 18)
(0, -42, 19)
(1, -42, 18)
(0, -41, 19)
(0, -41, 20)
(1, -41, 20)
(1, -41, 21)
(0, -41, 22)
(1, -42, 22)
(0, -42, 23)
(1, -43, 22)
(0, -43, 23)
(1, -44, 23)
(0, -44, 24)
(1, -45, 24)
(1, -45, 25)
(0, -45, 26)
(0, -45, 27)
(1, -45, 27)
(1, -45, 28)
(1, -45, 29)
(0, -45, 30)
(1, -46, 29)
(0, -46, 30)
(0, -46, 31)
(1, -46, 31)
(0, -45, 32)
(1, -45, 31)
(0, -44, 31)
(1, -44, 30)
(0, -43, 31)
(1, -43, 30)
(0, -42, 31)
(1, -42, 30)
(1, -42, 29)
(1, -42, 28)
(0, -41, 28)
(1, -41, 27)
(0, -40, 27)
(1, -40, 26)
(1, -40, 25)
(1, -40, 24)
(1, -40, 23)
(1, -40, 22)
(0, -39, 22)
(0, -39, 21)
(0, -39, 20)
(1, -39, 19)
(0, -38, 19)
(1, -38, 19)
(0, -37, 19)
(1, -37, 18)
(1, -37, 17)
(0, -36, 17)
(0, -36, 16)
(1, -36, 15)
(0, -35, 16)
(1, -35, 15)
(0, -34, 16)
(0, -34, 17)
(0, -34, 18)
(1, -35, 18)
(1, -35, 19)
(0, -34, 20)
(1, -34, 19)
(0, -33, 19)
(1, -33, 18)
(0, -32, 19)
(0, -32, 20)
(1, -32, 20)
(0, -31, 21)
(0, -31, 22)
(1, -31, 22)
(0, -30, 23)
(1, -30, 22)
(1, -30, 21)
(0, -30, 21)
(0, -30, 20)
(1, -30, 19)
(0, -29, 20)
(1, -29, 20)
(1, -29, 21)
(1, -29, 22)
(0, -28, 23)
(1, -28, 22)
(0, -27, 22)
(1, -27, 22)
(1, -27, 23)
(1, -27, 24)
(0, -27, 25)
(1, -28, 25)
(0, -28, 25)
(1, -29, 24)
(0, -29, 25)
(1, -30, 24)
(0, -30, 25)
(1, -31, 24)
(0, -31, 25)
(0, -31, 26)
(0, -31, 27)
(1, -31, 27)
(1, -31, 28)
(0, -30, 29)
(0, -30, 30)
(0, -30, 31)
(1, -31, 31)
(0, -31, 32)
(1, -32, 31)
(1, -32, 30)
(0, -32, 30)
(1, -33, 30)
(1, -33, 31)
(1, -33, 32)
(1, -33, 33)
(1, -33, 34)
(0, -33, 35)
(1, -34, 34)
(0, -34, 34)
(1, -35, 33)
(0, -35, 34)
(1, -36, 34)
(0, -36, 34)
(1, -37, 34)
(0, -37, 34)
(1, -38, 33)
(0, -38, 33)
(1, -39, 32)
(0, -39, 33)
(0, -39, 34)
(0, -39, 35)
(1, -39, 35)
(0, -38, 36)
(1, -38, 35)
(0, -37, 36)
(0, -37, 37)
(1, -37, 37)
(1, -37, 38)
(0, -37, 39)
(0, -37, 40)
(1, -38, 40)
(0, -38, 40)
(1, -39, 40)
(0, -39, 41)
(1, -40, 41)
(0, -40, 41)
(0, -40, 40)
(1, -40, 39)
(0, -39, 39)
(1, -39, 38)
(1, -39, 37)
(0, -39, 37)
(1, -40, 37)
(0, -40, 38)
(1, -41, 38)
(0, -41, 39)
(0, -41, 40)
(1, -42, 40)
(1, -42, 41)
(1, -42, 42)
(1, -42, 43)
(1, -42, 44)
(0, -42, 45)
(1, -43, 44)
(1, -43, 43)
(0, -43, 43)
(1, -44, 43)
(1, -44, 44)
(1, -44, 45)
(1, -44, 46)
(0, -43, 47)
(1, -43, 47)
(0, -42, 48)
(1, -42, 48)
(0, -41, 49)
(1, -41, 48)
(1, -41, 47)
(1, -41, 46)
(0, -40, 46)
(1, -40, 45)
(1, -40, 44)
(1, -40, 43)
(0, -39, 43)
(1, -39, 42)
(0, -38, 43)
(1, -38, 43)
(1, -38, 44)
(0, -38, 45)
(0, -38, 46)
(1, -39, 46)
(0, -39, 47)
(0, -39, 48)
(1, -39, 48)
(0, -38, 48)
(1, -38, 48)
(1, -38, 49)
(1, -38, 50)
(0, -37, 51)
(1, -37, 50)
(1, -37, 49)
(0, -36, 49)
(1, -36, 48)
(0, -35, 48)
(1, -35, 47)
(0, -34, 48)
(1, -34, 47)
(0, -33, 47)
(1, -33, 47)
(1, -33, 48)
(1, -33, 49)
(1, -33, 50)
(1, -33, 51)
(0, -32, 52)
(1, -32, 52)
(1, -32, 53)
(0, -32, 54)
(1, -33, 53)
(0, -33, 54)
(1, -34, 54)
(0, -34, 54)
(1, -35, 54)
(0, -35, 55)
(1, -36, 54)
(0, -36, 54)
(1, -37, 53)
(0, -37, 54)
(1, -38, 54)
(0, -38, 55)
(1, -39, 54)
(0, -39, 54)
(1, -40, 54)
(0, -40, 55)
(1, -41, 55)
(0, -41, 56)
(1, -42, 56)
(1, -42, 57)
(1, -42, 58)
(0, -42, 59)
(0, -42, 60)
(0, -42, 61)
(0, -42, 62)
(0, -42, 63)
(1, -43, 63)
(1, -43, 64)
(0, -43, 65)
(1, -44, 65)
(1, -44, 66)
(1, -44, 67)
(1, -44, 68)
(1, -44, 69)
(0, -44, 70)
(1, -45, 69)
(0, -45, 70)
(0, -45, 71)
(1, -46, 71)
(1, -46, 72)
(0, -46, 73)
(1, -47, 73)
(0, -47, 74)
(0, -47, 75)
(1, -47, 75)
(0, -46, 75)
(1, -46, 74)
(0, -45, 74)
(1, -45, 74)
(0, -44, 75)
(1, -44, 75)
(0, -43, 75)
(1, -43, 74)
(0, -42, 75)
(0, -42, 76)
(0, -42, 77)
(1, -42, 77)
(0, -41, 78)
(1, -41, 77)
(0, -40, 77)
(0, -40, 76)
(0, -40, 75)
(1, -41, 74)
(1, -41, 73)
(0, -41, 73)
(1, -42, 72)
(0, -42, 73)
(1, -43, 72)
(1, -43, 71)
(0, -42, 71)
(0, -42, 70)
(1, -42, 69)
(0, -41, 70)
(1, -41, 70)
(0, -40, 71)
(0, -40, 72)
(1, -40, 72)
(0, -39, 72)
(1, -39, 72)
(1, -39, 73)
(0, -38, 74)
(0, -38, 75)
(1, -38, 75)
(0, -37, 75)
(0, -37, 74)
(1, -37, 73)
(1, -37, 72)
(0, -37, 72)
(1, -38, 71)
(0, -38, 71)
(1, -39, 70)
(1, -39, 69)
(1, -39, 68)
(1, -39, 67)
(0, -38, 67)
(0, -38, 66)
(1, -39, 65)
(1, -39, 64)
(0, -38, 64)
(1, -38, 64)
(0, -37, 64)
(0, -37, 63)
(1, -38, 62)
(0, -38, 62)
(1, -39, 62)
(0, -39, 62)
(1, -40, 61)
(0, -40, 61)
(0, -40, 60)
(0, -40, 59)
(1, -41, 58)
(1, -41, 57)
(0, -40, 57)
(1, -40, 56)
(0, -39, 56)
(1, -39, 56)
(0, -38, 57)
(1, -38, 56)
(0, -37, 56)
(1, -37, 56)
(0, -36, 57)
(1, -36, 56)
(0, -35, 57)
(1, -35, 56)
(0, -34, 57)
(1, -34, 56)
(0, -33, 56)
(1, -33, 56)
(0, -32, 56)
(1, -32, 55)
(0, -31, 55)
(1, -31, 55)
(1, -31, 56)
(1, -31, 57)
(0, -30, 58)
(1, -30, 57)
(0, -29, 57)
(1, -29, 56)
(0, -28, 57)
(1, -28, 56)
(0, -27, 56)
(1, -27, 55)
(0, -26, 56)
(1, -26, 55)
(0, -25, 56)
(1, -25, 56)
(0, -24, 56)
(1, -24, 55)
(1, -24, 54)
(0, -24, 54)
(1, -25, 53)
(0, -25, 53)
(1, -26, 52)
(0, -26, 53)
(1, -27, 53)
(0, -27, 54)
(1, -28, 53)
(0, -28, 53)
(1, -29, 53)
(0, -29, 53)
(0, -29, 52)
(1, -30, 51)
(1, -30, 50)
(1, -30, 49)
(1, -30, 48)
(1, -30, 47)
(1, -30, 46)
(0, -29, 46)
(1, -29, 45)
(0, -28, 46)
(1, -28, 45)
(1, -28, 44)
(1, -28, 43)
(0, -27, 43)
(1, -27, 43)
(0, -26, 43)
(1, -26, 42)
(1, -26, 41)
(1, -26, 40)
(0, -25, 40)
(0, -25, 39)
(1, -26, 38)
(0, -26, 39)
(1, -27, 38)
(1, -27, 37)
(1, -27, 36)
(0, -27, 36)
(1, -28, 36)
(0, -28, 36)
(1, -29, 35)
(1, -29, 34)
(0, -28, 34)
(0, -28, 33)
(1, -28, 32)
(1, -28, 31)
(0, -27, 31)
(1, -27, 31)
(1, -27, 32)
(1, -27, 33)
(0, -26, 34)
(1, -26, 34)
(1, -26, 35)
(1, -26, 36)
(0, -25, 37)
(1, -25, 37)
(0, -24, 38)
(0, -24, 39)
(0, -24, 40)
(0, -24, 41)
(0, -24, 42)
(1, -24, 42)
(0, -23, 42)
(0, -23, 41)
(1, -23, 40)
(0, -22, 40)
(1, -22, 40)
(1, -22, 41)
(0, -22, 42)
(0, -22, 43)
(1, -22, 43)
(0, -21, 44)
(1, -21, 44)
(0, -20, 44)
(1, -20, 44)
(1, -20, 45)
(0, -20, 46)
(0, -20, 47)
(1, -21, 47)
(0, -21, 48)
(0, -21, 49)
(1, -22, 49)
(0, -22, 50)
(1, -23, 50)
(0, -23, 50)
(1, -24, 49)
(0, -24, 50)
(0, -24, 51)
(1, -24, 51)
(0, -23, 52)
(1, -23, 52)
(0, -22, 53)
(0, -22, 54)
(0, -22, 55)
(1, -22, 55)
(0, -21, 56)
(0, -21, 57)
(1, -22, 57)
(0, -22, 57)
(1, -23, 56)
(0, -23, 57)
(0, -23, 58)
(1, -24, 58)
(1, -24, 59)
(0, -23, 60)
(0, -23, 61)
(1, -24, 61)
(0, -24, 62)
(1, -25, 62)
(0, -25, 63)
(0, -25, 64)
(1, -26, 64)
(0, -26, 64)
(0, -26, 63)
(0, -26, 62)
(1, -27, 61)
(0, -27, 61)
(0, -27, 60)
(1, -27, 59)
(0, -26, 59)
(0, -26, 58)
(1, -27, 57)
(0, -27, 58)
(1, -28, 58)
(0, -28, 59)
(1, -29, 59)
(1, -29, 60)
(0, -28, 61)
(0, -28, 62)
(1, -28, 62)
(0, -27, 63)
(0, -27, 64)
(0, -27, 65)
(1, -27, 65)
(1, -27, 66)
(0, -27, 67)
(0, -27, 68)
(1, -27, 68)
(1, -27, 69)
(0, -26, 70)
(0, -26, 71)
(0, -26, 72)
(1, -26, 72)
(0, -25, 73)
(1, -25, 73)
(0, -24, 74)
(0, -24, 75)
(1, -24, 75)
(1, -24, 76)
(1, -24, 77)
(1, -24, 78)
(0, -23, 79)
(1, -23, 79)
(0, -22, 79)
(1, -22, 79)
(0, -21, 80)
(1, -21, 79)
(0, -20, 79)
(1, -20, 79)
(1, -20, 80)
(1, -20, 81)
(0, -20, 82)
(1, -21, 81)
(0, -21, 82)
(0, -21, 83)
(0, -21, 84)
(1, -22, 84)
(1, -22, 85)
(0, -21, 86)
(1, -21, 86)
(0, -20, 87)
(1, -20, 86)
(0, -19, 87)
(0, -19, 88)
(1, -20, 88)
(1, -20, 89)
(0, -19, 90)
(1, -19, 89)
(0, -18, 89)
(0, -18, 88)
(1, -18, 87)
(1, -18, 86)
(0, -18, 86)
(0, -18, 85)
(0, -18, 84)
(1, -18, 83)
(0, -17, 84)
(1, -17, 84)
(0, -16, 84)
(0, -16, 83)
(1, -17, 82)
(0, -17, 82)
(0, -17, 81)
(1, -18, 80)
(1, -18, 79)
(1, -18, 78)
(1, -18, 77)
(0, -17, 77)
(1, -17, 76)
(0, -16, 76)
(0, -16, 75)
(1, -17, 74)
(1, -17, 73)
(1, -17, 72)
(0, -16, 72)
(1, -16, 71)
(1, -16, 70)
(1, -16, 69)
(1, -16, 68)
(0, -15, 68)
(1, -15, 67)
(0, -14, 67)
(1, -14, 67)
(0, -13, 68)
(0, -13, 69)
(0, -13, 70)
(1, -14, 70)
(0, -14, 70)
(1, -15, 70)
(1, -15, 71)
(0, -14, 72)
(0, -14, 73)
(1, -15, 73)
(1, -15, 74)
(0, -14, 75)
(1, -14, 74)
(0, -13, 74)
(0, -13, 73)
(1, -13, 72)
(1, -13, 71)
(0, -12, 71)
(1, -12, 71)
(0, -11, 72)
(1, -11, 72)
(0, -10, 73)
(1, -10, 72)
(0, -9, 72)
(1, -9, 71)
(1, -9, 70)
(1, -9, 69)
(0, -8, 69)
(1, -8, 69)
(0, -7, 70)
(1, -7, 70)
(1, -7, 71)
(1, -7, 72)
(0, -7, 73)
(0, -7, 74)
(1, -7, 74)
(1, -7, 75)
(0, -6, 76)
(1, -6, 75)
(0, -5, 76)
(0, -5, 77)
(1, -6, 77)
(0, -6, 78)
(1, -7, 77)
(0, -7, 77)
(1, -8, 76)
(0, -8, 76)
(1, -9, 76)
(0, -9, 77)
(0, -9, 78)
(1, -10, 78)
(1, -10, 79)
(0, -10, 80)
(1, -11, 79)
(0, -11, 80)
(0, -11, 81)
(1, -12, 81)
(0, -12, 82)
(0, -12, 83)
(0, -12, 84)
(0, -12, 85)
(1, -13, 85)
(0, -13, 86)
(0, -13, 87)
(1, -14, 87)
(0, -14, 87)
(0, -14, 86)
(0, -14, 85)
(1, -15, 84)
(0, -15, 85)
(1, -16, 85)
(1, -16, 86)
(1, -16, 87)
(0, -15, 88)
(0, -15, 89)
(0, -15, 90)
(0, -15, 91)
(1, -16, 91)
(0, -16, 92)
(1, -17, 91)
(0, -17, 91)
(1, -18, 91)
(0, -18, 92)
(0, -18, 93)
(0, -18, 94)
(0, -18, 95)
(0, -18, 96)
(1, -19, 96)
(0, -19, 97)
(1, -20, 97)
(1, -20, 98)
(1, -20, 99)
(1, -20, 100)
(0, -19, 101)
(1, -19, 100)
(0, -18, 100)
(1, -18, 99)
(0, -17, 99)
(0, -17, 98)
(1, -17, 97)
(1, -17, 96)
(0, -16, 96)
(1, -16, 95)
(1, -16, 94)
(0, -15, 94)
(0, -15, 93)
(1, -15, 92)
(0, -14, 92)
(1, -14, 91)
(0, -13, 92)
(1, -13, 92)
(0, -12, 93)
(1, -12, 92)
(0, -11, 92)
(0, -11, 91)
(1, -12, 90)
(0, -12, 90)
(1, -13, 89)
(1, -13, 88)
(0, -12, 88)
(1, -12, 87)
(0, -11, 88)
(1, -11, 88)
(0, -10, 88)
(0, -10, 87)
(1, -10, 86)
(1, -10, 85)
(0, -10, 85)
(1, -11, 84)
(0, -11, 84)
(0, -11, 83)
(1, -11, 82)
(0, -10, 83)
(1, -10, 82)
(0, -9, 83)
(1, -9, 82)
(0, -8, 83)
(1, -8, 83)
(1, -8, 84)
(0, -7, 85)
(0, -7, 86)
(0, -7, 87)
(1, -8, 87)
(0, -8, 88)
(1, -9, 88)
(0, -9, 89)
(1, -10, 89)
(0, -10, 90)
(0, -10, 91)
(0, -10, 92)
(1, -10, 92)
(0, -9, 93)
(0, -9, 94)
(1, -9, 94)
(0, -8, 95)
(1, -8, 94)
(0, -7, 94)
(1, -7, 94)
(0, -6, 95)
(1, -6, 95)
(1, -6, 96)
(1, -6, 97)
(0, -5, 98)
(1, -5, 97)
(0, -4, 98)
(1, -4, 97)
(1, -4, 96)
(0, -3, 96)
(1, -3, 96)
(0, -2, 96)
(0, -2, 95)
(0, -2, 94)
(1, -2, 93)
(0, -1, 93)
(1, -1, 92)
(0, 0, 92)
(0, 0, 91)
(1, -1, 90)
(0, -1, 91)
(1, -2, 90)
(0, -2, 90)
(0, -2, 89)
(0, -2, 88)
(1, -2, 87)
(0, -1, 88)
(1, -1, 88)
(0, 0, 88)
(1, 0, 87)
(0, 1, 87)
(1, 1, 87)
(0, 2, 88)
(0, 2, 89)
(0, 2, 90)
(1, 1, 90)
(0, 1, 91)
(0, 1, 92)
(1, 1, 92)
(0, 2, 93)
(1, 2, 93)
(1, 2, 94)
(0, 2, 95)
(1, 1, 95)
(0, 1, 96)
(1, 0, 95)
(1, 0, 94)
(0, 0, 94)
(1, -1, 94)
(0, -1, 95)
(0, -1, 96)
(1, -1, 96)
(0, 0, 97)
(0, 0, 98)
(0, 0, 99)
(0, 0, 100)
(1, 0, 100)
(1, 0, 101)
(0, 0, 102)
(1, -1, 101)
(0, -1, 102)
(1, -2, 101)
(1, -2, 100)
(0, -1, 100)
(0, -1, 99)
(0, -1, 98)
(1, -2, 97)
(0, -2, 98)
(0, -2, 99)
(1, -3, 99)
(0, -3, 100)
(0, -3, 101)
(0, -3, 102)
(1, -3, 102)
(1, -3, 103)
(0, -2, 104)
(0, -2, 105)
(0, -2, 106)
(1, -3, 106)
(1, -3, 107)
(0, -2, 108)
(1, -2, 107)
(0, -1, 108)
(1, -1, 108)
(0, 0, 109)
(0, 0, 110)
(1, -1, 110)
(0, -1, 110)
(1, -2, 110)
(1, -2, 111)
(1, -2, 112)
(0, -2, 113)
(0, -2, 114)
(1, -2, 114)
(0, -1, 115)
(1, -1, 115)
(0, 0, 115)
(1, 0, 115)
(0, 1, 116)
(1, 1, 116)
(0, 2, 117)
(0, 2, 118)
(1, 2, 118)
(0, 3, 119)
(0, 3, 120)
(1, 3, 120)
(0, 4, 121)
(1, 4, 121)
(0, 5, 121)
(1, 5, 120)
(0, 6, 121)
(1, 6, 120)
(1, 6, 119)
(0, 6, 119)
(0, 6, 118)
(1, 6, 117)
(0, 7, 117)
(0, 7, 116)
(1, 7, 115)
(0, 8, 115)
(1, 8, 114)
(1, 8, 113)
(1, 8, 112)
(0, 8, 112)
(0, 8, 111)
(1, 7, 110)
(1, 7, 109)
(1, 7, 108)
(0, 7, 108)
(1, 6, 107)
(1, 6, 106)
(1, 6, 105)
(0, 7, 105)
(1, 7, 104)
(1, 7, 103)
(1, 7, 102)
(0, 7, 102)
(0, 7, 101)
(1, 7, 100)
(1, 7, 99)
(1, 7, 98)
(1, 7, 97)
(1, 7, 96)
(0, 8, 96)
(0, 8, 95)
(0, 8, 94)
(1, 7, 93)
(0, 7, 93)
(1, 6, 93)
(0, 6, 93)
(1, 5, 92)
(1, 5, 91)
(1, 5, 90)
(0, 5, 90)
(1, 4, 89)
(1, 4, 88)
(1, 4, 87)
(0, 5, 87)
(0, 5, 86)
(1, 4, 85)
(1, 4, 84)
(0, 5, 84)
(0, 5, 83)
(1, 4, 82)
(0, 4, 83)
(1, 3, 82)
(0, 3, 82)
(1, 2, 82)
(1, 2, 83)
(0, 3, 84)
(0, 3, 85)
(1, 3, 85)
(1, 3, 86)
(0, 3, 87)
(1, 2, 86)
(0, 2, 86)
(1, 1, 85)
(0, 1, 85)
(1, 0, 84)
(1, 0, 83)
(1, 0, 82)
(0, 0, 82)
(0, 0, 81)
(1, 0, 80)
(0, 1, 81)
(1, 1, 81)
(0, 2, 81)
(0, 2, 80)
(0, 2, 79)
(0, 2, 78)
(0, 2, 77)
(1, 2, 76)
(0, 3, 77)
(1, 3, 77)
(0, 4, 78)
(0, 4, 79)
(1, 4, 79)
(1, 4, 80)
(0, 5, 81)
(1, 5, 80)
(0, 6, 80)
(1, 6, 80)
(0, 7, 80)
(1, 7, 79)
(1, 7, 78)
(0, 8, 78)
(1, 8, 77)
(1, 8, 76)
(0, 9, 76)
(1, 9, 75)
(1, 9, 74)
(0, 10, 74)
(0, 10, 73)
(1, 10, 72)
(1, 10, 71)
(0, 10, 71)
(1, 9, 70)
(0, 9, 70)
(1, 8, 69)
(1, 8, 68)
(0, 9, 68)
(0, 9, 67)
(1, 9, 66)
(1, 9, 65)
(1, 9, 64)
(0, 10, 64)
(1, 10, 64)
(0, 11, 64)
(1, 11, 64)
(0, 12, 64)
(1, 12, 64)
(0, 13, 64)
(0, 13, 63)
(0, 13, 62)
(0, 13, 61)
(1, 13, 60)
(0, 14, 61)
(1, 14, 61)
(0, 15, 61)
(0, 15, 60)
(0, 15, 59)
(1, 14, 58)
(0, 14, 59)
(1, 13, 58)
(0, 13, 58)
(1, 12, 58)
(0, 12, 59)
(0, 12, 60)
(1, 11, 60)
(0, 11, 60)
(1, 10, 59)
(0, 10, 59)
(0, 10, 58)
(1, 10, 57)
(0, 11, 58)
(1, 11, 57)
(1, 11, 56)
(1, 11, 55)
(0, 11, 55)
(1, 10, 54)
(1, 10, 53)
(1, 10, 52)
(1, 10, 51)
(0, 11, 51)
(1, 11, 51)
(1, 11, 52)
(0, 12, 53)
(0, 12, 54)
(1, 12, 54)
(0, 13, 55)
(1, 13, 54)
(1, 13, 53)
(1, 13, 52)
(0, 13, 52)
(0, 13, 51)
(1, 13, 50)
(1, 13, 49)
(1, 13, 48)
(0, 14, 48)
(1, 14, 47)
(1, 14, 46)
(0, 14, 46)
(1, 13, 46)
(0, 13, 47)
(1, 12, 46)
(1, 12, 45)
(0, 13, 45)
(0, 13, 44)
(1, 12, 43)
(0, 12, 44)
(1, 11, 44)
(0, 11, 45)
(1, 10, 44)
(1, 10, 43)
(0, 10, 43)
(0, 10, 42)
(1, 10, 41)
(0, 11, 42)
(1, 11, 42)
(0, 12, 42)
(0, 12, 41)
(0, 12, 40)
(1, 12, 39)
(1, 12, 38)
(0, 12, 38)
(1, 11, 38)
(0, 11, 38)
(1, 10, 37)
(0, 10, 38)
(1, 9, 37)
(1, 9, 36)
(0, 10, 36)
(1, 10, 35)
(0, 11, 36)
(1, 11, 35)
(0, 12, 35)
(1, 12, 35)
(0, 13, 36)
(1, 13, 36)
(0, 14, 36)
(0, 14, 35)
(1, 13, 34)
(1, 13, 33)
(1, 13, 32)
(1, 13, 31)
(0, 13, 31)
(1, 12, 30)
(0, 12, 30)
(1, 11, 30)
(0, 11, 31)
(1, 10, 30)
(1, 10, 29)
(0, 10, 29)
(0, 10, 28)
(1, 9, 27)
(0, 9, 27)
(0, 9, 26)
(1, 9, 25)
(0, 10, 25)
(1, 10, 25)
(0, 11, 26)
(1, 11, 26)
(0, 12, 27)
(1, 12, 26)
(0, 13, 26)
(1, 13, 25)
(0, 14, 25)
(1, 14, 25)
(0, 15, 25)
(1, 15, 25)
(0, 16, 26)
(1, 16, 25)
(0, 17, 26)
(1, 17, 26)
(0, 18, 27)
(1, 18, 26)
(0, 19, 26)
(1, 19, 26)
(0, 20, 27)
(1, 20, 26)
(1, 20, 25)
(0, 20, 25)
(1, 19, 24)
(1, 19, 23)
(0, 19, 23)
(1, 18, 22)
(1, 18, 21)
(1, 18, 20)
(0, 18, 20)
(1, 17, 19)
(0, 17, 19)
(0, 17, 18)
(1, 17, 17)
(0, 18, 17)
(1, 18, 16)
(0, 19, 17)
(0, 19, 18)
(1, 19, 18)
(1, 19, 19)
(0, 20, 20)
(1, 20, 20)
(1, 20, 21)
(0, 21, 22)
(1, 21, 22)
(0, 22, 22)
(1, 22, 21)
(0, 23, 21)
(1, 23, 21)
(0, 24, 22)
(1, 24, 21)
(0, 25, 21)
(0, 25, 20)
(0, 25, 19)
(1, 24, 18)
(1, 24, 17)
(0, 24, 17)
(0, 24, 16)
(1, 24, 15)
(0, 25, 15)
(0, 25, 14)
(1, 25, 13)
(1, 25, 12)
(1, 25, 11)
(1, 25, 10)
(0, 25, 10)
(1, 24, 10)
(0, 24, 10)
(0, 24, 9)
(1, 23, 8)
(0, 23, 9)
(1, 22, 8)
(1, 22, 7)
(0, 22, 7)
(1, 21, 6)
(0, 21, 6)
(0, 21, 5)
(1, 21, 4)
(1, 21, 3)
(0, 22, 3)
(0, 22, 2)
(1, 21, 1)
(0, 21, 2)
(1, 20, 2)
(0, 20, 2)
(0, 20, 1)
(1, 20, 0)
(0, 21, 0)
(0, 21, -1)
(1, 21, -2)
(0, 22, -2)
(1, 22, -3)
(1, 22, -4)
(0, 22, -4)
(1, 21, -4)
(0, 21, -4)
(0, 21, -5)
(1, 20, -6)
(1, 20, -7)
(0, 20, -7)
(0, 20, -8)
(1, 19, -9)
(0, 19, -8)
(1, 18, -9)
(0, 18, -9)
(1, 17, -10)
(0, 17, -9)
(1, 16, -9)
(0, 16, -8)
(1, 15, -8)
(0, 15, -8)
(0, 15, -9)
(1, 14, -10)
(0, 14, -9)
(0, 14, -8)
(1, 13, -8)
(0, 13, -7)
(1, 12, -7)
(1, 12, -6)
(0, 12, -5)
(1, 11, -6)
(0, 11, -5)
(1, 10, -6)
(1, 10, -7)
(0, 10, -7)
(1, 9, -8)
(0, 9, -7)
(1, 8, -7)
(0, 8, -7)
(1, 7, -7)
(1, 7, -6)
(0, 8, -5)
(1, 8, -5)
(1, 8, -4)
(0, 8, -3)
(1, 7, -4)
(0, 7, -3)
(1, 6, -4)
(0, 6, -3)
(1, 5, -4)
(0, 5, -3)
(1, 4, -3)
(0, 4, -3)
(0, 4, -4)
(1, 3, -5)
(0, 3, -5)
(0, 3, -6)
(1, 3, -7)
(0, 4, -7)
(1, 4, -8)
(0, 5, -8)
(1, 5, -9)
(0, 6, -8)
(1, 6, -9)
(0, 7, -8)
(1, 7, -9)
(1, 7, -10)
(0, 7, -10)
(1, 6, -11)
(1, 6, -12)
(1, 6, -13)
(1, 6, -14)
(0, 6, -14)
(1, 5, -15)
(0, 5, -14)
(1, 4, -14)
(0, 4, -14)
(1, 3, -15)
(0, 3, -14)
(0, 3, -13)
(1, 2, -13)
(0, 2, -13)
(1, 1, -13)
(1, 1, -12)
(0, 2, -11)
(0, 2, -10)
(1, 1, -10)
(1, 1, -9)
(0, 2, -8)
(0, 2, -7)
(1, 1, -7)
(1, 1, -6)
(0, 2, -5)
(0, 2, -4)
(1, 1, -4)
(0, 1, -4)
(1, 0, -5)
(1, 0, -6)
(1, 0, -7)
(0, 0, -7)
(1, -1, -7)
(0, -1, -6)
(1, -2, -6)
(0, -2, -5)
(0, -2, -4)
(0, -2, -3)
(0, -2, -2)
(1, -3, -2)
(0, -3, -1)
(1, -4, -1)
(0, -4, -1)
(1, -5, -2)
(0, -5, -2)
(0, -5, -3)
(0, -5, -4)
(1, -5, -5)
(1, -5, -6)
(0, -5, -6)
(1, -6, -7)
(1, -6, -8)
(0, -6, -8)
(0, -6, -9)
(1, -6, -10)
(0, -5, -9)
(1, -5, -10)
(0, -4, -9)
(0, -4, -8)
(1, -4, -8)
(0, -3, -7)
(1, -3, -7)
(0, -2, -7)
(1, -2, -8)
(1, -2, -9)
(0, -2, -9)
(1, -3, -10)
(0, -3, -10)
(0, -3, -11)
(1, -4, -12)
(0, -4, -11)
(1, -5, -12)
(0, -5, -11)
(1, -6, -12)
(1, -6, -13)
(1, -6, -14)
(0, -6, -14)
(1, -7, -14)
(0, -7, -14)
(1, -8, -15)
(0, -8, -14)
(1, -9, -15)
(0, -9, -14)
(1, -10, -14)
(1, -10, -13)
(0, -9, -12)
(0, -9, -11)
(0, -9, -10)
(1, -10, -10)
(0, -10, -9)
(1, -11, -10)
(0, -11, -9)
(1, -12, -10)
(0, -12, -9)
(0, -12, -8)
(1, -13, -8)
(0, -13, -7)
(1, -14, -8)
(0, -14, -7)
(0, -14, -6)
(1, -15, -6)
(1, -15, -5)
(0, -14, -4)
(1, -14, -4)
(0, -13, -3)
(0, -13, -2)
(0, -13, -1)
(1, -13, -1)
(0, -12, -1)
(0, -12, -2)
(1, -12, -3)
(0, -11, -2)
(0, -11, -1)
(1, -11, -1)
(0, -10, 0)
(1, -10, -1)
(0, -9, 0)
(1, -9, -1)
(0, -8, 0)
(0, -8, 1)
(0, -8, 2)
(1, -8, 2)
(1, -8, 3)
(0, -7, 4)
(0, -7, 5)
(1, -7, 5)
(0, -6, 5)
(1, -6, 4)
(0, -5, 4)
(1, -5, 3)
(1, -5, 2)
(0, -4, 2)
(1, -4, 2)
(0, -3, 3)
(1, -3, 3)
(0, -2, 3)
(0, -2, 2)
(0, -2, 1)
(1, -2, 0)
(0, -1, 1)
(0, -1, 2)
(1, -1, 2)
(0, 0, 3)
(0, 0, 4)
(1, 0, 4)
(0, 1, 5)
(0, 1, 6)
(1, 0, 6)
(0, 0, 7)
(1, -1, 6)
(1, -1, 5)
(0, -1, 5)
(1, -2, 5)
(0, -2, 5)
(1, -3, 5)
(1, -3, 6)
(1, -3, 7)
(1, -3, 8)
(0, -2, 9)
(1, -2, 8)
(0, -1, 9)
(1, -1, 8)
(0, 0, 9)
(1, 0, 9)
(1, 0, 10)
(0, 1, 11)
(1, 1, 11)
(0, 2, 11)
(0, 2, 10)
(1, 1, 9)
(1, 1, 8)
(1, 1, 7)
(0, 2, 7)
(1, 2, 7)
(0, 3, 8)
(1, 3, 8)
(0, 4, 9)
(1, 4, 8)
(0, 5, 9)
(0, 5, 10)
(1, 5, 10)
(1, 5, 11)
(1, 5, 12)
(0, 6, 13)
(1, 6, 13)
(0, 7, 14)
(0, 7, 15)
(1, 6, 15)
(0, 6, 15)
(1, 5, 15)
(1, 5, 16)
(0, 6, 17)
(1, 6, 17)
(1, 6, 18)
(0, 6, 19)
(1, 5, 19)
(0, 5, 20)
(1, 4, 20)
(0, 4, 20)
(1, 3, 20)
(0, 3, 20)
(1, 2, 19)
(0, 2, 19)
(1, 1, 19)
(1, 1, 20)
(0, 1, 21)
(0, 1, 22)
(0, 1, 23)
(1, 1, 23)
(0, 2, 23)
(0, 2, 22)
(1, 2, 21)
(0, 3, 22)
(1, 3, 22)
(0, 4, 22)
(1, 4, 22)
(0, 5, 23)
(0, 5, 24)
(1, 5, 24)
