(0, 2, 66)
(1, 2, 66)
(0, 3, 66)
(0, 3, 65)
(0, 3, 64)
(1, 3, 63)
(1, 3, 62)
(0, 4, 62)
(1, 4, 62)
(1, 4, 63)
(1, 4, 64)
(1, 4, 65)
(0, 4, 66)
(0, 4, 67)
(1, 4, 67)
(1, 4, 68)
(1, 4, 69)
(0, 4, 70)
(0, 4, 71)
(1, 4, 71)
(0, 5, 71)
(1, 5, 70)
(0, 6, 71)
(0, 6, 72)
(0, 6, 73)
(1, 6, 73)
(0, 7, 73)
(1, 7, 72)
(0, 8, 72)
(1, 8, 71)
(1, 8, 70)
(1, 8, 69)
(0, 9, 69)
(1, 9, 68)
(0, 10, 69)
(1, 10, 69)
(1, 10, 70)
(0, 11, 71)
(1, 11, 71)
(1, 11, 72)
(0, 11, 73)
(0, 11, 74)
(1, 11, 74)
(0, 12, 75)
(0, 12, 76)
(0, 12, 77)
(1, 12, 77)
(1, 12, 78)
(0, 13, 79)
(0, 13, 80)
(0, 13, 81)
(1, 13, 81)
(1, 13, 82)
(0, 14, 83)
(0, 14, 84)
(1, 14, 84)
(1, 14, 85)
(1, 14, 86)
(0, 14, 87)
(1, 13, 87)
(0, 13, 87)
(0, 13, 86)
(1, 12, 85)
(0, 12, 86)
(1, 11, 85)
(0, 11, 86)
(0, 11, 87)
(0, 11, 88)
(0, 11, 89)
(1, 10, 89)
(1, 10, 90)
(1, 10, 91)
(0, 10, 92)
(1, 9, 92)
(1, 9, 93)
(0, 9, 94)
(0, 9, 95)
(0, 9, 96)
(1, 8, 96)
(1, 8, 97)
(0, 8, 98)
(1, 7, 98)
(0, 7, 98)
(1, 6, 98)
(0, 6, 99)
(1, 5, 99)
(0, 5, 99)
(0, 5, 98)
(1, 5, 97)
(1, 5, 96)
(0, 6, 96)
(0, 6, 95)
(0, 6, 94)
(0, 6, 93)
(1, 6, 92)
(0, 7, 93)
(1, 7, 92)
(0, 8, 93)
(1, 8, 92)
(1, 8, 91)
(0, 9, 91)
(0, 9, 90)
(1, 8, 89)
(1, 8, 88)
(1, 8, 87)
(1, 8, 86)
(1, 8, 85)
(0, 8, 85)
(1, 7, 85)
(0, 7, 86)
(0, 7, 87)
(0, 7, 88)
(1, 7, 88)
(1, 7, 89)
(0, 7, 90)
(1, 6, 89)
(0, 6, 89)
(0, 6, 88)
(1, 5, 87)
(0, 5, 88)
(0, 5, 89)
(1, 4, 89)
(1, 4, 90)
(1, 4, 91)
(0, 5, 92)
(0, 5, 93)
(0, 5, 94)
(1, 4, 94)
(0, 4, 94)
(1, 3, 93)
(0, 3, 93)
(1, 2, 93)
(0, 2, 93)
(1, 1, 92)
(0, 1, 92)
(1, 0, 92)
(1, 0, 93)
(1, 0, 94)
(0, 1, 95)
(1, 1, 94)
(0, 2, 95)
(1, 2, 95)
(1, 2, 96)
(1, 2, 97)
(1, 2, 98)
(0, 3, 99)
(1, 3, 98)
(0, 4, 99)
(0, 4, 100)
(0, 4, 101)
(1, 4, 101)
(1, 4, 102)
(0, 4, 103)
(1, 3, 103)
(0, 3, 104)
(1, 2, 103)
(0, 2, 103)
(1, 1, 103)
(1, 1, 104)
(0, 2, 105)
(1, 2, 105)
(0, 3, 106)
(1, 3, 105)
(0, 4, 106)
(1, 4, 106)
(1, 4, 107)
(1, 4, 108)
(1, 4, 109)
(0, 4, 110)
(1, 3, 109)
(0, 3, 110)
(1, 2, 110)
(1, 2, 111)
(1, 2, 112)
(0, 3, 113)
(0, 3, 114)
(1, 2, 114)
(0, 2, 115)
(1, 1, 114)
(0, 1, 115)
(1, 0, 114)
(1, 0, 113)
(1, 0, 112)
(0, 1, 112)
(0, 1, 111)
(0, 1, 110)
(0, 1, 109)
(0, 1, 108)
(1, 0, 107)
(1, 0, 106)
(1, 0, 105)
(1, 0, 104)
(1, 0, 103)
(0, 0, 103)
(1, -1, 102)
(1, -1, 101)
(1, -1, 100)
(0, 0, 100)
(1, 0, 100)
(0, 1, 101)
(1, 1, 101)
(0, 2, 101)
(0, 2, 100)
(1, 1, 99)
(1, 1, 98)
(0, 1, 98)
(1, 0, 98)
(0, 0, 98)
(0, 0, 97)
(1, -1, 96)
(0, -1, 96)
(1, -2, 96)
(0, -2, 97)
(0, -2, 98)
(1, -2, 98)
(1, -2, 99)
(1, -2, 100)
(0, -2, 101)
(1, -3, 101)
(0, -3, 101)
(1, -4, 100)
(0, -4, 100)
(0, -4, 99)
(1, -5, 98)
(0, -5, 99)
(0, -5, 100)
(0, -5, 101)
(0, -5, 102)
(1, -6, 102)
(0, -6, 102)
(1, -7, 102)
(1, -7, 103)
(0, -7, 104)
(0, -7, 105)
(1, -7, 105)
(0, -6, 105)
(1, -6, 104)
(0, -5, 105)
(1, -5, 104)
(0, -4, 104)
(1, -4, 104)
(0, -3, 105)
(1, -3, 105)
(0, -2, 105)
(1, -2, 105)
(0, -1, 106)
(1, -1, 106)
(1, -1, 107)
(0, -1, 108)
(1, -2, 108)
(0, -2, 108)
(1, -3, 108)
(0, -3, 109)
(1, -4, 108)
(1, -4, 107)
(1, -4, 106)
(0, -4, 106)
(1, -5, 106)
(0, -5, 107)
(1, -6, 106)
(0, -6, 107)
(0, -6, 108)
(1, -6, 108)
(1, -6, 109)
(0, -5, 110)
(1, -5, 110)
(0, -4, 110)
(1, -4, 110)
(0, -3, 111)
(1, -3, 110)
(0, -2, 110)
(1, -2, 110)
(1, -2, 111)
(0, -1, 112)
(0, -1, 113)
(1, -1, 113)
(1, -1, 114)
(0, -1, 115)
(1, -2, 114)
(0, -2, 115)
(1, -3, 115)
(1, -3, 116)
(1, -3, 117)
(0, -2, 118)
(1, -2, 118)
(1, -2, 119)
(1, -2, 120)
(1, -2, 121)
(0, -1, 122)
(0, -1, 123)
(1, -2, 123)
(0, -2, 124)
(1, -3, 124)
(1, -3, 125)
(0, -3, 126)
(1, -4, 126)
(0, -4, 126)
(0, -4, 125)
(1, -5, 124)
(1, -5, 123)
(0, -5, 123)
(1, -6, 123)
(0, -6, 123)
(1, -7, 122)
(0, -7, 123)
(0, -7, 124)
(1, -7, 124)
(1, -7, 125)
(1, -7, 126)
(1, -7, 127)
(1, -7, 128)
(0, -7, 129)
(0, -7, 130)
(1, -8, 130)
(0, -8, 131)
(1, -9, 130)
(1, -9, 129)
(1, -9, 128)
(0, -9, 128)
(1, -10, 127)
(0, -10, 128)
(1, -11, 128)
(0, -11, 129)
(1, -12, 129)
(0, -12, 129)
(1, -13, 128)
(1, -13, 127)
(0, -13, 127)
(1, -14, 127)
(1, -14, 128)
(0, -14, 129)
(1, -15, 129)
(0, -15, 130)
(1, -16, 129)
(1, -16, 128)
(0, -16, 128)
(1, -17, 127)
(1, -17, 126)
(0, -17, 126)
(1, -18, 125)
(1, -18, 124)
(0, -18, 124)
(1, -19, 123)
(0, -19, 124)
(0, -19, 125)
(1, -19, 125)
(1, -19, 126)
(0, -19, 127)
(1, -20, 127)
(1, -20, 128)
(0, -20, 129)
(1, -21, 129)
(0, -21, 129)
(1, -22, 128)
(1, -22, 127)
(0, -22, 127)
(0, -22, 126)
(1, -23, 125)
(1, -23, 124)
(1, -23, 123)
(1, -23, 122)
(0, -23, 122)
(1, -24, 121)
(0, -24, 121)
(1, -25, 120)
(0, -25, 120)
(1, -26, 119)
(0, -26, 119)
(1, -27, 118)
(1, -27, 117)
(0, -27, 117)
(1, -28, 116)
(1, -28, 115)
(1, -28, 114)
(0, -28, 114)
(0, -28, 113)
(1, -28, 112)
(0, -27, 112)
(1, -27, 111)
(0, -26, 111)
(1, -26, 110)
(1, -26, 109)
(0, -26, 109)
(0, -26, 108)
(1, -26, 107)
(0, -25, 107)
(1, -25, 107)
(1, -25, 108)
(0, -24, 109)
(1, -24, 108)
(1, -24, 107)
(0, -23, 107)
(0, -23, 106)
(0, -23, 105)
(1, -24, 104)
(0, -24, 104)
(0, -24, 103)
(0, -24, 102)
(0, -24, 101)
(1, -24, 100)
(0, -23, 101)
(1, -23, 100)
(0, -22, 100)
(0, -22, 99)
(1, -22, 98)
(1, -22, 97)
(1, -22, 96)
(0, -22, 96)
(1, -23, 95)
(0, -23, 95)
(0, -23, 94)
(1, -24, 93)
(0, -24, 93)
(1, -25, 92)
(0, -25, 93)
(1, -26, 93)
(0, -26, 94)
(1, -27, 94)
(1, -27, 95)
(0, -27, 96)
(1, -28, 95)
(0, -28, 95)
(0, -28, 94)
(1, -29, 93)
(1, -29, 92)
(1, -29, 91)
(1, -29, 90)
(1, -29, 89)
(1, -29, 88)
(1, -29, 87)
(1, -29, 86)
(0, -28, 86)
(1, -28, 86)
(0, -27, 86)
(1, -27, 85)
(1, -27, 84)
(0, -26, 84)
(1, -26, 84)
(0, -25, 85)
(1, -25, 84)
(0, -24, 85)
(1, -24, 85)
(1, -24, 86)
(0, -24, 87)
(0, -24, 88)
(1, -25, 88)
(0, -25, 89)
(1, -26, 89)
(1, -26, 90)
(0, -25, 91)
(1, -25, 90)
(0, -24, 90)
(1, -24, 90)
(0, -23, 91)
(1, -23, 91)
(1, -23, 92)
(0, -22, 93)
(1, -22, 92)
(0, -21, 92)
(1, -21, 91)
(1, -21, 90)
(1, -21, 89)
(1, -21, 88)
(0, -20, 88)
(1, -20, 87)
(0, -19, 87)
(0, -19, 86)
(0, -19, 85)
(1, -19, 84)
(1, -19, 83)
(0, -19, 83)
(1, -20, 82)
(1, -20, 81)
(1, -20, 80)
(0, -19, 80)
(0, -19, 79)
(1, -19, 78)
(0, -18, 79)
(0, -18, 80)
(0, -18, 81)
(1, -18, 81)
(0, -17, 81)
(1, -17, 81)
(0, -16, 82)
(0, -16, 83)
(1, -16, 83)
(0, -15, 83)
(0, -15, 82)
(1, -15, 81)
(0, -14, 82)
(0, -14, 83)
(0, -14, 84)
(1, -15, 84)
(1, -15, 85)
(0, -14, 86)
(0, -14, 87)
(0, -14, 88)
(1, -15, 88)
(1, -15, 89)
(0, -15, 90)
(0, -15, 91)
(1, -16, 91)
(0, -16, 92)
(1, -17, 92)
(0, -17, 92)
(1, -18, 91)
(1, -18, 90)
(0, -18, 90)
(1, -19, 89)
(0, -19, 89)
(1, -20, 89)
(1, -20, 90)
(0, -19, 91)
(0, -19, 92)
(1, -19, 92)
(0, -18, 93)
(0, -18, 94)
(1, -18, 94)
(0, -17, 94)
(1, -17, 94)
(0, -16, 94)
(1, -16, 93)
(0, -15, 94)
(0, -15, 95)
(0, -15, 96)
(1, -15, 96)
(0, -14, 96)
(0, -14, 95)
(0, -14, 94)
(0, -14, 93)
(1, -14, 92)
(1, -14, 91)
(0, -13, 91)
(1, -13, 91)
(1, -13, 92)
(1, -13, 93)
(0, -12, 94)
(1, -12, 94)
(0, -11, 95)
(1, -11, 95)
(0, -10, 96)
(1, -10, 96)
(0, -9, 96)
(1, -9, 96)
(0, -8, 96)
(1, -8, 96)
(0, -7, 97)
(0, -7, 98)
(1, -8, 98)
(0, -8, 98)
(1, -9, 98)
(1, -9, 99)
(0, -8, 100)
(1, -8, 100)
(0, -7, 100)
(1, -7, 100)
(0, -6, 100)
(0, -6, 99)
(0, -6, 98)
(0, -6, 97)
(0, -6, 96)
(0, -6, 95)
(1, -6, 94)
(0, -5, 94)
(0, -5, 93)
(0, -5, 92)
(1, -6, 91)
(0, -6, 92)
(1, -7, 91)
(0, -7, 92)
(0, -7, 93)
(1, -8, 93)
(0, -8, 93)
(1, -9, 93)
(0, -9, 94)
(1, -10, 93)
(0, -10, 93)
(1, -11, 93)
(0, -11, 93)
(1, -12, 92)
(1, -12, 91)
(0, -11, 91)
(1, -11, 90)
(0, -10, 90)
(1, -10, 90)
(1, -10, 91)
(0, -9, 92)
(1, -9, 91)
(1, -9, 90)
(1, -9, 89)
(1, -9, 88)
(0, -8, 88)
(1, -8, 88)
(1, -8, 89)
(0, -7, 90)
(1, -7, 89)
(0, -6, 90)
(1, -6, 89)
(0, -5, 90)
(1, -5, 90)
(0, -4, 90)
(0, -4, 89)
(0, -4, 88)
(1, -5, 87)
(0, -5, 88)
(1, -6, 87)
(0, -6, 87)
(0, -6, 86)
(0, -6, 85)
(1, -7, 84)
(0, -7, 85)
(1, -8, 84)
(1, -8, 83)
(0, -7, 83)
(0, -7, 82)
(1, -8, 81)
(0, -8, 81)
(1, -9, 80)
(1, -9, 79)
(0, -9, 79)
(1, -10, 79)
(0, -10, 79)
(1, -11, 79)
(0, -11, 80)
(1, -12, 79)
(0, -12, 79)
(0, -12, 78)
(1, -13, 77)
(1, -13, 76)
(1, -13, 75)
(0, -12, 75)
(1, -12, 75)
(0, -11, 75)
(1, -11, 74)
(0, -10, 75)
(1, -10, 75)
(1, -10, 76)
(0, -9, 77)
(1, -9, 76)
(0, -8, 77)
(1, -8, 77)
(0, -7, 77)
(0, -7, 76)
(1, -7, 75)
(1, -7, 74)
(0, -7, 74)
(0, -7, 73)
(0, -7, 72)
(0, -7, 71)
(1, -8, 70)
(0, -8, 70)
(1, -9, 70)
(1, -9, 71)
(0, -8, 72)
(0, -8, 73)
(1, -9, 73)
(0, -9, 73)
(1, -10, 72)
(1, -10, 71)
(0, -10, 71)
(0, -10, 70)
(0, -10, 69)
(1, -10, 68)
(0, -9, 68)
(1, -9, 67)
(1, -9, 66)
(0, -8, 66)
(1, -8, 66)
(0, -7, 66)
(1, -7, 65)
(1, -7, 64)
(0, -6, 64)
(0, -6, 63)
(0, -6, 62)
(0, -6, 61)
(0, -6, 60)
(1, -6, 59)
(0, -5, 60)
(0, -5, 61)
(0, -5, 62)
(1, -5, 62)
(0, -4, 63)
(1, -4, 63)
(0, -3, 64)
(1, -3, 63)
(0, -2, 64)
(1, -2, 63)
(1, -2, 62)
(0, -1, 62)
(1, -1, 61)
(0, 0, 61)
(1, 0, 60)
(0, 1, 61)
(1, 1, 60)
(1, 1, 59)
(0, 1, 59)
(1, 0, 58)
(0, 0, 58)
(1, -1, 57)
(0, -1, 57)
(1, -2, 56)
(1, -2, 55)
(0, -2, 55)
(0, -2, 54)
(0, -2, 53)
(0, -2, 52)
(1, -3, 51)
(0, -3, 51)
(1, -4, 51)
(0, -4, 52)
(0, -4, 53)
(1, -4, 53)
(1, -4, 54)
(0, -3, 55)
(0, -3, 56)
(0, -3, 57)
(1, -4, 57)
(0, -4, 57)
(1, -5, 56)
(0, -5, 56)
(1, -6, 56)
(0, -6, 57)
(1, -7, 57)
(0, -7, 57)
(1, -8, 57)
(1, -8, 58)
(0, -8, 59)
(1, -9, 58)
(1, -9, 57)
(1, -9, 56)
(1, -9, 55)
(1, -9, 54)
(0, -8, 54)
(1, -8, 54)
(0, -7, 54)
(1, -7, 53)
(1, -7, 52)
(0, -6, 52)
(0, -6, 51)
(1, -7, 50)
(1, -7, 49)
(0, -7, 49)
(1, -8, 48)
(1, -8, 47)
(0, -8, 47)
(1, -9, 46)
(0, -9, 47)
(0, -9, 48)
(1, -10, 48)
(1, -10, 49)
(0, -9, 50)
(1, -9, 50)
(0, -8, 51)
(0, -8, 52)
(1, -9, 52)
(0, -9, 53)
(1, -10, 52)
(1, -10, 51)
(0, -10, 51)
(1, -11, 51)
(0, -11, 52)
(0, -11, 53)
(0, -11, 54)
(1, -12, 54)
(1, -12, 55)
(0, -12, 56)
(1, -13, 56)
(0, -13, 57)
(1, -14, 56)
(0, -14, 56)
(1, -15, 56)
(0, -15, 57)
(1, -16, 57)
(1, -16, 58)
(1, -16, 59)
(1, -16, 60)
(1, -16, 61)
(1, -16, 62)
(0, -16, 63)
(1, -17, 63)
(0, -17, 63)
(1, -18, 62)
(1, -18, 61)
(0, -17, 61)
(0, -17, 60)
(1, -18, 59)
(0, -18, 60)
(1, -19, 59)
(0, -19, 60)
(0, -19, 61)
(1, -19, 61)
(1, -19, 62)
(0, -19, 63)
(1, -20, 62)
(0, -20, 62)
(1, -21, 61)
(1, -21, 60)
(1, -21, 59)
(0, -21, 59)
(0, -21, 58)
(1, -22, 57)
(1, -22, 56)
(0, -22, 56)
(1, -23, 56)
(1, -23, 57)
(1, -23, 58)
(0, -22, 59)
(0, -22, 60)
(1, -23, 60)
(0, -23, 61)
(1, -24, 60)
(1, -24, 59)
(1, -24, 58)
(1, -24, 57)
(0, -24, 57)
(1, -25, 56)
(0, -25, 57)
(1, -26, 57)
(0, -26, 58)
(1, -27, 58)
(1, -27, 59)
(1, -27, 60)
(1, -27, 61)
(0, -26, 62)
(1, -26, 62)
(0, -25, 63)
(1, -25, 63)
(1, -25, 64)
(1, -25, 65)
(0, -25, 66)
(0, -25, 67)
(0, -25, 68)
(0, -25, 69)
(1, -26, 69)
(0, -26, 70)
(0, -26, 71)
(1, -27, 71)
(1, -27, 72)
(1, -27, 73)
(1, -27, 74)
(1, -27, 75)
(0, -26, 76)
(1, -26, 75)
(0, -25, 76)
(1, -25, 76)
(0, -24, 76)
(1, -24, 75)
(1, -24, 74)
(0, -24, 74)
(0, -24, 73)
(0, -24, 72)
(1, -24, 71)
(1, -24, 70)
(0, -24, 70)
(0, -24, 69)
(0, -24, 68)
(0, -24, 67)
(1, -24, 66)
(0, -23, 66)
(1, -23, 66)
(0, -22, 66)
(1, -22, 65)
(1, -22, 64)
(0, -21, 64)
(1, -21, 64)
(0, -20, 65)
(1, -20, 64)
(0, -19, 65)
(1, -19, 65)
(0, -18, 66)
(1, -18, 66)
(0, -17, 67)
(1, -17, 67)
(1, -17, 68)
(0, -17, 69)
(1, -18, 68)
(0, -18, 68)
(1, -19, 68)
(0, -19, 68)
(1, -20, 67)
(0, -20, 67)
(1, -21, 66)
(0, -21, 67)
(0, -21, 68)
(1, -22, 68)
(1, -22, 69)
(0, -22, 70)
(1, -23, 70)
(1, -23, 71)
(1, -23, 72)
(1, -23, 73)
(1, -23, 74)
(0, -22, 75)
(1, -22, 74)
(1, -22, 73)
(0, -21, 73)
(1, -21, 72)
(0, -20, 72)
(0, -20, 71)
(1, -20, 70)
(0, -19, 71)
(0, -19, 72)
(1, -19, 72)
(1, -19, 73)
(0, -18, 74)
(1, -18, 74)
(0, -17, 75)
(1, -17, 75)
(0, -16, 76)
(1, -16, 76)
(1, -16, 77)
(0, -15, 78)
(0, -15, 79)
(1, -16, 79)
(0, -16, 79)
(1, -17, 78)
(1, -17, 77)
(0, -17, 77)
(1, -18, 77)
(0, -18, 77)
(1, -19, 76)
(0, -19, 77)
(1, -20, 76)
(0, -20, 77)
(0, -20, 78)
(1, -21, 78)
(1, -21, 79)
(0, -21, 80)
(1, -22, 79)
(0, -22, 80)
(0, -22, 81)
(1, -23, 81)
(1, -23, 82)
(0, -23, 83)
(1, -24, 82)
(0, -24, 82)
(0, -24, 81)
(1, -24, 80)
(0, -23, 80)
(0, -23, 79)
(1, -23, 78)
(1, -23, 77)
(0, -23, 77)
(1, -24, 77)
(0, -24, 78)
(0, -24, 79)
(1, -25, 79)
(0, -25, 79)
(0, -25, 78)
(1, -26, 77)
(0, -26, 78)
(0, -26, 79)
(0, -26, 80)
(0, -26, 81)
(0, -26, 82)
(1, -27, 82)
(0, -27, 82)
(0, -27, 81)
(0, -27, 80)
(1, -28, 79)
(0, -28, 80)
(1, -29, 80)
(0, -29, 80)
(0, -29, 79)
(1, -30, 78)
(0, -30, 78)
(0, -30, 77)
(0, -30, 76)
(1, -31, 75)
(0, -31, 75)
(1, -32, 75)
(0, -32, 75)
(0, -32, 74)
(1, -33, 73)
(0, -33, 73)
(1, -34, 73)
(1, -34, 74)
(0, -34, 75)
(0, -34, 76)
(1, -34, 76)
(0, -33, 77)
(0, -33, 78)
(0, -33, 79)
(0, -33, 80)
(1, -34, 80)
(0, -34, 81)
(1, -35, 81)
(0, -35, 81)
(1, -36, 80)
(1, -36, 79)
(1, -36, 78)
(0, -35, 78)
(0, -35, 77)
(1, -36, 76)
(0, -36, 76)
(1, -37, 76)
(1, -37, 77)
(0, -37, 78)
(0, -37, 79)
(1, -37, 79)
(1, -37, 80)
(1, -37, 81)
(0, -36, 82)
(0, -36, 83)
(0, -36, 84)
(1, -36, 84)
(0, -35, 85)
(0, -35, 86)
(1, -36, 86)
(1, -36, 87)
(0, -36, 88)
(1, -37, 88)
(0, -37, 89)
(0, -37, 90)
(1, -38, 90)
(0, -38, 91)
(0, -38, 92)
(1, -38, 92)
(1, -38, 93)
(0, -37, 94)
(1, -37, 94)
(0, -36, 94)
(1, -36, 93)
(1, -36, 92)
(0, -36, 92)
(0, -36, 91)
(1, -36, 90)
(0, -35, 90)
(1, -35, 89)
(0, -34, 90)
(1, -34, 90)
(0, -33, 90)
(0, -33, 89)
(1, -33, 88)
(0, -32, 89)
(0, -32, 90)
(0, -32, 91)
(1, -33, 91)
(1, -33, 92)
(1, -33, 93)
(0, -32, 94)
(0, -32, 95)
(1, -32, 95)
(0, -31, 95)
(1, -31, 94)
(1, -31, 93)
(1, -31, 92)
(1, -31, 91)
(0, -30, 91)
(1, -30, 91)
(1, -30, 92)
(1, -30, 93)
(1, -30, 94)
(0, -29, 95)
(0, -29, 96)
(1, -30, 96)
(0, -30, 97)
(1, -31, 96)
(0, -31, 97)
(0, -31, 98)
(1, -32, 98)
(1, -32, 99)
(1, -32, 100)
(0, -31, 101)
(0, -31, 102)
(1, -32, 102)
(0, -32, 102)
(1, -33, 101)
(1, -33, 100)
(0, -33, 100)
(0, -33, 99)
(1, -33, 98)
(1, -33, 97)
(1, -33, 96)
(0, -33, 96)
(1, -34, 96)
(0, -34, 96)
(1, -35, 96)
(1, -35, 97)
(1, -35, 98)
(0, -34, 99)
(0, -34, 100)
(1, -35, 100)
(1, -35, 101)
(1, -35, 102)
(0, -34, 103)
(1, -34, 102)
(0, -33, 103)
(1, -33, 103)
(0, -32, 104)
(1, -32, 104)
(0, -31, 105)
(1, -31, 104)
(0, -30, 105)
(1, -30, 105)
(0, -29, 106)
(0, -29, 107)
(1, -29, 107)
(0, -28, 108)
(1, -28, 108)
(0, -27, 109)
(0, -27, 110)
(1, -28, 110)
(0, -28, 111)
(1, -29, 111)
(0, -29, 112)
(1, -30, 112)
(1, -30, 113)
(1, -30, 114)
(0, -29, 115)
(1, -29, 115)
(1, -29, 116)
(0, -29, 117)
(0, -29, 118)
(0, -29, 119)
(0, -29, 120)
(1, -29, 120)
(0, -28, 121)
(0, -28, 122)
(0, -28, 123)
(0, -28, 124)
(1, -28, 124)
(1, -28, 125)
(1, -28, 126)
(1, -28, 127)
(1, -28, 128)
(0, -28, 129)
(1, -29, 129)
(0, -29, 129)
(0, -29, 128)
(1, -30, 127)
(1, -30, 126)
(0, -30, 126)
(1, -31, 125)
(0, -31, 125)
(1, -32, 124)
(0, -32, 124)
(1, -33, 124)
(0, -33, 125)
(1, -34, 125)
(0, -34, 126)
(1, -35, 125)
(0, -35, 125)
(1, -36, 124)
(1, -36, 123)
(0, -36, 123)
(0, -36, 122)
(1, -37, 121)
(0, -37, 121)
(1, -38, 121)
(1, -38, 122)
(1, -38, 123)
(1, -38, 124)
(1, -38, 125)
(0, -37, 126)
(1, -37, 126)
(0, -36, 127)
(1, -36, 126)
(0, -35, 127)
(1, -35, 127)
(1, -35, 128)
(1, -35, 129)
(1, -35, 130)
(1, -35, 131)
(1, -35, 132)
(0, -35, 133)
(0, -35, 134)
(0, -35, 135)
(1, -35, 135)
(0, -34, 135)
(1, -34, 135)
(1, -34, 136)
(1, -34, 137)
(1, -34, 138)
(1, -34, 139)
(1, -34, 140)
(1, -34, 141)
(0, -34, 142)
(0, -34, 143)
(1, -34, 143)
(0, -33, 143)
(1, -33, 142)
(0, -32, 142)
(0, -32, 141)
(1, -33, 140)
(1, -33, 139)
(1, -33, 138)
(0, -32, 138)
(1, -32, 137)
(0, -31, 137)
(1, -31, 137)
(0, -30, 138)
(1, -30, 137)
(0, -29, 138)
(1, -29, 138)
(0, -28, 139)
(1, -28, 139)
(0, -27, 140)
(1, -27, 139)
(0, -26, 140)
(1, -26, 139)
(1, -26, 138)
(0, -26, 138)
(1, -27, 137)
(1, -27, 136)
(1, -27, 135)
(1, -27, 134)
(0, -26, 134)
(1, -26, 134)
(0, -25, 135)
(0, -25, 136)
(1, -25, 136)
(1, -25, 137)
(0, -24, 138)
(0, -24, 139)
(1, -24, 139)
(0, -23, 139)
(0, -23, 138)
(1, -23, 137)
(1, -23, 136)
(0, -23, 136)
(0, -23, 135)
(0, -23, 134)
(0, -23, 133)
(1, -23, 132)
(1, -23, 131)
(0, -23, 131)
(0, -23, 130)
(1, -23, 129)
(0, -22, 130)
(1, -22, 130)
(0, -21, 131)
(1, -21, 131)
(0, -20, 132)
(1, -20, 132)
(0, -19, 133)
(0, -19, 134)
(1, -19, 134)
(0, -18, 134)
(1, -18, 134)
(0, -17, 134)
(1, -17, 134)
(0, -16, 134)
(1, -16, 134)
(0, -15, 134)
(0, -15, 133)
(1, -15, 132)
(0, -14, 132)
(0, -14, 131)
(1, -14, 130)
(0, -13, 130)
(1, -13, 130)
(0, -12, 131)
(0, -12, 132)
(1, -13, 132)
(0, -13, 133)
(0, -13, 134)
(0, -13, 135)
(0, -13, 136)
(1, -13, 136)
(0, -12, 136)
(0, -12, 135)
(0, -12, 134)
(1, -12, 133)
(0, -11, 134)
(0, -11, 135)
(0, -11, 136)
(0, -11, 137)
(0, -11, 138)
(0, -11, 139)
(0, -11, 140)
(1, -12, 140)
(0, -12, 140)
(1, -13, 140)
(1, -13, 141)
(0, -12, 142)
(1, -12, 142)
(0, -11, 143)
(1, -11, 143)
(0, -10, 144)
(0, -10, 145)
(1, -10, 145)
(0, -9, 145)
(1, -9, 145)
(0, -8, 145)
(1, -8, 145)
(0, -7, 145)
(1, -7, 145)
(0, -6, 145)
(0, -6, 144)
(1, -7, 143)
(1, -7, 142)
(1, -7, 141)
(1, -7, 140)
(1, -7, 139)
(0, -7, 139)
(0, -7, 138)
(1, -8, 137)
(1, -8, 136)
(1, -8, 135)
(0, -8, 135)
(0, -8, 134)
(0, -8, 133)
(1, -8, 132)
(0, -7, 133)
(0, -7, 134)
(1, -7, 134)
(1, -7, 135)
(0, -6, 136)
(1, -6, 135)
(0, -5, 135)
(1, -5, 135)
(1, -5, 136)
(1, -5, 137)
(1, -5, 138)
(1, -5, 139)
(0, -4, 140)
(1, -4, 140)
(0, -3, 140)
(1, -3, 139)
(0, -2, 140)
(1, -2, 140)
(1, -2, 141)
(1, -2, 142)
(0, -1, 143)
(1, -1, 143)
(0, 0, 143)
(0, 0, 142)
(1, -1, 141)
(1, -1, 140)
(1, -1, 139)
(1, -1, 138)
(1, -1, 137)
(0, -1, 137)
(1, -2, 137)
(0, -2, 137)
(1, -3, 136)
(0, -3, 137)
(1, -4, 136)
(1, -4, 135)
(0, -3, 135)
(0, -3, 134)
(0, -3, 133)
(0, -3, 132)
(0, -3, 131)
(1, -3, 130)
(0, -2, 131)
(1, -2, 130)
(0, -1, 130)
(1, -1, 129)
(1, -1, 128)
(1, -1, 127)
(0, -1, 127)
(1, -2, 126)
(1, -2, 125)
(0, -1, 125)
(1, -1, 124)
(0, 0, 125)
(0, 0, 126)
(1, 0, 126)
(0, 1, 126)
(0, 1, 125)
(1, 1, 124)
(0, 2, 124)
(1, 2, 124)
(1, 2, 125)
(1, 2, 126)
(0, 2, 127)
(1, 1, 127)
(0, 1, 128)
(0, 1, 129)
(1, 0, 129)
(1, 0, 130)
(1, 0, 131)
(0, 1, 132)
(1, 1, 131)
(1, 1, 130)
(0, 2, 130)
(0, 2, 129)
(1, 2, 128)
(0, 3, 128)
(1, 3, 127)
(0, 4, 127)
(1, 4, 127)
(0, 5, 127)
(1, 5, 126)
(0, 6, 126)
(1, 6, 125)
(1, 6, 124)
(0, 6, 124)
(1, 5, 123)
(1, 5, 122)
(1, 5, 121)
(1, 5, 120)
(0, 5, 120)
(0, 5, 119)
(1, 5, 118)
(1, 5, 117)
(0, 5, 117)
(0, 5, 116)
(1, 4, 115)
(1, 4, 114)
(0, 4, 114)
(0, 4, 113)
(1, 4, 112)
(0, 5, 113)
(1, 5, 113)
(1, 5, 114)
(0, 6, 115)
(1, 6, 114)
(0, 7, 115)
(1, 7, 114)
(1, 7, 113)
(0, 8, 113)
(1, 8, 113)
(0, 9, 114)
(1, 9, 114)
(0, 10, 115)
(0, 10, 116)
(1, 10, 116)
(0, 11, 117)
(1, 11, 116)
(0, 12, 117)
(0, 12, 118)
(1, 11, 118)
(1, 11, 119)
(1, 11, 120)
(1, 11, 121)
(0, 12, 122)
(1, 12, 121)
(0, 13, 122)
(0, 13, 123)
(1, 13, 123)
(0, 14, 124)
(1, 14, 123)
(0, 15, 123)
(0, 15, 122)
(1, 14, 121)
(1, 14, 120)
(0, 15, 120)
(1, 15, 120)
(0, 16, 120)
(1, 16, 119)
(1, 16, 118)
(1, 16, 117)
(0, 16, 117)
(0, 16, 116)
(0, 16, 115)
(1, 16, 114)
(1, 16, 113)
(1, 16, 112)
(1, 16, 111)
(0, 16, 111)
(1, 15, 111)
(1, 15, 112)
(0, 15, 113)
(1, 14, 113)
(0, 14, 114)
(1, 13, 113)
(0, 13, 113)
(0, 13, 112)
(1, 12, 111)
(1, 12, 110)
(1, 12, 109)
(1, 12, 108)
(1, 12, 107)
(0, 13, 107)
(1, 13, 106)
(1, 13, 105)
(0, 14, 105)
(1, 14, 105)
(1, 14, 106)
(0, 15, 107)
(1, 15, 106)
(0, 16, 106)
(0, 16, 105)
(1, 16, 104)
(0, 17, 105)
(0, 17, 106)
(1, 17, 106)
(0, 18, 107)
(1, 18, 106)
(0, 19, 107)
(0, 19, 108)
(0, 19, 109)
(0, 19, 110)
(1, 19, 110)
(1, 19, 111)
(0, 20, 112)
(0, 20, 113)
(1, 20, 113)
(0, 21, 114)
(1, 21, 114)
(0, 22, 114)
(1, 22, 114)
(1, 22, 115)
(0, 22, 116)
(1, 21, 116)
(0, 21, 117)
(1, 20, 116)
(0, 20, 116)
(1, 19, 116)
(0, 19, 116)
(1, 18, 115)
(0, 18, 116)
(0, 18, 117)
(1, 18, 117)
(1, 18, 118)
(1, 18, 119)
(1, 18, 120)
(0, 19, 121)
(0, 19, 122)
(1, 19, 122)
(0, 20, 123)
(0, 20, 124)
(1, 20, 124)
(1, 20, 125)
(0, 20, 126)
(1, 19, 126)
(0, 19, 126)
(1, 18, 125)
(0, 18, 125)
(1, 17, 124)
(0, 17, 125)
(1, 16, 125)
(1, 16, 126)
(0, 16, 127)
(1, 15, 127)
(0, 15, 128)
(1, 14, 128)
(0, 14, 129)
(0, 14, 130)
(1, 14, 130)
(0, 15, 131)
(1, 15, 130)
(1, 15, 129)
(0, 16, 129)
(1, 16, 128)
(0, 17, 128)
(1, 17, 127)
(0, 18, 128)
(1, 18, 127)
(0, 19, 128)
(1, 19, 128)
(1, 19, 129)
(1, 19, 130)
(1, 19, 131)
(0, 19, 132)
(1, 18, 132)
(0, 18, 132)
(1, 17, 131)
(0, 17, 132)
(1, 16, 132)
(0, 16, 132)
(1, 15, 132)
(1, 15, 133)
(1, 15, 134)
(1, 15, 135)
(1, 15, 136)
(1, 15, 137)
(0, 15, 138)
(1, 14, 138)
(0, 14, 139)
(1, 13, 138)
(1, 13, 137)
(1, 13, 136)
(1, 13, 135)
(0, 14, 135)
(0, 14, 134)
(1, 14, 133)
(1, 14, 132)
(0, 14, 132)
(1, 13, 132)
(0, 13, 133)
(1, 12, 133)
(1, 12, 134)
(0, 12, 135)
(1, 11, 134)
(0, 11, 134)
(1, 10, 134)
(0, 10, 134)
(1, 9, 134)
(1, 9, 135)
(1, 9, 136)
(0, 9, 137)
(0, 9, 138)
(1, 9, 138)
(1, 9, 139)
(0, 10, 140)
(1, 10, 140)
(0, 11, 140)
(1, 11, 140)
(1, 11, 141)
(1, 11, 142)
(0, 12, 143)
(0, 12, 144)
(1, 12, 144)
(0, 13, 145)
(1, 13, 144)
(0, 14, 144)
(0, 14, 143)
(1, 13, 142)
(1, 13, 141)
(0, 14, 141)
(1, 14, 141)
(0, 15, 141)
(1, 15, 140)
(0, 16, 141)
(1, 16, 140)
(1, 16, 139)
(0, 17, 139)
(1, 17, 138)
(0, 18, 139)
(1, 18, 139)
(1, 18, 140)
(0, 19, 141)
(1, 19, 140)
(0, 20, 140)
(0, 20, 139)
(1, 20, 138)
(0, 21, 138)
(1, 21, 137)
(0, 22, 137)
(1, 22, 137)
(1, 22, 138)
(0, 22, 139)
(0, 22, 140)
(0, 22, 141)
(0, 22, 142)
(0, 22, 143)
(1, 21, 143)
(0, 21, 144)
(1, 20, 144)
(0, 20, 144)
(1, 19, 144)
(0, 19, 144)
(1, 18, 144)
(0, 18, 145)
(1, 17, 145)
(0, 17, 145)
(0, 17, 144)
(1, 17, 143)
(0, 18, 143)
(0, 18, 142)
(1, 17, 141)
(0, 17, 142)
(1, 16, 142)
(0, 16, 143)
(1, 15, 143)
(1, 15, 144)
(0, 16, 145)
(0, 16, 146)
(0, 16, 147)
(0, 16, 148)
(1, 16, 148)
(0, 17, 148)
(1, 17, 147)
(0, 18, 148)
(1, 18, 147)
(1, 18, 146)
(0, 19, 146)
(1, 19, 146)
(0, 20, 146)
(1, 20, 146)
(0, 21, 147)
(0, 21, 148)
(1, 20, 148)
(0, 20, 148)
(1, 19, 148)
(1, 19, 149)
(0, 20, 150)
(0, 20, 151)
(1, 19, 151)
(0, 19, 152)
(1, 18, 152)
(0, 18, 153)
(1, 17, 152)
(0, 17, 152)
(1, 16, 151)
(0, 16, 152)
(1, 15, 152)
(0, 15, 152)
(1, 14, 152)
(0, 14, 153)
(0, 14, 154)
(0, 14, 155)
(1, 14, 155)
(0, 15, 156)
(1, 15, 156)
(1, 15, 157)
(1, 15, 158)
(0, 15, 159)
(1, 14, 159)
(0, 14, 159)
(1, 13, 159)
(1, 13, 160)
(1, 13, 161)
(0, 13, 162)
(1, 12, 162)
(0, 12, 162)
(1, 11, 162)
(0, 11, 162)
(1, 10, 162)
(0, 10, 162)
(1, 9, 162)
(0, 9, 163)
(0, 9, 164)
(1, 9, 164)
(0, 10, 165)
(1, 10, 164)
(0, 11, 164)
(1, 11, 164)
(0, 12, 164)
(1, 12, 164)
(0, 13, 164)
(1, 13, 163)
(0, 14, 164)
(1, 14, 163)
(0, 15, 164)
(0, 15, 165)
(1, 14, 165)
(1, 14, 166)
(0, 15, 167)
(1, 15, 167)
(0, 16, 167)
(1, 16, 167)
(0, 17, 168)
(1, 17, 167)
(0, 18, 167)
(0, 18, 166)
(1, 17, 165)
(0, 17, 165)
(0, 17, 164)
(0, 17, 163)
(1, 17, 162)
(0, 18, 163)
(1, 18, 163)
(0, 19, 163)
(1, 19, 162)
(1, 19, 161)
(0, 20, 161)
(0, 20, 160)
(1, 19, 159)
(1, 19, 158)
(0, 19, 158)
(1, 18, 158)
(0, 18, 159)
(1, 17, 159)
(0, 17, 159)
(0, 17, 158)
(1, 16, 157)
(1, 16, 156)
(0, 17, 156)
(1, 17, 155)
(0, 18, 156)
(1, 18, 155)
(1, 18, 154)
(0, 19, 154)
(1, 19, 153)
(0, 20, 154)
(1, 20, 154)
(0, 21, 154)
(1, 21, 153)
(1, 21, 152)
(0, 21, 152)
(0, 21, 151)
(1, 21, 150)
(0, 22, 150)
(1, 22, 150)
(0, 23, 150)
(0, 23, 149)
(1, 22, 148)
(1, 22, 147)
(0, 23, 147)
(1, 23, 147)
(0, 24, 147)
(0, 24, 146)
(0, 24, 145)
(0, 24, 144)
(1, 24, 143)
(0, 25, 143)
(1, 25, 142)
(0, 26, 142)
(0, 26, 141)
(1, 26, 140)
(0, 27, 141)
(0, 27, 142)
(0, 27, 143)
(1, 26, 143)
(1, 26, 144)
(1, 26, 145)
(0, 27, 146)
(1, 27, 145)
(0, 28, 145)
(1, 28, 145)
(0, 29, 145)
(1, 29, 145)
(0, 30, 146)
(1, 30, 145)
(0, 31, 146)
(0, 31, 147)
(0, 31, 148)
(0, 31, 149)
(1, 31, 149)
(0, 32, 149)
(1, 32, 149)
(1, 32, 150)
(0, 33, 151)
(1, 33, 151)
(0, 34, 151)
(1, 34, 151)
(0, 35, 152)
(0, 35, 153)
(0, 35, 154)
(1, 35, 154)
(0, 36, 154)
(1, 36, 154)
(0, 37, 155)
(1, 37, 155)
(1, 37, 156)
(0, 38, 157)
(0, 38, 158)
(1, 38, 158)
(1, 38, 159)
(0, 38, 160)
(0, 38, 161)
(1, 37, 161)
(0, 37, 162)
(1, 36, 162)
(0, 36, 163)
(1, 35, 162)
(0, 35, 162)
(0, 35, 161)
(1, 34, 160)
(0, 34, 160)
(0, 34, 159)
(0, 34, 158)
(1, 33, 157)
(0, 33, 157)
(1, 32, 156)
(0, 32, 156)
(1, 31, 155)
(0, 31, 155)
(0, 31, 154)
(1, 30, 153)
(0, 30, 154)
(1, 29, 154)
(0, 29, 155)
(1, 28, 154)
(0, 28, 155)
(0, 28, 156)
(0, 28, 157)
(1, 27, 157)
(1, 27, 158)
(1, 27, 159)
(0, 27, 160)
(1, 26, 159)
(1, 26, 158)
(1, 26, 157)
(0, 26, 157)
(1, 25, 157)
(0, 25, 158)
(1, 24, 158)
(0, 24, 159)
(0, 24, 160)
(1, 24, 160)
(0, 25, 161)
(1, 25, 160)
(0, 26, 161)
(1, 26, 161)
(1, 26, 162)
(0, 26, 163)
(0, 26, 164)
(1, 26, 164)
(0, 27, 165)
(1, 27, 164)
(0, 28, 164)
(1, 28, 163)
(1, 28, 162)
(0, 28, 162)
(0, 28, 161)
(1, 28, 160)
(1, 28, 159)
(1, 28, 158)
(0, 29, 158)
(1, 29, 158)
(0, 30, 159)
(0, 30, 160)
(1, 29, 160)
(1, 29, 161)
(0, 30, 162)
(0, 30, 163)
(1, 29, 163)
(1, 29, 164)
(0, 29, 165)
(0, 29, 166)
(0, 29, 167)
(0, 29, 168)
(0, 29, 169)
(0, 29, 170)
(0, 29, 171)
(0, 29, 172)
(1, 28, 172)
(0, 28, 172)
(1, 27, 171)
(0, 27, 171)
(1, 26, 171)
(1, 26, 172)
(0, 26, 173)
(0, 26, 174)
(1, 26, 174)
(0, 27, 174)
(1, 27, 173)
(0, 28, 174)
(0, 28, 175)
(1, 28, 175)
(1, 28, 176)
(1, 28, 177)
(0, 28, 178)
(1, 27, 178)
(0, 27, 179)
(1, 26, 178)
(1, 26, 177)
(0, 26, 177)
(1, 25, 177)
(0, 25, 177)
(0, 25, 176)
(0, 25, 175)
(0, 25, 174)
(1, 24, 173)
(0, 24, 173)
(1, 23, 173)
(0, 23, 174)
(0, 23, 175)
(0, 23, 176)
(1, 23, 176)
(0, 24, 177)
(0, 24, 178)
(1, 24, 178)
(1, 24, 179)
(0, 25, 180)
(1, 25, 179)
(0, 26, 180)
(0, 26, 181)
(0, 26, 182)
(1, 25, 182)
(0, 25, 183)
(0, 25, 184)
(0, 25, 185)
(1, 24, 185)
(0, 24, 185)
(0, 24, 184)
(1, 23, 183)
(0, 23, 183)
(1, 22, 182)
(0, 22, 183)
(0, 22, 184)
(1, 21, 184)
(1, 21, 185)
(0, 21, 186)
(0, 21, 187)
(0, 21, 188)
(1, 20, 188)
(1, 20, 189)
(0, 20, 190)
(0, 20, 191)
(1, 20, 191)
(0, 21, 192)
(0, 21, 193)
(1, 21, 193)
(0, 22, 194)
(1, 22, 193)
(0, 23, 194)
(1, 23, 193)
(1, 23, 192)
(0, 23, 192)
(1, 22, 191)
(1, 22, 190)
(1, 22, 189)
(0, 23, 189)
(1, 23, 189)
(0, 24, 190)
(0, 24, 191)
(1, 24, 191)
(1, 24, 192)
(0, 25, 193)
(0, 25, 194)
(1, 24, 194)
(0, 24, 195)
(1, 23, 195)
(0, 23, 196)
(1, 22, 196)
(0, 22, 196)
(1, 21, 195)
(0, 21, 195)
(1, 20, 194)
(0, 20, 194)
(1, 19, 193)
(1, 19, 192)
(0, 19, 192)
(0, 19, 191)
(0, 19, 190)
(1, 18, 189)
(0, 18, 189)
(1, 17, 188)
(1, 17, 187)
(1, 17, 186)
(0, 18, 186)
(1, 18, 186)
(0, 19, 187)
(1, 19, 186)
(1, 19, 185)
(0, 19, 185)
(0, 19, 184)
(1, 19, 183)
(1, 19, 182)
(1, 19, 181)
(1, 19, 180)
(0, 20, 180)
(1, 20, 180)
(0, 21, 181)
(1, 21, 180)
(0, 22, 180)
(0, 22, 179)
(1, 22, 178)
(1, 22, 177)
(0, 22, 177)
(0, 22, 176)
(1, 21, 175)
(0, 21, 175)
(1, 20, 174)
(1, 20, 173)
(0, 20, 173)
(0, 20, 172)
(1, 19, 171)
(0, 19, 172)
(1, 18, 172)
(0, 18, 173)
(1, 17, 173)
(1, 17, 174)
(0, 17, 175)
(1, 16, 175)
(1, 16, 176)
(0, 17, 177)
(0, 17, 178)
(1, 17, 178)
(0, 18, 179)
(0, 18, 180)
(1, 17, 180)
(0, 17, 181)
(1, 16, 180)
(1, 16, 179)
(0, 16, 179)
(1, 15, 178)
(0, 15, 179)
(0, 15, 180)
(0, 15, 181)
(1, 15, 181)
(0, 16, 182)
(0, 16, 183)
(1, 16, 183)
(0, 17, 184)
(0, 17, 185)
(1, 16, 185)
(0, 16, 186)
(1, 15, 186)
(0, 15, 186)
(1, 14, 185)
(1, 14, 184)
(0, 15, 184)
(0, 15, 183)
(1, 14, 182)
(0, 14, 183)
(1, 13, 182)
(0, 13, 183)
(1, 12, 182)
(1, 12, 181)
(0, 12, 181)
(1, 11, 181)
(1, 11, 182)
(0, 11, 183)
(1, 10, 182)
(0, 10, 182)
(1, 9, 182)
(1, 9, 183)
(0, 9, 184)
(1, 8, 183)
(1, 8, 182)
(0, 8, 182)
(0, 8, 181)
(0, 8, 180)
(1, 8, 179)
(1, 8, 178)
(0, 9, 178)
(0, 9, 177)
(1, 9, 176)
(0, 10, 176)
(1, 10, 175)
(0, 11, 176)
(1, 11, 175)
(0, 12, 175)
(0, 12, 174)
(0, 12, 173)
(1, 11, 172)
(1, 11, 171)
(0, 11, 171)
(1, 10, 171)
(0, 10, 171)
(1, 9, 170)
(1, 9, 169)
(0, 9, 169)
(0, 9, 168)
(0, 9, 167)
(1, 8, 166)
(0, 8, 167)
(1, 7, 166)
(0, 7, 166)
(1, 6, 166)
(1, 6, 167)
(1, 6, 168)
(0, 7, 169)
(1, 7, 168)
(0, 8, 169)
(0, 8, 170)
(1, 8, 170)
(1, 8, 171)
(1, 8, 172)
(1, 8, 173)
(0, 8, 174)
(1, 7, 174)
(1, 7, 175)
(0, 8, 176)
(0, 8, 177)
(1, 7, 177)
(1, 7, 178)
(0, 7, 179)
(1, 6, 178)
(0, 6, 179)
(1, 5, 178)
(0, 5, 179)
(1, 4, 179)
(0, 4, 180)
(0, 4, 181)
(0, 4, 182)
(0, 4, 183)
(0, 4, 184)
(1, 4, 184)
(1, 4, 185)
(0, 4, 186)
(0, 4, 187)
(1, 3, 187)
(0, 3, 187)
(0, 3, 186)
(1, 2, 185)
(0, 2, 185)
(1, 1, 184)
(1, 1, 183)
(0, 2, 183)
(1, 2, 183)
(0, 3, 183)
(0, 3, 182)
(1, 2, 181)
(0, 2, 181)
(1, 1, 180)
(1, 1, 179)
(0, 2, 179)
(1, 2, 179)
(0, 3, 179)
(0, 3, 178)
(0, 3, 177)
(1, 3, 176)
(0, 4, 176)
(1, 4, 175)
(0, 5, 176)
(1, 5, 176)
(0, 6, 177)
(1, 6, 176)
(1, 6, 175)
(0, 6, 175)
(0, 6, 174)
(0, 6, 173)
(1, 6, 172)
(1, 6, 171)
(1, 6, 170)
(0, 6, 170)
(1, 5, 169)
(1, 5, 168)
(0, 5, 168)
(0, 5, 167)
(0, 5, 166)
(1, 4, 165)
(1, 4, 164)
(0, 4, 164)
(1, 3, 163)
(0, 3, 163)
(1, 2, 163)
(0, 2, 163)
(1, 1, 163)
(0, 1, 163)
(1, 0, 163)
(0, 0, 163)
(0, 0, 162)
(1, 0, 161)
(0, 1, 161)
(0, 1, 160)
(1, 0, 159)
(0, 0, 160)
(1, -1, 159)
(0, -1, 160)
(1, -2, 159)
(1, -2, 158)
(0, -1, 158)
(1, -1, 157)
(0, 0, 158)
(1, 0, 157)
(0, 1, 158)
(1, 1, 158)
(0, 2, 158)
(1, 2, 158)
(1, 2, 159)
(0, 3, 160)
(1, 3, 160)
(0, 4, 161)
(1, 4, 160)
(0, 5, 160)
(1, 5, 159)
(0, 6, 160)
(1, 6, 160)
(0, 7, 160)
(1, 7, 159)
(0, 8, 159)
(1, 8, 159)
(0, 9, 160)
(1, 9, 159)
(0, 10, 160)
(1, 10, 160)
(0, 11, 160)
(1, 11, 160)
(0, 12, 160)
(0, 12, 159)
(0, 12, 158)
(1, 12, 157)
(0, 13, 158)
(1, 13, 157)
(1, 13, 156)
(0, 13, 156)
(1, 12, 155)
(1, 12, 154)
(1, 12, 153)
(1, 12, 152)
(0, 13, 152)
(0, 13, 151)
(1, 13, 150)
(1, 13, 149)
(0, 14, 149)
(1, 14, 149)
(0, 15, 149)
(0, 15, 148)
(1, 14, 147)
(0, 14, 147)
(1, 13, 147)
(0, 13, 148)
(1, 12, 148)
(0, 12, 148)
(0, 12, 147)
(1, 11, 146)
(0, 11, 147)
(1, 10, 146)
(0, 10, 147)
(1, 9, 147)
(0, 9, 148)
(1, 8, 147)
(0, 8, 147)
(1, 7, 146)
(0, 7, 146)
(0, 7, 145)
(1, 6, 144)
(1, 6, 143)
(1, 6, 142)
(0, 7, 142)
(1, 7, 141)
(1, 7, 140)
(0, 7, 140)
(0, 7, 139)
(1, 6, 138)
(0, 6, 138)
(1, 5, 138)
(0, 5, 138)
(1, 4, 137)
(0, 4, 137)
(1, 3, 137)
(0, 3, 137)
(1, 2, 137)
(1, 2, 138)
(0, 3, 139)
(1, 3, 139)
(0, 4, 140)
(0, 4, 141)
(1, 4, 141)
(1, 4, 142)
(0, 4, 143)
(1, 3, 142)
(0, 3, 143)
(1, 2, 142)
(0, 2, 142)
(1, 1, 142)
(1, 1, 143)
(0, 2, 144)
(0, 2, 145)
(1, 1, 145)
(0, 1, 145)
(1, 0, 144)
(0, 0, 145)
(0, 0, 146)
(1, 0, 146)
(1, 0, 147)
(0, 1, 148)
(1, 1, 147)
(0, 2, 148)
(1, 2, 147)
(1, 2, 146)
(0, 3, 146)
(1, 3, 146)
(1, 3, 147)
(0, 4, 148)
(1, 4, 148)
(0, 5, 149)
(1, 5, 149)
(0, 6, 150)
(1, 6, 150)
(1, 6, 151)
(1, 6, 152)
(0, 7, 153)
(0, 7, 154)
(0, 7, 155)
(1, 7, 155)
(1, 7, 156)
(0, 7, 157)
(1, 6, 156)
(0, 6, 157)
(1, 5, 157)
(0, 5, 157)
(1, 4, 157)
(0, 4, 157)
(1, 3, 156)
(1, 3, 155)
(1, 3, 154)
(0, 4, 154)
(1, 4, 154)
(0, 5, 155)
(1, 5, 155)
(0, 6, 155)
(0, 6, 154)
(1, 5, 153)
(1, 5, 152)
(0, 5, 152)
(0, 5, 151)
(1, 4, 150)
(0, 4, 150)
(1, 3, 150)
(0, 3, 151)
(1, 2, 150)
(0, 2, 150)
(1, 1, 150)
(0, 1, 150)
(1, 0, 150)
(0, 0, 151)
(1, -1, 151)
(0, -1, 152)
(1, -2, 152)
(1, -2, 153)
(0, -2, 154)
(1, -3, 154)
(0, -3, 155)
(0, -3, 156)
(0, -3, 157)
(1, -4, 157)
(0, -4, 157)
(1, -5, 156)
(0, -5, 156)
(1, -6, 156)
(0, -6, 157)
(1, -7, 157)
(1, -7, 158)
(0, -6, 159)
(1, -6, 158)
(0, -5, 158)
(1, -5, 158)
(0, -4, 159)
(1, -4, 159)
(1, -4, 160)
(0, -3, 161)
(0, -3, 162)
(1, -4, 162)
(1, -4, 163)
(0, -4, 164)
(1, -5, 163)
(0, -5, 163)
(1, -6, 162)
(0, -6, 162)
(1, -7, 161)
(0, -7, 161)
(1, -8, 161)
(0, -8, 162)
(1, -9, 161)
(0, -9, 162)
(0, -9, 163)
(0, -9, 164)
(1, -10, 164)
(0, -10, 164)
(1, -11, 163)
(0, -11, 164)
(1, -12, 163)
(1, -12, 162)
(0, -12, 162)
(0, -12, 161)
(1, -12, 160)
(0, -11, 160)
(1, -11, 159)
(0, -10, 159)
(0, -10, 158)
(1, -10, 157)
(0, -9, 158)
(0, -9, 159)
(1, -9, 159)
(0, -8, 160)
(1, -8, 159)
(1, -8, 158)
(0, -8, 158)
(0, -8, 157)
(1, -9, 156)
(0, -9, 156)
(0, -9, 155)
(0, -9, 154)
(1, -10, 153)
(1, -10, 152)
(1, -10, 151)
(0, -9, 151)
(1, -9, 150)
(0, -8, 150)
(1, -8, 150)
(0, -7, 150)
(0, -7, 149)
(1, -8, 148)
(1, -8, 147)
(0, -8, 147)
(1, -9, 147)
(0, -9, 147)
(1, -10, 147)
(0, -10, 147)
(1, -11, 147)
(1, -11, 148)
(0, -11, 149)
(1, -12, 149)
(0, -12, 149)
(0, -12, 148)
(0, -12, 147)
(0, -12, 146)
(1, -13, 145)
(0, -13, 146)
(1, -14, 145)
(0, -14, 146)
(1, -15, 145)
(0, -15, 146)
(1, -16, 146)
(0, -16, 146)
(1, -17, 146)
(0, -17, 146)
(1, -18, 145)
(1, -18, 144)
(0, -17, 144)
(1, -17, 143)
(1, -17, 142)
(1, -17, 141)
(0, -17, 141)
(0, -17, 140)
(1, -17, 139)
(1, -17, 138)
(1, -17, 137)
(0, -17, 137)
(1, -18, 136)
(0, -18, 136)
(1, -19, 136)
(0, -19, 136)
(1, -20, 135)
(0, -20, 135)
(1, -21, 134)
(0, -21, 135)
(1, -22, 135)
(1, -22, 136)
(1, -22, 137)
(1, -22, 138)
(1, -22, 139)
(0, -21, 140)
(1, -21, 140)
(0, -20, 141)
(1, -20, 141)
(0, -19, 142)
(0, -19, 143)
(1, -19, 143)
(1, -19, 144)
(0, -19, 145)
(1, -20, 144)
(0, -20, 144)
(0, -20, 143)
(1, -21, 142)
(0, -21, 142)
(1, -22, 142)
(0, -22, 142)
(0, -22, 141)
(1, -23, 140)
(0, -23, 141)
(1, -24, 141)
(0, -24, 141)
(1, -25, 141)
(0, -25, 142)
(1, -26, 142)
(1, -26, 143)
(1, -26, 144)
(0, -25, 145)
(1, -25, 145)
(0, -24, 146)
(0, -24, 147)
(1, -25, 147)
(0, -25, 147)
(1, -26, 147)
(0, -26, 148)
(1, -27, 148)
(0, -27, 148)
(1, -28, 148)
(0, -28, 149)
(0, -28, 150)
(1, -28, 150)
(0, -27, 151)
(1, -27, 151)
(0, -26, 151)
(1, -26, 150)
(0, -25, 150)
(1, -25, 149)
(0, -24, 150)
(0, -24, 151)
(1, -24, 151)
(1, -24, 152)
(0, -24, 153)
(0, -24, 154)
(0, -24, 155)
(1, -25, 155)
(0, -25, 156)
(1, -26, 155)
(0, -26, 155)
(1, -27, 154)
(0, -27, 155)
(1, -28, 155)
(0, -28, 156)
(0, -28, 157)
(0, -28, 158)
(1, -29, 158)
(0, -29, 159)
(0, -29, 160)
(1, -30, 160)
(0, -30, 160)
(0, -30, 159)
(0, -30, 158)
(1, -30, 157)
(0, -29, 157)
(0, -29, 156)
(0, -29, 155)
(0, -29, 154)
(0, -29, 153)
(0, -29, 152)
(1, -30, 151)
(0, -30, 152)
(1, -31, 152)
(0, -31, 153)
(1, -32, 152)
(1, -32, 151)
(1, -32, 150)
(0, -32, 150)
(0, -32, 149)
(0, -32, 148)
(1, -33, 147)
(1, -33, 146)
(1, -33, 145)
(0, -33, 145)
(1, -34, 145)
(0, -34, 146)
(1, -35, 146)
(1, -35, 147)
(0, -34, 148)
(0, -34, 149)
(1, -34, 149)
(0, -33, 150)
(0, -33, 151)
(0, -33, 152)
(1, -33, 152)
(1, -33, 153)
(0, -32, 154)
(0, -32, 155)
(1, -32, 155)
(1, -32, 156)
(0, -31, 157)
(0, -31, 158)
(0, -31, 159)
(0, -31, 160)
(1, -32, 160)
(0, -32, 161)
(1, -33, 160)
(1, -33, 159)
(0, -33, 159)
(1, -34, 159)
(0, -34, 160)
(1, -35, 159)
(1, -35, 158)
(1, -35, 157)
(0, -34, 157)
(1, -34, 157)
(0, -33, 157)
(0, -33, 156)
(1, -34, 155)
(0, -34, 155)
(1, -35, 154)
(1, -35, 153)
(0, -35, 153)
(1, -36, 152)
(0, -36, 152)
(1, -37, 151)
(1, -37, 150)
(0, -36, 150)
(1, -36, 149)
(1, -36, 148)
(1, -36, 147)
(0, -36, 147)
(1, -37, 147)
(0, -37, 148)
(1, -38, 147)
(0, -38, 147)
(0, -38, 146)
(0, -38, 145)
(0, -38, 144)
(0, -38, 143)
(0, -38, 142)
(1, -39, 141)
(1, -39, 140)
(0, -38, 140)
(1, -38, 139)
(0, -37, 139)
(1, -37, 138)
(0, -36, 139)
(0, -36, 140)
(0, -36, 141)
(1, -36, 141)
(0, -35, 141)
(1, -35, 140)
(1, -35, 139)
(1, -35, 138)
(1, -35, 137)
(0, -35, 137)
(1, -36, 137)
(0, -36, 137)
(1, -37, 136)
(0, -37, 137)
(1, -38, 136)
(0, -38, 137)
(1, -39, 137)
(1, -39, 138)
(0, -39, 139)
(1, -40, 138)
(0, -40, 139)
(1, -41, 138)
(0, -41, 138)
(1, -42, 137)
(1, -42, 136)
(0, -42, 136)
(1, -43, 136)
(0, -43, 137)
(0, -43, 138)
(1, -44, 138)
(1, -44, 139)
(0, -43, 140)
(1, -43, 140)
(1, -43, 141)
(1, -43, 142)
(0, -42, 143)
(1, -42, 143)
(0, -41, 144)
(0, -41, 145)
(1, -41, 145)
(1, -41, 146)
(0, -40, 147)
(1, -40, 146)
(0, -39, 147)
(0, -39, 148)
(1, -39, 148)
(0, -38, 149)
(0, -38, 150)
(0, -38, 151)
(0, -38, 152)
(1, -38, 152)
(0, -37, 153)
(0, -37, 154)
(1, -37, 154)
(0, -36, 154)
(1, -36, 154)
(1, -36, 155)
(1, -36, 156)
(1, -36, 157)
(0, -36, 158)
(1, -37, 158)
(0, -37, 158)
(1, -38, 158)
(0, -38, 159)
(1, -39, 159)
(1, -39, 160)
(0, -38, 161)
(1, -38, 161)
(1, -38, 162)
(0, -38, 163)
(1, -39, 163)
(0, -39, 163)
(0, -39, 162)
(1, -40, 161)
(0, -40, 162)
(1, -41, 161)
(0, -41, 161)
(0, -41, 160)
(1, -41, 159)
(0, -40, 159)
(1, -40, 158)
(0, -39, 158)
(0, -39, 157)
(1, -40, 156)
(1, -40, 155)
(1, -40, 154)
(0, -40, 154)
(1, -41, 153)
(0, -41, 154)
(1, -42, 153)
(0, -42, 153)
(1, -43, 153)
(0, -43, 153)
(1, -44, 153)
(0, -44, 153)
(1, -45, 153)
(1, -45, 154)
(0, -45, 155)
(1, -46, 155)
(0, -46, 155)
(0, -46, 154)
(0, -46, 153)
(0, -46, 152)
(1, -46, 151)
(0, -45, 152)
(1, -45, 151)
(1, -45, 150)
(0, -45, 150)
(0, -45, 149)
(0, -45, 148)
(0, -45, 147)
(1, -46, 146)
(1, -46, 145)
(1, -46, 144)
(0, -45, 144)
(1, -45, 144)
(0, -44, 144)
(0, -44, 143)
(1, -45, 142)
(1, -45, 141)
(0, -45, 141)
(1, -46, 141)
(1, -46, 142)
(0, -46, 143)
(1, -47, 142)
(0, -47, 142)
(1, -48, 142)
(0, -48, 143)
(1, -49, 142)
(0, -49, 143)
(1, -50, 142)
(0, -50, 142)
(0, -50, 141)
(1, -51, 140)
(0, -51, 141)
(1, -52, 141)
(1, -52, 142)
(0, -52, 143)
(1, -53, 143)
(0, -53, 144)
(0, -53, 145)
(1, -54, 145)
