(0, 31, 15)
(0, 31, 16)
(0, 31, 17)
(0, 31, 18)
(1, 31, 18)
(1, 31, 19)
(1, 31, 20)
(0, 32, 21)
(1, 32, 20)
(1, 32, 19)
(0, 33, 19)
(1, 33, 19)
(0, 34, 19)
(0, 34, 18)
(1, 33, 17)
(1, 33, 16)
(0, 33, 16)
(1, 32, 16)
(0, 32, 16)
(0, 32, 15)
(0, 32, 14)
(1, 31, 13)
(1, 31, 12)
(0, 31, 12)
(1, 30, 12)
(0, 30, 13)
(0, 30, 14)
(0, 30, 15)
(0, 30, 16)
(0, 30, 17)
(1, 29, 17)
(0, 29, 17)
(1, 28, 16)
(0, 28, 16)
(0, 28, 15)
(1, 28, 14)
(0, 29, 14)
(0, 29, 13)
(0, 29, 12)
(1, 28, 11)
(1, 28, 10)
(0, 28, 10)
(1, 27, 9)
(0, 27, 9)
(1, 26, 8)
(0, 26, 9)
(1, 25, 8)
(1, 25, 7)
(1, 25, 6)
(0, 26, 6)
(0, 26, 5)
(1, 26, 4)
(1, 26, 3)
(1, 26, 2)
(0, 26, 2)
(1, 25, 2)
(1, 25, 3)
(0, 25, 4)
(1, 24, 3)
(0, 24, 3)
(0, 24, 2)
(1, 24, 1)
(1, 24, 0)
(1, 24, -1)
(0, 25, -1)
(1, 25, -1)
(0, 26, -1)
(1, 26, -1)
(1, 26, 0)
(0, 27, 1)
(1, 27, 1)
(1, 27, 2)
(1, 27, 3)
(0, 28, 4)
(1, 28, 4)
(0, 29, 4)
(1, 29, 3)
(0, 30, 4)
(1, 30, 3)
(0, 31, 4)
(1, 31, 3)
(1, 31, 2)
(1, 31, 1)
(1, 31, 0)
(0, 31, 0)
(0, 31, -1)
(1, 30, -2)
(1, 30, -3)
(1, 30, -4)
(0, 30, -4)
(1, 29, -5)
(0, 29, -4)
(1, 28, -5)
(1, 28, -6)
(0, 28, -6)
(1, 27, -6)
(0, 27, -5)
(0, 27, -4)
(1, 26, -4)
(0, 26, -3)
(1, 25, -4)
(1, 25, -5)
(1, 25, -6)
(1, 25, -7)
(0, 26, -7)
(1, 26, -8)
(0, 27, -7)
(1, 27, -8)
(0, 28, -8)
(1, 28, -8)
(0, 29, -7)
(1, 29, -7)
(0, 30, -6)
(1, 30, -7)
(0, 31, -6)
(1, 31, -7)
(0, 32, -6)
(1, 32, -6)
(0, 33, -5)
(1, 33, -5)
(0, 34, -4)
(0, 34, -3)
(0, 34, -2)
(1, 34, -2)
(1, 34, -1)
(1, 34, 0)
(0, 35, 1)
(0, 35, 2)
(1, 35, 2)
(0, 36, 2)
(0, 36, 1)
(0, 36, 0)
(0, 36, -1)
(1, 36, -2)
(1, 36, -3)
(0, 36, -3)
(0, 36, -4)
(1, 35, -5)
(1, 35, -6)
(0, 36, -6)
(1, 36, -7)
(0, 37, -6)
(0, 37, -5)
(0, 37, -4)
(1, 37, -4)
(1, 37, -3)
(0, 38, -2)
(1, 38, -3)
(0, 39, -2)
(0, 39, -1)
(1, 38, -1)
(0, 38, 0)
(1, 37, -1)
(0, 37, 0)
(0, 37, 1)
(1, 37, 1)
(1, 37, 2)
(0, 38, 3)
(1, 38, 3)
(0, 39, 4)
(0, 39, 5)
(0, 39, 6)
(1, 38, 6)
(0, 38, 7)
(0, 38, 8)
(1, 37, 8)
(0, 37, 9)
(0, 37, 10)
(1, 36, 10)
(0, 36, 10)
(0, 36, 9)
(0, 36, 8)
(1, 35, 7)
(0, 35, 7)
(1, 34, 6)
(0, 34, 7)
(1, 33, 7)
(1, 33, 8)
(1, 33, 9)
(0, 34, 10)
(0, 34, 11)
(1, 33, 11)
(1, 33, 12)
(0, 33, 13)
(0, 33, 14)
(1, 33, 14)
(0, 34, 15)
(1, 34, 15)
(0, 35, 16)
(1, 35, 16)
(0, 36, 17)
(1, 36, 16)
(0, 37, 16)
(1, 37, 16)
(1, 37, 17)
(1, 37, 18)
(1, 37, 19)
(1, 37, 20)
(1, 37, 21)
(0, 38, 22)
(0, 38, 23)
(1, 37, 23)
(0, 37, 23)
(1, 36, 22)
(0, 36, 23)
(1, 35, 22)
(1, 35, 21)
(0, 35, 21)
(1, 34, 21)
(0, 34, 22)
(1, 33, 22)
(0, 33, 23)
(0, 33, 24)
(0, 33, 25)
(1, 33, 25)
(0, 34, 25)
(1, 34, 24)
(0, 35, 24)
(1, 35, 24)
(1, 35, 25)
(0, 35, 26)
(0, 35, 27)
(1, 34, 27)
(0, 34, 28)
(1, 33, 28)
(0, 33, 29)
(0, 33, 30)
(0, 33, 31)
(0, 33, 32)
(1, 33, 32)
(0, 34, 32)
(0, 34, 31)
(0, 34, 30)
(1, 34, 29)
(0, 35, 30)
(1, 35, 30)
(1, 35, 31)
(1, 35, 32)
(0, 36, 33)
(1, 36, 32)
(0, 37, 33)
(1, 37, 33)
(0, 38, 33)
(1, 38, 33)
(0, 39, 33)
(1, 39, 33)
(0, 40, 33)
(1, 40, 33)
(0, 41, 33)
(0, 41, 32)
(0, 41, 31)
(1, 41, 30)
(0, 42, 30)
(1, 42, 29)
(0, 43, 30)
(0, 43, 31)
(1, 42, 31)
(1, 42, 32)
(0, 43, 33)
(1, 43, 33)
(1, 43, 34)
(1, 43, 35)
(0, 43, 36)
(1, 42, 35)
(1, 42, 34)
(0, 42, 34)
(1, 41, 34)
(1, 41, 35)
(1, 41, 36)
(0, 41, 37)
(1, 40, 37)
(0, 40, 38)
(1, 39, 37)
(0, 39, 37)
(0, 39, 36)
(1, 38, 35)
(0, 38, 36)
(0, 38, 37)
(1, 37, 37)
(0, 37, 37)
(1, 36, 37)
(1, 36, 38)
(0, 37, 39)
(1, 37, 39)
(1, 37, 40)
(1, 37, 41)
(0, 38, 42)
(1, 38, 42)
(0, 39, 43)
(0, 39, 44)
(1, 38, 44)
(0, 38, 44)
(1, 37, 44)
(1, 37, 45)
(0, 37, 46)
(1, 36, 45)
(1, 36, 44)
(1, 36, 43)
(1, 36, 42)
(0, 36, 42)
(0, 36, 41)
(0, 36, 40)
(1, 35, 39)
(1, 35, 38)
(0, 35, 38)
(1, 34, 37)
(0, 34, 37)
(1, 33, 37)
(1, 33, 38)
(0, 33, 39)
(0, 33, 40)
(1, 33, 40)
(0, 34, 41)
(1, 34, 41)
(0, 35, 42)
(0, 35, 43)
(1, 35, 43)
(1, 35, 44)
(1, 35, 45)
(0, 35, 46)
(0, 35, 47)
(1, 35, 47)
(0, 36, 48)
(0, 36, 49)
(1, 36, 49)
(0, 37, 49)
(0, 37, 48)
(1, 37, 47)
(0, 38, 47)
(1, 38, 47)
(0, 39, 48)
(1, 39, 48)
(0, 40, 48)
(0, 40, 47)
(1, 40, 46)
(1, 40, 45)
(0, 40, 45)
(0, 40, 44)
(0, 40, 43)
(1, 40, 42)
(0, 41, 42)
(1, 41, 42)
(0, 42, 42)
(1, 42, 41)
(0, 43, 42)
(1, 43, 42)
(0, 44, 43)
(0, 44, 44)
(1, 44, 44)
(0, 45, 44)
(1, 45, 44)
(0, 46, 44)
(1, 46, 44)
(1, 46, 45)
(0, 46, 46)
(0, 46, 47)
(1, 46, 47)
(0, 47, 48)
(1, 47, 48)
(0, 48, 48)
(1, 48, 48)
(1, 48, 49)
(0, 49, 50)
(1, 49, 50)
(1, 49, 51)
(0, 50, 52)
(0, 50, 53)
(1, 50, 53)
(1, 50, 54)
(0, 50, 55)
(1, 49, 54)
(0, 49, 55)
(0, 49, 56)
(0, 49, 57)
(1, 49, 57)
(0, 50, 57)
(1, 50, 57)
(0, 51, 57)
(1, 51, 56)
(0, 52, 57)
(1, 52, 56)
(0, 53, 57)
(1, 53, 57)
(0, 54, 57)
(0, 54, 56)
(1, 54, 55)
(0, 55, 55)
(1, 55, 55)
(0, 56, 55)
(1, 56, 55)
(1, 56, 56)
(1, 56, 57)
(0, 56, 58)
(1, 55, 58)
(0, 55, 59)
(1, 54, 59)
(0, 54, 60)
(0, 54, 61)
(0, 54, 62)
(0, 54, 63)
(0, 54, 64)
(1, 54, 64)
(0, 55, 65)
(0, 55, 66)
(0, 55, 67)
(0, 55, 68)
(1, 54, 68)
(1, 54, 69)
(0, 54, 70)
(1, 53, 69)
(0, 53, 70)
(0, 53, 71)
(1, 53, 71)
(1, 53, 72)
(1, 53, 73)
(0, 54, 74)
(0, 54, 75)
(1, 53, 75)
(0, 53, 75)
(1, 52, 75)
(0, 52, 76)
(1, 51, 75)
(1, 51, 74)
(0, 52, 74)
(0, 52, 73)
(1, 51, 72)
(0, 51, 72)
(0, 51, 71)
(1, 50, 70)
(1, 50, 69)
(1, 50, 68)
(0, 51, 68)
(1, 51, 68)
(0, 52, 68)
(0, 52, 67)
(1, 51, 66)
(0, 51, 66)
(0, 51, 65)
(0, 51, 64)
(1, 50, 63)
(0, 50, 64)
(1, 49, 63)
(0, 49, 63)
(0, 49, 62)
(0, 49, 61)
(0, 49, 60)
(0, 49, 59)
(1, 48, 58)
(0, 48, 59)
(0, 48, 60)
(1, 47, 60)
(1, 47, 61)
(1, 47, 62)
(0, 48, 63)
(0, 48, 64)
(1, 47, 64)
(0, 47, 65)
(1, 46, 65)
(0, 46, 65)
(1, 45, 64)
(1, 45, 63)
(1, 45, 62)
(0, 46, 62)
(1, 46, 61)
(1, 46, 60)
(0, 46, 60)
(1, 45, 60)
(0, 45, 61)
(1, 44, 60)
(1, 44, 59)
(0, 44, 59)
(0, 44, 58)
(1, 43, 57)
(1, 43, 56)
(0, 43, 56)
(1, 42, 55)
(0, 42, 55)
(1, 41, 55)
(0, 41, 55)
(1, 40, 55)
(1, 40, 56)
(0, 40, 57)
(0, 40, 58)
(1, 39, 58)
(0, 39, 59)
(1, 38, 59)
(1, 38, 60)
(0, 39, 61)
(1, 39, 61)
(0, 40, 62)
(1, 40, 61)
(0, 41, 61)
(0, 41, 60)
(1, 41, 59)
(0, 42, 60)
(0, 42, 61)
(1, 42, 61)
(0, 43, 61)
(1, 43, 61)
(0, 44, 62)
(1, 44, 62)
(1, 44, 63)
(1, 44, 64)
(1, 44, 65)
(0, 45, 66)
(1, 45, 66)
(1, 45, 67)
(1, 45, 68)
(0, 45, 69)
(1, 44, 68)
(0, 44, 69)
(1, 43, 69)
(0, 43, 70)
(1, 42, 69)
(0, 42, 69)
(0, 42, 68)
(0, 42, 67)
(1, 41, 66)
(0, 41, 66)
(1, 40, 66)
(1, 40, 67)
(1, 40, 68)
(0, 41, 69)
(0, 41, 70)
(1, 40, 70)
(0, 40, 70)
(1, 39, 70)
(0, 39, 70)
(1, 38, 69)
(1, 38, 68)
(0, 39, 68)
(0, 39, 67)
(1, 39, 66)
(1, 39, 65)
(0, 39, 65)
(1, 38, 65)
(0, 38, 65)
(0, 38, 64)
(1, 37, 63)
(0, 37, 63)
(0, 37, 62)
(0, 37, 61)
(1, 36, 60)
(1, 36, 59)
(1, 36, 58)
(1, 36, 57)
(1, 36, 56)
(0, 36, 56)
(1, 35, 56)
(0, 35, 57)
(1, 34, 56)
(1, 34, 55)
(0, 35, 55)
(1, 35, 54)
(1, 35, 53)
(0, 35, 53)
(1, 34, 53)
(0, 34, 53)
(1, 33, 52)
(0, 33, 52)
(1, 32, 52)
(1, 32, 53)
(1, 32, 54)
(1, 32, 55)
(1, 32, 56)
(1, 32, 57)
(0, 33, 58)
(1, 33, 57)
(0, 34, 58)
(0, 34, 59)
(0, 34, 60)
(1, 33, 60)
(0, 33, 61)
(1, 32, 61)
(0, 32, 61)
(1, 31, 60)
(1, 31, 59)
(0, 31, 59)
(0, 31, 58)
(1, 31, 57)
(1, 31, 56)
(0, 31, 56)
(1, 30, 55)
(0, 30, 55)
(1, 29, 55)
(1, 29, 56)
(0, 30, 57)
(0, 30, 58)
(1, 29, 58)
(0, 29, 59)
(0, 29, 60)
(1, 29, 60)
(1, 29, 61)
(0, 29, 62)
(1, 28, 61)
(0, 28, 61)
(1, 27, 60)
(1, 27, 59)
(0, 28, 59)
(0, 28, 58)
(0, 28, 57)
(1, 27, 56)
(0, 27, 56)
(1, 26, 56)
(0, 26, 56)
(0, 26, 55)
(1, 25, 54)
(1, 25, 53)
(0, 25, 53)
(1, 24, 53)
(0, 24, 53)
(1, 23, 53)
(1, 23, 54)
(0, 23, 55)
(1, 22, 55)
(1, 22, 56)
(0, 22, 57)
(1, 21, 57)
(1, 21, 58)
(1, 21, 59)
(0, 22, 60)
(0, 22, 61)
(1, 21, 61)
(0, 21, 62)
(0, 21, 63)
(1, 21, 63)
(0, 22, 64)
(1, 22, 63)
(1, 22, 62)
(0, 23, 62)
(0, 23, 61)
(1, 23, 60)
(0, 24, 61)
(1, 24, 60)
(1, 24, 59)
(0, 25, 59)
(1, 25, 59)
(1, 25, 60)
(0, 26, 61)
(1, 26, 61)
(0, 27, 62)
(0, 27, 63)
(1, 27, 63)
(0, 28, 64)
(0, 28, 65)
(0, 28, 66)
(0, 28, 67)
(0, 28, 68)
(1, 28, 68)
(0, 29, 69)
(0, 29, 70)
(1, 29, 70)
(0, 30, 70)
(1, 30, 69)
(1, 30, 68)
(0, 30, 68)
(1, 29, 67)
(1, 29, 66)
(1, 29, 65)
(0, 30, 65)
(1, 30, 64)
(0, 31, 64)
(1, 31, 64)
(1, 31, 65)
(0, 32, 66)
(0, 32, 67)
(0, 32, 68)
(1, 32, 68)
(0, 33, 69)
(1, 33, 68)
(1, 33, 67)
(0, 34, 67)
(1, 34, 67)
(1, 34, 68)
(1, 34, 69)
(1, 34, 70)
(0, 35, 71)
(1, 35, 70)
(0, 36, 71)
(1, 36, 71)
(1, 36, 72)
(0, 37, 73)
(1, 37, 73)
(1, 37, 74)
(0, 37, 75)
(0, 37, 76)
(1, 37, 76)
(0, 38, 77)
(0, 38, 78)
(1, 37, 78)
(0, 37, 78)
(1, 36, 78)
(0, 36, 79)
(1, 35, 78)
(1, 35, 77)
(0, 36, 77)
(0, 36, 76)
(0, 36, 75)
(0, 36, 74)
(1, 35, 73)
(0, 35, 73)
(1, 34, 72)
(0, 34, 72)
(1, 33, 71)
(0, 33, 72)
(1, 32, 71)
(0, 32, 72)
(0, 32, 73)
(1, 31, 73)
(0, 31, 74)
(0, 31, 75)
(1, 31, 75)
(0, 32, 76)
(1, 32, 76)
(1, 32, 77)
(0, 32, 78)
(0, 32, 79)
(1, 31, 79)
(0, 31, 79)
(1, 30, 78)
(0, 30, 78)
(0, 30, 77)
(1, 29, 76)
(0, 29, 77)
(0, 29, 78)
(0, 29, 79)
(0, 29, 80)
(0, 29, 81)
(0, 29, 82)
(1, 29, 82)
(0, 30, 83)
(1, 30, 82)
(0, 31, 82)
(1, 31, 82)
(1, 31, 83)
(1, 31, 84)
(1, 31, 85)
(1, 31, 86)
(0, 31, 87)
(0, 31, 88)
(1, 31, 88)
(0, 32, 88)
(1, 32, 88)
(0, 33, 88)
(0, 33, 87)
(1, 33, 86)
(0, 34, 86)
(1, 34, 85)
(0, 35, 85)
(1, 35, 85)
(0, 36, 85)
(1, 36, 84)
(0, 37, 85)
(1, 37, 84)
(0, 38, 85)
(0, 38, 86)
(0, 38, 87)
(1, 37, 87)
(0, 37, 88)
(0, 37, 89)
(0, 37, 90)
(1, 37, 90)
(1, 37, 91)
(0, 37, 92)
(0, 37, 93)
(0, 37, 94)
(0, 37, 95)
(1, 37, 95)
(1, 37, 96)
(1, 37, 97)
(0, 37, 98)
(1, 36, 98)
(0, 36, 98)
(0, 36, 97)
(1, 35, 96)
(0, 35, 97)
(1, 34, 97)
(1, 34, 98)
(0, 34, 99)
(1, 33, 98)
(0, 33, 98)
(1, 32, 97)
(0, 32, 98)
(1, 31, 97)
(1, 31, 96)
(0, 31, 96)
(0, 31, 95)
(1, 31, 94)
(0, 32, 94)
(0, 32, 93)
(1, 31, 92)
(0, 31, 92)
(1, 30, 92)
(1, 30, 93)
(0, 30, 94)
(1, 29, 94)
(1, 29, 95)
(0, 30, 96)
(0, 30, 97)
(0, 30, 98)
(1, 30, 98)
(1, 30, 99)
(0, 31, 100)
(1, 31, 100)
(0, 32, 101)
(1, 32, 100)
(0, 33, 100)
(1, 33, 100)
(0, 34, 101)
(1, 34, 101)
(0, 35, 101)
(1, 35, 100)
(0, 36, 101)
(1, 36, 100)
(0, 37, 101)
(1, 37, 100)
(1, 37, 99)
(0, 38, 99)
(1, 38, 99)
(0, 39, 100)
(1, 39, 100)
(1, 39, 101)
(1, 39, 102)
(1, 39, 103)
(0, 40, 104)
(1, 40, 104)
(1, 40, 105)
(1, 40, 106)
(0, 41, 107)
(0, 41, 108)
(1, 40, 108)
(0, 40, 108)
(1, 39, 107)
(1, 39, 106)
(1, 39, 105)
(0, 39, 105)
(1, 38, 104)
(0, 38, 105)
(1, 37, 104)
(0, 37, 105)
(0, 37, 106)
(0, 37, 107)
(0, 37, 108)
(1, 37, 108)
(0, 38, 109)
(1, 38, 109)
(1, 38, 110)
(0, 39, 111)
(1, 39, 110)
(0, 40, 111)
(1, 40, 111)
(1, 40, 112)
(1, 40, 113)
(0, 41, 114)
(1, 41, 113)
(0, 42, 113)
(1, 42, 113)
(0, 43, 113)
(1, 43, 113)
(0, 44, 114)
(0, 44, 115)
(1, 43, 115)
(0, 43, 116)
(1, 42, 115)
(0, 42, 115)
(1, 41, 115)
(0, 41, 116)
(1, 40, 116)
(0, 40, 116)
(1, 39, 116)
(0, 39, 116)
(1, 38, 116)
(1, 38, 117)
(0, 39, 118)
(0, 39, 119)
(1, 39, 119)
(0, 40, 120)
(0, 40, 121)
(0, 40, 122)
(0, 40, 123)
(1, 39, 123)
(0, 39, 124)
(1, 38, 123)
(0, 38, 124)
(1, 37, 124)
(0, 37, 125)
(0, 37, 126)
(1, 37, 126)
(0, 38, 126)
(1, 38, 126)
(0, 39, 126)
(1, 39, 126)
(0, 40, 126)
(1, 40, 126)
(1, 40, 127)
(1, 40, 128)
(0, 41, 129)
(1, 41, 129)
(0, 42, 130)
(1, 42, 130)
(1, 42, 131)
(1, 42, 132)
(1, 42, 133)
(0, 43, 134)
(0, 43, 135)
(1, 42, 135)
(1, 42, 136)
(0, 42, 137)
(1, 41, 136)
(1, 41, 135)
(1, 41, 134)
(0, 41, 134)
(0, 41, 133)
(1, 41, 132)
(1, 41, 131)
(0, 41, 131)
(1, 40, 131)
(0, 40, 131)
(1, 39, 131)
(0, 39, 131)
(0, 39, 130)
(0, 39, 129)
(1, 38, 128)
(0, 38, 128)
(1, 37, 128)
(0, 37, 128)
(1, 36, 127)
(0, 36, 127)
(0, 36, 126)
(0, 36, 125)
(0, 36, 124)
(0, 36, 123)
(1, 36, 122)
(1, 36, 121)
(0, 36, 121)
(1, 35, 121)
(0, 35, 122)
(0, 35, 123)
(1, 34, 123)
(0, 34, 124)
(1, 33, 123)
(0, 33, 123)
(1, 32, 122)
(1, 32, 121)
(1, 32, 120)
(1, 32, 119)
(0, 33, 119)
(0, 33, 118)
(1, 32, 117)
(0, 32, 118)
(1, 31, 118)
(1, 31, 119)
(0, 31, 120)
(0, 31, 121)
(1, 31, 121)
(1, 31, 122)
(0, 31, 123)
(0, 31, 124)
(1, 31, 124)
(1, 31, 125)
(0, 31, 126)
(1, 30, 126)
(0, 30, 126)
(1, 29, 125)
(1, 29, 124)
(1, 29, 123)
(0, 30, 123)
(0, 30, 122)
(0, 30, 121)
(1, 29, 120)
(0, 29, 121)
(0, 29, 122)
(1, 28, 122)
(0, 28, 122)
(1, 27, 122)
(0, 27, 122)
(1, 26, 122)
(1, 26, 123)
(1, 26, 124)
(1, 26, 125)
(0, 27, 126)
(1, 27, 125)
(0, 28, 126)
(1, 28, 126)
(1, 28, 127)
(1, 28, 128)
(0, 28, 129)
(0, 28, 130)
(0, 28, 131)
(1, 28, 131)
(0, 29, 132)
(1, 29, 132)
(0, 30, 132)
(0, 30, 131)
(1, 30, 130)
(1, 30, 129)
(1, 30, 128)
(0, 31, 128)
(1, 31, 128)
(0, 32, 129)
(1, 32, 128)
(1, 32, 127)
(1, 32, 126)
(0, 33, 126)
(1, 33, 126)
(1, 33, 127)
(0, 34, 128)
(0, 34, 129)
(1, 34, 129)
(1, 34, 130)
(0, 34, 131)
(1, 33, 130)
(0, 33, 131)
(1, 32, 131)
(1, 32, 132)
(0, 33, 133)
(0, 33, 134)
(1, 33, 134)
(0, 34, 135)
(0, 34, 136)
(1, 33, 136)
(0, 33, 136)
(1, 32, 136)
(0, 32, 136)
(1, 31, 136)
(1, 31, 137)
(1, 31, 138)
(0, 32, 139)
(1, 32, 139)
(0, 33, 139)
(1, 33, 139)
(0, 34, 139)
(1, 34, 138)
(1, 34, 137)
(0, 35, 137)
(1, 35, 136)
(0, 36, 137)
(1, 36, 136)
(0, 37, 136)
(1, 37, 136)
(1, 37, 137)
(1, 37, 138)
(1, 37, 139)
(0, 37, 140)
(1, 36, 139)
(0, 36, 140)
(1, 35, 139)
(0, 35, 140)
(0, 35, 141)
(1, 34, 141)
(0, 34, 141)
(1, 33, 141)
(0, 33, 141)
(1, 32, 141)
(0, 32, 141)
(1, 31, 141)
(0, 31, 141)
(1, 30, 140)
(1, 30, 139)
(0, 30, 139)
(0, 30, 138)
(0, 30, 137)
(0, 30, 136)
(0, 30, 135)
(1, 29, 134)
(0, 29, 135)
(0, 29, 136)
(0, 29, 137)
(1, 28, 137)
(1, 28, 138)
(0, 29, 139)
(0, 29, 140)
(0, 29, 141)
(0, 29, 142)
(1, 28, 142)
(0, 28, 142)
(0, 28, 141)
(0, 28, 140)
(1, 27, 139)
(0, 27, 140)
(1, 26, 140)
(0, 26, 141)
(1, 25, 141)
(0, 25, 142)
(1, 24, 142)
(1, 24, 143)
(0, 25, 144)
(0, 25, 145)
(0, 25, 146)
(0, 25, 147)
(0, 25, 148)
(1, 24, 148)
(0, 24, 148)
(1, 23, 147)
(0, 23, 147)
(1, 22, 146)
(0, 22, 147)
(1, 21, 146)
(0, 21, 146)
(1, 20, 146)
(1, 20, 147)
(0, 21, 148)
(1, 21, 148)
(1, 21, 149)
(0, 21, 150)
(0, 21, 151)
(1, 20, 151)
(0, 20, 152)
(0, 20, 153)
(1, 19, 153)
(0, 19, 153)
(0, 19, 152)
(1, 18, 151)
(0, 18, 152)
(0, 18, 153)
(1, 17, 153)
(1, 17, 154)
(0, 18, 155)
(1, 18, 154)
(0, 19, 155)
(0, 19, 156)
(1, 18, 156)
(0, 18, 157)
(1, 17, 157)
(1, 17, 158)
(0, 18, 159)
(1, 18, 159)
(1, 18, 160)
(0, 18, 161)
(1, 17, 161)
(0, 17, 161)
(1, 16, 160)
(0, 16, 160)
(1, 15, 159)
(1, 15, 158)
(0, 16, 158)
(0, 16, 157)
(1, 15, 156)
(1, 15, 155)
(1, 15, 154)
(0, 15, 154)
(1, 14, 153)
(0, 14, 154)
(1, 13, 153)
(1, 13, 152)
(1, 13, 151)
(1, 13, 150)
(0, 14, 150)
(0, 14, 149)
(1, 13, 148)
(0, 13, 148)
(1, 12, 148)
(0, 12, 148)
(0, 12, 147)
(1, 11, 146)
(1, 11, 145)
(0, 12, 145)
(1, 12, 145)
(0, 13, 145)
(0, 13, 144)
(1, 13, 143)
(0, 14, 144)
(0, 14, 145)
(0, 14, 146)
(0, 14, 147)
(1, 14, 147)
(0, 15, 147)
(0, 15, 146)
(1, 15, 145)
(0, 16, 145)
(1, 16, 144)
(0, 17, 145)
(1, 17, 145)
(1, 17, 146)
(0, 17, 147)
(1, 16, 146)
(0, 16, 147)
(0, 16, 148)
(1, 15, 148)
(1, 15, 149)
(0, 15, 150)
(0, 15, 151)
(1, 15, 151)
(1, 15, 152)
(0, 16, 153)
(1, 16, 152)
(1, 16, 151)
(0, 17, 151)
(1, 17, 150)
(0, 18, 150)
(1, 18, 149)
(0, 19, 150)
(1, 19, 150)
(0, 20, 150)
(0, 20, 149)
(1, 19, 148)
(1, 19, 147)
(1, 19, 146)
(1, 19, 145)
(0, 20, 145)
(1, 20, 144)
(1, 20, 143)
(1, 20, 142)
(0, 21, 142)
(1, 21, 141)
(1, 21, 140)
(0, 22, 140)
(1, 22, 139)
(0, 23, 139)
(0, 23, 138)
(0, 23, 137)
(0, 23, 136)
(1, 23, 135)
(0, 24, 135)
(1, 24, 135)
(0, 25, 136)
(1, 25, 135)
(1, 25, 134)
(0, 25, 134)
(1, 24, 133)
(1, 24, 132)
(1, 24, 131)
(0, 25, 131)
(1, 25, 130)
(0, 26, 130)
(1, 26, 129)
(1, 26, 128)
(0, 26, 128)
(0, 26, 127)
(1, 25, 126)
(0, 25, 126)
(1, 24, 125)
(0, 24, 126)
(1, 23, 125)
(0, 23, 125)
(1, 22, 125)
(0, 22, 125)
(0, 22, 124)
(0, 22, 123)
(0, 22, 122)
(1, 22, 121)
(0, 23, 121)
(0, 23, 120)
(1, 22, 119)
(1, 22, 118)
(0, 23, 118)
(1, 23, 117)
(0, 24, 117)
(1, 24, 117)
(0, 25, 117)
(1, 25, 117)
(0, 26, 117)
(1, 26, 116)
(0, 27, 116)
(1, 27, 116)
(1, 27, 117)
(0, 28, 118)
(1, 28, 117)
(0, 29, 117)
(0, 29, 116)
(0, 29, 115)
(1, 28, 114)
(1, 28, 113)
(1, 28, 112)
(0, 29, 112)
(1, 29, 112)
(0, 30, 112)
(0, 30, 111)
(0, 30, 110)
(0, 30, 109)
(0, 30, 108)
(0, 30, 107)
(0, 30, 106)
(1, 30, 105)
(0, 31, 105)
(1, 31, 104)
(0, 32, 105)
(1, 32, 105)
(0, 33, 105)
(1, 33, 104)
(1, 33, 103)
(0, 33, 103)
(1, 32, 103)
(0, 32, 103)
(1, 31, 102)
(0, 31, 103)
(1, 30, 102)
(0, 30, 103)
(1, 29, 102)
(0, 29, 103)
(0, 29, 104)
(0, 29, 105)
(0, 29, 106)
(1, 28, 106)
(1, 28, 107)
(0, 28, 108)
(1, 27, 107)
(1, 27, 106)
(1, 27, 105)
(1, 27, 104)
(0, 27, 104)
(0, 27, 103)
(0, 27, 102)
(0, 27, 101)
(0, 27, 100)
(1, 26, 99)
(1, 26, 98)
(0, 27, 98)
(0, 27, 97)
(0, 27, 96)
(1, 27, 95)
(0, 28, 95)
(1, 28, 94)
(1, 28, 93)
(1, 28, 92)
(1, 28, 91)
(0, 29, 91)
(1, 29, 90)
(1, 29, 89)
(1, 29, 88)
(0, 30, 88)
(0, 30, 87)
(0, 30, 86)
(0, 30, 85)
(1, 29, 84)
(0, 29, 85)
(1, 28, 84)
(0, 28, 85)
(0, 28, 86)
(0, 28, 87)
(1, 28, 87)
(1, 28, 88)
(1, 28, 89)
(0, 28, 90)
(1, 27, 90)
(1, 27, 91)
(1, 27, 92)
(1, 27, 93)
(0, 27, 94)
(1, 26, 94)
(0, 26, 95)
(0, 26, 96)
(1, 25, 96)
(0, 25, 97)
(0, 25, 98)
(1, 25, 98)
(1, 25, 99)
(0, 25, 100)
(1, 24, 100)
(0, 24, 100)
(0, 24, 99)
(0, 24, 98)
(1, 23, 97)
(0, 23, 97)
(0, 23, 96)
(1, 23, 95)
(1, 23, 94)
(0, 23, 94)
(1, 22, 94)
(0, 22, 94)
(0, 22, 93)
(0, 22, 92)
(1, 21, 91)
(0, 21, 91)
(0, 21, 90)
(1, 20, 89)
(1, 20, 88)
(0, 21, 88)
(0, 21, 87)
(1, 21, 86)
(0, 22, 87)
(1, 22, 87)
(0, 23, 88)
(1, 23, 88)
(0, 24, 88)
(1, 24, 88)
(0, 25, 88)
(1, 25, 87)
(0, 26, 88)
(1, 26, 87)
(1, 26, 86)
(0, 26, 86)
(1, 25, 85)
(0, 25, 86)
(1, 24, 86)
(0, 24, 86)
(1, 23, 86)
(0, 23, 86)
(0, 23, 85)
(1, 23, 84)
(0, 24, 84)
(1, 24, 84)
(0, 25, 84)
(1, 25, 83)
(0, 26, 83)
(1, 26, 83)
(0, 27, 84)
(1, 27, 83)
(1, 27, 82)
(1, 27, 81)
(0, 28, 81)
(0, 28, 80)
(1, 27, 79)
(0, 27, 79)
(0, 27, 78)
(1, 26, 77)
(0, 26, 78)
(0, 26, 79)
(1, 25, 79)
(1, 25, 80)
(0, 25, 81)
(1, 24, 81)
(0, 24, 81)
(0, 24, 80)
(1, 23, 79)
(0, 23, 79)
(1, 22, 78)
(1, 22, 77)
(0, 22, 77)
(1, 21, 77)
(1, 21, 78)
(1, 21, 79)
(0, 22, 80)
(1, 22, 80)
(1, 22, 81)
(0, 22, 82)
(1, 21, 81)
(0, 21, 82)
(1, 20, 81)
(0, 20, 82)
(1, 19, 81)
(1, 19, 80)
(1, 19, 79)
(1, 19, 78)
(1, 19, 77)
(1, 19, 76)
(1, 19, 75)
(0, 19, 75)
(1, 18, 75)
(0, 18, 75)
(1, 17, 75)
(0, 17, 75)
(1, 16, 74)
(1, 16, 73)
(0, 17, 73)
(1, 17, 73)
(0, 18, 73)
(1, 18, 73)
(0, 19, 73)
(1, 19, 73)
(0, 20, 73)
(1, 20, 73)
(0, 21, 73)
(1, 21, 73)
(0, 22, 74)
(0, 22, 75)
(1, 22, 75)
(0, 23, 75)
(1, 23, 74)
(0, 24, 75)
(1, 24, 74)
(0, 25, 75)
(1, 25, 74)
(0, 26, 74)
(1, 26, 74)
(0, 27, 75)
(1, 27, 75)
(0, 28, 75)
(0, 28, 74)
(1, 27, 73)
(0, 27, 73)
(0, 27, 72)
(1, 26, 71)
(1, 26, 70)
(0, 26, 70)
(0, 26, 69)
(1, 25, 68)
(0, 25, 69)
(0, 25, 70)
(0, 25, 71)
(1, 24, 71)
(0, 24, 72)
(1, 23, 71)
(0, 23, 72)
(1, 22, 71)
(1, 22, 70)
(0, 23, 70)
(0, 23, 69)
(1, 22, 68)
(0, 22, 68)
(1, 21, 67)
(0, 21, 68)
(1, 20, 68)
(0, 20, 69)
(0, 20, 70)
(1, 19, 70)
(0, 19, 70)
(1, 18, 70)
(0, 18, 70)
(1, 17, 69)
(0, 17, 70)
(0, 17, 71)
(1, 16, 71)
(0, 16, 71)
(1, 15, 70)
(0, 15, 71)
(1, 14, 70)
(0, 14, 70)
(0, 14, 69)
(1, 14, 68)
(1, 14, 67)
(0, 15, 67)
(1, 15, 67)
(0, 16, 68)
(1, 16, 67)
(0, 17, 67)
(1, 17, 66)
(0, 18, 67)
(0, 18, 68)
(1, 18, 68)
(0, 19, 68)
(0, 19, 67)
(0, 19, 66)
(1, 19, 65)
(1, 19, 64)
(0, 20, 64)
(0, 20, 63)
(1, 19, 62)
(0, 19, 63)
(1, 18, 63)
(1, 18, 64)
(0, 18, 65)
(1, 17, 64)
(0, 17, 65)
(1, 16, 64)
(1, 16, 63)
(0, 16, 63)
(1, 15, 63)
(1, 15, 64)
(0, 15, 65)
(1, 14, 65)
(0, 14, 65)
(1, 13, 65)
(0, 13, 65)
(1, 12, 65)
(0, 12, 65)
(1, 11, 65)
(1, 11, 66)
(0, 11, 67)
(1, 10, 66)
(0, 10, 67)
(0, 10, 68)
(1, 10, 68)
(1, 10, 69)
(0, 10, 70)
(0, 10, 71)
(1, 10, 71)
(1, 10, 72)
(0, 10, 73)
(0, 10, 74)
(1, 9, 74)
(0, 9, 74)
(0, 9, 73)
(1, 8, 72)
(1, 8, 71)
(0, 9, 71)
(0, 9, 70)
(0, 9, 69)
(0, 9, 68)
(0, 9, 67)
(1, 8, 66)
(0, 8, 66)
(1, 7, 65)
(0, 7, 65)
(1, 6, 64)
(0, 6, 65)
(1, 5, 64)
(0, 5, 65)
(0, 5, 66)
(1, 4, 66)
(1, 4, 67)
(0, 4, 68)
(0, 4, 69)
(1, 3, 69)
(1, 3, 70)
(0, 4, 71)
(1, 4, 71)
(0, 5, 72)
(1, 5, 72)
(0, 6, 72)
(1, 6, 71)
(1, 6, 70)
(0, 6, 70)
(0, 6, 69)
(1, 6, 68)
(0, 7, 68)
(1, 7, 67)
(0, 8, 68)
(0, 8, 69)
(0, 8, 70)
(1, 7, 70)
(1, 7, 71)
(1, 7, 72)
(1, 7, 73)
(0, 7, 74)
(1, 6, 74)
(0, 6, 74)
(1, 5, 74)
(1, 5, 75)
(0, 6, 76)
(0, 6, 77)
(1, 6, 77)
(1, 6, 78)
(1, 6, 79)
(1, 6, 80)
(0, 7, 81)
(0, 7, 82)
(1, 7, 82)
(1, 7, 83)
(1, 7, 84)
(0, 7, 85)
(1, 6, 85)
(0, 6, 85)
(1, 5, 85)
(1, 5, 86)
(0, 5, 87)
(1, 4, 86)
(0, 4, 87)
(1, 3, 87)
(0, 3, 87)
(1, 2, 87)
(1, 2, 88)
(0, 3, 89)
(1, 3, 89)
(1, 3, 90)
(0, 4, 91)
(1, 4, 90)
(1, 4, 89)
(0, 5, 89)
(1, 5, 89)
(0, 6, 89)
(0, 6, 88)
(1, 6, 87)
(0, 7, 87)
(1, 7, 86)
(0, 8, 87)
(1, 8, 86)
(0, 9, 87)
(1, 9, 87)
(0, 10, 87)
(1, 10, 86)
(1, 10, 85)
(0, 10, 85)
(1, 9, 85)
(0, 9, 85)
(0, 9, 84)
(1, 8, 83)
(1, 8, 82)
(1, 8, 81)
(1, 8, 80)
(0, 9, 80)
(0, 9, 79)
(0, 9, 78)
(1, 9, 77)
(0, 10, 77)
(1, 10, 76)
(1, 10, 75)
(0, 11, 75)
(0, 11, 74)
(1, 11, 73)
(0, 12, 73)
(0, 12, 72)
(1, 11, 71)
(1, 11, 70)
(0, 12, 70)
(1, 12, 70)
(0, 13, 71)
(0, 13, 72)
(1, 13, 72)
(1, 13, 73)
(1, 13, 74)
(0, 14, 75)
(1, 14, 75)
(1, 14, 76)
(1, 14, 77)
(0, 15, 78)
(0, 15, 79)
(1, 15, 79)
(1, 15, 80)
(1, 15, 81)
(0, 16, 82)
(1, 16, 82)
(1, 16, 83)
(0, 16, 84)
(0, 16, 85)
(1, 16, 85)
(0, 17, 85)
(1, 17, 84)
(0, 18, 85)
(0, 18, 86)
(1, 18, 86)
(1, 18, 87)
(1, 18, 88)
(0, 19, 89)
(1, 19, 89)
(1, 19, 90)
(1, 19, 91)
(1, 19, 92)
(1, 19, 93)
(1, 19, 94)
(1, 19, 95)
(1, 19, 96)
(0, 20, 97)
(1, 20, 96)
(1, 20, 95)
(0, 21, 95)
(1, 21, 95)
(1, 21, 96)
(1, 21, 97)
(1, 21, 98)
(0, 22, 99)
(1, 22, 98)
(0, 23, 99)
(0, 23, 100)
(1, 22, 100)
(1, 22, 101)
(0, 22, 102)
(1, 21, 101)
(1, 21, 100)
(0, 21, 100)
(1, 20, 100)
(1, 20, 101)
(0, 20, 102)
(1, 19, 102)
(0, 19, 102)
(1, 18, 101)
(0, 18, 101)
(1, 17, 101)
(0, 17, 102)
(0, 17, 103)
(0, 17, 104)
(0, 17, 105)
(1, 17, 105)
(1, 17, 106)
(0, 17, 107)
(1, 16, 106)
(0, 16, 106)
(1, 15, 105)
(0, 15, 106)
(1, 14, 106)
(0, 14, 106)
(1, 13, 106)
(0, 13, 106)
(1, 12, 106)
(1, 12, 107)
(0, 13, 108)
(1, 13, 108)
(0, 14, 108)
(1, 14, 108)
(0, 15, 109)
(1, 15, 108)
(0, 16, 109)
(0, 16, 110)
(1, 16, 110)
(0, 17, 111)
(1, 17, 110)
(1, 17, 109)
(0, 18, 109)
(0, 18, 108)
(1, 18, 107)
(1, 18, 106)
(0, 19, 106)
(1, 19, 106)
(0, 20, 107)
(0, 20, 108)
(0, 20, 109)
(0, 20, 110)
(1, 19, 110)
(0, 19, 110)
(1, 18, 110)
(1, 18, 111)
(0, 19, 112)
(1, 19, 112)
(0, 20, 112)
(1, 20, 112)
(0, 21, 113)
(1, 21, 112)
(1, 21, 111)
(0, 21, 111)
(0, 21, 110)
(1, 21, 109)
(0, 22, 109)
(1, 22, 109)
(1, 22, 110)
(0, 23, 111)
(0, 23, 112)
(0, 23, 113)
(1, 23, 113)
(0, 24, 114)
(0, 24, 115)
(1, 23, 115)
(0, 23, 115)
(1, 22, 114)
(0, 22, 114)
(1, 21, 114)
(1, 21, 115)
(0, 21, 116)
(1, 20, 115)
(0, 20, 116)
(1, 19, 116)
(0, 19, 117)
(0, 19, 118)
(1, 18, 118)
(0, 18, 119)
(1, 17, 118)
(0, 17, 119)
(1, 16, 118)
(1, 16, 117)
(0, 17, 117)
(1, 17, 116)
(1, 17, 115)
(1, 17, 114)
(0, 17, 114)
(1, 16, 113)
(0, 16, 114)
(1, 15, 113)
(0, 15, 113)
(1, 14, 112)
(0, 14, 113)
(1, 13, 112)
(0, 13, 112)
(1, 12, 111)
(1, 12, 110)
(0, 12, 110)
(0, 12, 109)
(1, 11, 108)
(0, 11, 109)
(1, 10, 108)
(1, 10, 107)
(0, 11, 107)
(0, 11, 106)
(1, 11, 105)
(0, 12, 105)
(0, 12, 104)
(1, 11, 103)
(0, 11, 103)
(1, 10, 102)
(0, 10, 103)
(1, 9, 102)
(1, 9, 101)
(1, 9, 100)
(0, 9, 100)
(0, 9, 99)
(0, 9, 98)
(0, 9, 97)
(0, 9, 96)
(0, 9, 95)
(1, 8, 94)
(1, 8, 93)
(1, 8, 92)
(0, 8, 92)
(0, 8, 91)
(1, 7, 90)
(0, 7, 91)
(1, 6, 91)
(0, 6, 91)
(1, 5, 91)
(1, 5, 92)
(0, 6, 93)
(1, 6, 93)
(0, 7, 93)
(1, 7, 93)
(1, 7, 94)
(0, 7, 95)
(1, 6, 95)
(0, 6, 96)
(1, 5, 95)
(0, 5, 95)
(1, 4, 94)
(0, 4, 95)
(1, 3, 94)
(0, 3, 94)
(1, 2, 94)
(0, 2, 95)
(0, 2, 96)
(0, 2, 97)
(1, 1, 97)
(0, 1, 98)
(0, 1, 99)
(1, 0, 99)
(0, 0, 100)
(1, -1, 100)
(0, -1, 100)
(1, -2, 100)
(0, -2, 100)
(1, -3, 100)
(0, -3, 100)
(1, -4, 100)
(1, -4, 101)
(1, -4, 102)
(1, -4, 103)
(0, -4, 104)
(0, -4, 105)
(0, -4, 106)
(1, -5, 106)
(0, -5, 106)
(1, -6, 106)
(1, -6, 107)
(0, -6, 108)
(1, -7, 108)
(0, -7, 109)
(1, -8, 108)
(1, -8, 107)
(1, -8, 106)
(0, -8, 106)
(1, -9, 105)
(0, -9, 106)
(1, -10, 105)
(1, -10, 104)
(0, -10, 104)
(0, -10, 103)
(1, -10, 102)
(1, -10, 101)
(1, -10, 100)
(0, -9, 100)
(1, -9, 99)
(1, -9, 98)
(0, -8, 98)
(0, -8, 97)
(1, -9, 96)
(0, -9, 97)
(1, -10, 96)
(1, -10, 95)
(1, -10, 94)
(0, -10, 94)
(0, -10, 93)
(0, -10, 92)
(1, -11, 91)
(1, -11, 90)
(0, -11, 90)
(1, -12, 89)
(1, -12, 88)
(0, -12, 88)
(0, -12, 87)
(0, -12, 86)
(1, -13, 85)
(1, -13, 84)
(0, -13, 84)
(1, -14, 83)
(0, -14, 84)
(0, -14, 85)
(0, -14, 86)
(0, -14, 87)
(1, -15, 87)
(0, -15, 88)
(1, -16, 88)
(0, -16, 88)
(0, -16, 87)
(1, -17, 86)
(0, -17, 87)
(0, -17, 88)
(1, -18, 88)
(1, -18, 89)
(1, -18, 90)
(0, -17, 91)
(1, -17, 91)
(0, -16, 91)
(1, -16, 90)
(0, -15, 90)
(1, -15, 89)
(0, -14, 90)
(1, -14, 90)
(0, -13, 91)
(0, -13, 92)
(1, -14, 92)
(0, -14, 92)
(1, -15, 91)
(0, -15, 92)
(0, -15, 93)
(1, -15, 93)
(0, -14, 94)
(1, -14, 94)
(0, -13, 94)
(1, -13, 94)
(0, -12, 94)
(0, -12, 93)
(1, -12, 92)
(0, -11, 93)
(0, -11, 94)
(0, -11, 95)
(0, -11, 96)
(0, -11, 97)
(0, -11, 98)
(0, -11, 99)
(1, -12, 99)
(0, -12, 99)
(1, -13, 99)
(1, -13, 100)
(1, -13, 101)
(0, -13, 102)
(1, -14, 102)
(0, -14, 103)
(1, -15, 103)
(0, -15, 104)
(0, -15, 105)
(1, -15, 105)
(0, -14, 105)
(1, -14, 104)
(0, -13, 104)
(1, -13, 103)
(0, -12, 104)
(0, -12, 105)
(1, -13, 105)
(0, -13, 106)
(0, -13, 107)
(0, -13, 108)
(1, -14, 108)
(0, -14, 109)
(1, -15, 108)
(1, -15, 107)
(0, -15, 107)
(1, -16, 107)
(1, -16, 108)
(1, -16, 109)
(0, -15, 110)
(1, -15, 110)
(0, -14, 111)
(1, -14, 111)
(0, -13, 112)
(1, -13, 112)
(1, -13, 113)
(0, -12, 114)
(0, -12, 115)
(1, -13, 115)
(0, -13, 116)
(0, -13, 117)
(1, -13, 117)
(0, -12, 118)
(1, -12, 118)
(0, -11, 119)
(1, -11, 118)
(1, -11, 117)
(0, -11, 117)
(0, -11, 116)
(0, -11, 115)
(1, -11, 114)
(1, -11, 113)
(1, -11, 112)
(1, -11, 111)
(0, -11, 111)
(0, -11, 110)
(1, -12, 109)
(1, -12, 108)
(1, -12, 107)
(0, -11, 107)
(1, -11, 107)
(0, -10, 108)
(0, -10, 109)
(0, -10, 110)
(1, -10, 110)
(0, -9, 110)
(1, -9, 109)
(0, -8, 110)
(1, -8, 110)
(0, -7, 111)
(0, -7, 112)
(1, -8, 112)
(0, -8, 112)
(1, -9, 111)
(0, -9, 112)
(0, -9, 113)
(1, -9, 113)
(1, -9, 114)
(0, -8, 115)
(0, -8, 116)
(1, -9, 116)
(0, -9, 116)
(1, -10, 116)
(1, -10, 117)
(0, -9, 118)
(0, -9, 119)
(0, -9, 120)
(1, -9, 120)
(1, -9, 121)
(0, -9, 122)
(0, -9, 123)
(1, -9, 123)
(0, -8, 123)
(1, -8, 123)
(0, -7, 124)
(1, -7, 123)
(1, -7, 122)
(0, -6, 122)
(1, -6, 121)
(0, -5, 122)
(1, -5, 122)
(1, -5, 123)
(0, -5, 124)
(0, -5, 125)
(0, -5, 126)
(0, -5, 127)
(1, -5, 127)
(0, -4, 127)
(0, -4, 126)
(0, -4, 125)
(1, -4, 124)
(0, -3, 125)
(1, -3, 124)
(1, -3, 123)
(0, -3, 123)
(0, -3, 122)
(0, -3, 121)
(1, -3, 120)
(1, -3, 119)
(0, -3, 119)
(1, -4, 118)
(1, -4, 117)
(0, -4, 117)
(1, -5, 116)
(1, -5, 115)
(0, -5, 115)
(0, -5, 114)
(0, -5, 113)
(1, -6, 112)
(1, -6, 111)
(0, -5, 111)
(1, -5, 110)
(1, -5, 109)
(0, -4, 109)
(0, -4, 108)
(1, -4, 107)
(0, -3, 107)
(1, -3, 107)
(0, -2, 107)
(1, -2, 106)
(0, -1, 107)
(1, -1, 106)
(0, 0, 106)
(1, 0, 105)
(1, 0, 104)
(0, 1, 104)
(1, 1, 103)
(0, 2, 104)
(1, 2, 103)
(1, 2, 102)
(0, 3, 102)
(1, 3, 102)
(0, 4, 103)
(1, 4, 102)
(0, 5, 103)
(0, 5, 104)
(1, 4, 104)
(0, 4, 105)
(1, 3, 104)
(0, 3, 105)
(1, 2, 105)
(1, 2, 106)
(0, 3, 107)
(0, 3, 108)
(0, 3, 109)
(1, 3, 109)
(0, 4, 110)
(0, 4, 111)
(0, 4, 112)
(1, 4, 112)
(1, 4, 113)
(0, 5, 114)
(1, 5, 113)
(0, 6, 114)
(0, 6, 115)
(1, 5, 115)
(1, 5, 116)
(0, 5, 117)
(1, 4, 117)
(1, 4, 118)
(1, 4, 119)
(0, 5, 120)
(0, 5, 121)
(1, 5, 121)
(0, 6, 122)
(1, 6, 121)
(0, 7, 122)
(1, 7, 121)
(0, 8, 122)
(0, 8, 123)
(1, 8, 123)
(0, 9, 124)
(1, 9, 124)
(1, 9, 125)
(0, 9, 126)
(0, 9, 127)
(1, 8, 127)
(0, 8, 128)
(1, 7, 128)
(1, 7, 129)
(0, 7, 130)
(1, 6, 129)
(1, 6, 128)
(1, 6, 127)
(1, 6, 126)
(0, 6, 126)
(0, 6, 125)
(1, 5, 124)
(0, 5, 125)
(0, 5, 126)
(1, 4, 126)
(1, 4, 127)
(0, 4, 128)
(0, 4, 129)
(0, 4, 130)
(1, 3, 130)
(0, 3, 131)
(1, 2, 131)
(1, 2, 132)
(1, 2, 133)
(1, 2, 134)
(0, 3, 135)
(0, 3, 136)
(1, 3, 136)
(0, 4, 137)
(1, 4, 136)
(1, 4, 135)
(1, 4, 134)
(0, 5, 134)
(1, 5, 134)
(0, 6, 134)
(1, 6, 133)
(0, 7, 133)
(0, 7, 132)
(1, 7, 131)
(0, 8, 132)
(1, 8, 131)
(0, 9, 131)
(1, 9, 131)
(1, 9, 132)
(1, 9, 133)
(0, 10, 134)
(1, 10, 134)
(0, 11, 135)
(1, 11, 134)
(1, 11, 133)
(0, 11, 133)
(1, 10, 132)
(1, 10, 131)
(0, 11, 131)
(0, 11, 130)
(0, 11, 129)
(0, 11, 128)
(0, 11, 127)
(0, 11, 126)
(1, 11, 125)
(0, 12, 126)
(1, 12, 125)
(1, 12, 124)
(0, 12, 124)
(1, 11, 123)
(0, 11, 123)
(1, 10, 122)
(1, 10, 121)
(0, 11, 121)
(1, 11, 121)
(0, 12, 122)
(1, 12, 121)
(0, 13, 122)
(0, 13, 123)
(1, 13, 123)
(1, 13, 124)
(1, 13, 125)
(0, 14, 126)
(0, 14, 127)
(1, 14, 127)
(0, 15, 128)
(0, 15, 129)
(0, 15, 130)
(0, 15, 131)
(1, 14, 131)
(0, 14, 131)
(1, 13, 131)
(0, 13, 132)
(1, 12, 132)
(1, 12, 133)
(1, 12, 134)
(1, 12, 135)
(0, 13, 136)
(1, 13, 136)
(1, 13, 137)
(1, 13, 138)
(0, 13, 139)
(1, 12, 138)
(1, 12, 137)
(0, 12, 137)
(1, 11, 137)
(0, 11, 138)
(1, 10, 137)
(1, 10, 136)
(0, 10, 136)
(1, 9, 136)
(0, 9, 136)
(0, 9, 135)
(1, 8, 134)
(0, 8, 135)
(1, 7, 135)
(1, 7, 136)
(0, 8, 137)
(1, 8, 137)
(1, 8, 138)
(0, 9, 139)
(1, 9, 139)
(1, 9, 140)
(0, 9, 141)
(1, 8, 141)
(1, 8, 142)
(0, 8, 143)
(1, 7, 142)
(0, 7, 142)
(1, 6, 141)
(0, 6, 141)
(1, 5, 140)
(0, 5, 141)
(0, 5, 142)
(0, 5, 143)
(1, 4, 143)
(0, 4, 144)
(1, 3, 144)
(0, 3, 145)
(1, 2, 144)
(0, 2, 144)
(0, 2, 143)
(1, 2, 142)
(0, 3, 142)
(0, 3, 141)
(1, 2, 140)
(0, 2, 141)
(1, 1, 140)
(1, 1, 139)
(0, 2, 139)
(0, 2, 138)
(1, 1, 137)
(0, 1, 138)
(1, 0, 137)
(0, 0, 138)
(1, -1, 138)
(1, -1, 139)
(0, 0, 140)
(1, 0, 140)
(1, 0, 141)
(0, 1, 142)
(0, 1, 143)
(0, 1, 144)
(0, 1, 145)
(1, 0, 145)
(0, 0, 146)
(0, 0, 147)
(1, 0, 147)
(0, 1, 147)
(1, 1, 146)
(0, 2, 146)
(1, 2, 146)
(1, 2, 147)
(1, 2, 148)
(0, 3, 149)
(1, 3, 149)
(0, 4, 150)
(0, 4, 151)
(0, 4, 152)
(1, 4, 152)
(1, 4, 153)
(0, 4, 154)
(1, 3, 154)
(1, 3, 155)
(0, 3, 156)
(1, 2, 155)
(0, 2, 155)
(0, 2, 154)
(1, 1, 153)
(1, 1, 152)
(0, 1, 152)
(1, 0, 151)
(0, 0, 151)
(0, 0, 150)
(0, 0, 149)
(1, -1, 148)
(0, -1, 148)
(1, -2, 147)
(0, -2, 147)
(0, -2, 146)
(1, -3, 145)
(1, -3, 144)
(1, -3, 143)
(0, -2, 143)
(0, -2, 142)
(0, -2, 141)
(0, -2, 140)
(0, -2, 139)
(0, -2, 138)
(1, -3, 137)
(1, -3, 136)
(1, -3, 135)
(0, -3, 135)
(1, -4, 135)
(0, -4, 135)
(0, -4, 134)
(1, -5, 133)
(0, -5, 134)
(0, -5, 135)
(1, -6, 135)
(0, -6, 135)
(1, -7, 135)
(0, -7, 136)
(1, -8, 136)
(0, -8, 136)
(1, -9, 135)
(0, -9, 135)
(1, -10, 134)
(0, -10, 135)
(1, -11, 134)
(1, -11, 133)
(1, -11, 132)
(1, -11, 131)
(0, -10, 131)
(1, -10, 131)
(0, -9, 131)
(0, -9, 130)
(1, -9, 129)
(0, -8, 130)
(1, -8, 129)
(1, -8, 128)
(1, -8, 127)
(1, -8, 126)
(0, -8, 126)
(1, -9, 126)
(0, -9, 127)
(0, -9, 128)
(1, -10, 128)
(0, -10, 129)
(1, -11, 129)
(0, -11, 129)
(1, -12, 128)
(1, -12, 127)
(1, -12, 126)
(1, -12, 125)
(0, -11, 125)
(1, -11, 124)
(1, -11, 123)
(0, -11, 123)
(1, -12, 123)
(0, -12, 124)
(1, -13, 124)
(1, -13, 125)
(0, -13, 126)
(1, -14, 126)
(1, -14, 127)
(0, -14, 128)
(1, -15, 127)
(0, -15, 128)
(1, -16, 128)
(0, -16, 129)
(1, -17, 128)
(0, -17, 129)
(0, -17, 130)
(1, -17, 130)
(0, -16, 131)
(0, -16, 132)
(0, -16, 133)
(0, -16, 134)
(1, -17, 134)
(0, -17, 135)
(0, -17, 136)
(1, -18, 136)
(0, -18, 137)
(0, -18, 138)
(1, -18, 138)
(1, -18, 139)
(0, -18, 140)
(0, -18, 141)
(0, -18, 142)
(1, -18, 142)
(1, -18, 143)
(0, -17, 144)
(1, -17, 143)
(1, -17, 142)
(0, -16, 142)
(0, -16, 141)
(1, -17, 140)
(1, -17, 139)
(1, -17, 138)
(0, -16, 138)
(1, -16, 138)
(0, -15, 138)
(1, -15, 137)
(0, -14, 137)
(1, -14, 137)
(0, -13, 137)
(0, -13, 136)
(1, -14, 135)
(1, -14, 134)
(1, -14, 133)
(0, -14, 133)
(0, -14, 132)
(0, -14, 131)
(1, -14, 130)
(0, -13, 130)
(1, -13, 129)
(0, -12, 130)
(0, -12, 131)
(0, -12, 132)
(1, -12, 132)
(1, -12, 133)
(1, -12, 134)
(0, -12, 135)
(0, -12, 136)
(0, -12, 137)
(1, -12, 137)
(0, -11, 137)
(1, -11, 137)
(1, -11, 138)
(0, -10, 139)
(1, -10, 138)
(0, -9, 138)
(1, -9, 138)
(0, -8, 139)
(0, -8, 140)
(0, -8, 141)
(1, -8, 141)
(0, -7, 141)
(1, -7, 140)
(1, -7, 139)
(0, -6, 139)
(0, -6, 138)
(1, -6, 137)
(0, -5, 137)
(1, -5, 136)
(0, -4, 137)
(0, -4, 138)
(1, -5, 138)
(0, -5, 139)
(0, -5, 140)
(0, -5, 141)
(1, -6, 141)
(0, -6, 142)
(0, -6, 143)
(1, -6, 143)
(0, -5, 144)
(1, -5, 144)
(1, -5, 145)
(0, -4, 146)
(1, -4, 146)
(0, -3, 147)
(0, -3, 148)
(0, -3, 149)
(0, -3, 150)
(0, -3, 151)
(1, -4, 151)
(1, -4, 152)
(0, -3, 153)
(1, -3, 153)
(0, -2, 153)
(1, -2, 152)
(0, -1, 152)
(1, -1, 152)
(1, -1, 153)
(1, -1, 154)
(0, 0, 155)
(0, 0, 156)
(1, 0, 156)
(0, 1, 156)
(1, 1, 156)
(1, 1, 157)
(0, 2, 158)
(1, 2, 158)
(1, 2, 159)
(0, 3, 160)
(1, 3, 160)
(0, 4, 160)
(1, 4, 159)
(1, 4, 158)
(0, 5, 158)
(1, 5, 157)
(0, 6, 158)
(0, 6, 159)
(0, 6, 160)
(1, 6, 160)
(1, 6, 161)
(0, 6, 162)
(1, 5, 162)
(1, 5, 163)
(0, 6, 164)
(1, 6, 163)
(0, 7, 163)
(1, 7, 162)
(0, 8, 162)
(0, 8, 161)
(1, 8, 160)
(0, 9, 160)
(0, 9, 159)
(1, 9, 158)
(0, 10, 158)
(1, 10, 157)
(0, 11, 157)
(0, 11, 156)
(1, 10, 155)
(1, 10, 154)
(1, 10, 153)
(1, 10, 152)
(1, 10, 151)
(0, 10, 151)
(0, 10, 150)
(0, 10, 149)
(1, 10, 148)
(0, 11, 149)
(1, 11, 149)
(0, 12, 150)
(0, 12, 151)
(0, 12, 152)
(0, 12, 153)
(1, 11, 153)
(1, 11, 154)
(0, 12, 155)
(0, 12, 156)
(1, 12, 156)
(0, 13, 157)
(1, 13, 156)
(0, 14, 156)
(1, 14, 156)
(1, 14, 157)
(0, 14, 158)
(1, 13, 158)
(1, 13, 159)
(0, 13, 160)
(0, 13, 161)
(0, 13, 162)
(1, 12, 162)
(0, 12, 162)
(1, 11, 161)
(0, 11, 161)
(0, 11, 160)
(1, 10, 159)
(0, 10, 160)
(0, 10, 161)
(1, 9, 161)
(0, 9, 162)
(0, 9, 163)
(1, 9, 163)
(1, 9, 164)
(0, 9, 165)
(1, 8, 164)
(0, 8, 164)
(1, 7, 164)
(0, 7, 165)
(0, 7, 166)
(1, 7, 166)
(0, 8, 166)
(1, 8, 166)
(1, 8, 167)
(1, 8, 168)
(1, 8, 169)
(1, 8, 170)
(1, 8, 171)
(1, 8, 172)
(1, 8, 173)
(0, 9, 174)
(1, 9, 173)
(0, 10, 174)
(0, 10, 175)
(1, 9, 175)
(0, 9, 176)
(1, 8, 176)
(1, 8, 177)
(0, 9, 178)
(1, 9, 177)
(0, 10, 178)
(0, 10, 179)
(1, 9, 179)
(1, 9, 180)
(0, 9, 181)
(1, 8, 180)
(1, 8, 179)
(0, 8, 179)
(1, 7, 178)
(0, 7, 179)
(1, 6, 179)
(0, 6, 180)
(1, 5, 180)
(1, 5, 181)
(0, 6, 182)
(1, 6, 182)
(0, 7, 183)
(0, 7, 184)
(1, 7, 184)
(1, 7, 185)
(1, 7, 186)
(0, 8, 187)
(1, 8, 187)
(1, 8, 188)
(0, 8, 189)
(0, 8, 190)
(1, 8, 190)
(1, 8, 191)
(1, 8, 192)
(1, 8, 193)
(0, 9, 194)
(1, 9, 194)
(0, 10, 194)
(1, 10, 194)
(1, 10, 195)
(1, 10, 196)
(1, 10, 197)
(0, 10, 198)
(0, 10, 199)
(0, 10, 200)
(1, 9, 200)
(0, 9, 200)
(1, 8, 200)
(0, 8, 200)
(0, 8, 199)
(1, 8, 198)
(1, 8, 197)
(1, 8, 196)
(1, 8, 195)
(0, 8, 195)
(1, 7, 195)
(1, 7, 196)
(1, 7, 197)
(0, 7, 198)
(1, 6, 197)
(0, 6, 197)
(1, 5, 197)
(0, 5, 198)
(1, 4, 197)
(0, 4, 198)
(0, 4, 199)
(0, 4, 200)
(1, 3, 200)
(0, 3, 200)
(1, 2, 200)
(0, 2, 200)
(1, 1, 200)
(0, 1, 200)
(1, 0, 199)
(0, 0, 200)
(1, -1, 200)
(0, -1, 200)
(1, -2, 199)
(0, -2, 199)
(0, -2, 198)
(0, -2, 197)
(0, -2, 196)
(0, -2, 195)
(1, -2, 194)
(1, -2, 193)
(0, -1, 193)
(1, -1, 192)
(0, 0, 193)
(1, 0, 193)
(0, 1, 193)
(1, 1, 192)
(0, 2, 192)
(1, 2, 192)
(0, 3, 192)
(0, 3, 191)
(1, 3, 190)
(0, 4, 190)
(0, 4, 189)
(0, 4, 188)
(0, 4, 187)
(1, 4, 186)
(0, 5, 187)
(1, 5, 186)
(1, 5, 185)
(0, 6, 185)
(0, 6, 184)
(1, 5, 183)
(0, 5, 184)
(1, 4, 183)
(0, 4, 183)
(1, 3, 183)
(0, 3, 184)
(0, 3, 185)
(0, 3, 186)
(1, 2, 186)
(0, 2, 186)
(1, 1, 186)
(0, 1, 186)
(1, 0, 186)
(0, 0, 187)
(0, 0, 188)
(0, 0, 189)
(0, 0, 190)
(1, -1, 190)
(0, -1, 190)
(0, -1, 189)
(0, -1, 188)
(1, -2, 187)
(0, -2, 188)
(1, -3, 187)
(0, -3, 187)
(1, -4, 186)
(0, -4, 187)
(1, -5, 186)
(0, -5, 186)
(0, -5, 185)
(1, -5, 184)
(0, -4, 184)
(0, -4, 183)
(0, -4, 182)
(1, -4, 181)
(1, -4, 180)
(0, -3, 180)
(1, -3, 180)
(0, -2, 180)
(1, -2, 180)
(1, -2, 181)
(0, -2, 182)
(1, -3, 182)
(0, -3, 183)
(0, -3, 184)
(0, -3, 185)
(1, -3, 185)
(0, -2, 185)
(1, -2, 185)
(0, -1, 185)
(1, -1, 184)
(0, 0, 184)
(1, 0, 183)
(0, 1, 184)
(1, 1, 184)
(0, 2, 184)
(0, 2, 183)
(0, 2, 182)
(1, 1, 181)
(0, 1, 181)
(0, 1, 180)
(1, 1, 179)
(0, 2, 179)
(1, 2, 179)
(0, 3, 179)
(1, 3, 178)
(0, 4, 178)
(1, 4, 178)
(0, 5, 178)
(0, 5, 177)
(1, 4, 176)
(1, 4, 175)
(0, 5, 175)
(1, 5, 174)
(1, 5, 173)
(0, 6, 173)
(0, 6, 172)
(1, 6, 171)
(1, 6, 170)
(0, 6, 170)
(1, 5, 169)
(0, 5, 170)
(0, 5, 171)
(1, 4, 171)
(0, 4, 171)
(1, 3, 170)
(0, 3, 170)
(1, 2, 170)
(1, 2, 171)
(0, 2, 172)
(0, 2, 173)
(1, 1, 173)
(0, 1, 173)
(1, 0, 173)
(0, 0, 173)
(1, -1, 173)
(0, -1, 174)
(1, -2, 174)
(0, -2, 174)
(1, -3, 173)
(0, -3, 174)
(1, -4, 173)
(1, -4, 172)
(0, -4, 172)
(1, -5, 171)
(1, -5, 170)
(0, -5, 170)
(1, -6, 169)
(1, -6, 168)
(1, -6, 167)
(0, -6, 167)
(0, -6, 166)
(1, -6, 165)
(0, -5, 165)
(0, -5, 164)
(1, -6, 163)
(0, -6, 163)
(0, -6, 162)
(0, -6, 161)
(0, -6, 160)
(1, -7, 159)
(0, -7, 159)
(1, -8, 159)
(0, -8, 160)
(1, -9, 160)
(0, -9, 161)
(1, -10, 160)
(1, -10, 159)
(1, -10, 158)
(0, -9, 158)
(1, -9, 157)
(1, -9, 156)
(0, -8, 156)
(1, -8, 155)
(0, -7, 155)
(1, -7, 154)
(1, -7, 153)
(1, -7, 152)
(0, -7, 152)
(0, -7, 151)
(1, -7, 150)
(1, -7, 149)
(1, -7, 148)
(1, -7, 147)
(0, -7, 147)
(1, -8, 147)
(0, -8, 147)
(0, -8, 146)
(0, -8, 145)
(1, -9, 144)
(0, -9, 144)
(0, -9, 143)
(0, -9, 142)
(0, -9, 141)
(1, -10, 140)
(0, -10, 141)
(1, -11, 140)
(0, -11, 140)
(1, -12, 140)
(1, -12, 141)
(0, -12, 142)
(0, -12, 143)
(1, -12, 143)
(0, -11, 144)
(0, -11, 145)
(1, -11, 145)
(0, -10, 145)
(1, -10, 145)
(1, -10, 146)
(0, -10, 147)
(1, -11, 147)
(0, -11, 147)
(1, -12, 146)
(0, -12, 147)
(1, -13, 147)
(0, -13, 148)
(1, -14, 148)
(1, -14, 149)
(0, -14, 150)
(1, -15, 149)
(0, -15, 150)
(0, -15, 151)
(0, -15, 152)
(1, -15, 152)
(0, -14, 152)
(1, -14, 152)
(1, -14, 153)
(0, -14, 154)
(0, -14, 155)
(0, -14, 156)
(1, -15, 156)
(1, -15, 157)
(1, -15, 158)
(0, -14, 159)
(0, -14, 160)
(1, -14, 160)
(0, -13, 160)
(1, -13, 160)
(0, -12, 161)
(0, -12, 162)
(1, -13, 162)
(1, -13, 163)
(0, -12, 164)
(0, -12, 165)
(1, -13, 165)
(1, -13, 166)
(0, -13, 167)
(1, -14, 166)
(1, -14, 165)
(1, -14, 164)
(0, -14, 164)
(1, -15, 163)
(0, -15, 163)
(0, -15, 162)
(0, -15, 161)
(0, -15, 160)
(1, -16, 159)
(0, -16, 159)
(0, -16, 158)
(1, -16, 157)
(1, -16, 156)
(1, -16, 155)
(0, -15, 155)
(0, -15, 154)
(1, -16, 153)
(0, -16, 153)
(1, -17, 153)
(0, -17, 153)
(1, -18, 152)
(1, -18, 151)
(0, -17, 151)
(1, -17, 150)
(1, -17, 149)
(1, -17, 148)
(0, -16, 148)
(1, -16, 147)
(0, -15, 148)
(1, -15, 147)
(1, -15, 146)
(0, -14, 146)
(0, -14, 145)
(1, -14, 144)
(1, -14, 143)
(0, -14, 143)
(1, -15, 143)
(0, -15, 143)
(1, -16, 143)
(1, -16, 144)
(1, -16, 145)
(0, -16, 146)
(1, -17, 145)
(0, -17, 146)
(1, -18, 145)
(0, -18, 146)
(1, -19, 146)
(1, -19, 147)
(0, -19, 148)
(1, -20, 148)
(0, -20, 149)
(0, -20, 150)
(1, -21, 150)
(0, -21, 150)
(1, -22, 150)
(1, -22, 151)
(0, -22, 152)
(0, -22, 153)
(1, -23, 153)
(0, -23, 153)
(0, -23, 152)
(1, -24, 151)
(0, -24, 152)
(1, -25, 151)
(0, -25, 151)
(1, -26, 150)
(0, -26, 150)
(1, -27, 149)
(0, -27, 150)
(1, -28, 149)
(0, -28, 149)
(0, -28, 148)
(1, -28, 147)
(1, -28, 146)
(1, -28, 145)
(0, -28, 145)
(0, -28, 144)
(1, -28, 143)
(1, -28, 142)
(0, -27, 142)
(1, -27, 142)
(1, -27, 143)
(0, -26, 144)
(1, -26, 144)
(0, -25, 145)
(1, -25, 145)
(0, -24, 146)
(1, -24, 145)
(1, -24, 144)
(1, -24, 143)
(0, -24, 143)
(1, -25, 143)
(0, -25, 143)
(0, -25, 142)
(1, -26, 141)
(1, -26, 140)
(1, -26, 139)
(1, -26, 138)
(0, -26, 138)
(0, -26, 137)
(1, -27, 136)
(0, -27, 137)
(1, -28, 136)
(0, -28, 136)
(0, -28, 135)
(1, -28, 134)
(1, -28, 133)
(1, -28, 132)
(1, -28, 131)
(1, -28, 130)
(0, -27, 130)
(0, -27, 129)
(1, -28, 128)
(0, -28, 128)
(0, -28, 127)
(1, -29, 126)
(0, -29, 127)
(1, -30, 127)
(0, -30, 127)
(1, -31, 126)
(1, -31, 125)
(0, -31, 125)
(1, -32, 125)
(0, -32, 126)
(1, -33, 125)
(0, -33, 125)
(1, -34, 124)
(0, -34, 124)
(0, -34, 123)
(0, -34, 122)
(0, -34, 121)
(1, -34, 120)
(0, -33, 121)
(1, -33, 120)
(0, -32, 121)
(0, -32, 122)
(1, -33, 122)
(1, -33, 123)
(0, -32, 124)
(1, -32, 123)
(0, -31, 123)
(0, -31, 122)
(0, -31, 121)
(0, -31, 120)
(1, -31, 119)
(1, -31, 118)
(1, -31, 117)
(0, -30, 117)
(1, -30, 116)
(0, -29, 116)
(1, -29, 115)
(1, -29, 114)
(0, -29, 114)
(0, -29, 113)
(1, -30, 112)
(0, -30, 113)
(1, -31, 112)
(1, -31, 111)
(1, -31, 110)
(0, -30, 110)
(1, -30, 110)
(0, -29, 110)
(1, -29, 109)
(0, -28, 109)
(1, -28, 109)
(1, -28, 110)
(1, -28, 111)
(0, -27, 112)
(1, -27, 111)
(1, -27, 110)
(1, -27, 109)
(0, -26, 109)
(0, -26, 108)
(1, -26, 107)
(1, -26, 106)
(1, -26, 105)
(1, -26, 104)
(1, -26, 103)
(1, -26, 102)
(0, -25, 102)
(0, -25, 101)
(1, -26, 100)
(0, -26, 100)
(1, -27, 100)
(1, -27, 101)
(1, -27, 102)
(1, -27, 103)
(1, -27, 104)
(0, -27, 105)
(1, -28, 105)
(1, -28, 106)
(0, -28, 107)
(1, -29, 107)
(0, -29, 107)
(1, -30, 106)
(0, -30, 106)
(1, -31, 106)
(0, -31, 107)
(1, -32, 106)
(0, -32, 107)
(0, -32, 108)
(0, -32, 109)
(0, -32, 110)
(1, -33, 110)
(0, -33, 111)
(1, -34, 111)
(0, -34, 112)
(1, -35, 111)
(0, -35, 112)
(1, -36, 112)
(0, -36, 113)
(1, -37, 113)
(0, -37, 114)
(1, -38, 114)
(1, -38, 115)
(1, -38, 116)
(1, -38, 117)
(0, -37, 118)
(0, -37, 119)
(1, -37, 119)
(1, -37, 120)
(1, -37, 121)
(0, -37, 122)
(0, -37, 123)
(1, -38, 123)
(0, -38, 124)
(1, -39, 124)
(0, -39, 125)
(0, -39, 126)
(0, -39, 127)
(0, -39, 128)
(0, -39, 129)
(1, -40, 129)
(1, -40, 130)
(0, -39, 131)
(1, -39, 130)
(0, -38, 130)
(1, -38, 130)
(0, -37, 130)
(1, -37, 129)
(0, -36, 129)
(1, -36, 128)
(0, -35, 128)
(0, -35, 127)
(1, -35, 126)
(0, -34, 126)
(1, -34, 126)
(0, -33, 127)
(1, -33, 127)
(1, -33, 128)
(0, -33, 129)
(0, -33, 130)
(0, -33, 131)
(1, -33, 131)
(1, -33, 132)
(1, -33, 133)
(0, -33, 134)
(1, -34, 134)
(0, -34, 135)
(1, -35, 135)
(0, -35, 135)
(1, -36, 135)
(1, -36, 136)
(1, -36, 137)
(0, -35, 138)
(0, -35, 139)
(0, -35, 140)
(0, -35, 141)
(0, -35, 142)
(1, -35, 142)
(0, -34, 143)
(0, -34, 144)
(1, -34, 144)
(0, -33, 144)
(0, -33, 143)
(0, -33, 142)
(1, -33, 141)
(0, -32, 142)
(1, -32, 141)
(0, -31, 142)
(0, -31, 143)
(1, -31, 143)
(0, -30, 143)
(1, -30, 143)
(1, -30, 144)
(0, -29, 145)
(0, -29, 146)
(0, -29, 147)
(0, -29, 148)
(0, -29, 149)
(0, -29, 150)
(1, -30, 150)
(0, -30, 151)
(1, -31, 151)
(0, -31, 151)
(0, -31, 150)
(0, -31, 149)
(1, -32, 148)
(0, -32, 148)
(1, -33, 147)
(0, -33, 147)
(1, -34, 146)
(0, -34, 146)
(1, -35, 145)
(0, -35, 145)
(1, -36, 145)
(0, -36, 145)
(1, -37, 145)
(0, -37, 145)
(0, -37, 144)
(1, -38, 143)
(0, -38, 143)
(1, -39, 142)
(1, -39, 141)
(0, -38, 141)
(1, -38, 140)
(0, -37, 140)
(1, -37, 140)
(0, -36, 140)
(0, -36, 139)
(1, -37, 138)
(0, -37, 138)
(1, -38, 138)
(0, -38, 139)
(1, -39, 139)
(0, -39, 139)
(0, -39, 138)
(1, -40, 137)
(0, -40, 137)
(1, -41, 136)
(0, -41, 137)
(0, -41, 138)
(1, -41, 138)
(0, -40, 139)
(0, -40, 140)
(1, -40, 140)
(1, -40, 141)
(0, -40, 142)
(1, -41, 141)
(0, -41, 141)
(1, -42, 141)
(0, -42, 141)
(1, -43, 141)
(0, -43, 142)
(0, -43, 143)
(0, -43, 144)
(0, -43, 145)
(1, -44, 145)
(1, -44, 146)
(1, -44, 147)
(0, -43, 148)
(0, -43, 149)
(1, -43, 149)
(0, -42, 150)
(1, -42, 149)
(0, -41, 149)
(1, -41, 149)
(0, -40, 149)
(1, -40, 149)
(0, -39, 149)
(1, -39, 148)
(1, -39, 147)
(0, -38, 147)
(1, -38, 147)
(1, -38, 148)
(1, -38, 149)
(0, -38, 150)
(1, -39, 150)
(1, -39, 151)
(0, -39, 152)
(1, -40, 152)
(0, -40, 153)
(1, -41, 152)
(0, -41, 153)
(1, -42, 153)
(0, -42, 153)
(1, -43, 152)
(1, -43, 151)
(0, -43, 151)
(1, -44, 151)
(0, -44, 152)
(1, -45, 151)
(0, -45, 151)
(1, -46, 151)
(1, -46, 152)
(1, -46, 153)
(0, -45, 154)
(1, -45, 154)
(0, -44, 155)
(1, -44, 154)
(0, -43, 155)
(1, -43, 154)
(0, -42, 155)
(1, -42, 155)
(1, -42, 156)
(1, -42, 157)
(1, -42, 158)
(1, -42, 159)
(1, -42, 160)
(1, -42, 161)
(0, -42, 162)
(1, -43, 162)
(0, -43, 163)
(1, -44, 162)
(0, -44, 162)
(1, -45, 161)
(1, -45, 160)
(1, -45, 159)
(0, -44, 159)
(1, -44, 159)
(1, -44, 160)
(0, -43, 161)
(1, -43, 160)
(1, -43, 159)
(1, -43, 158)
(1, -43, 157)
(0, -43, 157)
(1, -44, 156)
(0, -44, 157)
(1, -45, 156)
(0, -45, 157)
(1, -46, 156)
(0, -46, 156)
(1, -47, 156)
(0, -47, 157)
(0, -47, 158)
(1, -47, 158)
(0, -46, 159)
(0, -46, 160)
(0, -46, 161)
(0, -46, 162)
(0, -46, 163)
(0, -46, 164)
(1, -46, 164)
(0, -45, 164)
(1, -45, 163)
(0, -44, 164)
(1, -44, 164)
(1, -44, 165)
(0, -43, 166)
(0, -43, 167)
(0, -43, 168)
(1, -44, 168)
(1, -44, 169)
(1, -44, 170)
(0, -43, 171)
(1, -43, 171)
(0, -42, 171)
(0, -42, 170)
(1, -42, 169)
(1, -42, 168)
(1, -42, 167)
(0, -42, 167)
(0, -42, 166)
(1, -42, 165)
(1, -42, 164)
(0, -41, 164)
(1, -41, 163)
(1, -41, 162)
(1, -41, 161)
(1, -41, 160)
(0, -40, 160)
(1, -40, 159)
(1, -40, 158)
(1, -40, 157)
(1, -40, 156)
(0, -39, 156)
(0, -39, 155)
(0, -39, 154)
(1, -39, 153)
(0, -38, 153)
(1, -38, 152)
(0, -37, 153)
(1, -37, 153)
(0, -36, 154)
(1, -36, 153)
(0, -35, 154)
(0, -35, 155)
(1, -35, 155)
(0, -34, 155)
(1, -34, 155)
(0, -33, 156)
(1, -33, 156)
(1, -33, 157)
(0, -32, 158)
(0, -32, 159)
(1, -32, 159)
(1, -32, 160)
(0, -31, 161)
(1, -31, 160)
(0, -30, 160)
(0, -30, 159)
(1, -31, 158)
(1, -31, 157)
(0, -30, 157)
(1, -30, 157)
(0, -29, 158)
(0, -29, 159)
(1, -29, 159)
(0, -28, 159)
(0, -28, 158)
(1, -28, 157)
(0, -27, 158)
(1, -27, 157)
(0, -26, 158)
(0, -26, 159)
(1, -27, 159)
(0, -27, 160)
(0, -27, 161)
(1, -28, 161)
(0, -28, 161)
(1, -29, 161)
(0, -29, 161)
(1, -30, 161)
(1, -30, 162)
(1, -30, 163)
(0, -29, 164)
(1, -29, 163)
(0, -28, 164)
(1, -28, 164)
(0, -27, 165)
(1, -27, 164)
(0, -26, 164)
(1, -26, 163)
(0, -25, 164)
(0, -25, 165)
(1, -25, 165)
(0, -24, 166)
(1, -24, 166)
(0, -23, 166)
(1, -23, 165)
(0, -22, 165)
(1, -22, 165)
(0, -21, 166)
(1, -21, 165)
(0, -20, 166)
(1, -20, 165)
(0, -19, 166)
(0, -19, 167)
(0, -19, 168)
(0, -19, 169)
(1, -20, 169)
(0, -20, 170)
(1, -21, 170)
(1, -21, 171)
(0, -21, 172)
(0, -21, 173)
(0, -21, 174)
(1, -21, 174)
(1, -21, 175)
(0, -21, 176)
(0, -21, 177)
(1, -22, 177)
(0, -22, 178)
(0, -22, 179)
(1, -22, 179)
(0, -21, 179)
(1, -21, 179)
(0, -20, 179)
(1, -20, 178)
(1, -20, 177)
(1, -20, 176)
(0, -19, 176)
(1, -19, 176)
(1, -19, 177)
(1, -19, 178)
(1, -19, 179)
(0, -19, 180)
(0, -19, 181)
(1, -19, 181)
(1, -19, 182)
(0, -18, 183)
(1, -18, 182)
(0, -17, 183)
(1, -17, 183)
(0, -16, 184)
(0, -16, 185)
(1, -17, 185)
(0, -17, 186)
(0, -17, 187)
(1, -18, 187)
(1, -18, 188)
(1, -18, 189)
(0, -17, 190)
(1, -17, 189)
(1, -17, 188)
(0, -16, 188)
(0, -16, 187)
(1, -16, 186)
(0, -15, 187)
(0, -15, 188)
(0, -15, 189)
(0, -15, 190)
(1, -15, 190)
(0, -14, 191)
(1, -14, 190)
(0, -13, 190)
(1, -13, 189)
(0, -12, 190)
(0, -12, 191)
(1, -12, 191)
(1, -12, 192)
(1, -12, 193)
(0, -12, 194)
(0, -12, 195)
(0, -12, 196)
(1, -12, 196)
(1, -12, 197)
(0, -12, 198)
(0, -12, 199)
(0, -12, 200)
(1, -13, 200)
(0, -13, 200)
(1, -14, 199)
(0, -14, 200)
(1, -15, 200)
(0, -15, 200)
(1, -16, 200)
(0, -16, 200)
(1, -17, 199)
(0, -17, 199)
(1, -18, 199)
(0, -18, 200)
(1, -19, 200)
(0, -19, 200)
(1, -20, 200)
(0, -20, 200)
(1, -21, 200)
(0, -21, 200)
(1, -22, 200)
(0, -22, 200)
(0, -22, 199)
(1, -22, 198)
(1, -22, 197)
(0, -22, 197)
(1, -23, 196)
(1, -23, 195)
(0, -23, 195)
(1, -24, 194)
(1, -24, 193)
(0, -23, 193)
(0, -23, 192)
(1, -24, 191)
(0, -24, 192)
(1, -25, 192)
(0, -25, 193)
(1, -26, 192)
(0, -26, 192)
(0, -26, 191)
(1, -26, 190)
(1, -26, 189)
(0, -25, 189)
(1, -25, 189)
(0, -24, 189)
(1, -24, 189)
(0, -23, 190)
(1, -23, 190)
(0, -22, 190)
(1, -22, 189)
(0, -21, 189)
(0, -21, 188)
(0, -21, 187)
(1, -21, 186)
(0, -20, 187)
(1, -20, 186)
(0, -19, 186)
(0, -19, 185)
(0, -19, 184)
(1, -20, 183)
(0, -20, 184)
(1, -21, 183)
(0, -21, 183)
(0, -21, 182)
(1, -22, 181)
(0, -22, 182)
(1, -23, 181)
(1, -23, 180)
(0, -23, 180)
(0, -23, 179)
(0, -23, 178)
(0, -23, 177)
(1, -24, 176)
(0, -24, 176)
(1, -25, 176)
(0, -25, 177)
(1, -26, 177)
(0, -26, 178)
(1, -27, 177)
(0, -27, 177)
(0, -27, 176)
(1, -28, 175)
(1, -28, 174)
(0, -27, 174)
(0, -27, 173)
(0, -27, 172)
(0, -27, 171)
(1, -27, 170)
(0, -26, 170)
(1, -26, 170)
(0, -25, 171)
(1, -25, 171)
(0, -24, 172)
(1, -24, 172)
(1, -24, 173)
(0, -23, 174)
(1, -23, 173)
(0, -22, 173)
(0, -22, 172)
(0, -22, 171)
(1, -22, 170)
(1, -22, 169)
(1, -22, 168)
(0, -22, 168)
(1, -23, 168)
(0, -23, 169)
(1, -24, 168)
(0, -24, 168)
(1, -25, 167)
(0, -25, 167)
(1, -26, 166)
(0, -26, 167)
(0, -26, 168)
(1, -27, 168)
(0, -27, 168)
(1, -28, 167)
(0, -28, 167)
(1, -29, 166)
(0, -29, 167)
(1, -30, 167)
(0, -30, 168)
(1, -31, 168)
(1, -31, 169)
(0, -31, 170)
(0, -31, 171)
(1, -32, 171)
(1, -32, 172)
(0, -31, 173)
(1, -31, 173)
(1, -31, 174)
(0, -31, 175)
(0, -31, 176)
(1, -31, 176)
(0, -30, 177)
(1, -30, 177)
(1, -30, 178)
(0, -30, 179)
(1, -31, 179)
(0, -31, 180)
(0, -31, 181)
(1, -32, 181)
(0, -32, 182)
(0, -32, 183)
(1, -32, 183)
(1, -32, 184)
(0, -31, 185)
(1, -31, 184)
(1, -31, 183)
(1, -31, 182)
(0, -30, 182)
(1, -30, 181)
(1, -30, 180)
(0, -29, 180)
(1, -29, 180)
(0, -28, 181)
(1, -28, 181)
(0, -27, 181)
(0, -27, 180)
(1, -27, 179)
(0, -26, 180)
(0, -26, 181)
(1, -26, 181)
(0, -25, 181)
(1, -25, 181)
(0, -24, 181)
(1, -24, 181)
(1, -24, 182)
(0, -23, 183)
(0, -23, 184)
(1, -24, 184)
(1, -24, 185)
(0, -24, 186)
(1, -25, 186)
(0, -25, 187)
(1, -26, 186)
(1, -26, 185)
(0, -26, 185)
(1, -27, 184)
(0, -27, 184)
(1, -28, 184)
(0, -28, 185)
(1, -29, 185)
(0, -29, 186)
(1, -30, 186)
(1, -30, 187)
(0, -29, 188)
(0, -29, 189)
(1, -30, 189)
(1, -30, 190)
(0, -30, 191)
(1, -31, 190)
(1, -31, 189)
(0, -31, 189)
(0, -31, 188)
(1, -32, 187)
(0, -32, 187)
(1, -33, 187)
(0, -33, 187)
(1, -34, 187)
(0, -34, 187)
(0, -34, 186)
(1, -35, 185)
(0, -35, 186)
(0, -35, 187)
(0, -35, 188)
(1, -36, 188)
(1, -36, 189)
(1, -36, 190)
(0, -35, 191)
(0, -35, 192)
(0, -35, 193)
(0, -35, 194)
(0, -35, 195)
(0, -35, 196)
(1, -36, 196)
(0, -36, 197)
(0, -36, 198)
(1, -37, 198)
(1, -37, 199)
(0, -37, 200)
(1, -38, 199)
(0, -38, 199)
(0, -38, 198)
(1, -39, 197)
(0, -39, 198)
(0, -39, 199)
(1, -40, 199)
(0, -40, 200)
(1, -41, 200)
(0, -41, 200)
(0, -41, 199)
(0, -41, 198)
(1, -42, 197)
(1, -42, 196)
(0, -42, 196)
(0, -42, 195)
(1, -42, 194)
(0, -41, 195)
(1, -41, 195)
(0, -40, 196)
(1, -40, 195)
(1, -40, 194)
(0, -39, 194)
(1, -39, 194)
(1, -39, 195)
(0, -38, 196)
(1, -38, 195)
(0, -37, 195)
(1, -37, 195)
(0, -36, 195)
(0, -36, 194)
(1, -37, 193)
(0, -37, 193)
(0, -37, 192)
(0, -37, 191)
(0, -37, 190)
(1, -37, 189)
(1, -37, 188)
(0, -37, 188)
(1, -38, 188)
(0, -38, 188)
(0, -38, 187)
(1, -38, 186)
(1, -38, 185)
(0, -38, 185)
(1, -39, 184)
(0, -39, 184)
(1, -40, 183)
(0, -40, 183)
(1, -41, 182)
(1, -41, 181)
(1, -41, 180)
(0, -40, 180)
(0, -40, 179)
(0, -40, 178)
(1, -41, 177)
(0, -41, 177)
(1, -42, 176)
(0, -42, 177)
(0, -42, 178)
(0, -42, 179)
(0, -42, 180)
(0, -42, 181)
(1, -42, 181)
(1, -42, 182)
(1, -42, 183)
(1, -42, 184)
(0, -41, 185)
(0, -41, 186)
(1, -42, 186)
(0, -42, 186)
(1, -43, 185)
(0, -43, 186)
(0, -43, 187)
(0, -43, 188)
(0, -43, 189)
(1, -44, 189)
(1, -44, 190)
(0, -43, 191)
(0, -43, 192)
(1, -44, 192)
(1, -44, 193)
(0, -44, 194)
(0, -44, 195)
(1, -44, 195)
(1, -44, 196)
(0, -43, 197)
(1, -43, 197)
(1, -43, 198)
(0, -43, 199)
(0, -43, 200)
(1, -44, 200)
(0, -44, 200)
(1, -45, 200)
(0, -45, 200)
(1, -46, 199)
(1, -46, 198)
(0, -45, 198)
(1, -45, 197)
(1, -45, 196)
(0, -45, 196)
(0, -45, 195)
(1, -46, 194)
(1, -46, 193)
(0, -45, 193)
(0, -45, 192)
(1, -45, 191)
(1, -45, 190)
(0, -45, 190)
(0, -45, 189)
(0, -45, 188)
(1, -45, 187)
(1, -45, 186)
(0, -45, 186)
(1, -46, 185)
(0, -46, 186)
(1, -47, 186)
(0, -47, 186)
(0, -47, 185)
(0, -47, 184)
(1, -47, 183)
(0, -46, 183)
(0, -46, 182)
(0, -46, 181)
(1, -46, 180)
(1, -46, 179)
(0, -46, 179)
(1, -47, 178)
(0, -47, 178)
(1, -48, 177)
(0, -48, 178)
(1, -49, 178)
(0, -49, 179)
(1, -50, 179)
(0, -50, 179)
(0, -50, 178)
(0, -50, 177)
(0, -50, 176)
(0, -50, 175)
(1, -50, 174)
(1, -50, 173)
(0, -50, 173)
(1, -51, 172)
(0, -51, 172)
(1, -52, 172)
(1, -52, 173)
(1, -52, 174)
(0, -51, 175)
(0, -51, 176)
(0, -51, 177)
(0, -51, 178)
(1, -52, 178)
(0, -52, 179)
(0, -52, 180)
(1, -52, 180)
(1, -52, 181)
(0, -51, 182)
(0, -51, 183)
(0, -51, 184)
(1, -52, 184)
(0, -52, 184)
(1, -53, 184)
(0, -53, 184)
(0, -53, 183)
(0, -53, 182)
(0, -53, 181)
(0, -53, 180)
(1, -54, 179)
(0, -54, 179)
(0, -54, 178)
(0, -54, 177)
(0, -54, 176)
(1, -55, 175)
(0, -55, 175)
(1, -56, 174)
(0, -56, 175)
(1, -57, 174)
(0, -57, 175)
(1, -58, 175)
(1, -58, 176)
(1, -58, 177)
(0, -57, 178)
(0, -57, 179)
(0, -57, 180)
(1, -57, 180)
(0, -56, 181)
(1, -56, 181)
(0, -55, 181)
(1, -55, 181)
(0, -54, 182)
(0, -54, 183)
(1, -55, 183)
(0, -55, 183)
(1, -56, 183)
(0, -56, 183)
(1, -57, 182)
(0, -57, 183)
(0, -57, 184)
(1, -57, 184)
(1, -57, 185)
(1, -57, 186)
(1, -57, 187)
(0, -57, 188)
(1, -58, 188)
(1, -58, 189)
(0, -57, 190)
(1, -57, 190)
(0, -56, 191)
(0, -56, 192)
(1, -57, 192)
(0, -57, 192)
(1, -58, 192)
(0, -58, 192)
(1, -59, 191)
(0, -59, 191)
(0, -59, 190)
(1, -60, 189)
(0, -60, 190)
(0, -60, 191)
(1, -61, 191)
(1, -61, 192)
(0, -61, 193)
(0, -61, 194)
(1, -62, 194)
(0, -62, 194)
(1, -63, 194)
(1, -63, 195)
(0, -62, 196)
(0, -62, 197)
(0, -62, 198)
(1, -62, 198)
(0, -61, 199)
(0, -61, 200)
(1, -62, 200)
(0, -62, 200)
(1, -63, 200)
(0, -63, 200)
(0, -63, 199)
(0, -63, 198)
(1, -64, 197)
(0, -64, 197)
(1, -65, 197)
(0, -65, 197)
(1, -66, 197)
(0, -66, 198)
(1, -67, 197)
(1, -67, 196)
(0, -67, 196)
(0, -67, 195)
(1, -68, 194)
(0, -68, 195)
(1, -69, 194)
(1, -69, 193)
(0, -69, 193)
(0, -69, 192)
(1, -69, 191)
(0, -68, 191)
(1, -68, 190)
(0, -67, 190)
(0, -67, 189)
(0, -67, 188)
(1, -67, 187)
(0, -66, 188)
(0, -66, 189)
(0, -66, 190)
(1, -66, 190)
(0, -65, 190)
(0, -65, 189)
(0, -65, 188)
(0, -65, 187)
(1, -65, 186)
(0, -64, 186)
(0, -64, 185)
(1, -65, 184)
(1, -65, 183)
(0, -65, 183)
(1, -66, 183)
(0, -66, 183)
(0, -66, 182)
(1, -66, 181)
(1, -66, 180)
(0, -65, 180)
(1, -65, 179)
(1, -65, 178)
(0, -64, 178)
(1, -64, 178)
(0, -63, 179)
(1, -63, 179)
(1, -63, 180)
(0, -62, 181)
(0, -62, 182)
(1, -63, 182)
(1, -63, 183)
(1, -63, 184)
(0, -63, 185)
(0, -63, 186)
(0, -63, 187)
(1, -64, 187)
(0, -64, 188)
(0, -64, 189)
(1, -64, 189)
(0, -63, 189)
(1, -63, 189)
(0, -62, 190)
(1, -62, 189)
(0, -61, 189)
(0, -61, 188)
(1, -62, 187)
(0, -62, 187)
(0, -62, 186)
(1, -62, 185)
(1, -62, 184)
(0, -61, 184)
(1, -61, 184)
(0, -60, 184)
(1, -60, 183)
(1, -60, 182)
(1, -60, 181)
(1, -60, 180)
(0, -60, 180)
(1, -61, 179)
(1, -61, 178)
(1, -61, 177)
(0, -60, 177)
(0, -60, 176)
(1, -60, 175)
(0, -59, 175)
(0, -59, 174)
(1, -60, 173)
(1, -60, 172)
(1, -60, 171)
(0, -60, 171)
(0, -60, 170)
(1, -60, 169)
(1, -60, 168)
(0, -59, 168)
(1, -59, 167)
(0, -58, 168)
(0, -58, 169)
(0, -58, 170)
(1, -58, 170)
(0, -57, 170)
(1, -57, 170)
(0, -56, 171)
(1, -56, 171)
(1, -56, 172)
(0, -55, 173)
(1, -55, 173)
(0, -54, 174)
(1, -54, 174)
(0, -53, 174)
(0, -53, 173)
(1, -54, 172)
(1, -54, 171)
(1, -54, 170)
(0, -53, 170)
(1, -53, 169)
(0, -52, 170)
(1, -52, 169)
(0, -51, 170)
(1, -51, 169)
(0, -50, 170)
(1, -50, 170)
(1, -50, 171)
(0, -49, 172)
(1, -49, 172)
(1, -49, 173)
(1, -49, 174)
(0, -48, 175)
(1, -48, 175)
(0, -47, 175)
(0, -47, 174)
(0, -47, 173)
(0, -47, 172)
(1, -48, 171)
(1, -48, 170)
(1, -48, 169)
(0, -48, 169)
(1, -49, 168)
(0, -49, 168)
(1, -50, 167)
(0, -50, 168)
(1, -51, 167)
(0, -51, 167)
(1, -52, 166)
(0, -52, 166)
(1, -53, 165)
(0, -53, 165)
(1, -54, 165)
(1, -54, 166)
(0, -54, 167)
(1, -55, 166)
(1, -55, 165)
(1, -55, 164)
(1, -55, 163)
(0, -55, 163)
(1, -56, 163)
(1, -56, 164)
(0, -56, 165)
(1, -57, 164)
(1, -57, 163)
(0, -57, 163)
(1, -58, 163)
(0, -58, 163)
(1, -59, 163)
(1, -59, 164)
(0, -59, 165)
(0, -59, 166)
(1, -60, 166)
(0, -60, 167)
(1, -61, 166)
(0, -61, 167)
(1, -62, 167)
(0, -62, 168)
(1, -63, 167)
(1, -63, 166)
(0, -62, 166)
(0, -62, 165)
(0, -62, 164)
(1, -62, 163)
(0, -61, 163)
(1, -61, 163)
(0, -60, 163)
(0, -60, 162)
(1, -61, 161)
(1, -61, 160)
(0, -61, 160)
(1, -62, 159)
(0, -62, 160)
(1, -63, 159)
(0, -63, 159)
(1, -64, 158)
(0, -64, 158)
(0, -64, 157)
(1, -64, 156)
(0, -63, 156)
(1, -63, 155)
(0, -62, 156)
(1, -62, 155)
(0, -61, 155)
(1, -61, 154)
(0, -60, 154)
(1, -60, 153)
(0, -59, 154)
(1, -59, 154)
(0, -58, 154)
(1, -58, 154)
(1, -58, 155)
(1, -58, 156)
(0, -57, 157)
(1, -57, 157)
(0, -56, 157)
(0, -56, 156)
(0, -56, 155)
(1, -57, 154)
(1, -57, 153)
(0, -57, 153)
(1, -58, 152)
(1, -58, 151)
(0, -57, 151)
(1, -57, 150)
(0, -56, 151)
(1, -56, 151)
(0, -55, 151)
(1, -55, 151)
(0, -54, 151)
(0, -54, 150)
(1, -55, 149)
(0, -55, 149)
(1, -56, 148)
(0, -56, 148)
(1, -57, 147)
(0, -57, 148)
(1, -58, 148)
(1, -58, 149)
(0, -58, 150)
(1, -59, 150)
(1, -59, 151)
(0, -59, 152)
(1, -60, 151)
(1, -60, 150)
(1, -60, 149)
(0, -59, 149)
(1, -59, 148)
(1, -59, 147)
(0, -58, 147)
(0, -58, 146)
(0, -58, 145)
(1, -58, 144)
(1, -58, 143)
(0, -58, 143)
(1, -59, 142)
(0, -59, 143)
(0, -59, 144)
(0, -59, 145)
(1, -60, 145)
(1, -60, 146)
(1, -60, 147)
(0, -60, 148)
(1, -61, 147)
(1, -61, 146)
(0, -61, 146)
(1, -62, 145)
(0, -62, 146)
(1, -63, 145)
(1, -63, 144)
(0, -62, 144)
(1, -62, 143)
(0, -61, 143)
(0, -61, 142)
(0, -61, 141)
(1, -61, 140)
(1, -61, 139)
(1, -61, 138)
(0, -61, 138)
(1, -62, 137)
(0, -62, 137)
(0, -62, 136)
(1, -62, 135)
(1, -62, 134)
(0, -61, 134)
(1, -61, 134)
(0, -60, 135)
(0, -60, 136)
(1, -60, 136)
(0, -59, 137)
(1, -59, 137)
(0, -58, 137)
(1, -58, 136)
(0, -57, 136)
(1, -57, 136)
(0, -56, 137)
(1, -56, 137)
(1, -56, 138)
(0, -55, 139)
(1, -55, 139)
(0, -54, 140)
(1, -54, 140)
(0, -53, 141)
(1, -53, 141)
(0, -52, 141)
(1, -52, 141)
(1, -52, 142)
(0, -52, 143)
(0, -52, 144)
(1, -53, 144)
(0, -53, 145)
(0, -53, 146)
(1, -54, 146)
(1, -54, 147)
(0, -53, 148)
(1, -53, 148)
(0, -52, 148)
(1, -52, 148)
(0, -51, 149)
(0, -51, 150)
(0, -51, 151)
(0, -51, 152)
(0, -51, 153)
(0, -51, 154)
(0, -51, 155)
(1, -51, 155)
(1, -51, 156)
(1, -51, 157)
(0, -51, 158)
(0, -51, 159)
(0, -51, 160)
(1, -52, 160)
(0, -52, 161)
(1, -53, 160)
(1, -53, 159)
(0, -53, 159)
(1, -54, 159)
(1, -54, 160)
(0, -54, 161)
(0, -54, 162)
(1, -54, 162)
(0, -53, 162)
(1, -53, 162)
(0, -52, 163)
(0, -52, 164)
(1, -52, 164)
(0, -51, 164)
(1, -51, 164)
(0, -50, 165)
(1, -50, 165)
(0, -49, 165)
(1, -49, 165)
(1, -49, 166)
(0, -48, 167)
(1, -48, 167)
(0, -47, 167)
(0, -47, 166)
(1, -48, 165)
(1, -48, 164)
(0, -48, 164)
(0, -48, 163)
(1, -49, 162)
(0, -49, 162)
(0, -49, 161)
(1, -49, 160)
(0, -48, 161)
(1, -48, 161)
(0, -47, 161)
(0, -47, 160)
(1, -48, 159)
(0, -48, 159)
(0, -48, 158)
(1, -49, 157)
(0, -49, 158)
(1, -50, 157)
(1, -50, 156)
(0, -49, 156)
(0, -49, 155)
(1, -50, 154)
(1, -50, 153)
(1, -50, 152)
(0, -49, 152)
(0, -49, 151)
(1, -49, 150)
(0, -48, 150)
(1, -48, 149)
(0, -47, 150)
(1, -47, 149)
(0, -46, 149)
(1, -46, 149)
(0, -45, 149)
(0, -45, 148)
(0, -45, 147)
(0, -45, 146)
(1, -45, 145)
(1, -45, 144)
(0, -44, 144)
(0, -44, 143)
(1, -45, 142)
(1, -45, 141)
(0, -45, 141)
(1, -46, 140)
(0, -46, 141)
(1, -47, 140)
(1, -47, 139)
(1, -47, 138)
(1, -47, 137)
(1, -47, 136)
(1, -47, 135)
(1, -47, 134)
(0, -46, 134)
(1, -46, 134)
(0, -45, 135)
(1, -45, 134)
(0, -44, 134)
(1, -44, 134)
(0, -43, 135)
(1, -43, 134)
(0, -42, 135)
(1, -42, 134)
(0, -41, 134)
(1, -41, 134)
(0, -40, 134)
(0, -40, 133)
(1, -41, 132)
(1, -41, 131)
(1, -41, 130)
(0, -41, 130)
(1, -42, 129)
(0, -42, 130)
(1, -43, 129)
(0, -43, 130)
(1, -44, 129)
(0, -44, 129)
(0, -44, 128)
(1, -45, 127)
(0, -45, 128)
(1, -46, 128)
(0, -46, 128)
(1, -47, 127)
(1, -47, 126)
(1, -47, 125)
(0, -47, 125)
(0, -47, 124)
(0, -47, 123)
(1, -48, 122)
(1, -48, 121)
(1, -48, 120)
(0, -47, 120)
(1, -47, 120)
(0, -46, 121)
(0, -46, 122)
(1, -46, 122)
(0, -45, 122)
(1, -45, 121)
(1, -45, 120)
(0, -45, 120)
(1, -46, 119)
(1, -46, 118)
(0, -46, 118)
(1, -47, 117)
(0, -47, 117)
(1, -48, 117)
(0, -48, 117)
(0, -48, 116)
(1, -49, 115)
(0, -49, 115)
(1, -50, 115)
(1, -50, 116)
(1, -50, 117)
(1, -50, 118)
(0, -50, 119)
(1, -51, 119)
(0, -51, 119)
(1, -52, 118)
(1, -52, 117)
(1, -52, 116)
(1, -52, 115)
(0, -51, 115)
(1, -51, 114)
(0, -50, 114)
(0, -50, 113)
(1, -50, 112)
(0, -49, 113)
(1, -49, 112)
(1, -49, 111)
(1, -49, 110)
(0, -49, 110)
(0, -49, 109)
(1, -49, 108)
(0, -48, 109)
(1, -48, 108)
(0, -47, 108)
(1, -47, 107)
(0, -46, 107)
(0, -46, 106)
(1, -46, 105)
(0, -45, 106)
(0, -45, 107)
(0, -45, 108)
(1, -46, 108)
(1, -46, 109)
(1, -46, 110)
(0, -46, 111)
(1, -47, 110)
(0, -47, 110)
(1, -48, 110)
(1, -48, 111)
(0, -47, 112)
(1, -47, 112)
(0, -46, 113)
(1, -46, 113)
(0, -45, 114)
(1, -45, 113)
(1, -45, 112)
(1, -45, 111)
(0, -44, 111)
(1, -44, 110)
(1, -44, 109)
(1, -44, 108)
(1, -44, 107)
(1, -44, 106)
(1, -44, 105)
(0, -43, 105)
(0, -43, 104)
(1, -43, 103)
(0, -42, 104)
(0, -42, 105)
(0, -42, 106)
(1, -43, 106)
(1, -43, 107)
(0, -42, 108)
(1, -42, 107)
(0, -41, 107)
(1, -41, 106)
(0, -40, 107)
(1, -40, 107)
(0, -39, 107)
(1, -39, 107)
(0, -38, 108)
(1, -38, 107)
(0, -37, 108)
(1, -37, 107)
(1, -37, 106)
(1, -37, 105)
(1, -37, 104)
(1, -37, 103)
(1, -37, 102)
(0, -36, 102)
(1, -36, 102)
(0, -35, 102)
(0, -35, 101)
(1, -35, 100)
(0, -34, 101)
(1, -34, 100)
(0, -33, 100)
(1, -33, 99)
(0, -32, 100)
(1, -32, 100)
(0, -31, 101)
(1, -31, 100)
(0, -30, 100)
(1, -30, 100)
(0, -29, 100)
(0, -29, 99)
(0, -29, 98)
(1, -30, 97)
(0, -30, 97)
(0, -30, 96)
(0, -30, 95)
(0, -30, 94)
(0, -30, 93)
(1, -30, 92)
(1, -30, 91)
(0, -29, 91)
(1, -29, 91)
(0, -28, 91)
(0, -28, 90)
(1, -28, 89)
(0, -27, 90)
(1, -27, 90)
(0, -26, 91)
(0, -26, 92)
(0, -26, 93)
(1, -26, 93)
(0, -25, 93)
(1, -25, 92)
(0, -24, 93)
(0, -24, 94)
(1, -25, 94)
(1, -25, 95)
(0, -25, 96)
(1, -26, 96)
(0, -26, 96)
(1, -27, 95)
(0, -27, 95)
(1, -28, 94)
(0, -28, 94)
(1, -29, 94)
(0, -29, 95)
(0, -29, 96)
(1, -29, 96)
(0, -28, 97)
(1, -28, 97)
(0, -27, 98)
(1, -27, 98)
(0, -26, 98)
(1, -26, 98)
(0, -25, 99)
(1, -25, 99)
(0, -24, 99)
(1, -24, 98)
(1, -24, 97)
(0, -23, 97)
(1, -23, 96)
(1, -23, 95)
(0, -23, 95)
(0, -23, 94)
(1, -23, 93)
(0, -22, 93)
(1, -22, 93)
(0, -21, 94)
(0, -21, 95)
(1, -22, 95)
(1, -22, 96)
(1, -22, 97)
(0, -21, 98)
(0, -21, 99)
(0, -21, 100)
(0, -21, 101)
(1, -21, 101)
(0, -20, 101)
(1, -20, 101)
(1, -20, 102)
(0, -19, 103)
(0, -19, 104)
(0, -19, 105)
(1, -20, 105)
(1, -20, 106)
(1, -20, 107)
(1, -20, 108)
(0, -19, 109)
(1, -19, 109)
(0, -18, 109)
(1, -18, 109)
(0, -17, 109)
(0, -17, 108)
(0, -17, 107)
(0, -17, 106)
(1, -18, 105)
(0, -18, 105)
(0, -18, 104)
(0, -18, 103)
(0, -18, 102)
(1, -19, 101)
(1, -19, 100)
(1, -19, 99)
(1, -19, 98)
(0, -18, 98)
(0, -18, 97)
(0, -18, 96)
(1, -18, 95)
(0, -17, 96)
(1, -17, 95)
(1, -17, 94)
(0, -17, 94)
(0, -17, 93)
(1, -18, 92)
(0, -18, 93)
(1, -19, 93)
(1, -19, 94)
(0, -19, 95)
(1, -20, 94)
(0, -20, 94)
(0, -20, 93)
(0, -20, 92)
(1, -20, 91)
(1, -20, 90)
(0, -20, 90)
(1, -21, 89)
(1, -21, 88)
(0, -21, 88)
(0, -21, 87)
(1, -21, 86)
(1, -21, 85)
(0, -21, 85)
(0, -21, 84)
(1, -22, 83)
(0, -22, 83)
(1, -23, 82)
(0, -23, 82)
(1, -24, 81)
(1, -24, 80)
(1, -24, 79)
(0, -23, 79)
(1, -23, 78)
(0, -22, 78)
(0, -22, 77)
(1, -22, 76)
(1, -22, 75)
(0, -21, 75)
(0, -21, 74)
(1, -21, 73)
(0, -20, 73)
(1, -20, 73)
(0, -19, 74)
(0, -19, 75)
(1, -19, 75)
(1, -19, 76)
(0, -18, 77)
(0, -18, 78)
(1, -18, 78)
(0, -17, 78)
(0, -17, 77)
(1, -17, 76)
(0, -16, 77)
(1, -16, 76)
(0, -15, 76)
(0, -15, 75)
(0, -15, 74)
(1, -15, 73)
(0, -14, 74)
(1, -14, 73)
(0, -13, 73)
(1, -13, 73)
(0, -12, 73)
(1, -12, 72)
(0, -11, 73)
(1, -11, 73)
(0, -10, 73)
(0, -10, 72)
(0, -10, 71)
(1, -10, 70)
(0, -9, 70)
(0, -9, 69)
(0, -9, 68)
(1, -9, 67)
(0, -8, 68)
(0, -8, 69)
(1, -8, 69)
(0, -7, 69)
(1, -7, 69)
(1, -7, 70)
(0, -6, 71)
(0, -6, 72)
(1, -7, 72)
(0, -7, 72)
(1, -8, 72)
(1, -8, 73)
(0, -8, 74)
(0, -8, 75)
(1, -8, 75)
(0, -7, 76)
(0, -7, 77)
(1, -8, 77)
(1, -8, 78)
(0, -7, 79)
(1, -7, 78)
(0, -6, 79)
(0, -6, 80)
(1, -6, 80)
(0, -5, 81)
(1, -5, 80)
(0, -4, 80)
(1, -4, 79)
(0, -3, 80)
(0, -3, 81)
(1, -3, 81)
(0, -2, 81)
(1, -2, 81)
(0, -1, 81)
(1, -1, 80)
(1, -1, 79)
(0, -1, 79)
(1, -2, 78)
(0, -2, 78)
(1, -3, 77)
(0, -3, 77)
(1, -4, 77)
(0, -4, 77)
(1, -5, 77)
(0, -5, 77)
(1, -6, 76)
(1, -6, 75)
(1, -6, 74)
(0, -5, 74)
(1, -5, 73)
(1, -5, 72)
(1, -5, 71)
(0, -4, 71)
(1, -4, 71)
(1, -4, 72)
(0, -3, 73)
(1, -3, 73)
(0, -2, 73)
(0, -2, 72)
(1, -3, 71)
(1, -3, 70)
(0, -3, 70)
(1, -4, 69)
(1, -4, 68)
(1, -4, 67)
(0, -4, 67)
(0, -4, 66)
(1, -4, 65)
(0, -3, 66)
(1, -3, 65)
(0, -2, 65)
(0, -2, 64)
(1, -2, 63)
(0, -1, 63)
(1, -1, 63)
(0, 0, 64)
(0, 0, 65)
(1, 0, 65)
(0, 1, 66)
(0, 1, 67)
(1, 1, 67)
(0, 2, 67)
(0, 2, 66)
(0, 2, 65)
(1, 2, 64)
(1, 2, 63)
(1, 2, 62)
(1, 2, 61)
(0, 2, 61)
(0, 2, 60)
(1, 1, 59)
(0, 1, 59)
(0, 1, 58)
(0, 1, 57)
(1, 0, 56)
(0, 0, 56)
(1, -1, 55)
(0, -1, 55)
(1, -2, 55)
(1, -2, 56)
(0, -1, 57)
(1, -1, 57)
(0, 0, 58)
(0, 0, 59)
(1, -1, 59)
(0, -1, 59)
(1, -2, 58)
(0, -2, 59)
(0, -2, 60)
(1, -2, 60)
(1, -2, 61)
(0, -2, 62)
(1, -3, 62)
(0, -3, 62)
(1, -4, 62)
(0, -4, 63)
(0, -4, 64)
(1, -5, 64)
(0, -5, 65)
(0, -5, 66)
(0, -5, 67)
(1, -6, 67)
(0, -6, 67)
(1, -7, 66)
(1, -7, 65)
(1, -7, 64)
(0, -7, 64)
(0, -7, 63)
(0, -7, 62)
(1, -7, 61)
(0, -6, 61)
(0, -6, 60)
(0, -6, 59)
(1, -6, 58)
(1, -6, 57)
(0, -5, 57)
(1, -5, 57)
(1, -5, 58)
(0, -4, 59)
(1, -4, 59)
(0, -3, 59)
(0, -3, 58)
(1, -3, 57)
(1, -3, 56)
(0, -3, 56)
(1, -4, 56)
(0, -4, 56)
(1, -5, 55)
(0, -5, 55)
(1, -6, 54)
(1, -6, 53)
(0, -6, 53)
(0, -6, 52)
(1, -6, 51)
(0, -5, 52)
(1, -5, 51)
(0, -4, 52)
(1, -4, 51)
(0, -3, 52)
(0, -3, 53)
(0, -3, 54)
(1, -3, 54)
(0, -2, 54)
(1, -2, 53)
(1, -2, 52)
(0, -2, 52)
(0, -2, 51)
(1, -2, 50)
(1, -2, 49)
(0, -1, 49)
(1, -1, 49)
(1, -1, 50)
(1, -1, 51)
(1, -1, 52)
(0, 0, 53)
(1, 0, 52)
(0, 1, 53)
(0, 1, 54)
(1, 1, 54)
(0, 2, 55)
(1, 2, 54)
(0, 3, 55)
(0, 3, 56)
(1, 2, 56)
(0, 2, 57)
(0, 2, 58)
(1, 2, 58)
(0, 3, 58)
(1, 3, 57)
(0, 4, 58)
(1, 4, 57)
(1, 4, 56)
(0, 4, 56)
(0, 4, 55)
(1, 4, 54)
(0, 5, 55)
(1, 5, 55)
(1, 5, 56)
(0, 6, 57)
(0, 6, 58)
(0, 6, 59)
(0, 6, 60)
(1, 6, 60)
(1, 6, 61)
(1, 6, 62)
(0, 7, 63)
(1, 7, 63)
(0, 8, 64)
(1, 8, 64)
(0, 9, 65)
(1, 9, 64)
(0, 10, 64)
(1, 10, 63)
(0, 11, 64)
(1, 11, 63)
(1, 11, 62)
(0, 11, 62)
(0, 11, 61)
(0, 11, 60)
(1, 11, 59)
(1, 11, 58)
(1, 11, 57)
(1, 11, 56)
(0, 12, 56)
(1, 12, 55)
(0, 13, 55)
(0, 13, 54)
(1, 12, 53)
(1, 12, 52)
(0, 13, 52)
(1, 13, 51)
(1, 13, 50)
(0, 13, 50)
(1, 12, 49)
(1, 12, 48)
(0, 13, 48)
(1, 13, 47)
(0, 14, 47)
(1, 14, 47)
(0, 15, 47)
(0, 15, 46)
(1, 14, 45)
(1, 14, 44)
(0, 15, 44)
(0, 15, 43)
(0, 15, 42)
(1, 14, 41)
(1, 14, 40)
(1, 14, 39)
(0, 15, 39)
(1, 15, 38)
(0, 16, 39)
(1, 16, 38)
(1, 16, 37)
(0, 16, 37)
(1, 15, 36)
(1, 15, 35)
(0, 15, 35)
(1, 14, 34)
(1, 14, 33)
(0, 15, 33)
(0, 15, 32)
(1, 15, 31)
(0, 16, 32)
(1, 16, 32)
(0, 17, 33)
(1, 17, 32)
(0, 18, 33)
(1, 18, 33)
(0, 19, 33)
(0, 19, 32)
(0, 19, 31)
(1, 18, 30)
(1, 18, 29)
(1, 18, 28)
(0, 19, 28)
(1, 19, 27)
(0, 20, 27)
(1, 20, 26)
(0, 21, 26)
(1, 21, 25)
(0, 22, 25)
(0, 22, 24)
(1, 21, 23)
(0, 21, 24)
(1, 20, 24)
(0, 20, 25)
(1, 19, 25)
(0, 19, 26)
(1, 18, 25)
(1, 18, 24)
(1, 18, 23)
(0, 19, 23)
(1, 19, 23)
(0, 20, 23)
(1, 20, 22)
(1, 20, 21)
(0, 20, 21)
(1, 19, 21)
(0, 19, 21)
(1, 18, 21)
(0, 18, 21)
(0, 18, 20)
(0, 18, 19)
(1, 18, 18)
(0, 19, 19)
(1, 19, 18)
(0, 20, 18)
(1, 20, 17)
(0, 21, 18)
(1, 21, 17)
(0, 22, 17)
(1, 22, 17)
(0, 23, 18)
(1, 23, 17)
(0, 24, 17)
(1, 24, 17)
(0, 25, 17)
(0, 25, 16)
(1, 25, 15)
(1, 25, 14)
(0, 26, 14)
(0, 26, 13)
(0, 26, 12)
(1, 25, 11)
(1, 25, 10)
(0, 25, 10)
(1, 24, 9)
(1, 24, 8)
(1, 24, 7)
(1, 24, 6)
(0, 24, 6)
(0, 24, 5)
(1, 23, 4)
(0, 23, 5)
(0, 23, 6)
(0, 23, 7)
(1, 22, 7)
(0, 22, 8)
(0, 22, 9)
(1, 21, 9)
(0, 21, 10)
(0, 21, 11)
(0, 21, 12)
(1, 20, 12)
(0, 20, 12)
(1, 19, 11)
(1, 19, 10)
(1, 19, 9)
(0, 20, 9)
(1, 20, 8)
(1, 20, 7)
(1, 20, 6)
(0, 21, 6)
(1, 21, 5)
(1, 21, 4)
(0, 22, 4)
(0, 22, 3)
(0, 22, 2)
(1, 22, 1)
(0, 23, 1)
(0, 23, 0)
(1, 22, -1)
(1, 22, -2)
(0, 22, -2)
(1, 21, -2)
(1, 21, -1)
(1, 21, 0)
(0, 21, 1)
(0, 21, 2)
(0, 21, 3)
(1, 20, 3)
(1, 20, 4)
(0, 20, 5)
(1, 19, 4)
(0, 19, 4)
(1, 18, 3)
(0, 18, 4)
(1, 17, 4)
(0, 17, 5)
(0, 17, 6)
(1, 17, 6)
(1, 17, 7)
(0, 18, 8)
(1, 18, 8)
(1, 18, 9)
(1, 18, 10)
(1, 18, 11)
(0, 18, 12)
(1, 17, 11)
(0, 17, 12)
(0, 17, 13)
(1, 16, 13)
(0, 16, 13)
(1, 15, 13)
(1, 15, 14)
(1, 15, 15)
(1, 15, 16)
(1, 15, 17)
(1, 15, 18)
(0, 15, 19)
(1, 14, 19)
(0, 14, 19)
(0, 14, 18)
(0, 14, 17)
(1, 14, 16)
(1, 14, 15)
(1, 14, 14)
(0, 14, 14)
(1, 13, 13)
(0, 13, 14)
(1, 12, 13)
(0, 12, 14)
(1, 11, 13)
(0, 11, 14)
(1, 10, 14)
(0, 10, 14)
(0, 10, 13)
(1, 9, 12)
(0, 9, 12)
(1, 8, 12)
(0, 8, 12)
(1, 7, 12)
(1, 7, 13)
(0, 8, 14)
(1, 8, 14)
(0, 9, 15)
(0, 9, 16)
(1, 9, 16)
(0, 10, 16)
(1, 10, 16)
(1, 10, 17)
(1, 10, 18)
(0, 10, 19)
(1, 9, 18)
(0, 9, 18)
(1, 8, 17)
(0, 8, 17)
(0, 8, 16)
(1, 7, 15)
(0, 7, 15)
(1, 6, 14)
(1, 6, 13)
(0, 6, 13)
(0, 6, 12)
(0, 6, 11)
(1, 5, 10)
(0, 5, 11)
(1, 4, 10)
(1, 4, 9)
(0, 5, 9)
(1, 5, 8)
(1, 5, 7)
(1, 5, 6)
(0, 5, 6)
(1, 4, 6)
(0, 4, 6)
(1, 3, 6)
(0, 3, 7)
(1, 2, 6)
(0, 2, 7)
(1, 1, 6)
(0, 1, 7)
(1, 0, 6)
(0, 0, 7)
(0, 0, 8)
(1, 0, 8)
(0, 1, 9)
(1, 1, 8)
(0, 2, 9)
(1, 2, 9)
(0, 3, 10)
(0, 3, 11)
(0, 3, 12)
(1, 3, 12)
(1, 3, 13)
(0, 3, 14)
(0, 3, 15)
(0, 3, 16)
(1, 2, 16)
(0, 2, 17)
(1, 1, 17)
(0, 1, 18)
(1, 0, 18)
(0, 0, 18)
(1, -1, 18)
(0, -1, 19)
(0, -1, 20)
(1, -2, 20)
(0, -2, 21)
(1, -3, 21)
(0, -3, 22)
(1, -4, 21)
(1, -4, 20)
(1, -4, 19)
(0, -4, 19)
(1, -5, 18)
(1, -5, 17)
(1, -5, 16)
(0, -5, 16)
(1, -6, 16)
(0, -6, 17)
(0, -6, 18)
(1, -6, 18)
(1, -6, 19)
(0, -6, 20)
(1, -7, 20)
(0, -7, 20)
(1, -8, 19)
(1, -8, 18)
(0, -8, 18)
(1, -9, 18)
(0, -9, 18)
(1, -10, 17)
(1, -10, 16)
(0, -10, 16)
(1, -11, 15)
(0, -11, 16)
(0, -11, 17)
(1, -11, 17)
(1, -11, 18)
(0, -11, 19)
(1, -12, 18)
(0, -12, 19)
(1, -13, 18)
(0, -13, 19)
(0, -13, 20)
(1, -13, 20)
(1, -13, 21)
(0, -13, 22)
(1, -14, 22)
(0, -14, 23)
(0, -14, 24)
(0, -14, 25)
(1, -14, 25)
(0, -13, 25)
(1, -13, 25)
(0, -12, 26)
(0, -12, 27)
(1, -12, 27)
(0, -11, 28)
(1, -11, 27)
(0, -10, 28)
(0, -10, 29)
(0, -10, 30)
(1, -11, 30)
(0, -11, 31)
(1, -12, 30)
(0, -12, 30)
(0, -12, 29)
(1, -13, 28)
(0, -13, 28)
(1, -14, 28)
(1, -14, 29)
(0, -14, 30)
(1, -15, 29)
(0, -15, 29)
(1, -16, 28)
(1, -16, 27)
(1, -16, 26)
(1, -16, 25)
(0, -16, 25)
(1, -17, 25)
(0, -17, 25)
(1, -18, 24)
(1, -18, 23)
(1, -18, 22)
(0, -17, 22)
(0, -17, 21)
(1, -18, 20)
(0, -18, 21)
(1, -19, 20)
(0, -19, 20)
(1, -20, 19)
(1, -20, 18)
(0, -20, 18)
(0, -20, 17)
(0, -20, 16)
(0, -20, 15)
(0, -20, 14)
(1, -21, 13)
(1, -21, 12)
(0, -20, 12)
(1, -20, 12)
(0, -19, 13)
(0, -19, 14)
(0, -19, 15)
(0, -19, 16)
(1, -19, 16)
(0, -18, 17)
(1, -18, 16)
(1, -18, 15)
(0, -17, 15)
(1, -17, 15)
(1, -17, 16)
(0, -16, 17)
(1, -16, 16)
(1, -16, 15)
(1, -16, 14)
(0, -16, 14)
(1, -17, 13)
(0, -17, 13)
(0, -17, 12)
(1, -17, 11)
(0, -16, 11)
(1, -16, 11)
(1, -16, 12)
(0, -15, 13)
(1, -15, 12)
(1, -15, 11)
(1, -15, 10)
(0, -15, 10)
(0, -15, 9)
(1, -16, 8)
(0, -16, 9)
(1, -17, 9)
(0, -17, 10)
(1, -18, 9)
(0, -18, 10)
(0, -18, 11)
(1, -19, 11)
(0, -19, 11)
(1, -20, 10)
(1, -20, 9)
(0, -20, 9)
(1, -21, 9)
(1, -21, 10)
(0, -21, 11)
(1, -22, 10)
(0, -22, 11)
(1, -23, 10)
(0, -23, 10)
(1, -24, 10)
(0, -24, 10)
(0, -24, 9)
(0, -24, 8)
(1, -25, 7)
(0, -25, 7)
(0, -25, 6)
(0, -25, 5)
(1, -25, 4)
(0, -24, 5)
(0, -24, 6)
(1, -24, 6)
(0, -23, 6)
(1, -23, 6)
(1, -23, 7)
(0, -22, 8)
(1, -22, 7)
(0, -21, 8)
(1, -21, 7)
(0, -20, 7)
(0, -20, 6)
(1, -21, 5)
(1, -21, 4)
(0, -20, 4)
(1, -20, 4)
(0, -19, 4)
(0, -19, 3)
(1, -20, 2)
(1, -20, 1)
(1, -20, 0)
(0, -20, 0)
(1, -21, -1)
(0, -21, -1)
(1, -22, -2)
(1, -22, -3)
(0, -21, -3)
(0, -21, -4)
(1, -21, -5)
(0, -20, -4)
(1, -20, -5)
(0, -19, -4)
(1, -19, -5)
(0, -18, -5)
(0, -18, -6)
(1, -18, -7)
(0, -17, -7)
(1, -17, -8)
(1, -17, -9)
(1, -17, -10)
(0, -17, -10)
(1, -18, -10)
(0, -18, -10)
(0, -18, -11)
(1, -19, -12)
(0, -19, -11)
(1, -20, -12)
(0, -20, -11)
(1, -21, -12)
(0, -21, -12)
(0, -21, -13)
(0, -21, -14)
(1, -21, -15)
(1, -21, -16)
(1, -21, -17)
(0, -20, -17)
(1, -20, -17)
(1, -20, -16)
(0, -19, -15)
(1, -19, -16)
(0, -18, -15)
(1, -18, -15)
(1, -18, -14)
(0, -17, -13)
(1, -17, -13)
(0, -16, -12)
(1, -16, -12)
(1, -16, -11)
(1, -16, -10)
(1, -16, -9)
(0, -15, -8)
(1, -15, -9)
(0, -14, -8)
(0, -14, -7)
(1, -15, -7)
(1, -15, -6)
(1, -15, -5)
(0, -14, -4)
(1, -14, -5)
(1, -14, -6)
(0, -13, -6)
(1, -13, -6)
(0, -12, -5)
(1, -12, -5)
(0, -11, -5)
(1, -11, -5)
(1, -11, -4)
(0, -11, -3)
(1, -12, -3)
(0, -12, -2)
(1, -13, -3)
(0, -13, -2)
(1, -14, -3)
(0, -14, -2)
(0, -14, -1)
(0, -14, 0)
(1, -14, 0)
(0, -13, 0)
(1, -13, -1)
(0, -12, 0)
(1, -12, -1)
(0, -11, 0)
(1, -11, 0)
(1, -11, 1)
(0, -10, 2)
(0, -10, 3)
(1, -11, 3)
(0, -11, 4)
(1, -12, 4)
(0, -12, 4)
(1, -13, 3)
(0, -13, 3)
(1, -14, 2)
(0, -14, 3)
(0, -14, 4)
(1, -14, 4)
(1, -14, 5)
(1, -14, 6)
(1, -14, 7)
(1, -14, 8)
(1, -14, 9)
(1, -14, 10)
(1, -14, 11)
(0, -13, 12)
(0, -13, 13)
(1, -14, 13)
(1, -14, 14)
(0, -13, 15)
(1, -13, 14)
(0, -12, 15)
(1, -12, 14)
(0, -11, 14)
(1, -11, 13)
(1, -11, 12)
(0, -10, 12)
(0, -10, 11)
(1, -10, 10)
(1, -10, 9)
(1, -10, 8)
(0, -10, 8)
(0, -10, 7)
(1, -10, 6)
(1, -10, 5)
(1, -10, 4)
(0, -9, 4)
(0, -9, 3)
(1, -9, 2)
(1, -9, 1)
(0, -8, 1)
(0, -8, 0)
(0, -8, -1)
(0, -8, -2)
(1, -9, -3)
(1, -9, -4)
(1, -9, -5)
(0, -9, -5)
(0, -9, -6)
(0, -9, -7)
(0, -9, -8)
(1, -10, -9)
(0, -10, -9)
(0, -10, -10)
(0, -10, -11)
(1, -10, -12)
(1, -10, -13)
(1, -10, -14)
(0, -10, -14)
(1, -11, -15)
(1, -11, -16)
(1, -11, -17)
(0, -11, -17)
(0, -11, -18)
(1, -11, -19)
(0, -10, -19)
(1, -10, -20)
(1, -10, -21)
(0, -10, -21)
(0, -10, -22)
(0, -10, -23)
(1, -10, -24)
(0, -9, -23)
(1, -9, -23)
(0, -8, -23)
(1, -8, -24)
(0, -7, -23)
(1, -7, -23)
(0, -6, -22)
(1, -6, -22)
(0, -5, -21)
(1, -5, -21)
(0, -4, -20)
(1, -4, -21)
(0, -3, -20)
(1, -3, -20)
(0, -2, -20)
(0, -2, -21)
(1, -2, -22)
(1, -2, -23)
(0, -2, -23)
(0, -2, -24)
(0, -2, -25)
(0, -2, -26)
(1, -2, -27)
(1, -2, -28)
(0, -1, -28)
(1, -1, -29)
(1, -1, -30)
(1, -1, -31)
(0, -1, -31)
(0, -1, -32)
(0, -1, -33)
(1, -1, -34)
(1, -1, -35)
(0, -1, -35)
(0, -1, -36)
(1, -1, -37)
(0, 0, -37)
(1, 0, -37)
(0, 1, -37)
(0, 1, -38)
(1, 1, -39)
(0, 2, -38)
(1, 2, -38)
(0, 3, -37)
(1, 3, -38)
(1, 3, -39)
(0, 4, -39)
(1, 4, -39)
(1, 4, -38)
(1, 4, -37)
(1, 4, -36)
(0, 5, -35)
(1, 5, -35)
(1, 5, -34)
(0, 6, -33)
(1, 6, -34)
(0, 7, -33)
(1, 7, -34)
(0, 8, -33)
(1, 8, -34)
(1, 8, -35)
(0, 9, -35)
(1, 9, -36)
(0, 10, -36)
(1, 10, -37)
(0, 11, -37)
(1, 11, -37)
(1, 11, -36)
(0, 11, -35)
(0, 11, -34)
(1, 11, -34)
(0, 12, -33)
(1, 12, -34)
(1, 12, -35)
(1, 12, -36)
(1, 12, -37)
(1, 12, -38)
(0, 13, -38)
(0, 13, -39)
(0, 13, -40)
(1, 13, -41)
(0, 14, -40)
(0, 14, -39)
(0, 14, -38)
(0, 14, -37)
(0, 14, -36)
(1, 14, -36)
(0, 15, -35)
(0, 15, -34)
(1, 14, -34)
(1, 14, -33)
(1, 14, -32)
(1, 14, -31)
(0, 15, -30)
(0, 15, -29)
(1, 15, -29)
(0, 16, -28)
(1, 16, -28)
(1, 16, -27)
(0, 17, -26)
(0, 17, -25)
(1, 16, -25)
(1, 16, -24)
(0, 17, -23)
(1, 17, -23)
(0, 18, -23)
(1, 18, -24)
(0, 19, -24)
(1, 19, -24)
(0, 20, -24)
(1, 20, -25)
(1, 20, -26)
(1, 20, -27)
(0, 21, -27)
(1, 21, -27)
(0, 22, -27)
(0, 22, -28)
(1, 21, -29)
(0, 21, -29)
(1, 20, -29)
(0, 20, -29)
(0, 20, -30)
(0, 20, -31)
(1, 20, -32)
(0, 21, -32)
(0, 21, -33)
(1, 20, -34)
(1, 20, -35)
(1, 20, -36)
(0, 21, -36)
(0, 21, -37)
(0, 21, -38)
(1, 21, -39)
(1, 21, -40)
(0, 22, -40)
(1, 22, -40)
(0, 23, -39)
(1, 23, -39)
(0, 24, -38)
(1, 24, -39)
(0, 25, -39)
(1, 25, -40)
(0, 26, -39)
(1, 26, -39)
(0, 27, -39)
(0, 27, -40)
(1, 26, -41)
(0, 26, -41)
(0, 26, -42)
(0, 26, -43)
(1, 25, -44)
(0, 25, -44)
(0, 25, -45)
(1, 25, -46)
(0, 26, -45)
(1, 26, -46)
(1, 26, -47)
(1, 26, -48)
(1, 26, -49)
(0, 26, -49)
(0, 26, -50)
(0, 26, -51)
(1, 26, -52)
(1, 26, -53)
(0, 26, -53)
(1, 25, -53)
(0, 25, -53)
(1, 24, -54)
(0, 24, -54)
(0, 24, -55)
(1, 23, -56)
(0, 23, -55)
(1, 22, -55)
(0, 22, -55)
(1, 21, -55)
(0, 21, -55)
(1, 20, -56)
(0, 20, -55)
(1, 19, -56)
(0, 19, -56)
(0, 19, -57)
(1, 19, -58)
(1, 19, -59)
(0, 19, -59)
(1, 18, -59)
(0, 18, -58)
(1, 17, -58)
(1, 17, -57)
(0, 17, -56)
(1, 16, -57)
(0, 16, -57)
(0, 16, -58)
(1, 16, -59)
(1, 16, -60)
(0, 16, -60)
(1, 15, -60)
(0, 15, -60)
(1, 14, -60)
(0, 14, -60)
(0, 14, -61)
(1, 13, -62)
(1, 13, -63)
(0, 14, -63)
(1, 14, -64)
(1, 14, -65)
(0, 15, -65)
(1, 15, -66)
(1, 15, -67)
(0, 16, -67)
(0, 16, -68)
(1, 15, -69)
(1, 15, -70)
(0, 15, -70)
(0, 15, -71)
(0, 15, -72)
(1, 15, -73)
(0, 16, -73)
(0, 16, -74)
(1, 15, -75)
(0, 15, -74)
(1, 14, -74)
(0, 14, -73)
(0, 14, -72)
(0, 14, -71)
(1, 13, -71)
(0, 13, -70)
(1, 12, -70)
(0, 12, -70)
(1, 11, -71)
(0, 11, -71)
(0, 11, -72)
(1, 10, -73)
(0, 10, -73)
(1, 9, -74)
(0, 9, -74)
(1, 8, -75)
(0, 8, -75)
(1, 7, -76)
(0, 7, -76)
(1, 6, -76)
(0, 6, -75)
(0, 6, -74)
(0, 6, -73)
(1, 6, -73)
(0, 7, -73)
(1, 7, -73)
(0, 8, -73)
(1, 8, -73)
(1, 8, -72)
(0, 9, -71)
(0, 9, -70)
(0, 9, -69)
(1, 8, -69)
(0, 8, -68)
(1, 7, -69)
(0, 7, -68)
(0, 7, -67)
(1, 6, -67)
(1, 6, -66)
(0, 6, -65)
(1, 5, -66)
(0, 5, -66)
(1, 4, -67)
(1, 4, -68)
(0, 5, -68)
(0, 5, -69)
(1, 5, -70)
(1, 5, -71)
(0, 5, -71)
(0, 5, -72)
(0, 5, -73)
(0, 5, -74)
(0, 5, -75)
(1, 4, -76)
(0, 4, -75)
(1, 3, -75)
(1, 3, -74)
(1, 3, -73)
(0, 4, -72)
(0, 4, -71)
(1, 3, -71)
(1, 3, -70)
(1, 3, -69)
(1, 3, -68)
(1, 3, -67)
(1, 3, -66)
(0, 3, -65)
(1, 2, -65)
(1, 2, -64)
(0, 2, -63)
(1, 1, -64)
(1, 1, -65)
(0, 1, -65)
(0, 1, -66)
(0, 1, -67)
(1, 0, -68)
(1, 0, -69)
(0, 0, -69)
(1, -1, -70)
(1, -1, -71)
(1, -1, -72)
(0, -1, -72)
(0, -1, -73)
(0, -1, -74)
(0, -1, -75)
(0, -1, -76)
(1, -1, -77)
(1, -1, -78)
(0, 0, -78)
(1, 0, -79)
(0, 1, -79)
(1, 1, -79)
(0, 2, -78)
(1, 2, -78)
(0, 3, -77)
(1, 3, -77)
(0, 4, -77)
(1, 4, -78)
(0, 5, -77)
(1, 5, -77)
(0, 6, -77)
(1, 6, -78)
(0, 7, -78)
(1, 7, -79)
(0, 8, -79)
(1, 8, -80)
(1, 8, -81)
(0, 9, -81)
(0, 9, -82)
(0, 9, -83)
(0, 9, -84)
(1, 9, -85)
(0, 10, -84)
(1, 10, -84)
(1, 10, -83)
(1, 10, -82)
(0, 10, -81)
(0, 10, -80)
(1, 10, -80)
(0, 11, -80)
(1, 11, -81)
(0, 12, -81)
(1, 12, -82)
(0, 13, -82)
(1, 13, -83)
(0, 14, -83)
(1, 14, -84)
(0, 15, -83)
(1, 15, -84)
(1, 15, -85)
(1, 15, -86)
(1, 15, -87)
(0, 15, -87)
(0, 15, -88)
(1, 15, -89)
(0, 16, -88)
(1, 16, -89)
(0, 17, -88)
(1, 17, -89)
(0, 18, -89)
(0, 18, -90)
(1, 18, -91)
(1, 18, -92)
(0, 18, -92)
(1, 17, -93)
(1, 17, -94)
(0, 17, -94)
(0, 17, -95)
(1, 17, -96)
(1, 17, -97)
(0, 17, -97)
(1, 16, -97)
(0, 16, -97)
(1, 15, -98)
(0, 15, -97)
(1, 14, -98)
(0, 14, -97)
(1, 13, -97)
(0, 13, -96)
(0, 13, -95)
(0, 13, -94)
(0, 13, -93)
(0, 13, -92)
(0, 13, -91)
(1, 13, -91)
(0, 14, -91)
(1, 14, -92)
(0, 15, -91)
(0, 15, -90)
(1, 14, -90)
(0, 14, -89)
(0, 14, -88)
(1, 13, -88)
(0, 13, -87)
(1, 12, -87)
(0, 12, -86)
(1, 11, -86)
(0, 11, -85)
(1, 10, -86)
(0, 10, -86)
(1, 9, -87)
(1, 9, -88)
(0, 10, -88)
(0, 10, -89)
(1, 10, -90)
(1, 10, -91)
(0, 10, -91)
(1, 9, -91)
(0, 9, -90)
(1, 8, -90)
(1, 8, -89)
(0, 8, -88)
(0, 8, -87)
(1, 7, -87)
(0, 7, -87)
(1, 6, -88)
(0, 6, -88)
(1, 5, -88)
(1, 5, -87)
(0, 5, -86)
(1, 4, -87)
(0, 4, -87)
(1, 3, -88)
(1, 3, -89)
(1, 3, -90)
(0, 4, -90)
(1, 4, -90)
(0, 5, -90)
(1, 5, -90)
(0, 6, -90)
(1, 6, -91)
(1, 6, -92)
(1, 6, -93)
(0, 6, -93)
(0, 6, -94)
(1, 5, -95)
(0, 5, -94)
(1, 4, -94)
(0, 4, -93)
(0, 4, -92)
(1, 3, -92)
(0, 3, -91)
(1, 2, -91)
(1, 2, -90)
(0, 2, -89)
(1, 1, -90)
(0, 1, -89)
(1, 0, -89)
(1, 0, -88)
(0, 1, -87)
(0, 1, -86)
(1, 0, -86)
(0, 0, -86)
(1, -1, -87)
(0, -1, -86)
(0, -1, -85)
(0, -1, -84)
(0, -1, -83)
(0, -1, -82)
(1, -2, -82)
(0, -2, -81)
(0, -2, -80)
(0, -2, -79)
(1, -2, -79)
(1, -2, -78)
(0, -2, -77)
(0, -2, -76)
(1, -3, -76)
(0, -3, -75)
(0, -3, -74)
(1, -4, -74)
(0, -4, -74)
(1, -5, -74)
(1, -5, -73)
(0, -4, -72)
(1, -4, -72)
(0, -3, -72)
(1, -3, -73)
(0, -2, -72)
(0, -2, -71)
(1, -3, -71)
(0, -3, -70)
(1, -4, -70)
(0, -4, -70)
(1, -5, -70)
(0, -5, -70)
(0, -5, -71)
(1, -6, -72)
