(0, -95, 25)
(0, -95, 24)
(0, -95, 23)
(1, -96, 22)
(1, -96, 21)
(0, -96, 21)
(1, -97, 21)
(0, -97, 22)
(1, -98, 22)
(1, -98, 23)
(0, -98, 24)
(0, -98, 25)
(0, -98, 26)
(1, -98, 26)
(1, -98, 27)
(1, -98, 28)
(0, -98, 29)
(1, -99, 29)
(1, -99, 30)
(0, -99, 31)
(1, -100, 31)
(0, -100, 32)
(0, -100, 33)
(1, -100, 33)
(1, -100, 34)
(1, -100, 35)
(1, -100, 36)
(0, -99, 37)
(1, -99, 36)
(0, -98, 37)
(1, -98, 36)
(1, -98, 35)
(0, -98, 35)
(1, -99, 34)
(1, -99, 33)
(0, -98, 33)
(1, -98, 32)
(0, -97, 32)
(1, -97, 31)
(0, -96, 32)
(0, -96, 33)
(0, -96, 34)
(1, -97, 34)
(1, -97, 35)
(1, -97, 36)
(1, -97, 37)
(0, -97, 38)
(0, -97, 39)
(1, -98, 39)
(0, -98, 40)
(1, -99, 39)
(0, -99, 39)
(1, -100, 39)
(0, -100, 40)
(0, -100, 41)
(0, -100, 42)
(0, -100, 43)
(1, -100, 43)
(0, -99, 44)
(0, -99, 45)
(0, -99, 46)
(1, -99, 46)
(0, -98, 47)
(1, -98, 47)
(1, -98, 48)
(0, -97, 49)
(1, -97, 49)
(0, -96, 50)
(1, -96, 49)
(0, -95, 49)
(1, -95, 49)
(0, -94, 49)
(1, -94, 48)
(0, -93, 48)
(1, -93, 48)
(0, -92, 48)
(1, -92, 48)
(0, -91, 48)
(1, -91, 47)
(0, -90, 47)
(1, -90, 46)
(0, -89, 47)
(1, -89, 46)
(0, -88, 46)
(1, -88, 45)
(0, -87, 46)
(1, -87, 45)
(1, -87, 44)
(0, -86, 44)
(0, -86, 43)
(1, -87, 42)
(0, -87, 43)
(1, -88, 42)
(0, -88, 42)
(0, -88, 41)
(1, -88, 40)
(0, -87, 41)
(1, -87, 40)
(0, -86, 41)
(1, -86, 40)
(0, -85, 40)
(0, -85, 39)
(0, -85, 38)
(0, -85, 37)
(1, -85, 36)
(0, -84, 37)
(0, -84, 38)
(1, -84, 38)
(0, -83, 38)
(1, -83, 37)
(0, -82, 37)
(1, -82, 36)
(0, -81, 36)
(1, -81, 36)
(0, -80, 36)
(0, -80, 35)
(1, -80, 34)
(0, -79, 35)
(0, -79, 36)
(1, -79, 36)
(0, -78, 36)
(1, -78, 36)
(1, -78, 37)
(0, -78, 38)
(1, -79, 38)
(0, -79, 38)
(1, -80, 37)
(0, -80, 38)
(1, -81, 38)
(0, -81, 39)
(1, -82, 39)
(1, -82, 40)
(1, -82, 41)
(0, -81, 42)
(1, -81, 41)
(1, -81, 40)
(0, -80, 40)
(1, -80, 39)
(0, -79, 40)
(1, -79, 40)
(1, -79, 41)
(1, -79, 42)
(1, -79, 43)
(0, -78, 44)
(0, -78, 45)
(0, -78, 46)
(1, -79, 46)
(0, -79, 46)
(1, -80, 46)
(1, -80, 47)
(1, -80, 48)
(0, -79, 49)
(1, -79, 48)
(0, -78, 48)
(1, -78, 47)
(0, -77, 48)
(0, -77, 49)
(1, -77, 49)
(0, -76, 50)
(0, -76, 51)
(1, -77, 51)
(0, -77, 51)
(1, -78, 51)
(1, -78, 52)
(0, -77, 53)
(0, -77, 54)
(1, -77, 54)
(0, -76, 54)
(0, -76, 53)
(1, -76, 52)
(0, -75, 52)
(0, -75, 51)
(1, -75, 50)
(0, -74, 51)
(1, -74, 51)
(0, -73, 52)
(1, -73, 52)
(1, -73, 53)
(0, -73, 54)
(1, -74, 54)
(1, -74, 55)
(0, -74, 56)
(0, -74, 57)
(1, -75, 57)
(0, -75, 58)
(1, -76, 57)
(1, -76, 56)
(0, -76, 56)
(1, -77, 56)
(0, -77, 56)
(1, -78, 56)
(1, -78, 57)
(1, -78, 58)
(0, -77, 59)
(0, -77, 60)
(1, -78, 60)
(0, -78, 60)
(1, -79, 59)
(1, -79, 58)
(1, -79, 57)
(0, -79, 57)
(0, -79, 56)
(1, -79, 55)
(1, -79, 54)
(0, -79, 54)
(0, -79, 53)
(1, -80, 52)
(0, -80, 53)
(1, -81, 52)
(0, -81, 52)
(1, -82, 51)
(1, -82, 50)
(1, -82, 49)
(0, -82, 49)
(0, -82, 48)
(1, -82, 47)
(0, -81, 47)
(0, -81, 46)
(1, -82, 45)
(1, -82, 44)
(0, -82, 44)
(1, -83, 44)
(0, -83, 44)
(1, -84, 44)
(0, -84, 44)
(1, -85, 44)
(1, -85, 45)
(0, -85, 46)
(1, -86, 46)
(1, -86, 47)
(0, -86, 48)
(0, -86, 49)
(1, -86, 49)
(1, -86, 50)
(1, -86, 51)
(1, -86, 52)
(0, -85, 53)
(1, -85, 52)
(0, -84, 52)
(1, -84, 51)
(0, -83, 51)
(1, -83, 51)
(1, -83, 52)
(0, -82, 53)
(1, -82, 53)
(0, -81, 54)
(0, -81, 55)
(1, -82, 55)
(0, -82, 55)
(1, -83, 54)
(0, -83, 55)
(0, -83, 56)
(1, -83, 56)
(1, -83, 57)
(0, -82, 58)
(1, -82, 57)
(0, -81, 57)
(1, -81, 56)
(0, -80, 57)
(0, -80, 58)
(1, -80, 58)
(1, -80, 59)
(0, -80, 60)
(1, -81, 59)
(0, -81, 60)
(1, -82, 60)
(0, -82, 61)
(0, -82, 62)
(1, -82, 62)
(0, -81, 62)
(1, -81, 61)
(0, -80, 62)
(1, -80, 62)
(1, -80, 63)
(1, -80, 64)
(0, -79, 65)
(1, -79, 65)
(0, -78, 66)
(0, -78, 67)
(1, -78, 67)
(0, -77, 68)
(0, -77, 69)
(0, -77, 70)
(1, -77, 70)
(0, -76, 70)
(1, -76, 70)
(0, -75, 71)
(0, -75, 72)
(1, -76, 72)
(0, -76, 73)
(0, -76, 74)
(1, -76, 74)
(0, -75, 74)
(1, -75, 74)
(0, -74, 75)
(1, -74, 75)
(0, -73, 76)
(0, -73, 77)
(1, -74, 77)
(1, -74, 78)
(1, -74, 79)
(0, -73, 80)
(1, -73, 80)
(1, -73, 81)
(0, -72, 82)
(0, -72, 83)
(1, -72, 83)
(1, -72, 84)
(0, -72, 85)
(0, -72, 86)
(0, -72, 87)
(1, -72, 87)
(0, -71, 88)
(0, -71, 89)
(1, -72, 89)
(1, -72, 90)
(0, -71, 91)
(1, -71, 90)
(0, -70, 91)
(1, -70, 90)
(1, -70, 89)
(0, -69, 89)
(1, -69, 88)
(0, -68, 89)
(1, -68, 89)
(1, -68, 90)
(1, -68, 91)
(0, -68, 92)
(0, -68, 93)
(1, -69, 93)
(0, -69, 94)
(1, -70, 94)
(0, -70, 94)
(1, -71, 94)
(0, -71, 95)
(1, -72, 94)
(1, -72, 93)
(0, -72, 93)
(1, -73, 93)
(0, -73, 93)
(1, -74, 93)
(0, -74, 93)
(1, -75, 93)
(0, -75, 93)
(1, -76, 93)
(0, -76, 93)
(1, -77, 93)
(1, -77, 94)
(0, -77, 95)
(1, -78, 95)
(1, -78, 96)
(0, -78, 97)
(1, -79, 97)
(0, -79, 97)
(1, -80, 96)
(1, -80, 95)
(1, -80, 94)
(1, -80, 93)
(0, -79, 93)
(0, -79, 92)
(0, -79, 91)
(0, -79, 90)
(1, -80, 89)
(1, -80, 88)
(1, -80, 87)
(0, -79, 87)
(1, -79, 87)
(0, -78, 88)
(1, -78, 88)
(1, -78, 89)
(0, -78, 90)
(0, -78, 91)
(1, -78, 91)
(0, -77, 92)
(1, -77, 91)
(1, -77, 90)
(0, -76, 90)
(1, -76, 90)
(0, -75, 91)
(1, -75, 90)
(0, -74, 90)
(1, -74, 89)
(0, -73, 89)
(0, -73, 88)
(1, -74, 87)
(0, -74, 88)
(1, -75, 87)
(0, -75, 88)
(1, -76, 87)
(0, -76, 87)
(1, -77, 86)
(1, -77, 85)
(0, -77, 85)
(1, -78, 84)
(1, -78, 83)
(1, -78, 82)
(0, -78, 82)
(1, -79, 82)
(0, -79, 83)
(0, -79, 84)
(1, -80, 84)
(0, -80, 85)
(1, -81, 85)
(1, -81, 86)
(1, -81, 87)
(0, -81, 88)
(0, -81, 89)
(1, -82, 89)
(1, -82, 90)
(0, -81, 91)
(0, -81, 92)
(0, -81, 93)
(0, -81, 94)
(1, -82, 94)
(0, -82, 95)
(1, -83, 94)
(0, -83, 95)
(0, -83, 96)
(1, -84, 96)
(0, -84, 97)
(1, -85, 96)
(1, -85, 95)
(1, -85, 94)
(0, -85, 94)
(1, -86, 94)
(0, -86, 95)
(1, -87, 95)
(0, -87, 96)
(1, -88, 96)
(0, -88, 97)
(1, -89, 96)
(1, -89, 95)
(0, -89, 95)
(0, -89, 94)
(1, -89, 93)
(1, -89, 92)
(0, -89, 92)
(0, -89, 91)
(1, -89, 90)
(0, -88, 91)
(1, -88, 91)
(0, -87, 91)
(1, -87, 91)
(0, -86, 92)
(1, -86, 91)
(0, -85, 91)
(1, -85, 90)
(1, -85, 89)
(1, -85, 88)
(0, -85, 88)
(1, -86, 87)
(1, -86, 86)
(0, -85, 86)
(1, -85, 86)
(0, -84, 86)
(1, -84, 85)
(1, -84, 84)
(1, -84, 83)
(0, -83, 83)
(0, -83, 82)
(1, -83, 81)
(0, -82, 81)
(0, -82, 80)
(1, -82, 79)
(0, -81, 80)
(0, -81, 81)
(1, -81, 81)
(0, -80, 81)
(0, -80, 80)
(0, -80, 79)
(1, -80, 78)
(0, -79, 78)
(1, -79, 78)
(0, -78, 78)
(1, -78, 77)
(1, -78, 76)
(1, -78, 75)
(1, -78, 74)
(0, -77, 74)
(0, -77, 73)
(1, -78, 72)
(0, -78, 73)
(1, -79, 72)
(1, -79, 71)
(1, -79, 70)
(0, -78, 70)
(0, -78, 69)
(1, -79, 68)
(0, -79, 68)
(1, -80, 68)
(1, -80, 69)
(0, -80, 70)
(0, -80, 71)
(1, -81, 71)
(1, -81, 72)
(0, -81, 73)
(1, -82, 72)
(0, -82, 72)
(1, -83, 71)
(1, -83, 70)
(0, -83, 70)
(0, -83, 69)
(0, -83, 68)
(0, -83, 67)
(1, -84, 66)
(1, -84, 65)
(0, -84, 65)
(1, -85, 64)
(0, -85, 65)
(1, -86, 64)
(1, -86, 63)
(1, -86, 62)
(0, -86, 62)
(0, -86, 61)
(1, -86, 60)
(0, -85, 61)
(1, -85, 61)
(0, -84, 61)
(0, -84, 60)
(0, -84, 59)
(1, -85, 58)
(0, -85, 58)
(1, -86, 58)
(0, -86, 58)
(1, -87, 58)
(0, -87, 59)
(1, -88, 59)
(0, -88, 60)
(0, -88, 61)
(1, -89, 61)
(0, -89, 62)
(0, -89, 63)
(1, -89, 63)
(0, -88, 63)
(1, -88, 63)
(1, -88, 64)
(0, -88, 65)
(0, -88, 66)
(0, -88, 67)
(1, -88, 67)
(1, -88, 68)
(0, -87, 69)
(1, -87, 68)
(0, -86, 69)
(0, -86, 70)
(0, -86, 71)
(0, -86, 72)
(1, -86, 72)
(1, -86, 73)
(0, -86, 74)
(1, -87, 73)
(0, -87, 73)
(1, -88, 73)
(1, -88, 74)
(1, -88, 75)
(1, -88, 76)
(0, -88, 77)
(1, -89, 77)
(0, -89, 78)
(1, -90, 77)
(0, -90, 78)
(0, -90, 79)
(1, -90, 79)
(0, -89, 80)
(1, -89, 79)
(0, -88, 80)
(1, -88, 79)
(0, -87, 80)
(0, -87, 81)
(0, -87, 82)
(0, -87, 83)
(1, -88, 83)
(1, -88, 84)
(1, -88, 85)
(1, -88, 86)
(0, -88, 87)
(0, -88, 88)
(1, -89, 88)
(0, -89, 88)
(1, -90, 88)
(0, -90, 89)
(1, -91, 89)
(0, -91, 90)
(1, -92, 90)
(0, -92, 90)
(1, -93, 90)
(1, -93, 91)
(0, -92, 92)
(1, -92, 92)
(0, -91, 92)
(1, -91, 92)
(1, -91, 93)
(1, -91, 94)
(0, -91, 95)
(1, -92, 95)
(0, -92, 96)
(1, -93, 96)
(0, -93, 96)
(0, -93, 95)
(1, -93, 94)
(1, -93, 93)
(0, -93, 93)
(1, -94, 93)
(0, -94, 93)
(1, -95, 93)
(0, -95, 94)
(1, -96, 93)
(0, -96, 94)
(1, -97, 94)
(0, -97, 94)
(1, -98, 93)
(0, -98, 94)
(1, -99, 94)
(0, -99, 95)
(0, -99, 96)
(0, -99, 97)
(1, -99, 97)
(1, -99, 98)
(0, -98, 99)
(1, -98, 99)
(0, -97, 100)
(1, -97, 99)
(1, -97, 98)
(0, -97, 98)
(0, -97, 97)
(1, -97, 96)
(0, -96, 96)
(1, -96, 96)
(1, -96, 97)
(0, -95, 98)
(1, -95, 97)
(0, -94, 98)
(0, -94, 99)
(1, -95, 99)
(1, -95, 100)
(0, -95, 101)
(1, -96, 101)
(0, -96, 101)
(1, -97, 101)
(1, -97, 102)
(1, -97, 103)
(0, -96, 104)
(0, -96, 105)
(1, -96, 105)
(1, -96, 106)
(0, -96, 107)
(1, -97, 107)
(1, -97, 108)
(0, -97, 109)
(0, -97, 110)
(0, -97, 111)
(1, -98, 111)
(0, -98, 112)
(0, -98, 113)
(1, -98, 113)
(1, -98, 114)
(0, -97, 115)
(1, -97, 114)
(0, -96, 114)
(1, -96, 114)
(0, -95, 115)
(0, -95, 116)
(0, -95, 117)
(0, -95, 118)
(1, -95, 118)
(0, -94, 118)
(1, -94, 117)
(0, -93, 118)
(1, -93, 118)
(1, -93, 119)
(0, -92, 120)
(0, -92, 121)
(1, -93, 121)
(0, -93, 122)
(1, -94, 122)
(0, -94, 123)
(1, -95, 123)
(1, -95, 124)
(1, -95, 125)
(0, -94, 126)
(1, -94, 125)
(0, -93, 126)
(1, -93, 125)
(1, -93, 124)
(0, -92, 124)
(1, -92, 123)
(0, -91, 124)
(1, -91, 123)
(0, -90, 123)
(1, -90, 123)
(1, -90, 124)
(0, -90, 125)
(0, -90, 126)
(1, -90, 126)
(0, -89, 127)
(1, -89, 127)
(1, -89, 128)
(0, -88, 129)
(1, -88, 128)
(0, -87, 129)
(0, -87, 130)
(0, -87, 131)
(0, -87, 132)
(1, -87, 132)
(0, -86, 133)
(1, -86, 133)
(0, -85, 133)
(1, -85, 132)
(1, -85, 131)
(1, -85, 130)
(0, -84, 130)
(1, -84, 130)
(1, -84, 131)
(0, -83, 132)
(1, -83, 131)
(1, -83, 130)
(0, -82, 130)
(0, -82, 129)
(1, -83, 128)
(0, -83, 128)
(1, -84, 127)
(0, -84, 127)
(0, -84, 126)
(0, -84, 125)
(1, -85, 124)
(0, -85, 124)
(0, -85, 123)
(1, -86, 122)
(0, -86, 122)
(0, -86, 121)
(1, -86, 120)
(0, -85, 121)
(1, -85, 120)
(1, -85, 119)
(0, -85, 119)
(0, -85, 118)
(0, -85, 117)
(1, -86, 116)
(0, -86, 117)
(1, -87, 116)
(0, -87, 117)
(0, -87, 118)
(1, -87, 118)
(1, -87, 119)
(0, -87, 120)
(0, -87, 121)
(1, -88, 121)
(0, -88, 122)
(1, -89, 122)
(0, -89, 122)
(0, -89, 121)
(1, -90, 120)
(1, -90, 119)
(1, -90, 118)
(0, -89, 118)
(0, -89, 117)
(0, -89, 116)
(0, -89, 115)
(0, -89, 114)
(1, -89, 113)
(0, -88, 113)
(1, -88, 112)
(1, -88, 111)
(0, -87, 111)
(0, -87, 110)
(1, -88, 109)
(0, -88, 110)
(1, -89, 110)
(1, -89, 111)
(0, -89, 112)
(1, -90, 111)
(1, -90, 110)
(0, -90, 110)
(1, -91, 110)
(0, -91, 110)
(1, -92, 109)
(1, -92, 108)
(0, -91, 108)
(0, -91, 107)
(0, -91, 106)
(1, -91, 105)
(1, -91, 104)
(0, -91, 104)
(1, -92, 103)
(1, -92, 102)
(0, -92, 102)
(1, -93, 102)
(0, -93, 102)
(0, -93, 101)
(1, -93, 100)
(0, -92, 100)
(1, -92, 100)
(0, -91, 101)
(1, -91, 100)
(0, -90, 100)
(1, -90, 99)
(0, -89, 99)
(1, -89, 99)
(0, -88, 100)
(1, -88, 100)
(1, -88, 101)
(0, -88, 102)
(0, -88, 103)
(1, -89, 103)
(1, -89, 104)
(1, -89, 105)
(0, -89, 106)
(0, -89, 107)
(0, -89, 108)
(1, -89, 108)
(0, -88, 108)
(0, -88, 107)
(1, -88, 106)
(1, -88, 105)
(0, -87, 105)
(1, -87, 105)
(1, -87, 106)
(1, -87, 107)
(0, -86, 108)
(1, -86, 108)
(0, -85, 108)
(0, -85, 107)
(0, -85, 106)
(0, -85, 105)
(1, -86, 104)
(0, -86, 104)
(0, -86, 103)
(1, -86, 102)
(1, -86, 101)
(0, -86, 101)
(1, -87, 100)
(1, -87, 99)
(0, -87, 99)
(0, -87, 98)
(1, -87, 97)
(0, -86, 98)
(1, -86, 98)
(0, -85, 98)
(1, -85, 98)
(0, -84, 99)
(1, -84, 98)
(0, -83, 99)
(1, -83, 98)
(1, -83, 97)
(0, -82, 97)
(1, -82, 96)
(0, -81, 97)
(1, -81, 97)
(1, -81, 98)
(0, -80, 99)
(1, -80, 99)
(0, -79, 99)
(1, -79, 99)
(1, -79, 100)
(0, -78, 101)
(0, -78, 102)
(0, -78, 103)
(1, -79, 103)
(1, -79, 104)
(0, -79, 105)
(1, -80, 105)
(0, -80, 106)
(0, -80, 107)
(1, -80, 107)
(0, -79, 107)
(1, -79, 107)
(0, -78, 107)
(0, -78, 106)
(1, -78, 105)
(0, -77, 106)
(1, -77, 106)
(1, -77, 107)
(1, -77, 108)
(0, -77, 109)
(1, -78, 109)
(0, -78, 109)
(1, -79, 109)
(0, -79, 109)
(1, -80, 109)
(0, -80, 109)
(1, -81, 108)
(0, -81, 108)
(1, -82, 107)
(0, -82, 107)
(0, -82, 106)
(1, -82, 105)
(0, -81, 105)
(0, -81, 104)
(0, -81, 103)
(1, -82, 102)
(0, -82, 102)
(1, -83, 102)
(1, -83, 103)
(0, -83, 104)
(0, -83, 105)
(0, -83, 106)
(1, -84, 106)
(0, -84, 107)
(0, -84, 108)
(1, -84, 108)
(1, -84, 109)
(1, -84, 110)
(1, -84, 111)
(0, -84, 112)
(1, -85, 111)
(0, -85, 112)
(0, -85, 113)
(1, -85, 113)
(0, -84, 114)
(1, -84, 113)
(0, -83, 114)
(0, -83, 115)
(1, -83, 115)
(1, -83, 116)
(0, -82, 117)
(1, -82, 116)
(1, -82, 115)
(0, -81, 115)
(1, -81, 115)
(0, -80, 115)
(0, -80, 114)
(1, -80, 113)
(0, -79, 114)
(1, -79, 114)
(0, -78, 115)
(1, -78, 115)
(0, -77, 115)
(1, -77, 114)
(0, -76, 115)
(1, -76, 115)
(0, -75, 116)
(1, -75, 116)
(1, -75, 117)
(0, -75, 118)
(1, -76, 117)
(0, -76, 118)
(0, -76, 119)
(1, -77, 119)
(0, -77, 120)
(1, -78, 120)
(1, -78, 121)
(1, -78, 122)
(0, -77, 123)
(0, -77, 124)
(0, -77, 125)
(1, -78, 125)
(1, -78, 126)
(0, -78, 127)
(0, -78, 128)
(1, -78, 128)
(0, -77, 128)
(1, -77, 128)
(1, -77, 129)
(0, -76, 130)
(1, -76, 129)
(0, -75, 129)
(1, -75, 128)
(1, -75, 127)
(0, -74, 127)
(1, -74, 127)
(1, -74, 128)
(0, -73, 129)
(0, -73, 130)
(0, -73, 131)
(1, -73, 131)
(0, -72, 132)
(1, -72, 132)
(0, -71, 132)
(0, -71, 131)
(1, -72, 130)
(1, -72, 129)
(0, -71, 129)
(1, -71, 128)
(1, -71, 127)
(0, -70, 127)
(1, -70, 126)
(0, -69, 126)
(1, -69, 125)
(1, -69, 124)
(0, -68, 124)
(0, -68, 123)
(1, -68, 122)
(0, -67, 122)
(1, -67, 122)
(0, -66, 123)
(1, -66, 122)
(0, -65, 122)
(0, -65, 121)
(1, -65, 120)
(0, -64, 121)
(1, -64, 120)
(0, -63, 121)
(1, -63, 121)
(1, -63, 122)
(0, -62, 123)
(0, -62, 124)
(1, -63, 124)
(1, -63, 125)
(0, -63, 126)
(1, -64, 125)
(0, -64, 125)
(0, -64, 124)
(1, -65, 123)
(0, -65, 124)
(1, -66, 124)
(1, -66, 125)
(0, -66, 126)
(1, -67, 126)
(0, -67, 126)
(1, -68, 126)
(0, -68, 127)
(1, -69, 127)
(1, -69, 128)
(0, -69, 129)
(1, -70, 129)
(1, -70, 130)
(0, -70, 131)
(0, -70, 132)
(0, -70, 133)
(1, -71, 133)
(1, -71, 134)
(1, -71, 135)
(1, -71, 136)
(0, -70, 137)
(0, -70, 138)
(1, -70, 138)
(1, -70, 139)
(0, -69, 140)
(1, -69, 139)
(1, -69, 138)
(1, -69, 137)
(0, -69, 137)
(0, -69, 136)
(1, -70, 135)
(1, -70, 134)
(0, -69, 134)
(1, -69, 134)
(0, -68, 135)
(1, -68, 134)
(1, -68, 133)
(0, -67, 133)
(1, -67, 133)
(1, -67, 134)
(0, -66, 135)
(1, -66, 135)
(0, -65, 136)
(1, -65, 135)
(0, -64, 135)
(0, -64, 134)
(1, -64, 133)
(0, -63, 133)
(1, -63, 132)
(1, -63, 131)
(0, -62, 131)
(0, -62, 130)
(1, -63, 129)
(1, -63, 128)
(0, -62, 128)
(1, -62, 127)
(0, -61, 127)
(1, -61, 127)
(0, -60, 127)
(1, -60, 127)
(0, -59, 128)
(1, -59, 127)
(0, -58, 128)
(0, -58, 129)
(0, -58, 130)
(1, -59, 130)
(1, -59, 131)
(0, -58, 132)
(0, -58, 133)
(0, -58, 134)
(1, -58, 134)
(1, -58, 135)
(0, -57, 136)
(1, -57, 135)
(0, -56, 135)
(1, -56, 135)
(0, -55, 136)
(1, -55, 136)
(0, -54, 136)
(1, -54, 135)
(0, -53, 136)
(0, -53, 137)
(0, -53, 138)
(0, -53, 139)
(1, -53, 139)
(0, -52, 139)
(1, -52, 138)
(1, -52, 137)
(1, -52, 136)
(0, -51, 136)
(0, -51, 135)
(1, -51, 134)
(0, -50, 135)
(0, -50, 136)
(0, -50, 137)
(1, -50, 137)
(0, -49, 138)
(0, -49, 139)
(0, -49, 140)
(1, -49, 140)
(1, -49, 141)
(0, -49, 142)
(0, -49, 143)
(1, -50, 143)
(1, -50, 144)
(0, -49, 145)
(0, -49, 146)
(0, -49, 147)
(1, -50, 147)
(0, -50, 147)
(1, -51, 147)
(0, -51, 147)
(1, -52, 146)
(0, -52, 146)
(1, -53, 146)
(0, -53, 146)
(0, -53, 145)
(1, -54, 144)
(1, -54, 143)
(0, -54, 143)
(1, -55, 143)
(0, -55, 143)
(1, -56, 142)
(0, -56, 142)
(1, -57, 142)
(0, -57, 142)
(1, -58, 141)
(1, -58, 140)
(1, -58, 139)
(0, -58, 139)
(1, -59, 138)
(1, -59, 137)
(0, -59, 137)
(1, -60, 136)
(1, -60, 135)
(0, -59, 135)
(0, -59, 134)
(1, -60, 133)
(1, -60, 132)
(1, -60, 131)
(0, -60, 131)
(1, -61, 130)
(0, -61, 131)
(0, -61, 132)
(0, -61, 133)
(1, -62, 133)
(1, -62, 134)
(0, -62, 135)
(1, -63, 135)
(1, -63, 136)
(0, -62, 137)
(0, -62, 138)
(1, -63, 138)
(0, -63, 139)
(1, -64, 138)
(0, -64, 139)
(1, -65, 139)
(0, -65, 140)
(1, -66, 140)
(1, -66, 141)
(0, -65, 142)
(1, -65, 141)
(0, -64, 142)
(0, -64, 143)
(1, -65, 143)
(1, -65, 144)
(0, -64, 145)
(0, -64, 146)
(0, -64, 147)
(0, -64, 148)
(1, -65, 148)
(1, -65, 149)
(0, -64, 150)
(0, -64, 151)
(1, -64, 151)
(0, -63, 151)
(0, -63, 150)
(1, -63, 149)
(1, -63, 148)
(0, -63, 148)
(0, -63, 147)
(0, -63, 146)
(0, -63, 145)
(0, -63, 144)
(1, -63, 143)
(1, -63, 142)
(0, -62, 142)
(1, -62, 142)
(1, -62, 143)
(1, -62, 144)
(0, -61, 145)
(1, -61, 145)
(0, -60, 145)
(1, -60, 145)
(0, -59, 145)
(0, -59, 144)
(1, -59, 143)
(0, -58, 143)
(1, -58, 143)
(1, -58, 144)
(0, -58, 145)
(0, -58, 146)
(1, -59, 146)
(1, -59, 147)
(0, -58, 148)
(1, -58, 148)
(0, -57, 149)
(1, -57, 148)
(0, -56, 149)
(1, -56, 149)
(0, -55, 149)
(0, -55, 148)
(1, -55, 147)
(0, -54, 148)
(0, -54, 149)
(0, -54, 150)
(1, -55, 150)
(0, -55, 151)
(1, -56, 151)
(0, -56, 151)
(1, -57, 151)
(1, -57, 152)
(0, -57, 153)
(1, -58, 153)
(1, -58, 154)
(0, -58, 155)
(1, -59, 155)
(1, -59, 156)
(0, -59, 157)
(1, -60, 156)
(1, -60, 155)
(1, -60, 154)
(0, -60, 154)
(1, -61, 153)
(0, -61, 154)
(1, -62, 154)
(1, -62, 155)
(0, -61, 156)
(0, -61, 157)
(1, -62, 157)
(0, -62, 157)
(1, -63, 156)
(0, -63, 156)
(1, -64, 156)
(0, -64, 156)
(0, -64, 155)
(0, -64, 154)
(1, -65, 153)
(0, -65, 153)
(1, -66, 152)
(0, -66, 152)
(0, -66, 151)
(1, -66, 150)
(1, -66, 149)
(1, -66, 148)
(1, -66, 147)
(0, -65, 147)
(0, -65, 146)
(1, -66, 145)
(1, -66, 144)
(0, -66, 144)
(0, -66, 143)
(1, -67, 142)
(0, -67, 142)
(1, -68, 141)
(0, -68, 141)
(1, -69, 141)
(0, -69, 142)
(1, -70, 142)
(0, -70, 142)
(1, -71, 141)
(1, -71, 140)
(0, -71, 140)
(1, -72, 139)
(0, -72, 140)
(0, -72, 141)
(1, -73, 141)
(0, -73, 142)
(1, -74, 141)
(0, -74, 141)
(0, -74, 140)
(1, -75, 139)
(0, -75, 140)
(1, -76, 140)
(0, -76, 140)
(0, -76, 139)
(1, -77, 138)
(0, -77, 139)
(0, -77, 140)
(0, -77, 141)
(1, -77, 141)
(1, -77, 142)
(1, -77, 143)
(0, -77, 144)
(1, -78, 143)
(1, -78, 142)
(0, -78, 142)
(0, -78, 141)
(1, -79, 140)
(0, -79, 141)
(1, -80, 140)
(0, -80, 140)
(1, -81, 139)
(0, -81, 139)
(1, -82, 138)
(0, -82, 139)
(1, -83, 138)
(1, -83, 137)
(1, -83, 136)
(0, -83, 136)
(1, -84, 136)
(1, -84, 137)
(1, -84, 138)
(1, -84, 139)
(0, -83, 140)
(0, -83, 141)
(1, -83, 141)
(0, -82, 142)
(1, -82, 141)
(0, -81, 141)
(1, -81, 141)
(0, -80, 142)
(0, -80, 143)
(0, -80, 144)
(0, -80, 145)
(0, -80, 146)
(1, -81, 146)
(1, -81, 147)
(0, -80, 148)
(1, -80, 147)
(0, -79, 148)
(1, -79, 148)
(0, -78, 148)
(1, -78, 148)
(0, -77, 148)
(1, -77, 147)
(1, -77, 146)
(0, -76, 146)
(1, -76, 145)
(0, -75, 146)
(1, -75, 145)
(0, -74, 146)
(0, -74, 147)
(0, -74, 148)
(0, -74, 149)
(1, -75, 149)
(0, -75, 149)
(1, -76, 149)
(0, -76, 150)
(0, -76, 151)
(1, -76, 151)
(0, -75, 151)
(1, -75, 151)
(0, -74, 152)
(0, -74, 153)
(1, -75, 153)
(0, -75, 154)
(1, -76, 154)
(1, -76, 155)
(0, -76, 156)
(1, -77, 156)
(0, -77, 157)
(1, -78, 156)
(1, -78, 155)
(1, -78, 154)
(0, -77, 154)
(0, -77, 153)
(0, -77, 152)
(0, -77, 151)
(1, -78, 150)
(0, -78, 151)
(0, -78, 152)
(1, -79, 152)
(1, -79, 153)
(1, -79, 154)
(0, -79, 155)
(0, -79, 156)
(0, -79, 157)
(0, -79, 158)
(1, -80, 158)
(1, -80, 159)
(1, -80, 160)
(1, -80, 161)
(0, -79, 162)
(1, -79, 161)
(0, -78, 162)
(0, -78, 163)
(1, -79, 163)
(1, -79, 164)
(1, -79, 165)
(1, -79, 166)
(0, -79, 167)
(0, -79, 168)
(1, -80, 168)
(1, -80, 169)
(1, -80, 170)
(1, -80, 171)
(0, -79, 172)
(1, -79, 171)
(0, -78, 172)
(1, -78, 172)
(1, -78, 173)
(0, -78, 174)
(1, -79, 174)
(0, -79, 174)
(1, -80, 174)
(0, -80, 175)
(0, -80, 176)
(1, -81, 176)
(1, -81, 177)
(0, -81, 178)
(1, -82, 177)
(0, -82, 178)
(1, -83, 177)
(0, -83, 178)
(0, -83, 179)
(1, -83, 179)
(0, -82, 180)
(1, -82, 179)
(0, -81, 180)
(1, -81, 180)
(0, -80, 180)
(1, -80, 180)
(0, -79, 181)
(1, -79, 180)
(1, -79, 179)
(0, -78, 179)
(1, -78, 179)
(1, -78, 180)
(0, -77, 181)
(1, -77, 181)
(0, -76, 182)
(1, -76, 181)
(0, -75, 181)
(0, -75, 180)
(1, -75, 179)
(0, -74, 180)
(0, -74, 181)
(0, -74, 182)
(1, -75, 182)
(1, -75, 183)
(0, -75, 184)
(1, -76, 184)
(0, -76, 184)
(1, -77, 183)
(0, -77, 184)
(0, -77, 185)
(0, -77, 186)
(1, -77, 186)
(0, -76, 186)
(1, -76, 186)
(0, -75, 186)
(1, -75, 186)
(0, -74, 187)
(1, -74, 187)
(1, -74, 188)
(0, -73, 189)
(1, -73, 188)
(0, -72, 189)
(0, -72, 190)
(1, -73, 190)
(0, -73, 191)
(1, -74, 190)
(0, -74, 190)
(1, -75, 189)
(1, -75, 188)
(0, -75, 188)
(1, -76, 188)
(1, -76, 189)
(0, -76, 190)
(1, -77, 189)
(0, -77, 190)
(0, -77, 191)
(1, -77, 191)
(0, -76, 192)
(0, -76, 193)
(0, -76, 194)
(1, -76, 194)
(1, -76, 195)
(1, -76, 196)
(0, -76, 197)
(0, -76, 198)
(1, -77, 198)
(0, -77, 198)
(1, -78, 198)
(0, -78, 198)
(0, -78, 197)
(1, -79, 196)
(0, -79, 196)
(0, -79, 195)
(0, -79, 194)
(1, -80, 193)
(0, -80, 193)
(0, -80, 192)
(1, -81, 191)
(1, -81, 190)
(1, -81, 189)
(0, -80, 189)
(1, -80, 188)
(1, -80, 187)
(0, -79, 187)
(1, -79, 187)
(0, -78, 187)
(0, -78, 186)
(1, -79, 185)
(1, -79, 184)
(1, -79, 183)
(0, -79, 183)
(1, -80, 182)
(0, -80, 183)
(1, -81, 182)
(0, -81, 183)
(1, -82, 182)
(0, -82, 182)
(1, -83, 182)
(0, -83, 182)
(1, -84, 181)
(0, -84, 182)
(0, -84, 183)
(0, -84, 184)
(1, -84, 184)
(0, -83, 185)
(0, -83, 186)
(0, -83, 187)
(0, -83, 188)
(0, -83, 189)
(1, -83, 189)
(1, -83, 190)
(0, -82, 191)
(0, -82, 192)
(0, -82, 193)
(1, -82, 193)
(0, -81, 194)
(1, -81, 194)
(0, -80, 195)
(0, -80, 196)
(1, -81, 196)
(0, -81, 197)
(0, -81, 198)
(0, -81, 199)
(1, -81, 199)
(0, -80, 199)
(0, -80, 198)
(1, -80, 197)
(0, -79, 198)
(0, -79, 199)
(0, -79, 200)
(1, -79, 200)
(0, -78, 200)
(1, -78, 200)
(0, -77, 200)
(1, -77, 200)
(0, -76, 200)
(1, -76, 200)
(0, -75, 200)
(1, -75, 200)
(0, -74, 200)
(1, -74, 199)
(0, -73, 200)
(1, -73, 199)
(1, -73, 198)
(0, -73, 198)
(1, -74, 197)
(0, -74, 197)
(0, -74, 196)
(1, -75, 195)
(1, -75, 194)
(0, -74, 194)
(1, -74, 194)
(0, -73, 195)
(1, -73, 194)
(0, -72, 194)
(1, -72, 194)
(0, -71, 195)
(1, -71, 195)
(1, -71, 196)
(0, -70, 197)
(1, -70, 196)
(0, -69, 197)
(1, -69, 197)
(0, -68, 198)
(0, -68, 199)
(0, -68, 200)
(1, -68, 200)
(0, -67, 200)
(1, -67, 199)
(0, -66, 200)
(1, -66, 200)
(0, -65, 200)
(0, -65, 199)
(1, -65, 198)
(1, -65, 197)
(1, -65, 196)
(0, -64, 196)
(0, -64, 195)
(1, -65, 194)
(0, -65, 194)
(1, -66, 194)
(0, -66, 195)
(1, -67, 194)
(1, -67, 193)
(1, -67, 192)
(0, -67, 192)
(0, -67, 191)
(1, -67, 190)
(0, -66, 191)
(1, -66, 190)
(0, -65, 191)
(1, -65, 190)
(0, -64, 190)
(1, -64, 189)
(1, -64, 188)
(0, -63, 188)
(1, -63, 188)
(0, -62, 188)
(1, -62, 188)
(0, -61, 188)
(1, -61, 188)
(0, -60, 188)
(0, -60, 187)
(1, -60, 186)
(1, -60, 185)
(0, -59, 185)
(0, -59, 184)
(1, -59, 183)
(1, -59, 182)
(1, -59, 181)
(0, -58, 181)
(0, -58, 180)
(0, -58, 179)
(0, -58, 178)
(1, -59, 177)
(0, -59, 178)
(1, -60, 178)
(0, -60, 178)
(0, -60, 177)
(0, -60, 176)
(1, -61, 175)
(1, -61, 174)
(0, -60, 174)
(1, -60, 173)
(0, -59, 173)
(0, -59, 172)
(1, -60, 171)
(1, -60, 170)
(0, -59, 170)
(1, -59, 169)
(1, -59, 168)
(0, -59, 168)
(1, -60, 168)
(0, -60, 169)
(1, -61, 169)
(1, -61, 170)
(1, -61, 171)
(1, -61, 172)
(0, -61, 173)
(1, -62, 172)
(0, -62, 173)
(1, -63, 173)
(0, -63, 174)
(0, -63, 175)
(1, -64, 175)
(0, -64, 175)
(1, -65, 175)
(0, -65, 175)
(1, -66, 174)
(0, -66, 175)
(0, -66, 176)
(1, -66, 176)
(0, -65, 177)
(0, -65, 178)
(0, -65, 179)
(1, -65, 179)
(0, -64, 179)
(1, -64, 178)
(1, -64, 177)
(0, -63, 177)
(1, -63, 177)
(0, -62, 178)
(1, -62, 178)
(1, -62, 179)
(0, -61, 180)
(0, -61, 181)
(1, -62, 181)
(0, -62, 181)
(1, -63, 181)
(0, -63, 182)
(1, -64, 182)
(0, -64, 182)
(1, -65, 182)
(0, -65, 182)
(1, -66, 182)
(1, -66, 183)
(0, -66, 184)
(1, -67, 184)
(0, -67, 185)
(1, -68, 185)
(0, -68, 185)
(1, -69, 184)
(0, -69, 184)
(1, -70, 183)
(0, -70, 184)
(1, -71, 183)
(0, -71, 183)
(1, -72, 182)
(0, -72, 182)
(0, -72, 181)
(0, -72, 180)
(0, -72, 179)
(1, -72, 178)
(1, -72, 177)
(0, -71, 177)
(0, -71, 176)
(0, -71, 175)
(0, -71, 174)
(0, -71, 173)
(0, -71, 172)
(1, -71, 171)
(0, -70, 171)
(0, -70, 170)
(1, -71, 169)
(0, -71, 169)
(0, -71, 168)
(1, -72, 167)
(1, -72, 166)
(1, -72, 165)
(0, -72, 165)
(1, -73, 165)
(0, -73, 165)
(0, -73, 164)
(1, -73, 163)
(1, -73, 162)
(0, -72, 162)
(0, -72, 161)
(1, -73, 160)
(0, -73, 160)
(1, -74, 159)
(0, -74, 160)
(1, -75, 159)
(0, -75, 160)
(1, -76, 160)
(0, -76, 161)
(1, -77, 160)
(1, -77, 159)
(1, -77, 158)
(0, -76, 158)
(1, -76, 157)
(0, -75, 157)
(1, -75, 156)
(1, -75, 155)
(0, -74, 155)
(1, -74, 155)
(0, -73, 155)
(0, -73, 154)
(1, -73, 153)
(0, -72, 154)
(1, -72, 154)
(1, -72, 155)
(1, -72, 156)
(0, -72, 157)
(0, -72, 158)
(0, -72, 159)
(1, -72, 159)
(0, -71, 159)
(0, -71, 158)
(1, -71, 157)
(0, -70, 157)
(1, -70, 156)
(0, -69, 157)
(0, -69, 158)
(1, -70, 158)
(1, -70, 159)
(1, -70, 160)
(0, -70, 161)
(1, -71, 161)
(1, -71, 162)
(0, -70, 163)
(0, -70, 164)
(0, -70, 165)
(0, -70, 166)
(1, -70, 166)
(0, -69, 167)
(0, -69, 168)
(1, -69, 168)
(1, -69, 169)
(0, -69, 170)
(0, -69, 171)
(1, -69, 171)
(0, -68, 171)
(1, -68, 170)
(1, -68, 169)
(0, -67, 169)
(1, -67, 169)
(0, -66, 169)
(1, -66, 168)
(0, -65, 169)
(1, -65, 169)
(0, -64, 170)
(1, -64, 169)
(0, -63, 169)
(0, -63, 168)
(0, -63, 167)
(1, -64, 166)
(1, -64, 165)
(0, -64, 165)
(1, -65, 164)
(0, -65, 165)
(1, -66, 164)
(0, -66, 165)
(0, -66, 166)
(1, -67, 166)
(0, -67, 167)
(1, -68, 167)
(0, -68, 167)
(0, -68, 166)
(1, -68, 165)
(0, -67, 165)
(0, -67, 164)
(1, -68, 163)
(1, -68, 162)
(1, -68, 161)
(0, -67, 161)
(1, -67, 161)
(0, -66, 162)
(1, -66, 162)
(0, -65, 163)
(1, -65, 162)
(0, -64, 162)
(1, -64, 161)
(1, -64, 160)
(0, -64, 160)
(1, -65, 159)
(1, -65, 158)
(0, -64, 158)
(1, -64, 158)
(0, -63, 158)
(1, -63, 158)
(0, -62, 159)
(1, -62, 159)
(0, -61, 159)
(1, -61, 158)
(0, -60, 159)
(1, -60, 159)
(0, -59, 159)
(1, -59, 158)
(0, -58, 159)
(1, -58, 158)
(0, -57, 158)
(1, -57, 158)
(0, -56, 158)
(0, -56, 157)
(1, -56, 156)
(0, -55, 156)
(1, -55, 155)
(0, -54, 156)
(0, -54, 157)
(1, -54, 157)
(0, -53, 157)
(1, -53, 157)
(1, -53, 158)
(1, -53, 159)
(1, -53, 160)
(0, -53, 161)
(1, -54, 160)
(1, -54, 159)
(0, -54, 159)
(1, -55, 159)
(0, -55, 160)
(0, -55, 161)
(0, -55, 162)
(0, -55, 163)
(0, -55, 164)
(0, -55, 165)
(0, -55, 166)
(1, -55, 166)
(0, -54, 166)
(0, -54, 165)
(1, -54, 164)
(0, -53, 164)
(1, -53, 163)
(0, -52, 163)
(1, -52, 162)
(0, -51, 163)
(1, -51, 162)
(0, -50, 163)
(0, -50, 164)
(1, -50, 164)
(0, -49, 164)
(0, -49, 163)
(0, -49, 162)
(1, -50, 161)
(1, -50, 160)
(1, -50, 159)
(0, -49, 159)
(1, -49, 158)
(1, -49, 157)
(0, -49, 157)
(1, -50, 156)
(0, -50, 157)
(1, -51, 156)
(0, -51, 157)
(1, -52, 156)
(1, -52, 155)
(0, -51, 155)
(1, -51, 154)
(0, -50, 155)
(1, -50, 154)
(0, -49, 154)
(1, -49, 153)
(1, -49, 152)
(0, -48, 152)
(0, -48, 151)
(1, -48, 150)
(0, -47, 151)
(0, -47, 152)
(1, -47, 152)
(0, -46, 152)
(1, -46, 151)
(0, -45, 152)
(0, -45, 153)
(1, -46, 153)
(0, -46, 154)
(1, -47, 154)
(0, -47, 155)
(0, -47, 156)
(1, -48, 156)
(1, -48, 157)
(0, -47, 158)
(0, -47, 159)
(0, -47, 160)
(1, -47, 160)
(0, -46, 161)
(1, -46, 161)
(0, -45, 161)
(1, -45, 161)
(0, -44, 161)
(1, -44, 160)
(1, -44, 159)
(0, -44, 159)
(0, -44, 158)
(1, -44, 157)
(0, -43, 157)
(1, -43, 157)
(1, -43, 158)
(1, -43, 159)
(1, -43, 160)
(0, -42, 161)
(0, -42, 162)
(1, -43, 162)
(0, -43, 163)
(0, -43, 164)
(1, -44, 164)
(0, -44, 164)
(1, -45, 163)
(0, -45, 163)
(1, -46, 163)
(0, -46, 163)
(1, -47, 163)
(0, -47, 163)
(1, -48, 163)
(1, -48, 164)
(1, -48, 165)
(0, -48, 166)
(0, -48, 167)
(1, -48, 167)
(1, -48, 168)
(1, -48, 169)
(0, -47, 170)
(1, -47, 169)
(0, -46, 170)
(1, -46, 169)
(0, -45, 170)
(1, -45, 169)
(1, -45, 168)
(0, -44, 168)
(1, -44, 167)
(0, -43, 167)
(1, -43, 167)
(0, -42, 168)
(0, -42, 169)
(0, -42, 170)
(1, -42, 170)
(0, -41, 170)
(1, -41, 169)
(0, -40, 170)
(1, -40, 169)
(1, -40, 168)
(1, -40, 167)
(0, -39, 167)
(0, -39, 166)
(0, -39, 165)
(0, -39, 164)
(1, -40, 163)
(0, -40, 163)
(1, -41, 162)
(0, -41, 162)
(0, -41, 161)
(0, -41, 160)
(1, -41, 159)
(1, -41, 158)
(1, -41, 157)
(1, -41, 156)
(0, -41, 156)
(0, -41, 155)
(1, -42, 154)
(0, -42, 154)
(1, -43, 154)
(0, -43, 154)
(1, -44, 153)
(1, -44, 152)
(0, -44, 152)
(0, -44, 151)
(0, -44, 150)
(1, -44, 149)
(1, -44, 148)
(0, -44, 148)
(1, -45, 148)
(0, -45, 149)
(1, -46, 149)
(0, -46, 149)
(1, -47, 148)
(0, -47, 149)
(1, -48, 148)
(1, -48, 147)
(0, -47, 147)
(0, -47, 146)
(0, -47, 145)
(1, -47, 144)
(0, -46, 145)
(1, -46, 144)
(1, -46, 143)
(1, -46, 142)
(0, -45, 142)
(0, -45, 141)
(0, -45, 140)
(1, -45, 139)
(0, -44, 140)
(1, -44, 140)
(0, -43, 141)
(1, -43, 140)
(1, -43, 139)
(0, -43, 139)
(1, -44, 138)
(1, -44, 137)
(0, -43, 137)
(0, -43, 136)
(0, -43, 135)
(1, -43, 134)
(0, -42, 134)
(1, -42, 134)
(1, -42, 135)
(0, -41, 136)
(1, -41, 135)
(0, -40, 135)
(1, -40, 134)
(0, -39, 134)
(0, -39, 133)
(0, -39, 132)
(1, -40, 131)
(1, -40, 130)
(0, -39, 130)
(1, -39, 130)
(0, -38, 131)
(0, -38, 132)
(1, -38, 132)
(1, -38, 133)
(0, -38, 134)
(0, -38, 135)
(1, -39, 135)
(0, -39, 136)
(1, -40, 136)
(0, -40, 137)
(1, -41, 137)
(0, -41, 138)
(1, -42, 138)
(1, -42, 139)
(0, -41, 140)
(1, -41, 140)
(0, -40, 140)
(1, -40, 139)
(0, -39, 140)
(0, -39, 141)
(1, -39, 141)
(0, -38, 141)
(0, -38, 140)
(0, -38, 139)
(1, -39, 138)
(1, -39, 137)
(0, -38, 137)
(1, -38, 137)
(0, -37, 138)
(1, -37, 138)
(0, -36, 139)
(0, -36, 140)
(0, -36, 141)
(0, -36, 142)
(1, -37, 142)
(0, -37, 143)
(0, -37, 144)
(1, -37, 144)
(0, -36, 144)
(1, -36, 144)
(0, -35, 145)
(1, -35, 144)
(0, -34, 144)
(1, -34, 143)
(0, -33, 143)
(1, -33, 143)
(1, -33, 144)
(1, -33, 145)
(1, -33, 146)
(1, -33, 147)
(1, -33, 148)
(0, -33, 149)
(1, -34, 149)
(0, -34, 150)
(1, -35, 149)
(1, -35, 148)
(1, -35, 147)
(0, -35, 147)
(1, -36, 146)
(0, -36, 147)
(0, -36, 148)
(1, -37, 148)
(0, -37, 148)
(0, -37, 147)
(1, -38, 146)
(0, -38, 146)
(1, -39, 145)
(0, -39, 146)
(1, -40, 145)
(0, -40, 146)
(0, -40, 147)
(0, -40, 148)
(1, -41, 148)
(0, -41, 149)
(1, -42, 148)
(1, -42, 147)
(0, -42, 147)
(1, -43, 147)
(1, -43, 148)
(1, -43, 149)
(1, -43, 150)
(1, -43, 151)
(0, -42, 152)
(1, -42, 151)
(0, -41, 151)
(1, -41, 151)
(1, -41, 152)
(1, -41, 153)
(0, -40, 154)
(0, -40, 155)
(1, -40, 155)
(1, -40, 156)
(0, -39, 157)
(1, -39, 157)
(1, -39, 158)
(0, -39, 159)
(1, -40, 159)
(1, -40, 160)
(1, -40, 161)
(0, -39, 162)
(1, -39, 161)
(0, -38, 161)
(1, -38, 160)
(1, -38, 159)
(1, -38, 158)
(0, -37, 158)
(1, -37, 158)
(0, -36, 158)
(1, -36, 158)
(0, -35, 159)
(1, -35, 158)
(0, -34, 159)
(0, -34, 160)
(1, -35, 160)
(0, -35, 161)
(1, -36, 160)
(0, -36, 161)
(1, -37, 161)
(1, -37, 162)
(0, -36, 163)
(1, -36, 162)
(0, -35, 163)
(1, -35, 162)
(0, -34, 162)
(1, -34, 162)
(1, -34, 163)
(0, -34, 164)
(0, -34, 165)
(0, -34, 166)
(1, -34, 166)
(0, -33, 166)
(1, -33, 166)
(1, -33, 167)
(0, -33, 168)
(1, -34, 168)
(0, -34, 169)
(0, -34, 170)
(0, -34, 171)
(0, -34, 172)
(1, -34, 172)
(0, -33, 173)
(1, -33, 173)
(0, -32, 173)
(0, -32, 172)
(1, -33, 171)
(1, -33, 170)
(0, -32, 170)
(1, -32, 170)
(0, -31, 171)
(0, -31, 172)
(1, -31, 172)
(0, -30, 172)
(1, -30, 172)
(0, -29, 172)
(1, -29, 171)
(0, -28, 171)
(1, -28, 170)
(0, -27, 170)
(1, -27, 170)
(1, -27, 171)
(1, -27, 172)
(0, -26, 173)
(1, -26, 172)
(0, -25, 173)
(1, -25, 173)
(1, -25, 174)
(0, -25, 175)
(1, -26, 175)
(0, -26, 176)
(1, -27, 176)
(0, -27, 177)
(1, -28, 176)
(0, -28, 176)
(0, -28, 175)
(1, -29, 174)
(0, -29, 174)
(1, -30, 174)
(0, -30, 174)
(1, -31, 174)
(0, -31, 174)
(1, -32, 174)
(1, -32, 175)
(0, -31, 176)
(0, -31, 177)
(0, -31, 178)
(0, -31, 179)
(1, -31, 179)
(0, -30, 179)
(0, -30, 178)
(1, -30, 177)
(0, -29, 177)
(1, -29, 177)
(0, -28, 178)
(0, -28, 179)
(1, -28, 179)
(1, -28, 180)
(0, -27, 181)
(1, -27, 180)
(1, -27, 179)
(0, -26, 179)
(0, -26, 178)
(1, -26, 177)
(0, -25, 177)
(1, -25, 177)
(0, -24, 177)
(1, -24, 176)
(0, -23, 177)
(1, -23, 177)
(0, -22, 178)
(1, -22, 178)
(0, -21, 178)
(1, -21, 177)
(0, -20, 177)
(1, -20, 176)
(0, -19, 176)
(1, -19, 176)
(1, -19, 177)
(1, -19, 178)
(0, -19, 179)
(0, -19, 180)
(1, -20, 180)
(1, -20, 181)
(0, -19, 182)
(1, -19, 182)
(1, -19, 183)
(0, -18, 184)
(1, -18, 184)
(1, -18, 185)
(0, -17, 186)
(0, -17, 187)
(1, -18, 187)
(1, -18, 188)
(1, -18, 189)
(0, -18, 190)
(1, -19, 190)
(0, -19, 191)
(1, -20, 191)
(0, -20, 192)
(1, -21, 192)
(0, -21, 192)
(0, -21, 191)
(0, -21, 190)
(0, -21, 189)
(1, -22, 188)
(0, -22, 188)
(0, -22, 187)
(1, -22, 186)
(0, -21, 186)
(1, -21, 185)
(0, -20, 186)
(0, -20, 187)
(0, -20, 188)
(0, -20, 189)
(1, -20, 189)
(0, -19, 189)
(0, -19, 188)
(1, -19, 187)
(1, -19, 186)
(1, -19, 185)
(0, -19, 185)
(1, -20, 184)
(1, -20, 183)
(0, -20, 183)
(1, -21, 182)
(0, -21, 182)
(1, -22, 182)
(0, -22, 183)
(0, -22, 184)
(0, -22, 185)
(1, -23, 185)
(0, -23, 186)
(0, -23, 187)
(0, -23, 188)
(0, -23, 189)
(0, -23, 190)
(0, -23, 191)
(0, -23, 192)
(0, -23, 193)
(0, -23, 194)
(1, -24, 194)
(0, -24, 195)
(1, -25, 194)
(0, -25, 195)
(0, -25, 196)
(1, -26, 196)
(1, -26, 197)
(0, -26, 198)
(1, -27, 197)
(1, -27, 196)
(0, -27, 196)
(1, -28, 195)
(0, -28, 195)
(1, -29, 194)
(0, -29, 195)
(1, -30, 194)
(1, -30, 193)
(1, -30, 192)
(1, -30, 191)
(1, -30, 190)
(0, -30, 190)
(0, -30, 189)
(1, -30, 188)
(0, -29, 188)
(0, -29, 187)
(0, -29, 186)
(1, -30, 185)
(0, -30, 186)
(0, -30, 187)
(1, -31, 187)
(0, -31, 187)
(0, -31, 186)
(0, -31, 185)
(1, -32, 184)
(1, -32, 183)
(1, -32, 182)
(1, -32, 181)
(1, -32, 180)
(0, -32, 180)
(1, -33, 180)
(1, -33, 181)
(1, -33, 182)
(0, -33, 183)
(1, -34, 183)
(0, -34, 184)
(1, -35, 184)
(0, -35, 184)
(1, -36, 183)
(0, -36, 183)
(1, -37, 182)
(0, -37, 182)
(0, -37, 181)
(1, -37, 180)
(0, -36, 181)
(1, -36, 180)
(1, -36, 179)
(0, -35, 179)
(1, -35, 179)
(0, -34, 179)
(0, -34, 178)
(0, -34, 177)
(0, -34, 176)
(1, -35, 175)
(0, -35, 175)
(1, -36, 174)
(0, -36, 175)
(1, -37, 174)
(0, -37, 174)
(1, -38, 174)
(1, -38, 175)
(1, -38, 176)
(1, -38, 177)
(1, -38, 178)
(1, -38, 179)
(0, -38, 180)
(1, -39, 180)
(0, -39, 181)
(1, -40, 180)
(0, -40, 180)
(0, -40, 179)
(0, -40, 178)
(1, -41, 177)
(0, -41, 177)
(0, -41, 176)
(1, -42, 175)
(1, -42, 174)
(1, -42, 173)
(0, -42, 173)
(1, -43, 173)
(0, -43, 174)
(1, -44, 173)
(0, -44, 173)
(0, -44, 172)
(1, -45, 171)
(0, -45, 172)
(1, -46, 172)
(0, -46, 173)
(1, -47, 173)
(1, -47, 174)
(1, -47, 175)
(1, -47, 176)
(0, -47, 177)
(1, -48, 176)
(0, -48, 176)
(1, -49, 176)
(0, -49, 176)
(1, -50, 175)
(1, -50, 174)
(0, -49, 174)
(0, -49, 173)
(0, -49, 172)
(1, -50, 171)
(0, -50, 172)
(1, -51, 172)
(0, -51, 172)
(1, -52, 171)
(0, -52, 172)
(1, -53, 172)
(1, -53, 173)
(0, -53, 174)
(0, -53, 175)
(1, -53, 175)
(1, -53, 176)
(0, -52, 177)
(1, -52, 176)
(0, -51, 177)
(0, -51, 178)
(1, -51, 178)
(0, -50, 179)
(1, -50, 178)
(0, -49, 179)
(0, -49, 180)
(0, -49, 181)
(1, -49, 181)
(1, -49, 182)
(0, -49, 183)
(1, -50, 182)
(0, -50, 183)
(0, -50, 184)
(1, -51, 184)
(0, -51, 184)
(0, -51, 183)
(0, -51, 182)
(1, -52, 181)
(1, -52, 180)
(1, -52, 179)
(0, -52, 179)
(1, -53, 178)
(0, -53, 179)
(0, -53, 180)
(1, -54, 180)
(0, -54, 181)
(1, -55, 181)
(1, -55, 182)
(1, -55, 183)
(0, -55, 184)
(1, -56, 184)
(0, -56, 185)
(1, -57, 184)
(0, -57, 185)
(1, -58, 184)
(0, -58, 185)
(0, -58, 186)
(1, -59, 186)
(1, -59, 187)
(1, -59, 188)
(0, -58, 189)
(1, -58, 188)
(1, -58, 187)
(0, -57, 187)
(1, -57, 186)
(0, -56, 187)
(1, -56, 186)
(0, -55, 186)
(1, -55, 185)
(0, -54, 186)
(1, -54, 186)
(0, -53, 187)
(1, -53, 186)
(0, -52, 187)
(0, -52, 188)
(1, -53, 188)
(1, -53, 189)
(1, -53, 190)
(0, -53, 191)
(1, -54, 190)
(1, -54, 189)
(0, -54, 189)
(1, -55, 188)
(0, -55, 188)
(1, -56, 188)
(1, -56, 189)
(1, -56, 190)
(0, -55, 191)
(1, -55, 191)
(1, -55, 192)
(0, -54, 193)
(0, -54, 194)
(1, -55, 194)
(1, -55, 195)
(0, -54, 196)
(0, -54, 197)
(0, -54, 198)
(1, -54, 198)
(1, -54, 199)
(0, -53, 200)
(1, -53, 200)
(0, -52, 200)
(0, -52, 199)
(0, -52, 198)
(0, -52, 197)
(1, -53, 196)
(1, -53, 195)
(1, -53, 194)
(0, -52, 194)
(1, -52, 194)
(0, -51, 195)
(0, -51, 196)
(0, -51, 197)
(1, -51, 197)
(1, -51, 198)
(0, -50, 199)
(1, -50, 198)
(0, -49, 198)
(1, -49, 198)
(0, -48, 198)
(0, -48, 197)
(0, -48, 196)
(1, -48, 195)
(1, -48, 194)
(0, -47, 194)
(1, -47, 194)
(0, -46, 195)
(1, -46, 195)
(0, -45, 195)
(1, -45, 195)
(0, -44, 195)
(1, -44, 195)
(0, -43, 195)
(1, -43, 195)
(0, -42, 196)
(1, -42, 195)
(0, -41, 195)
(1, -41, 195)
(1, -41, 196)
(1, -41, 197)
(1, -41, 198)
(0, -40, 199)
(1, -40, 199)
(0, -39, 200)
(1, -39, 200)
(0, -38, 200)
(1, -38, 199)
(1, -38, 198)
(0, -37, 198)
(1, -37, 197)
(0, -36, 197)
(1, -36, 196)
(0, -35, 197)
(1, -35, 196)
(0, -34, 196)
(1, -34, 195)
(0, -33, 196)
(1, -33, 196)
(0, -32, 197)
(0, -32, 198)
(1, -32, 198)
(0, -31, 198)
(1, -31, 198)
(0, -30, 198)
(1, -30, 198)
(1, -30, 199)
(0, -29, 200)
(1, -29, 199)
(1, -29, 198)
(0, -28, 198)
(1, -28, 198)
(1, -28, 199)
(0, -27, 200)
(1, -27, 200)
(0, -26, 200)
(1, -26, 199)
(0, -25, 199)
(1, -25, 199)
(0, -24, 200)
(1, -24, 200)
(0, -23, 200)
(1, -23, 200)
(0, -22, 200)
(1, -22, 199)
(0, -21, 199)
(1, -21, 199)
(0, -20, 199)
(1, -20, 199)
(0, -19, 199)
(1, -19, 198)
(1, -19, 197)
(0, -18, 197)
(0, -18, 196)
(1, -19, 195)
(1, -19, 194)
(1, -19, 193)
(0, -18, 193)
(1, -18, 193)
(0, -17, 193)
(1, -17, 193)
(0, -16, 194)
(0, -16, 195)
(1, -16, 195)
(0, -15, 196)
(1, -15, 196)
(0, -14, 197)
(1, -14, 196)
(0, -13, 196)
(1, -13, 196)
(0, -12, 197)
(1, -12, 197)
(0, -11, 197)
(1, -11, 196)
(0, -10, 196)
(1, -10, 195)
(0, -9, 196)
(1, -9, 196)
(0, -8, 196)
(1, -8, 195)
(0, -7, 195)
(1, -7, 194)
(1, -7, 193)
(0, -6, 193)
(1, -6, 193)
(0, -5, 194)
(0, -5, 195)
(0, -5, 196)
(1, -6, 196)
(1, -6, 197)
(0, -6, 198)
(0, -6, 199)
(1, -6, 199)
(0, -5, 199)
(1, -5, 198)
(0, -4, 198)
(1, -4, 197)
(0, -3, 198)
(1, -3, 197)
(1, -3, 196)
(1, -3, 195)
(1, -3, 194)
(0, -2, 194)
(1, -2, 194)
(0, -1, 195)
(1, -1, 195)
(1, -1, 196)
(0, 0, 197)
(0, 0, 198)
(0, 0, 199)
(1, 0, 199)
(0, 1, 200)
(1, 1, 200)
(0, 2, 200)
(0, 2, 199)
(1, 2, 198)
(0, 3, 199)
(0, 3, 200)
(1, 3, 200)
(0, 4, 200)
(1, 4, 200)
(0, 5, 200)
(0, 5, 199)
(0, 5, 198)
(0, 5, 197)
(1, 5, 196)
(0, 6, 197)
(1, 6, 196)
(1, 6, 195)
(1, 6, 194)
(1, 6, 193)
(0, 7, 193)
(0, 7, 192)
(0, 7, 191)
(1, 6, 190)
(0, 6, 191)
(1, 5, 191)
(0, 5, 191)
(1, 4, 191)
(0, 4, 192)
(0, 4, 193)
(0, 4, 194)
(1, 3, 194)
(0, 3, 194)
(1, 2, 193)
(1, 2, 192)
(1, 2, 191)
(0, 3, 191)
(1, 3, 190)
(1, 3, 189)
(1, 3, 188)
(0, 4, 188)
(1, 4, 188)
(0, 5, 188)
(1, 5, 187)
(1, 5, 186)
(1, 5, 185)
(1, 5, 184)
(1, 5, 183)
(1, 5, 182)
(1, 5, 181)
(0, 5, 181)
(1, 4, 180)
(0, 4, 180)
(1, 3, 179)
(1, 3, 178)
(0, 3, 178)
(1, 2, 178)
(0, 2, 179)
(1, 1, 178)
(0, 1, 178)
(0, 1, 177)
(0, 1, 176)
(1, 1, 175)
(0, 2, 175)
(1, 2, 174)
(0, 3, 174)
(1, 3, 174)
(0, 4, 174)
(0, 4, 173)
(1, 3, 172)
(1, 3, 171)
(1, 3, 170)
(0, 4, 170)
(1, 4, 170)
(1, 4, 171)
(0, 5, 172)
(1, 5, 172)
(0, 6, 173)
(0, 6, 174)
(1, 6, 174)
(0, 7, 174)
(1, 7, 174)
(0, 8, 175)
(0, 8, 176)
(0, 8, 177)
(1, 7, 177)
(0, 7, 177)
(1, 6, 177)
(0, 6, 178)
(1, 5, 177)
(1, 5, 176)
(0, 5, 176)
(1, 4, 176)
(1, 4, 177)
(1, 4, 178)
(0, 5, 179)
(1, 5, 179)
(0, 6, 180)
(1, 6, 179)
(0, 7, 180)
(0, 7, 181)
(0, 7, 182)
(0, 7, 183)
(1, 6, 183)
(1, 6, 184)
(0, 7, 185)
(1, 7, 184)
(0, 8, 184)
(1, 8, 183)
(0, 9, 183)
(1, 9, 182)
(1, 9, 181)
(1, 9, 180)
(0, 9, 180)
(1, 8, 180)
(0, 8, 180)
(0, 8, 179)
(1, 8, 178)
(0, 9, 178)
(0, 9, 177)
(0, 9, 176)
(1, 9, 175)
(1, 9, 174)
(0, 10, 174)
(0, 10, 173)
(1, 9, 172)
(0, 9, 173)
(1, 8, 173)
(0, 8, 173)
(0, 8, 172)
(1, 7, 171)
(1, 7, 170)
(0, 7, 170)
(1, 6, 169)
(0, 6, 169)
(0, 6, 168)
(1, 6, 167)
(0, 7, 168)
(1, 7, 167)
(0, 8, 167)
(1, 8, 167)
(0, 9, 167)
(1, 9, 167)
(1, 9, 168)
(1, 9, 169)
(0, 10, 170)
(1, 10, 170)
(0, 11, 171)
(0, 11, 172)
(0, 11, 173)
(0, 11, 174)
(0, 11, 175)
(0, 11, 176)
(0, 11, 177)
(0, 11, 178)
(0, 11, 179)
(0, 11, 180)
(1, 10, 180)
(1, 10, 181)
(0, 11, 182)
(1, 11, 181)
(0, 12, 182)
(1, 12, 182)
(0, 13, 183)
(1, 13, 183)
(0, 14, 183)
(1, 14, 183)
(0, 15, 183)
(1, 15, 182)
(0, 16, 183)
(1, 16, 183)
(0, 17, 183)
(1, 17, 183)
(1, 17, 184)
(0, 17, 185)
(0, 17, 186)
(0, 17, 187)
(1, 16, 187)
(0, 16, 188)
(0, 16, 189)
(1, 16, 189)
(0, 17, 189)
(1, 17, 189)
(1, 17, 190)
(0, 17, 191)
(1, 16, 191)
(0, 16, 192)
(1, 15, 191)
(0, 15, 192)
(1, 14, 192)
(0, 14, 193)
(0, 14, 194)
(1, 13, 194)
(0, 13, 195)
(0, 13, 196)
(1, 12, 196)
(0, 12, 196)
(0, 12, 195)
(1, 11, 194)
(1, 11, 193)
(1, 11, 192)
(0, 12, 192)
(1, 12, 191)
(0, 13, 191)
(1, 13, 190)
(1, 13, 189)
(0, 14, 189)
(0, 14, 188)
(0, 14, 187)
(0, 14, 186)
(1, 13, 185)
(0, 13, 186)
(1, 12, 185)
(0, 12, 186)
(1, 11, 185)
(0, 11, 186)
(0, 11, 187)
(1, 10, 187)
(0, 10, 187)
(1, 9, 186)
(1, 9, 185)
(0, 9, 185)
(1, 8, 185)
(0, 8, 186)
(0, 8, 187)
(1, 7, 187)
(1, 7, 188)
(0, 8, 189)
(1, 8, 188)
(0, 9, 188)
(1, 9, 188)
(0, 10, 189)
(1, 10, 189)
(0, 11, 190)
(0, 11, 191)
(1, 10, 191)
(0, 10, 191)
(1, 9, 191)
(0, 9, 191)
(1, 8, 190)
(0, 8, 191)
(0, 8, 192)
(0, 8, 193)
(1, 8, 193)
(1, 8, 194)
(0, 8, 195)
(0, 8, 196)
(1, 8, 196)
(0, 9, 197)
(1, 9, 196)
(0, 10, 197)
(1, 10, 197)
(0, 11, 197)
(1, 11, 197)
(1, 11, 198)
(0, 12, 199)
(1, 12, 198)
(0, 13, 199)
(1, 13, 198)
(1, 13, 197)
(0, 14, 197)
(1, 14, 197)
(0, 15, 197)
(0, 15, 196)
(1, 15, 195)
(0, 16, 196)
(1, 16, 196)
(1, 16, 197)
(0, 17, 198)
(1, 17, 198)
(0, 18, 199)
(1, 18, 198)
(1, 18, 197)
(1, 18, 196)
(0, 19, 196)
(1, 19, 196)
(0, 20, 197)
(0, 20, 198)
(1, 20, 198)
(0, 21, 198)
(1, 21, 198)
(1, 21, 199)
(0, 22, 200)
(1, 22, 200)
(0, 23, 200)
(1, 23, 200)
(0, 24, 200)
(1, 24, 200)
(0, 25, 200)
(0, 25, 199)
(1, 25, 198)
(0, 26, 199)
(1, 26, 199)
(0, 27, 200)
(1, 27, 200)
(0, 28, 200)
(0, 28, 199)
(0, 28, 198)
(0, 28, 197)
(1, 27, 196)
(0, 27, 196)
(1, 26, 195)
(0, 26, 196)
(1, 25, 195)
(1, 25, 194)
(0, 26, 194)
(1, 26, 193)
(0, 27, 193)
(1, 27, 192)
(1, 27, 191)
(0, 27, 191)
(1, 26, 190)
(0, 26, 190)
(1, 25, 189)
(0, 25, 190)
(1, 24, 189)
(0, 24, 190)
(1, 23, 189)
(0, 23, 190)
(1, 22, 190)
(0, 22, 190)
(1, 21, 190)
(0, 21, 190)
(1, 20, 190)
(0, 20, 190)
(1, 19, 190)
(1, 19, 191)
(0, 20, 192)
(1, 20, 192)
(0, 21, 193)
(1, 21, 192)
(0, 22, 192)
(1, 22, 192)
(0, 23, 193)
(0, 23, 194)
(1, 22, 194)
(0, 22, 194)
(1, 21, 194)
(0, 21, 195)
(1, 20, 195)
(0, 20, 195)
(1, 19, 194)
(1, 19, 193)
(0, 19, 193)
(1, 18, 193)
(0, 18, 193)
(0, 18, 192)
(1, 18, 191)
(1, 18, 190)
(1, 18, 189)
(0, 19, 189)
(1, 19, 188)
(1, 19, 187)
(0, 20, 187)
(1, 20, 187)
(0, 21, 187)
(1, 21, 187)
(0, 22, 187)
(0, 22, 186)
(0, 22, 185)
(1, 22, 184)
(0, 23, 185)
(1, 23, 185)
(0, 24, 186)
(1, 24, 186)
(0, 25, 187)
(1, 25, 187)
(0, 26, 188)
(1, 26, 188)
(0, 27, 189)
(1, 27, 188)
(0, 28, 188)
(1, 28, 188)
(0, 29, 189)
(1, 29, 188)
(0, 30, 189)
(1, 30, 188)
(1, 30, 187)
(0, 31, 187)
(1, 31, 187)
(0, 32, 187)
(1, 32, 187)
(0, 33, 187)
(1, 33, 187)
(0, 34, 188)
(0, 34, 189)
(0, 34, 190)
(1, 33, 190)
(1, 33, 191)
(0, 33, 192)
(1, 32, 191)
(0, 32, 191)
(1, 31, 191)
(0, 31, 191)
(1, 30, 191)
(0, 30, 192)
(1, 29, 192)
(0, 29, 192)
(1, 28, 192)
(1, 28, 193)
(0, 28, 194)
(0, 28, 195)
(1, 28, 195)
(0, 29, 196)
(1, 29, 195)
(0, 30, 195)
(1, 30, 195)
(0, 31, 196)
(1, 31, 195)
(0, 32, 196)
(1, 32, 195)
(0, 33, 195)
(0, 33, 194)
(1, 33, 193)
(0, 34, 194)
(1, 34, 194)
(0, 35, 195)
(1, 35, 195)
(0, 36, 196)
(1, 36, 195)
(0, 37, 195)
(1, 37, 194)
(0, 38, 195)
(1, 38, 195)
(0, 39, 196)
(1, 39, 195)
(1, 39, 194)
(1, 39, 193)
(0, 39, 193)
(0, 39, 192)
(1, 39, 191)
(1, 39, 190)
(1, 39, 189)
(0, 40, 189)
(1, 40, 189)
(0, 41, 190)
(1, 41, 190)
(0, 42, 191)
(1, 42, 191)
(0, 43, 191)
(0, 43, 190)
(0, 43, 189)
(1, 42, 188)
(0, 42, 189)
(1, 41, 188)
(0, 41, 188)
(1, 40, 187)
(0, 40, 187)
(1, 39, 187)
(0, 39, 187)
(0, 39, 186)
(1, 38, 185)
(0, 38, 186)
(1, 37, 186)
(0, 37, 187)
(0, 37, 188)
(0, 37, 189)
(1, 36, 189)
(0, 36, 190)
(1, 35, 189)
(0, 35, 189)
(0, 35, 188)
(1, 35, 187)
(1, 35, 186)
(0, 35, 186)
(1, 34, 185)
(1, 34, 184)
(0, 34, 184)
(1, 33, 184)
(0, 33, 184)
(1, 32, 183)
(1, 32, 182)
(0, 32, 182)
(1, 31, 181)
(0, 31, 181)
(1, 30, 181)
(1, 30, 182)
(0, 30, 183)
(0, 30, 184)
(0, 30, 185)
(1, 29, 185)
(0, 29, 185)
(0, 29, 184)
(0, 29, 183)
(0, 29, 182)
(1, 29, 181)
(1, 29, 180)
(0, 30, 180)
(0, 30, 179)
(1, 29, 178)
(0, 29, 179)
(1, 28, 179)
(0, 28, 179)
(0, 28, 178)
(0, 28, 177)
(0, 28, 176)
(1, 28, 175)
(0, 29, 175)
(1, 29, 175)
(0, 30, 176)
(1, 30, 175)
(0, 31, 176)
(0, 31, 177)
(1, 31, 177)
(0, 32, 177)
(0, 32, 176)
(1, 32, 175)
(0, 33, 175)
(1, 33, 174)
(1, 33, 173)
(0, 33, 173)
(1, 32, 172)
(1, 32, 171)
(1, 32, 170)
(1, 32, 169)
(0, 32, 169)
(1, 31, 169)
(1, 31, 170)
(0, 31, 171)
(1, 30, 170)
(0, 30, 170)
(1, 29, 169)
(1, 29, 168)
(0, 30, 168)
(1, 30, 168)
(0, 31, 168)
(0, 31, 167)
(0, 31, 166)
(0, 31, 165)
(0, 31, 164)
(0, 31, 163)
(0, 31, 162)
(1, 30, 161)
(1, 30, 160)
(1, 30, 159)
(1, 30, 158)
(0, 31, 158)
(1, 31, 158)
(0, 32, 158)
(0, 32, 157)
(0, 32, 156)
(1, 31, 155)
(1, 31, 154)
(1, 31, 153)
(0, 31, 153)
(0, 31, 152)
(1, 31, 151)
(0, 32, 151)
(1, 32, 150)
(1, 32, 149)
(0, 33, 149)
(0, 33, 148)
(0, 33, 147)
(0, 33, 146)
(1, 32, 145)
(0, 32, 146)
(1, 31, 146)
(0, 31, 147)
(0, 31, 148)
(1, 30, 148)
(1, 30, 149)
(1, 30, 150)
(0, 30, 151)
(1, 29, 151)
(1, 29, 152)
(0, 30, 153)
(0, 30, 154)
(1, 29, 154)
(0, 29, 155)
(1, 28, 154)
(0, 28, 154)
(0, 28, 153)
(1, 28, 152)
(1, 28, 151)
(1, 28, 150)
(0, 29, 150)
(0, 29, 149)
(0, 29, 148)
(0, 29, 147)
(0, 29, 146)
(0, 29, 145)
(1, 29, 144)
(1, 29, 143)
(0, 29, 143)
(1, 28, 143)
(0, 28, 143)
(1, 27, 143)
(0, 27, 143)
(0, 27, 142)
(1, 27, 141)
(1, 27, 140)
(0, 28, 140)
(1, 28, 140)
(0, 29, 140)
(1, 29, 139)
(0, 30, 140)
(0, 30, 141)
(1, 30, 141)
(0, 31, 141)
(1, 31, 140)
(1, 31, 139)
(1, 31, 138)
(0, 31, 138)
(1, 30, 137)
(1, 30, 136)
(0, 31, 136)
(1, 31, 135)
(1, 31, 134)
(0, 31, 134)
(0, 31, 133)
(0, 31, 132)
(1, 31, 131)
(0, 32, 132)
(1, 32, 132)
(0, 33, 132)
(1, 33, 131)
(1, 33, 130)
(1, 33, 129)
(1, 33, 128)
(0, 34, 128)
(1, 34, 127)
(1, 34, 126)
(0, 35, 126)
(0, 35, 125)
(1, 34, 124)
(0, 34, 124)
(0, 34, 123)
(1, 34, 122)
(1, 34, 121)
(0, 35, 121)
(1, 35, 120)
(0, 36, 121)
(1, 36, 121)
(1, 36, 122)
(0, 37, 123)
(0, 37, 124)
(1, 37, 124)
(1, 37, 125)
(1, 37, 126)
(0, 37, 127)
(1, 36, 126)
(0, 36, 127)
(0, 36, 128)
(0, 36, 129)
(1, 35, 129)
(1, 35, 130)
(0, 36, 131)
(1, 36, 130)
(0, 37, 130)
(0, 37, 129)
(1, 37, 128)
(0, 38, 128)
(1, 38, 127)
(1, 38, 126)
(1, 38, 125)
(0, 39, 125)
(1, 39, 124)
(0, 40, 124)
(1, 40, 124)
(1, 40, 125)
(0, 40, 126)
(1, 39, 126)
(1, 39, 127)
(1, 39, 128)
(0, 40, 129)
(0, 40, 130)
(1, 39, 130)
(0, 39, 131)
(1, 38, 131)
(0, 38, 131)
(1, 37, 131)
(0, 37, 132)
(0, 37, 133)
(1, 36, 133)
(0, 36, 134)
(1, 35, 134)
(1, 35, 135)
(0, 35, 136)
(0, 35, 137)
(0, 35, 138)
(0, 35, 139)
(1, 35, 139)
(0, 36, 140)
(1, 36, 140)
(0, 37, 141)
(1, 37, 141)
(0, 38, 141)
(1, 38, 140)
(1, 38, 139)
(1, 38, 138)
(0, 39, 138)
(0, 39, 137)
(1, 38, 136)
(0, 38, 137)
(1, 37, 136)
(1, 37, 135)
(0, 38, 135)
(0, 38, 134)
(1, 38, 133)
(0, 39, 133)
(1, 39, 132)
(0, 40, 132)
(1, 40, 131)
(0, 41, 132)
(0, 41, 133)
(1, 41, 133)
(1, 41, 134)
(0, 41, 135)
(1, 40, 135)
(1, 40, 136)
(0, 41, 137)
(0, 41, 138)
(1, 40, 138)
(1, 40, 139)
(1, 40, 140)
(0, 41, 141)
(0, 41, 142)
(1, 41, 142)
(0, 42, 143)
(1, 42, 143)
(0, 43, 143)
(0, 43, 142)
(1, 43, 141)
(1, 43, 140)
(0, 44, 140)
(0, 44, 139)
(1, 44, 138)
(1, 44, 137)
(0, 44, 137)
(0, 44, 136)
(1, 43, 135)
(0, 43, 135)
(0, 43, 134)
(1, 42, 133)
(1, 42, 132)
(0, 43, 132)
(1, 43, 131)
(1, 43, 130)
(0, 44, 130)
(1, 44, 130)
(1, 44, 131)
(1, 44, 132)
(1, 44, 133)
(0, 45, 134)
(0, 45, 135)
(1, 45, 135)
(0, 46, 135)
(0, 46, 134)
(1, 46, 133)
(1, 46, 132)
(1, 46, 131)
(1, 46, 130)
(0, 46, 130)
(1, 45, 129)
(1, 45, 128)
(1, 45, 127)
(1, 45, 126)
(0, 45, 126)
(1, 44, 125)
(1, 44, 124)
(0, 45, 124)
(1, 45, 124)
(0, 46, 124)
(0, 46, 123)
(1, 46, 122)
(1, 46, 121)
(1, 46, 120)
(0, 46, 120)
(1, 45, 120)
(1, 45, 121)
(0, 45, 122)
(1, 44, 122)
(0, 44, 123)
(1, 43, 123)
(0, 43, 123)
(1, 42, 122)
(0, 42, 123)
(1, 41, 122)
(0, 41, 123)
(1, 40, 122)
(0, 40, 122)
(1, 39, 122)
(0, 39, 122)
(1, 38, 121)
(0, 38, 121)
(1, 37, 120)
(1, 37, 119)
(0, 37, 119)
(1, 36, 119)
(0, 36, 119)
(0, 36, 118)
(1, 35, 117)
(1, 35, 116)
(0, 35, 116)
(0, 35, 115)
(0, 35, 114)
(1, 35, 113)
(0, 36, 113)
(1, 36, 112)
(1, 36, 111)
(0, 36, 111)
(1, 35, 111)
(0, 35, 112)
(1, 34, 112)
(0, 34, 112)
(1, 33, 111)
(0, 33, 111)
(1, 32, 111)
(0, 32, 111)
(1, 31, 110)
(0, 31, 111)
(1, 30, 111)
(1, 30, 112)
(0, 31, 113)
(1, 31, 113)
(1, 31, 114)
(0, 31, 115)
(1, 30, 114)
(0, 30, 115)
(0, 30, 116)
(1, 29, 116)
(1, 29, 117)
(0, 29, 118)
(1, 28, 118)
(0, 28, 118)
(0, 28, 117)
(1, 27, 116)
(0, 27, 117)
(1, 26, 117)
(0, 26, 117)
(1, 25, 116)
(0, 25, 116)
(1, 24, 116)
(1, 24, 117)
(0, 25, 118)
(0, 25, 119)
(1, 25, 119)
(0, 26, 120)
(1, 26, 120)
(0, 27, 121)
(1, 27, 121)
(0, 28, 121)
(1, 28, 120)
(0, 29, 120)
(1, 29, 120)
(0, 30, 121)
(1, 30, 120)
(0, 31, 121)
(1, 31, 120)
(0, 32, 120)
(1, 32, 120)
(1, 32, 121)
(1, 32, 122)
(0, 32, 123)
(0, 32, 124)
(1, 31, 124)
(0, 31, 124)
(1, 30, 123)
(0, 30, 124)
(0, 30, 125)
(1, 30, 125)
(0, 31, 126)
(0, 31, 127)
(1, 30, 127)
(1, 30, 128)
(1, 30, 129)
(0, 30, 130)
(1, 29, 130)
(0, 29, 130)
(1, 28, 129)
(0, 28, 129)
(0, 28, 128)
(0, 28, 127)
(1, 28, 126)
(1, 28, 125)
(0, 28, 125)
(1, 27, 125)
(0, 27, 125)
(1, 26, 124)
(0, 26, 125)
(0, 26, 126)
(0, 26, 127)
(1, 26, 127)
(0, 27, 128)
(0, 27, 129)
(0, 27, 130)
(1, 27, 130)
(0, 28, 131)
(0, 28, 132)
(0, 28, 133)
(1, 27, 133)
(1, 27, 134)
(0, 28, 135)
(1, 28, 134)
(0, 29, 135)
(0, 29, 136)
(1, 29, 136)
(1, 29, 137)
(0, 29, 138)
(1, 28, 138)
(0, 28, 138)
(0, 28, 137)
(1, 27, 136)
(0, 27, 137)
(1, 26, 136)
(0, 26, 136)
(1, 25, 135)
(0, 25, 135)
(1, 24, 135)
(0, 24, 135)
(1, 23, 134)
(0, 23, 134)
(1, 22, 133)
(1, 22, 132)
(1, 22, 131)
(0, 23, 131)
(1, 23, 130)
(0, 24, 131)
(0, 24, 132)
(1, 24, 132)
(0, 25, 132)
(1, 25, 132)
(0, 26, 132)
(0, 26, 131)
(0, 26, 130)
(0, 26, 129)
(1, 25, 128)
(0, 25, 129)
(1, 24, 129)
(0, 24, 129)
(1, 23, 128)
(0, 23, 128)
(1, 22, 127)
(0, 22, 128)
(0, 22, 129)
(1, 21, 129)
(0, 21, 129)
(0, 21, 128)
(1, 20, 127)
(0, 20, 128)
(1, 19, 128)
(0, 19, 128)
(1, 18, 128)
(0, 18, 129)
(0, 18, 130)
(0, 18, 131)
(1, 17, 131)
(1, 17, 132)
(0, 18, 133)
(1, 18, 132)
(0, 19, 132)
(1, 19, 132)
(0, 20, 132)
(0, 20, 131)
(1, 20, 130)
(0, 21, 131)
(1, 21, 131)
(1, 21, 132)
(0, 21, 133)
(0, 21, 134)
(1, 20, 134)
(0, 20, 135)
(0, 20, 136)
(1, 19, 136)
(1, 19, 137)
(0, 19, 138)
(0, 19, 139)
(1, 18, 139)
(1, 18, 140)
(0, 18, 141)
(0, 18, 142)
(1, 17, 142)
(0, 17, 142)
(1, 16, 142)
(0, 16, 143)
(1, 15, 142)
(0, 15, 142)
(1, 14, 141)
(0, 14, 142)
(0, 14, 143)
(1, 13, 143)
(1, 13, 144)
(1, 13, 145)
(0, 13, 146)
(0, 13, 147)
(1, 13, 147)
(1, 13, 148)
(0, 14, 149)
(1, 14, 148)
(0, 15, 148)
(0, 15, 147)
(1, 14, 146)
(1, 14, 145)
(0, 15, 145)
(1, 15, 145)
(0, 16, 146)
(1, 16, 146)
(0, 17, 147)
(0, 17, 148)
(0, 17, 149)
(0, 17, 150)
(1, 17, 150)
(1, 17, 151)
(1, 17, 152)
(0, 18, 153)
(1, 18, 153)
(1, 18, 154)
(0, 19, 155)
(1, 19, 154)
(0, 20, 155)
(0, 20, 156)
(1, 20, 156)
(0, 21, 157)
(1, 21, 157)
(0, 22, 158)
(1, 22, 158)
(1, 22, 159)
(1, 22, 160)
(0, 23, 161)
(1, 23, 160)
(0, 24, 161)
(1, 24, 161)
(1, 24, 162)
(0, 24, 163)
(1, 23, 162)
(0, 23, 163)
(1, 22, 162)
(0, 22, 163)
(1, 21, 163)
(1, 21, 164)
(0, 22, 165)
(0, 22, 166)
(1, 21, 166)
(0, 21, 167)
(1, 20, 166)
(1, 20, 165)
(1, 20, 164)
(1, 20, 163)
(0, 20, 163)
(1, 19, 162)
(0, 19, 163)
(1, 18, 162)
(1, 18, 161)
(0, 18, 161)
(1, 17, 160)
(0, 17, 161)
(0, 17, 162)
(1, 16, 162)
(0, 16, 163)
(1, 15, 162)
(0, 15, 163)
(1, 14, 163)
(1, 14, 164)
(0, 15, 165)
(1, 15, 165)
(0, 16, 166)
(1, 16, 166)
(0, 17, 166)
(0, 17, 165)
(0, 17, 164)
(1, 17, 163)
(0, 18, 164)
(1, 18, 164)
(1, 18, 165)
(0, 18, 166)
(0, 18, 167)
(1, 17, 167)
(0, 17, 168)
(0, 17, 169)
(1, 16, 169)
(0, 16, 170)
(1, 15, 170)
(1, 15, 171)
(0, 16, 172)
(0, 16, 173)
(1, 16, 173)
(0, 17, 173)
(1, 17, 172)
(0, 18, 172)
(0, 18, 171)
(0, 18, 170)
(0, 18, 169)
(1, 18, 168)
(0, 19, 168)
(1, 19, 168)
(0, 20, 168)
(1, 20, 168)
(1, 20, 169)
(0, 20, 170)
(1, 19, 170)
(1, 19, 171)
(0, 20, 172)
(1, 20, 172)
(0, 21, 172)
(1, 21, 171)
(0, 22, 171)
(1, 22, 171)
(0, 23, 172)
(1, 23, 171)
(1, 23, 170)
(0, 24, 170)
(0, 24, 169)
(0, 24, 168)
(1, 24, 167)
(1, 24, 166)
(0, 25, 166)
(1, 25, 166)
(0, 26, 167)
(0, 26, 168)
(1, 25, 168)
(1, 25, 169)
(1, 25, 170)
(0, 26, 171)
(1, 26, 170)
(0, 27, 170)
(0, 27, 169)
(1, 27, 168)
(0, 28, 168)
(1, 28, 168)
(1, 28, 169)
(1, 28, 170)
(0, 29, 171)
(0, 29, 172)
(1, 28, 172)
(0, 28, 172)
(1, 27, 171)
(0, 27, 172)
(1, 26, 172)
(1, 26, 173)
(0, 26, 174)
(1, 25, 173)
(0, 25, 173)
(1, 24, 173)
(0, 24, 173)
(1, 23, 173)
(1, 23, 174)
(1, 23, 175)
(1, 23, 176)
(0, 23, 177)
(1, 22, 177)
(0, 22, 177)
(1, 21, 177)
(1, 21, 178)
(0, 22, 179)
(1, 22, 179)
(1, 22, 180)
(1, 22, 181)
(0, 22, 182)
(0, 22, 183)
(1, 21, 183)
(0, 21, 183)
(1, 20, 182)
(1, 20, 181)
(0, 20, 181)
(1, 19, 180)
(1, 19, 179)
(0, 20, 179)
(1, 20, 178)
(1, 20, 177)
(0, 20, 177)
(0, 20, 176)
(1, 20, 175)
(1, 20, 174)
(0, 20, 174)
(1, 19, 173)
(0, 19, 173)
(1, 18, 173)
(1, 18, 174)
(1, 18, 175)
(0, 18, 176)
(1, 17, 175)
(0, 17, 176)
(0, 17, 177)
(1, 17, 177)
(0, 18, 178)
(1, 18, 178)
(1, 18, 179)
(1, 18, 180)
(0, 18, 181)
(1, 17, 180)
(0, 17, 180)
(1, 16, 179)
(0, 16, 180)
(1, 15, 179)
(1, 15, 178)
(0, 15, 178)
(0, 15, 177)
(1, 14, 176)
(0, 14, 176)
(0, 14, 175)
(0, 14, 174)
(0, 14, 173)
(1, 13, 172)
(0, 13, 173)
(0, 13, 174)
(0, 13, 175)
(1, 12, 175)
(0, 12, 175)
(0, 12, 174)
(0, 12, 173)
(0, 12, 172)
(1, 12, 171)
(0, 13, 171)
(0, 13, 170)
(1, 12, 169)
(0, 12, 169)
(0, 12, 168)
(1, 12, 167)
(1, 12, 166)
(0, 13, 166)
(0, 13, 165)
(1, 12, 164)
(0, 12, 165)
(1, 11, 165)
(0, 11, 165)
(1, 10, 164)
(0, 10, 164)
(0, 10, 163)
(1, 10, 162)
(0, 11, 163)
(1, 11, 162)
(0, 12, 162)
(1, 12, 161)
(1, 12, 160)
(0, 12, 160)
(0, 12, 159)
(1, 12, 158)
(0, 13, 159)
(1, 13, 159)
(1, 13, 160)
(1, 13, 161)
(0, 14, 162)
(1, 14, 161)
(0, 15, 161)
(0, 15, 160)
(1, 15, 159)
(0, 16, 159)
(1, 16, 158)
(0, 17, 159)
(1, 17, 158)
(0, 18, 159)
(1, 18, 158)
(0, 19, 158)
(0, 19, 157)
(1, 18, 156)
(0, 18, 156)
(1, 17, 156)
(0, 17, 156)
(1, 16, 156)
(0, 16, 156)
(0, 16, 155)
(1, 15, 154)
(0, 15, 154)
(1, 14, 153)
(1, 14, 152)
(0, 15, 152)
(0, 15, 151)
(1, 15, 150)
(0, 16, 151)
(1, 16, 151)
(1, 16, 152)
(0, 16, 153)
