(0, -92, 153)
(1, -93, 152)
(1, -93, 151)
(1, -93, 150)
(0, -93, 150)
(0, -93, 149)
(0, -93, 148)
(0, -93, 147)
(1, -93, 146)
(0, -92, 147)
(1, -92, 147)
(0, -91, 148)
(1, -91, 147)
(1, -91, 146)
(1, -91, 145)
(1, -91, 144)
(1, -91, 143)
(0, -91, 143)
(1, -92, 142)
(0, -92, 142)
(1, -93, 142)
(1, -93, 143)
(0, -93, 144)
(1, -94, 143)
(0, -94, 143)
(0, -94, 142)
(0, -94, 141)
(1, -94, 140)
(0, -93, 140)
(0, -93, 139)
(0, -93, 138)
(1, -93, 137)
(0, -92, 138)
(1, -92, 137)
(0, -91, 137)
(0, -91, 136)
(1, -92, 135)
(0, -92, 136)
(1, -93, 135)
(0, -93, 136)
(1, -94, 136)
(0, -94, 137)
(0, -94, 138)
(0, -94, 139)
(1, -95, 139)
(0, -95, 139)
(1, -96, 138)
(0, -96, 139)
(1, -97, 139)
(1, -97, 140)
(0, -97, 141)
(1, -98, 141)
(0, -98, 142)
(1, -99, 142)
(1, -99, 143)
(0, -99, 144)
(1, -100, 143)
(1, -100, 142)
(1, -100, 141)
(0, -100, 141)
(0, -100, 140)
(0, -100, 139)
(1, -100, 138)
(0, -99, 138)
(0, -99, 137)
(1, -99, 136)
(0, -98, 137)
(1, -98, 136)
(0, -97, 136)
(0, -97, 135)
(1, -98, 134)
(0, -98, 134)
(0, -98, 133)
(1, -99, 132)
(1, -99, 131)
(0, -98, 131)
(0, -98, 130)
(1, -99, 129)
(1, -99, 128)
(0, -99, 128)
(1, -100, 127)
(0, -100, 127)
(0, -100, 126)
(1, -100, 125)
(0, -99, 126)
(1, -99, 125)
(1, -99, 124)
(0, -98, 124)
(1, -98, 123)
(1, -98, 122)
(0, -98, 122)
(1, -99, 121)
(0, -99, 121)
(1, -100, 120)
(0, -100, 120)
(0, -100, 119)
(1, -100, 118)
(0, -99, 118)
(1, -99, 117)
(0, -98, 117)
(0, -98, 116)
(1, -99, 115)
(0, -99, 115)
(0, -99, 114)
(1, -99, 113)
(0, -98, 114)
(1, -98, 114)
(0, -97, 115)
(1, -97, 115)
(0, -96, 115)
(0, -96, 114)
(1, -97, 113)
(0, -97, 113)
(1, -98, 112)
(1, -98, 111)
(0, -98, 111)
(1, -99, 110)
(0, -99, 111)
(1, -100, 111)
(0, -100, 111)
(0, -100, 110)
(1, -100, 109)
(1, -100, 108)
(0, -100, 108)
(0, -100, 107)
(0, -100, 106)
(1, -100, 105)
(1, -100, 104)
(1, -100, 103)
(1, -100, 102)
(0, -99, 102)
(1, -99, 102)
(0, -98, 103)
(0, -98, 104)
(1, -98, 104)
(0, -97, 104)
(1, -97, 104)
(1, -97, 105)
(1, -97, 106)
(0, -96, 107)
(1, -96, 107)
(0, -95, 108)
(1, -95, 107)
(1, -95, 106)
(0, -94, 106)
(0, -94, 105)
(1, -94, 104)
(1, -94, 103)
(0, -94, 103)
(1, -95, 102)
(1, -95, 101)
(0, -94, 101)
(0, -94, 100)
(0, -94, 99)
(1, -95, 98)
(0, -95, 99)
(1, -96, 98)
(0, -96, 98)
(0, -96, 97)
(0, -96, 96)
(1, -96, 95)
(0, -95, 96)
(1, -95, 95)
(0, -94, 95)
(1, -94, 95)
(0, -93, 96)
(1, -93, 95)
(0, -92, 96)
(1, -92, 95)
(0, -91, 96)
(1, -91, 95)
(0, -90, 95)
(1, -90, 95)
(0, -89, 96)
(1, -89, 96)
(0, -88, 97)
(1, -88, 96)
(0, -87, 97)
(1, -87, 96)
(0, -86, 96)
(1, -86, 95)
(0, -85, 95)
(1, -85, 94)
(1, -85, 93)
(0, -84, 93)
(1, -84, 92)
(1, -84, 91)
(0, -83, 91)
(0, -83, 90)
(0, -83, 89)
(1, -83, 88)
(1, -83, 87)
(0, -82, 87)
(1, -82, 86)
(1, -82, 85)
(1, -82, 84)
(1, -82, 83)
(0, -81, 83)
(0, -81, 82)
(1, -82, 81)
(0, -82, 82)
(1, -83, 82)
(0, -83, 83)
(1, -84, 83)
(0, -84, 83)
(1, -85, 83)
(1, -85, 84)
(0, -84, 85)
(0, -84, 86)
(0, -84, 87)
(1, -85, 87)
(0, -85, 87)
(0, -85, 86)
(1, -86, 85)
(1, -86, 84)
(1, -86, 83)
(1, -86, 82)
(0, -85, 82)
(1, -85, 81)
(1, -85, 80)
(0, -85, 80)
(0, -85, 79)
(1, -85, 78)
(0, -84, 78)
(1, -84, 78)
(1, -84, 79)
(0, -83, 80)
(1, -83, 79)
(1, -83, 78)
(0, -82, 78)
(1, -82, 77)
(1, -82, 76)
(0, -82, 76)
(0, -82, 75)
(0, -82, 74)
(1, -82, 73)
(0, -81, 73)
(0, -81, 72)
(1, -82, 71)
(0, -82, 72)
(1, -83, 71)
(1, -83, 70)
(1, -83, 69)
(0, -83, 69)
(1, -84, 68)
(1, -84, 67)
(0, -83, 67)
(0, -83, 66)
(0, -83, 65)
(1, -83, 64)
(0, -82, 65)
(0, -82, 66)
(0, -82, 67)
(0, -82, 68)
(1, -82, 68)
(0, -81, 69)
(1, -81, 68)
(0, -80, 69)
(1, -80, 68)
(1, -80, 67)
(0, -79, 67)
(0, -79, 66)
(0, -79, 65)
(1, -80, 64)
(1, -80, 63)
(0, -80, 63)
(1, -81, 63)
(0, -81, 63)
(1, -82, 63)
(0, -82, 63)
(1, -83, 62)
(0, -83, 63)
(1, -84, 63)
(0, -84, 63)
(0, -84, 62)
(0, -84, 61)
(1, -85, 60)
(1, -85, 59)
(0, -84, 59)
(0, -84, 58)
(1, -84, 57)
(1, -84, 56)
(0, -83, 56)
(0, -83, 55)
(1, -84, 54)
(1, -84, 53)
(0, -83, 53)
(1, -83, 52)
(1, -83, 51)
(0, -83, 51)
(0, -83, 50)
(1, -83, 49)
(0, -82, 49)
(0, -82, 48)
(1, -83, 47)
(0, -83, 48)
(1, -84, 48)
(0, -84, 48)
(1, -85, 48)
(0, -85, 48)
(1, -86, 48)
(1, -86, 49)
(0, -86, 50)
(0, -86, 51)
(0, -86, 52)
(1, -87, 52)
(1, -87, 53)
(0, -87, 54)
(1, -88, 54)
(1, -88, 55)
(1, -88, 56)
(0, -87, 57)
(0, -87, 58)
(0, -87, 59)
(0, -87, 60)
(1, -88, 60)
(1, -88, 61)
(0, -87, 62)
(1, -87, 62)
(0, -86, 63)
(0, -86, 64)
(0, -86, 65)
(0, -86, 66)
(1, -87, 66)
(0, -87, 67)
(1, -88, 67)
(1, -88, 68)
(0, -88, 69)
(1, -89, 68)
(0, -89, 69)
(1, -90, 68)
(1, -90, 67)
(0, -89, 67)
(0, -89, 66)
(1, -90, 65)
(0, -90, 65)
(1, -91, 64)
(0, -91, 64)
(1, -92, 64)
(1, -92, 65)
(0, -91, 66)
(0, -91, 67)
(0, -91, 68)
(0, -91, 69)
(1, -92, 69)
(1, -92, 70)
(0, -91, 71)
(1, -91, 71)
(0, -90, 72)
(1, -90, 72)
(0, -89, 73)
(0, -89, 74)
(0, -89, 75)
(1, -90, 75)
(0, -90, 75)
(1, -91, 74)
(0, -91, 75)
(1, -92, 74)
(1, -92, 73)
(0, -92, 73)
(1, -93, 73)
(1, -93, 74)
(0, -93, 75)
(1, -94, 75)
(0, -94, 75)
(1, -95, 75)
(1, -95, 76)
(0, -95, 77)
(0, -95, 78)
(1, -95, 78)
(0, -94, 78)
(1, -94, 78)
(0, -93, 79)
(1, -93, 79)
(0, -92, 80)
(1, -92, 80)
(1, -92, 81)
(1, -92, 82)
(0, -92, 83)
(1, -93, 83)
(0, -93, 83)
(1, -94, 82)
(0, -94, 83)
(1, -95, 83)
(0, -95, 83)
(1, -96, 82)
(0, -96, 83)
(1, -97, 82)
(1, -97, 81)
(1, -97, 80)
(1, -97, 79)
(0, -97, 79)
(1, -98, 78)
(1, -98, 77)
(0, -98, 77)
(0, -98, 76)
(1, -99, 75)
(0, -99, 75)
(1, -100, 75)
(0, -100, 75)
(0, -100, 74)
(1, -100, 73)
(1, -100, 72)
(0, -100, 72)
(0, -100, 71)
(0, -100, 70)
(1, -100, 69)
(0, -99, 69)
(0, -99, 68)
(1, -100, 67)
(0, -100, 67)
(0, -100, 66)
(0, -100, 65)
(1, -100, 64)
(0, -99, 65)
(1, -99, 64)
(1, -99, 63)
(0, -99, 63)
(1, -100, 62)
(1, -100, 61)
(0, -99, 61)
(0, -99, 60)
(1, -99, 59)
(0, -98, 59)
(1, -98, 59)
(1, -98, 60)
(1, -98, 61)
(1, -98, 62)
(1, -98, 63)
(1, -98, 64)
(1, -98, 65)
(1, -98, 66)
(0, -98, 67)
(0, -98, 68)
(0, -98, 69)
(0, -98, 70)
(1, -99, 70)
(1, -99, 71)
(0, -98, 72)
(1, -98, 72)
(1, -98, 73)
(0, -97, 74)
(0, -97, 75)
(0, -97, 76)
(1, -97, 76)
(0, -96, 76)
(0, -96, 75)
(1, -96, 74)
(0, -95, 74)
(0, -95, 73)
(1, -95, 72)
(0, -94, 73)
(1, -94, 72)
(0, -93, 72)
(0, -93, 71)
(1, -94, 70)
(1, -94, 69)
(0, -93, 69)
(0, -93, 68)
(1, -94, 67)
(0, -94, 67)
(1, -95, 66)
(0, -95, 66)
(0, -95, 65)
(1, -95, 64)
(0, -94, 65)
(1, -94, 65)
(0, -93, 65)
(1, -93, 64)
(1, -93, 63)
(0, -92, 63)
(1, -92, 62)
(1, -92, 61)
(0, -92, 61)
(1, -93, 60)
(0, -93, 60)
(0, -93, 59)
(1, -93, 58)
(0, -92, 59)
(1, -92, 59)
(0, -91, 60)
(1, -91, 59)
(0, -90, 59)
(1, -90, 58)
(0, -89, 59)
(1, -89, 58)
(1, -89, 57)
(0, -89, 57)
(0, -89, 56)
(0, -89, 55)
(1, -90, 54)
(0, -90, 55)
(1, -91, 55)
(0, -91, 55)
(1, -92, 55)
(0, -92, 55)
(1, -93, 55)
(0, -93, 56)
(1, -94, 55)
(1, -94, 54)
(1, -94, 53)
(0, -93, 53)
(1, -93, 52)
(1, -93, 51)
(0, -92, 51)
(1, -92, 51)
(0, -91, 51)
(1, -91, 51)
(0, -90, 51)
(1, -90, 50)
(0, -89, 50)
(1, -89, 49)
(1, -89, 48)
(0, -89, 48)
(1, -90, 47)
(0, -90, 47)
(1, -91, 47)
(1, -91, 48)
(0, -91, 49)
(1, -92, 48)
(1, -92, 47)
(1, -92, 46)
(0, -92, 46)
(0, -92, 45)
(0, -92, 44)
(1, -93, 43)
(1, -93, 42)
(1, -93, 41)
(0, -92, 41)
(1, -92, 40)
(0, -91, 40)
(0, -91, 39)
(1, -91, 38)
(0, -90, 38)
(0, -90, 37)
(0, -90, 36)
(1, -91, 35)
(1, -91, 34)
(1, -91, 33)
(0, -90, 33)
(0, -90, 32)
(1, -91, 31)
(0, -91, 31)
(0, -91, 30)
(1, -91, 29)
(0, -90, 30)
(1, -90, 29)
(0, -89, 29)
(1, -89, 28)
(0, -88, 29)
(0, -88, 30)
(1, -89, 30)
(0, -89, 31)
(0, -89, 32)
(1, -89, 32)
(1, -89, 33)
(0, -89, 34)
(0, -89, 35)
(0, -89, 36)
(1, -89, 36)
(0, -88, 36)
(1, -88, 35)
(0, -87, 35)
(1, -87, 34)
(0, -86, 34)
(0, -86, 33)
(1, -87, 32)
(0, -87, 32)
(0, -87, 31)
(1, -87, 30)
(1, -87, 29)
(0, -87, 29)
(0, -87, 28)
(1, -87, 27)
(1, -87, 26)
(0, -86, 26)
(1, -86, 26)
(0, -85, 27)
(1, -85, 26)
(0, -84, 27)
(1, -84, 27)
(0, -83, 27)
(1, -83, 26)
(1, -83, 25)
(1, -83, 24)
(0, -82, 24)
(1, -82, 23)
(1, -82, 22)
(0, -81, 22)
(0, -81, 21)
(1, -81, 20)
(0, -80, 21)
(1, -80, 21)
(0, -79, 21)
(1, -79, 21)
(0, -78, 21)
(0, -78, 20)
(1, -78, 19)
(0, -77, 20)
(1, -77, 20)
(0, -76, 21)
(1, -76, 21)
(0, -75, 22)
(1, -75, 21)
(0, -74, 22)
(0, -74, 23)
(1, -75, 23)
(0, -75, 24)
(0, -75, 25)
(1, -75, 25)
(0, -74, 25)
(1, -74, 25)
(1, -74, 26)
(1, -74, 27)
(0, -73, 28)
(1, -73, 28)
(0, -72, 29)
(1, -72, 28)
(0, -71, 28)
(1, -71, 27)
(0, -70, 27)
(1, -70, 27)
(1, -70, 28)
(0, -70, 29)
(1, -71, 29)
(1, -71, 30)
(0, -70, 31)
(0, -70, 32)
(1, -70, 32)
(0, -69, 32)
(1, -69, 32)
(0, -68, 32)
(0, -68, 31)
(0, -68, 30)
(1, -69, 29)
(1, -69, 28)
(1, -69, 27)
(1, -69, 26)
(1, -69, 25)
(0, -69, 25)
(1, -70, 24)
(0, -70, 24)
(1, -71, 23)
(0, -71, 23)
(1, -72, 22)
(0, -72, 22)
(0, -72, 21)
(1, -73, 20)
(0, -73, 21)
(1, -74, 20)
(0, -74, 20)
(1, -75, 19)
(0, -75, 20)
(1, -76, 19)
(0, -76, 19)
(0, -76, 18)
(1, -77, 17)
(0, -77, 18)
(1, -78, 17)
(0, -78, 17)
(0, -78, 16)
(1, -79, 15)
(0, -79, 16)
(1, -80, 15)
(1, -80, 14)
(0, -79, 14)
(0, -79, 13)
(1, -80, 12)
(0, -80, 12)
(1, -81, 12)
(1, -81, 13)
(0, -81, 14)
(1, -82, 13)
(0, -82, 14)
(1, -83, 13)
(0, -83, 13)
(0, -83, 12)
(0, -83, 11)
(1, -84, 10)
(0, -84, 11)
(1, -85, 10)
(0, -85, 10)
(0, -85, 9)
(1, -86, 8)
(0, -86, 9)
(1, -87, 9)
(0, -87, 10)
(0, -87, 11)
(1, -88, 11)
(0, -88, 11)
(1, -89, 11)
(1, -89, 12)
(1, -89, 13)
(1, -89, 14)
(0, -88, 15)
(0, -88, 16)
(1, -88, 16)
(1, -88, 17)
(0, -88, 18)
(1, -89, 17)
(0, -89, 18)
(1, -90, 17)
(0, -90, 17)
(1, -91, 16)
(1, -91, 15)
(0, -90, 15)
(0, -90, 14)
(0, -90, 13)
(1, -90, 12)
(1, -90, 11)
(1, -90, 10)
(1, -90, 9)
(1, -90, 8)
(1, -90, 7)
(0, -89, 7)
(1, -89, 6)
(0, -88, 6)
(1, -88, 6)
(0, -87, 7)
(1, -87, 6)
(1, -87, 5)
(0, -87, 5)
(0, -87, 4)
(1, -88, 3)
(1, -88, 2)
(0, -87, 2)
(0, -87, 1)
(1, -87, 0)
(0, -86, 0)
(1, -86, -1)
(0, -85, -1)
(1, -85, -1)
(0, -84, -1)
(1, -84, -2)
(0, -83, -2)
(1, -83, -3)
(0, -82, -2)
(1, -82, -3)
(0, -81, -3)
(1, -81, -3)
(1, -81, -2)
(0, -81, -1)
(1, -82, -1)
(0, -82, 0)
(1, -83, -1)
(0, -83, 0)
(1, -84, 0)
(1, -84, 1)
(0, -84, 2)
(1, -85, 2)
(0, -85, 3)
(0, -85, 4)
(1, -85, 4)
(0, -84, 5)
(0, -84, 6)
(1, -84, 6)
(1, -84, 7)
(1, -84, 8)
(0, -83, 9)
(1, -83, 9)
(0, -82, 9)
(1, -82, 8)
(0, -81, 9)
(0, -81, 10)
(1, -81, 10)
(0, -80, 10)
(1, -80, 10)
(0, -79, 10)
(1, -79, 9)
(1, -79, 8)
(1, -79, 7)
(0, -79, 7)
(0, -79, 6)
(0, -79, 5)
(1, -80, 4)
(0, -80, 4)
(1, -81, 4)
(0, -81, 5)
(1, -82, 4)
(1, -82, 3)
(0, -81, 3)
(1, -81, 2)
(1, -81, 1)
(1, -81, 0)
(0, -80, 0)
(1, -80, -1)
(0, -79, 0)
(1, -79, 0)
(0, -78, 0)
(0, -78, -1)
(0, -78, -2)
(1, -78, -3)
(1, -78, -4)
(0, -77, -4)
(0, -77, -5)
(0, -77, -6)
(1, -78, -7)
(1, -78, -8)
(1, -78, -9)
(1, -78, -10)
(0, -77, -10)
(0, -77, -11)
(0, -77, -12)
(1, -77, -13)
(0, -76, -12)
(0, -76, -11)
(1, -76, -11)
(0, -75, -11)
(1, -75, -12)
(1, -75, -13)
(1, -75, -14)
(0, -74, -14)
(1, -74, -15)
(0, -73, -15)
(0, -73, -16)
(1, -74, -17)
(0, -74, -16)
(1, -75, -16)
(0, -75, -15)
(1, -76, -15)
(0, -76, -14)
(1, -77, -15)
(1, -77, -16)
(1, -77, -17)
(0, -77, -17)
(1, -78, -18)
(0, -78, -17)
(1, -79, -17)
(1, -79, -16)
(1, -79, -15)
(0, -79, -14)
(1, -80, -14)
(0, -80, -14)
(0, -80, -15)
(1, -81, -16)
(1, -81, -17)
(0, -81, -17)
(0, -81, -18)
(1, -82, -19)
(0, -82, -18)
(0, -82, -17)
(0, -82, -16)
(0, -82, -15)
(0, -82, -14)
(1, -82, -14)
(0, -81, -13)
(0, -81, -12)
(1, -82, -12)
(1, -82, -11)
(0, -82, -10)
(1, -83, -11)
(0, -83, -11)
(1, -84, -11)
(1, -84, -10)
(0, -83, -9)
(1, -83, -9)
(0, -82, -8)
(1, -82, -8)
(1, -82, -7)
(0, -82, -6)
(1, -83, -7)
(0, -83, -7)
(1, -84, -7)
(0, -84, -7)
(1, -85, -8)
(0, -85, -7)
(1, -86, -7)
(0, -86, -7)
(1, -87, -7)
(1, -87, -6)
(0, -86, -5)
(0, -86, -4)
(0, -86, -3)
(1, -87, -3)
(0, -87, -2)
(1, -88, -3)
(0, -88, -3)
(1, -89, -3)
(0, -89, -3)
(1, -90, -3)
(0, -90, -3)
(0, -90, -4)
(0, -90, -5)
(1, -90, -6)
(0, -89, -6)
(0, -89, -7)
(0, -89, -8)
(0, -89, -9)
(1, -89, -10)
(0, -88, -10)
(1, -88, -10)
(1, -88, -9)
(0, -87, -8)
(1, -87, -9)
(0, -86, -9)
(1, -86, -10)
(0, -85, -10)
(1, -85, -11)
(1, -85, -12)
(1, -85, -13)
(1, -85, -14)
(0, -84, -14)
(0, -84, -15)
(1, -85, -16)
(1, -85, -17)
(0, -84, -17)
(1, -84, -18)
(1, -84, -19)
(0, -83, -19)
(1, -83, -20)
(0, -82, -20)
(0, -82, -21)
(0, -82, -22)
(1, -82, -23)
(0, -81, -23)
(0, -81, -24)
(1, -82, -25)
(0, -82, -25)
(0, -82, -26)
(1, -82, -27)
(1, -82, -28)
(0, -81, -28)
(1, -81, -28)
(0, -80, -28)
(0, -80, -29)
(0, -80, -30)
(1, -80, -31)
(1, -80, -32)
(0, -80, -32)
(1, -81, -33)
(0, -81, -32)
(0, -81, -31)
(0, -81, -30)
(1, -82, -30)
(0, -82, -30)
(0, -82, -31)
(1, -83, -32)
(0, -83, -32)
(1, -84, -33)
(1, -84, -34)
(0, -84, -34)
(1, -85, -35)
(1, -85, -36)
(0, -84, -36)
(1, -84, -36)
(0, -83, -35)
(1, -83, -36)
(0, -82, -35)
(1, -82, -36)
(0, -81, -35)
(1, -81, -35)
(0, -80, -34)
(1, -80, -35)
(0, -79, -34)
(1, -79, -35)
(1, -79, -36)
(1, -79, -37)
(0, -78, -37)
(0, -78, -38)
(0, -78, -39)
(0, -78, -40)
(0, -78, -41)
(1, -79, -42)
(0, -79, -42)
(1, -80, -42)
(0, -80, -42)
(1, -81, -43)
(0, -81, -43)
(1, -82, -44)
(0, -82, -44)
(1, -83, -44)
(1, -83, -43)
(1, -83, -42)
(1, -83, -41)
(0, -82, -40)
(1, -82, -40)
(1, -82, -39)
(0, -82, -38)
(1, -83, -39)
(0, -83, -39)
(1, -84, -39)
(0, -84, -39)
(1, -85, -39)
(0, -85, -39)
(1, -86, -40)
(0, -86, -39)
(1, -87, -40)
(1, -87, -41)
(0, -86, -41)
(1, -86, -42)
(0, -85, -41)
(1, -85, -42)
(1, -85, -43)
(0, -85, -43)
(0, -85, -44)
(0, -85, -45)
(1, -85, -46)
(0, -84, -45)
(1, -84, -45)
(0, -83, -45)
(1, -83, -46)
(0, -82, -46)
(1, -82, -47)
(0, -81, -46)
(1, -81, -47)
(0, -80, -46)
(1, -80, -46)
(0, -79, -46)
(1, -79, -46)
(0, -78, -45)
(1, -78, -45)
(0, -77, -45)
(1, -77, -46)
(0, -76, -46)
(1, -76, -47)
(1, -76, -48)
(1, -76, -49)
(0, -75, -49)
(1, -75, -50)
(0, -74, -49)
(1, -74, -49)
(0, -73, -48)
(1, -73, -49)
(1, -73, -50)
(1, -73, -51)
(0, -72, -51)
(1, -72, -52)
(1, -72, -53)
(0, -72, -53)
(1, -73, -53)
(0, -73, -53)
(1, -74, -54)
(1, -74, -55)
(1, -74, -56)
(0, -74, -56)
(1, -75, -57)
(0, -75, -57)
(1, -76, -57)
(0, -76, -56)
(1, -77, -56)
(1, -77, -55)
(1, -77, -54)
(1, -77, -53)
(0, -77, -52)
(0, -77, -51)
(1, -78, -51)
(1, -78, -50)
(0, -78, -49)
(0, -78, -48)
(1, -79, -48)
(0, -79, -48)
(1, -80, -48)
(0, -80, -48)
(1, -81, -49)
(1, -81, -50)
(0, -81, -50)
(0, -81, -51)
(0, -81, -52)
(1, -82, -53)
(0, -82, -52)
(0, -82, -51)
(1, -83, -51)
(0, -83, -50)
(1, -84, -50)
(0, -84, -49)
(1, -85, -49)
(0, -85, -49)
(0, -85, -50)
(0, -85, -51)
(1, -86, -52)
(1, -86, -53)
(0, -85, -53)
(1, -85, -54)
(0, -84, -54)
(1, -84, -55)
(1, -84, -56)
(1, -84, -57)
(0, -83, -57)
(0, -83, -58)
(1, -83, -59)
(0, -82, -59)
(1, -82, -60)
(0, -81, -59)
(1, -81, -60)
(0, -80, -60)
(1, -80, -61)
(0, -79, -61)
(1, -79, -62)
(1, -79, -63)
(0, -78, -63)
(1, -78, -64)
(1, -78, -65)
(0, -77, -65)
(1, -77, -65)
(1, -77, -64)
(0, -76, -63)
(1, -76, -64)
(1, -76, -65)
(1, -76, -66)
(1, -76, -67)
(0, -75, -67)
(1, -75, -67)
(0, -74, -67)
(0, -74, -68)
(0, -74, -69)
(1, -74, -70)
(0, -73, -70)
(0, -73, -71)
(1, -73, -72)
(0, -72, -72)
(1, -72, -73)
(0, -71, -72)
(1, -71, -73)
(0, -70, -73)
(0, -70, -74)
(1, -71, -75)
(0, -71, -75)
(0, -71, -76)
(1, -71, -77)
(0, -70, -77)
(1, -70, -78)
(0, -69, -77)
(1, -69, -78)
(0, -68, -78)
(0, -68, -79)
(0, -68, -80)
(0, -68, -81)
(0, -68, -82)
(0, -68, -83)
(1, -68, -84)
(1, -68, -85)
(0, -67, -85)
(1, -67, -85)
(1, -67, -84)
(1, -67, -83)
(1, -67, -82)
(1, -67, -81)
(0, -66, -80)
(0, -66, -79)
(1, -66, -79)
(1, -66, -78)
(0, -65, -77)
(1, -65, -78)
(0, -64, -77)
(0, -64, -76)
(1, -64, -76)
(0, -63, -75)
(0, -63, -74)
(1, -63, -74)
(1, -63, -73)
(1, -63, -72)
(0, -63, -71)
(1, -64, -72)
(1, -64, -73)
(0, -64, -73)
(1, -65, -74)
(1, -65, -75)
(0, -65, -75)
(1, -66, -76)
(0, -66, -76)
(1, -67, -77)
(0, -67, -77)
(1, -68, -77)
(0, -68, -76)
(0, -68, -75)
(1, -68, -75)
(0, -67, -75)
(1, -67, -75)
(1, -67, -74)
(0, -66, -73)
(0, -66, -72)
(0, -66, -71)
(1, -67, -71)
(1, -67, -70)
(1, -67, -69)
(0, -67, -68)
(0, -67, -67)
(1, -67, -67)
(0, -66, -66)
(1, -66, -67)
(0, -65, -67)
(0, -65, -68)
(1, -66, -69)
(1, -66, -70)
(0, -65, -70)
(1, -65, -70)
(0, -64, -70)
(1, -64, -70)
(0, -63, -69)
(1, -63, -70)
(0, -62, -70)
(1, -62, -71)
(0, -61, -71)
(1, -61, -72)
(1, -61, -73)
(0, -61, -73)
(1, -62, -74)
(1, -62, -75)
(1, -62, -76)
(1, -62, -77)
(0, -61, -77)
(1, -61, -78)
(0, -60, -77)
(1, -60, -77)
(1, -60, -76)
(0, -59, -75)
(1, -59, -76)
(0, -58, -76)
(1, -58, -76)
(1, -58, -75)
(0, -58, -74)
(1, -59, -74)
(0, -59, -73)
(0, -59, -72)
(1, -60, -72)
(1, -60, -71)
(0, -60, -70)
(1, -61, -70)
(1, -61, -69)
(0, -60, -68)
(0, -60, -67)
(1, -61, -67)
(0, -61, -66)
(0, -61, -65)
(1, -62, -65)
(0, -62, -65)
(1, -63, -65)
(1, -63, -64)
(0, -62, -63)
(0, -62, -62)
(1, -62, -62)
(0, -61, -61)
(1, -61, -62)
(0, -60, -61)
(1, -60, -61)
(0, -59, -61)
(0, -59, -62)
(0, -59, -63)
(1, -60, -64)
(0, -60, -64)
(0, -60, -65)
(1, -60, -66)
(0, -59, -65)
(1, -59, -66)
(0, -58, -66)
(0, -58, -67)
(1, -59, -68)
(1, -59, -69)
(0, -58, -69)
(1, -58, -69)
(0, -57, -68)
(1, -57, -69)
(0, -56, -69)
(1, -56, -70)
(0, -55, -69)
(1, -55, -70)
(0, -54, -69)
(0, -54, -68)
(1, -55, -68)
(1, -55, -67)
(1, -55, -66)
(1, -55, -65)
(0, -54, -64)
(1, -54, -64)
(0, -53, -64)
(1, -53, -65)
(1, -53, -66)
(0, -53, -66)
(0, -53, -67)
(1, -53, -68)
(0, -52, -67)
(1, -52, -68)
(1, -52, -69)
(0, -51, -69)
(1, -51, -69)
(0, -50, -69)
(1, -50, -69)
(0, -49, -68)
(1, -49, -68)
(1, -49, -67)
(0, -49, -66)
(0, -49, -65)
(0, -49, -64)
(1, -49, -64)
(0, -48, -64)
(1, -48, -65)
(1, -48, -66)
(0, -47, -66)
(1, -47, -66)
(1, -47, -65)
(1, -47, -64)
(0, -47, -63)
(0, -47, -62)
(0, -47, -61)
(0, -47, -60)
(1, -47, -60)
(1, -47, -59)
(0, -46, -58)
(0, -46, -57)
(1, -47, -57)
(0, -47, -56)
(1, -48, -57)
(0, -48, -56)
(0, -48, -55)
(1, -49, -55)
(1, -49, -54)
(1, -49, -53)
(0, -48, -52)
(0, -48, -51)
(0, -48, -50)
(1, -48, -50)
(0, -47, -49)
(1, -47, -49)
(0, -46, -49)
(1, -46, -50)
(1, -46, -51)
(0, -46, -51)
(1, -47, -51)
(0, -47, -51)
(0, -47, -52)
(0, -47, -53)
(1, -47, -54)
(0, -46, -54)
(1, -46, -55)
(0, -45, -55)
(0, -45, -56)
(1, -45, -57)
(0, -44, -57)
(1, -44, -58)
(0, -43, -58)
(1, -43, -59)
(0, -42, -58)
(0, -42, -57)
(1, -42, -57)
(0, -41, -56)
(1, -41, -57)
(0, -40, -56)
(1, -40, -57)
(0, -39, -57)
(0, -39, -58)
(1, -40, -59)
(0, -40, -58)
(1, -41, -59)
(1, -41, -60)
(0, -40, -60)
(1, -40, -61)
(1, -40, -62)
(0, -39, -62)
(1, -39, -62)
(1, -39, -61)
(1, -39, -60)
(0, -38, -59)
(0, -38, -58)
(1, -38, -58)
(1, -38, -57)
(0, -38, -56)
(1, -39, -56)
(0, -39, -55)
(0, -39, -54)
(1, -40, -54)
(0, -40, -54)
(1, -41, -55)
(0, -41, -54)
(1, -42, -55)
(0, -42, -54)
(1, -43, -55)
(0, -43, -55)
(1, -44, -55)
(1, -44, -54)
(0, -43, -53)
(1, -43, -53)
(1, -43, -52)
(0, -43, -51)
(1, -44, -51)
(1, -44, -50)
(1, -44, -49)
(1, -44, -48)
(1, -44, -47)
(0, -43, -46)
(0, -43, -45)
(1, -43, -45)
(0, -42, -45)
(0, -42, -46)
(0, -42, -47)
(1, -42, -48)
(0, -41, -47)
(1, -41, -47)
(0, -40, -47)
(1, -40, -48)
(0, -39, -47)
(1, -39, -47)
(0, -38, -46)
(0, -38, -45)
(1, -39, -45)
(0, -39, -44)
(1, -40, -44)
(0, -40, -44)
(1, -41, -44)
(1, -41, -43)
(0, -41, -42)
(1, -42, -43)
(0, -42, -43)
(1, -43, -43)
(0, -43, -42)
(1, -44, -43)
(0, -44, -42)
(0, -44, -41)
(1, -45, -41)
(1, -45, -40)
(0, -44, -39)
(1, -44, -39)
(0, -43, -39)
(1, -43, -40)
(0, -42, -40)
(1, -42, -40)
(0, -41, -40)
(1, -41, -40)
(0, -40, -40)
(1, -40, -40)
(0, -39, -40)
(1, -39, -40)
(1, -39, -39)
(0, -39, -38)
(1, -40, -38)
(0, -40, -37)
(1, -41, -38)
(0, -41, -37)
(0, -41, -36)
(1, -42, -36)
(0, -42, -35)
(1, -43, -35)
(0, -43, -35)
(1, -44, -35)
(1, -44, -34)
(1, -44, -33)
(1, -44, -32)
(0, -43, -31)
(1, -43, -31)
(0, -42, -30)
(0, -42, -29)
(1, -42, -29)
(0, -41, -28)
(1, -41, -29)
(0, -40, -29)
(0, -40, -30)
(0, -40, -31)
(0, -40, -32)
(1, -40, -33)
(0, -39, -33)
(1, -39, -33)
(1, -39, -32)
(0, -39, -31)
(0, -39, -30)
(0, -39, -29)
(1, -39, -29)
(1, -39, -28)
(1, -39, -27)
(1, -39, -26)
(0, -39, -25)
(1, -40, -25)
(0, -40, -24)
(1, -41, -24)
(1, -41, -23)
(0, -41, -22)
(1, -42, -23)
(1, -42, -24)
(1, -42, -25)
(0, -41, -25)
(0, -41, -26)
(1, -42, -27)
(0, -42, -26)
(1, -43, -26)
(0, -43, -26)
(0, -43, -27)
(1, -44, -28)
(1, -44, -29)
(0, -44, -29)
(0, -44, -30)
(1, -45, -31)
(1, -45, -32)
(0, -45, -32)
(0, -45, -33)
(0, -45, -34)
(0, -45, -35)
(1, -45, -36)
(0, -44, -36)
(0, -44, -37)
(1, -45, -38)
(0, -45, -37)
(1, -46, -38)
(1, -46, -39)
(0, -46, -39)
(0, -46, -40)
(1, -47, -41)
(1, -47, -42)
(1, -47, -43)
(0, -47, -43)
(1, -48, -43)
(1, -48, -42)
(0, -48, -41)
(1, -49, -42)
(0, -49, -42)
(0, -49, -43)
(1, -50, -44)
(0, -50, -43)
(0, -50, -42)
(0, -50, -41)
(1, -50, -41)
(1, -50, -40)
(0, -50, -39)
(0, -50, -38)
(1, -50, -38)
(0, -49, -38)
(1, -49, -39)
(0, -48, -38)
(1, -48, -38)
(0, -47, -38)
(1, -47, -38)
(1, -47, -37)
(0, -47, -36)
(1, -48, -36)
(0, -48, -36)
(1, -49, -36)
(0, -49, -35)
(1, -50, -36)
(0, -50, -35)
(0, -50, -34)
(0, -50, -33)
(1, -50, -33)
(0, -49, -32)
(1, -49, -32)
(1, -49, -31)
(1, -49, -30)
(0, -48, -29)
(1, -48, -29)
(0, -47, -28)
(1, -47, -29)
(0, -46, -28)
(0, -46, -27)
(0, -46, -26)
(1, -46, -26)
(0, -45, -26)
(1, -45, -26)
(1, -45, -25)
(0, -45, -24)
(1, -46, -24)
(0, -46, -24)
(1, -47, -24)
(1, -47, -23)
(1, -47, -22)
(0, -47, -21)
(1, -48, -22)
(0, -48, -21)
(0, -48, -20)
(1, -48, -20)
(1, -48, -19)
(1, -48, -18)
(0, -47, -17)
(1, -47, -18)
(0, -46, -17)
(0, -46, -16)
(1, -47, -16)
(0, -47, -15)
(1, -48, -16)
(0, -48, -15)
(1, -49, -16)
(0, -49, -16)
(1, -50, -16)
(0, -50, -15)
(0, -50, -14)
(1, -51, -14)
(1, -51, -13)
(0, -50, -12)
(0, -50, -11)
(0, -50, -10)
(0, -50, -9)
(0, -50, -8)
(0, -50, -7)
(1, -51, -7)
(0, -51, -6)
(0, -51, -5)
(1, -51, -5)
(0, -50, -5)
(1, -50, -5)
(0, -49, -5)
(0, -49, -6)
(1, -49, -7)
(0, -48, -6)
(1, -48, -6)
(1, -48, -5)
(0, -47, -4)
(0, -47, -3)
(1, -48, -3)
(0, -48, -2)
(0, -48, -1)
(1, -49, -1)
(1, -49, 0)
(1, -49, 1)
(1, -49, 2)
(0, -49, 3)
(1, -50, 2)
(0, -50, 3)
(0, -50, 4)
(1, -51, 4)
(1, -51, 5)
(0, -51, 6)
(1, -52, 5)
(1, -52, 4)
(1, -52, 3)
(0, -51, 3)
(0, -51, 2)
(1, -51, 1)
(1, -51, 0)
(0, -50, 0)
(1, -50, -1)
(1, -50, -2)
(1, -50, -3)
(0, -50, -3)
(1, -51, -3)
(1, -51, -2)
(0, -51, -1)
(1, -52, -1)
(0, -52, -1)
(1, -53, -2)
(0, -53, -2)
(0, -53, -3)
(1, -54, -4)
(1, -54, -5)
(1, -54, -6)
(0, -53, -6)
(1, -53, -6)
(0, -52, -6)
(0, -52, -7)
(0, -52, -8)
(1, -52, -9)
(1, -52, -10)
(0, -51, -10)
(0, -51, -11)
(1, -52, -12)
(0, -52, -12)
(1, -53, -12)
(0, -53, -12)
(0, -53, -13)
(0, -53, -14)
(1, -54, -15)
(0, -54, -14)
(1, -55, -15)
(0, -55, -15)
(0, -55, -16)
(1, -55, -17)
(0, -54, -17)
(1, -54, -18)
(0, -53, -17)
(1, -53, -18)
(0, -52, -18)
(1, -52, -18)
(0, -51, -18)
(1, -51, -19)
(1, -51, -20)
(0, -50, -20)
(1, -50, -20)
(0, -49, -20)
(0, -49, -21)
(0, -49, -22)
(0, -49, -23)
(1, -50, -24)
(1, -50, -25)
(1, -50, -26)
(0, -50, -26)
(0, -50, -27)
(1, -51, -28)
(0, -51, -28)
(1, -52, -29)
(0, -52, -29)
(1, -53, -29)
(0, -53, -29)
(1, -54, -30)
(0, -54, -29)
(0, -54, -28)
(0, -54, -27)
(1, -54, -27)
(0, -53, -27)
(1, -53, -27)
(0, -52, -26)
(1, -52, -27)
(0, -51, -26)
(0, -51, -25)
(0, -51, -24)
(1, -51, -24)
(1, -51, -23)
(0, -51, -22)
(0, -51, -21)
(1, -52, -21)
(0, -52, -21)
(1, -53, -22)
(1, -53, -23)
(1, -53, -24)
(0, -53, -24)
(1, -54, -24)
(0, -54, -24)
(1, -55, -24)
(0, -55, -23)
(0, -55, -22)
(0, -55, -21)
(1, -56, -21)
(1, -56, -20)
(0, -55, -19)
(0, -55, -18)
(1, -56, -18)
(0, -56, -18)
(1, -57, -18)
(0, -57, -17)
(0, -57, -16)
(1, -58, -16)
(0, -58, -15)
(1, -59, -16)
(0, -59, -16)
(0, -59, -17)
(1, -59, -18)
(1, -59, -19)
(0, -58, -19)
(0, -58, -20)
(1, -59, -21)
(1, -59, -22)
(1, -59, -23)
(1, -59, -24)
(0, -59, -24)
(0, -59, -25)
(1, -59, -26)
(1, -59, -27)
(0, -59, -27)
(1, -60, -28)
(0, -60, -28)
(1, -61, -29)
(1, -61, -30)
(0, -61, -30)
(1, -62, -31)
(0, -62, -31)
(0, -62, -32)
(0, -62, -33)
(1, -62, -34)
(1, -62, -35)
(1, -62, -36)
(1, -62, -37)
(0, -61, -37)
(1, -61, -38)
(1, -61, -39)
(0, -60, -39)
(1, -60, -40)
(1, -60, -41)
(1, -60, -42)
(1, -60, -43)
(0, -59, -43)
(1, -59, -43)
(1, -59, -42)
(1, -59, -41)
(1, -59, -40)
(0, -58, -39)
(1, -58, -39)
(0, -57, -39)
(1, -57, -39)
(0, -56, -38)
(1, -56, -38)
(1, -56, -37)
(0, -55, -36)
(0, -55, -35)
(0, -55, -34)
(0, -55, -33)
(1, -55, -33)
(1, -55, -32)
(0, -54, -31)
(1, -54, -32)
(0, -53, -32)
(0, -53, -33)
(1, -54, -34)
(0, -54, -34)
(0, -54, -35)
(0, -54, -36)
(1, -54, -37)
(1, -54, -38)
(1, -54, -39)
(1, -54, -40)
(0, -53, -40)
(1, -53, -41)
(0, -52, -40)
(1, -52, -41)
(1, -52, -42)
(1, -52, -43)
(0, -51, -43)
(0, -51, -44)
(1, -52, -45)
(0, -52, -45)
(1, -53, -46)
(0, -53, -46)
(1, -54, -46)
(0, -54, -46)
(1, -55, -47)
(0, -55, -46)
(0, -55, -45)
(1, -55, -45)
(0, -54, -44)
(0, -54, -43)
(1, -55, -43)
(1, -55, -42)
(0, -55, -41)
(1, -56, -42)
(1, -56, -43)
(1, -56, -44)
(0, -56, -44)
(1, -57, -44)
(0, -57, -44)
(1, -58, -45)
(1, -58, -46)
(0, -58, -46)
(0, -58, -47)
(1, -58, -48)
(0, -57, -47)
(1, -57, -47)
(0, -56, -47)
(0, -56, -48)
(0, -56, -49)
(1, -57, -50)
(0, -57, -49)
(1, -58, -50)
(0, -58, -49)
(1, -59, -50)
(1, -59, -51)
(0, -58, -51)
(1, -58, -52)
(1, -58, -53)
(0, -57, -53)
(0, -57, -54)
(1, -57, -55)
(0, -56, -55)
(0, -56, -56)
(1, -56, -57)
(0, -55, -57)
(1, -55, -57)
(0, -54, -56)
(1, -54, -56)
(0, -53, -55)
(1, -53, -55)
(0, -52, -55)
(1, -52, -56)
(0, -51, -55)
(1, -51, -55)
(1, -51, -54)
(0, -50, -53)
(1, -50, -54)
(1, -50, -55)
(1, -50, -56)
(0, -49, -56)
(0, -49, -57)
(1, -49, -58)
(1, -49, -59)
(1, -49, -60)
(0, -48, -60)
(0, -48, -61)
(1, -49, -62)
(0, -49, -61)
(1, -50, -62)
(1, -50, -63)
(0, -50, -63)
(0, -50, -64)
(1, -51, -65)
(1, -51, -66)
(0, -51, -66)
(1, -52, -66)
(1, -52, -65)
(1, -52, -64)
(0, -52, -63)
(1, -53, -63)
(1, -53, -62)
(0, -52, -61)
(0, -52, -60)
(1, -53, -60)
(0, -53, -60)
(1, -54, -60)
(1, -54, -59)
(0, -54, -58)
(1, -55, -59)
(1, -55, -60)
(1, -55, -61)
(0, -55, -61)
(1, -56, -61)
(1, -56, -60)
(0, -56, -59)
(1, -57, -59)
(0, -57, -59)
(1, -58, -60)
(0, -58, -59)
(1, -59, -59)
(0, -59, -59)
(1, -60, -59)
(0, -60, -59)
(1, -61, -60)
(0, -61, -59)
(0, -61, -58)
(0, -61, -57)
(1, -61, -57)
(0, -60, -56)
(1, -60, -56)
(1, -60, -55)
(1, -60, -54)
(0, -60, -53)
(1, -61, -53)
(0, -61, -53)
(1, -62, -53)
(1, -62, -52)
(0, -62, -51)
(0, -62, -50)
(0, -62, -49)
(0, -62, -48)
(1, -63, -48)
(0, -63, -48)
(0, -63, -49)
(0, -63, -50)
(0, -63, -51)
(1, -64, -52)
(0, -64, -52)
(0, -64, -53)
(0, -64, -54)
(0, -64, -55)
(1, -64, -56)
(1, -64, -57)
(0, -63, -57)
(1, -63, -57)
(0, -62, -57)
(0, -62, -58)
(0, -62, -59)
(0, -62, -60)
(1, -63, -61)
(0, -63, -61)
(1, -64, -62)
(1, -64, -63)
(1, -64, -64)
(1, -64, -65)
(1, -64, -66)
(0, -64, -66)
(1, -65, -66)
(0, -65, -65)
(0, -65, -64)
(0, -65, -63)
(0, -65, -62)
(0, -65, -61)
(1, -66, -61)
(0, -66, -60)
(1, -67, -60)
(0, -67, -60)
(1, -68, -61)
(1, -68, -62)
(0, -67, -62)
(0, -67, -63)
(1, -68, -64)
(0, -68, -63)
(1, -69, -63)
(0, -69, -63)
(1, -70, -64)
(0, -70, -64)
(1, -71, -65)
(1, -71, -66)
(0, -70, -66)
(0, -70, -67)
(1, -71, -68)
(0, -71, -68)
(1, -72, -68)
(0, -72, -67)
(1, -73, -68)
(0, -73, -67)
(0, -73, -66)
(0, -73, -65)
(1, -73, -65)
(0, -72, -64)
(0, -72, -63)
(0, -72, -62)
(0, -72, -61)
(0, -72, -60)
(1, -72, -60)
(0, -71, -59)
(1, -71, -59)
(0, -70, -58)
(1, -70, -58)
(0, -69, -57)
(0, -69, -56)
(0, -69, -55)
(0, -69, -54)
(0, -69, -53)
(1, -70, -53)
(1, -70, -52)
(0, -70, -51)
(0, -70, -50)
(0, -70, -49)
(1, -71, -49)
(1, -71, -48)
(1, -71, -47)
(1, -71, -46)
(0, -70, -45)
(1, -70, -46)
(0, -69, -46)
(1, -69, -46)
(1, -69, -45)
(0, -68, -44)
(1, -68, -45)
(0, -67, -44)
(1, -67, -44)
(1, -67, -43)
(1, -67, -42)
(0, -67, -41)
(1, -68, -41)
(0, -68, -41)
(1, -69, -41)
(0, -69, -41)
(1, -70, -41)
(0, -70, -41)
(1, -71, -41)
(0, -71, -40)
(1, -72, -41)
(1, -72, -42)
(0, -71, -42)
(0, -71, -43)
(1, -72, -44)
(0, -72, -43)
(1, -73, -44)
(0, -73, -43)
(1, -74, -43)
(0, -74, -43)
(1, -75, -44)
(0, -75, -44)
(1, -76, -45)
(0, -76, -44)
(0, -76, -43)
(0, -76, -42)
(1, -77, -42)
(0, -77, -41)
(0, -77, -40)
(1, -77, -40)
(0, -76, -40)
(1, -76, -41)
(0, -75, -41)
(1, -75, -41)
(0, -74, -41)
(1, -74, -41)
(1, -74, -40)
(1, -74, -39)
(0, -74, -38)
(1, -75, -39)
(0, -75, -38)
(1, -76, -39)
(0, -76, -38)
(0, -76, -37)
(1, -77, -37)
(1, -77, -36)
(0, -77, -35)
(0, -77, -34)
(1, -78, -34)
(0, -78, -33)
(1, -79, -33)
(1, -79, -32)
(1, -79, -31)
(0, -78, -30)
(1, -78, -31)
(1, -78, -32)
(0, -77, -32)
(1, -77, -32)
(0, -76, -32)
(1, -76, -32)
(1, -76, -31)
(1, -76, -30)
(0, -75, -29)
(1, -75, -30)
(0, -74, -30)
(0, -74, -31)
(0, -74, -32)
(0, -74, -33)
(1, -74, -34)
(0, -73, -34)
(1, -73, -35)
(0, -72, -34)
(0, -72, -33)
(0, -72, -32)
(1, -72, -32)
(0, -71, -31)
(1, -71, -31)
(0, -70, -31)
(1, -70, -31)
(1, -70, -30)
(0, -70, -29)
(0, -70, -28)
(1, -71, -28)
(1, -71, -27)
(0, -70, -26)
(1, -70, -27)
(0, -69, -26)
(0, -69, -25)
(0, -69, -24)
(1, -69, -24)
(1, -69, -23)
(1, -69, -22)
(1, -69, -21)
(0, -69, -20)
(1, -70, -21)
(0, -70, -20)
(1, -71, -20)
(0, -71, -20)
(1, -72, -20)
(0, -72, -19)
(1, -73, -19)
(1, -73, -18)
(0, -72, -17)
(1, -72, -18)
(0, -71, -17)
(1, -71, -17)
(1, -71, -16)
(0, -71, -15)
(1, -72, -15)
(1, -72, -14)
(1, -72, -13)
(1, -72, -12)
(1, -72, -11)
(1, -72, -10)
(0, -71, -9)
(0, -71, -8)
(1, -72, -8)
(1, -72, -7)
(1, -72, -6)
(1, -72, -5)
(0, -71, -4)
(0, -71, -3)
(1, -72, -3)
(0, -72, -3)
(1, -73, -4)
(0, -73, -4)
(1, -74, -4)
(0, -74, -3)
(1, -75, -4)
(1, -75, -5)
(0, -74, -5)
(0, -74, -6)
(1, -75, -7)
(0, -75, -7)
(1, -76, -8)
(0, -76, -7)
(0, -76, -6)
(0, -76, -5)
(0, -76, -4)
(0, -76, -3)
(1, -76, -3)
(1, -76, -2)
(0, -76, -1)
(1, -77, -1)
(1, -77, 0)
(0, -77, 1)
(1, -78, 1)
(1, -78, 2)
(1, -78, 3)
(1, -78, 4)
(0, -77, 5)
(1, -77, 5)
(1, -77, 6)
(1, -77, 7)
(0, -77, 8)
(1, -78, 8)
(1, -78, 9)
(1, -78, 10)
(1, -78, 11)
(1, -78, 12)
(0, -77, 13)
(0, -77, 14)
(1, -77, 14)
(0, -76, 15)
(0, -76, 16)
(1, -76, 16)
(0, -75, 17)
(1, -75, 17)
(0, -74, 18)
(1, -74, 18)
(0, -73, 18)
(1, -73, 18)
(0, -72, 18)
(1, -72, 18)
(0, -71, 19)
(1, -71, 19)
(0, -70, 19)
(1, -70, 19)
(0, -69, 19)
(0, -69, 18)
(0, -69, 17)
(0, -69, 16)
(0, -69, 15)
(1, -70, 14)
(1, -70, 13)
(1, -70, 12)
(0, -70, 12)
(0, -70, 11)
(0, -70, 10)
(0, -70, 9)
(0, -70, 8)
(0, -70, 7)
(0, -70, 6)
(1, -70, 5)
(0, -69, 6)
(1, -69, 6)
(0, -68, 6)
(1, -68, 5)
(0, -67, 6)
(0, -67, 7)
(1, -67, 7)
(1, -67, 8)
(0, -66, 9)
(0, -66, 10)
(1, -67, 10)
(1, -67, 11)
(0, -66, 12)
(1, -66, 12)
(0, -65, 12)
(1, -65, 12)
(1, -65, 13)
(0, -65, 14)
(0, -65, 15)
(1, -66, 15)
(0, -66, 16)
(0, -66, 17)
(1, -67, 17)
(1, -67, 18)
(1, -67, 19)
(0, -67, 20)
(1, -68, 20)
(0, -68, 20)
(1, -69, 20)
(1, -69, 21)
(0, -68, 22)
(1, -68, 22)
(0, -67, 22)
(1, -67, 21)
(0, -66, 21)
(1, -66, 21)
(0, -65, 21)
(1, -65, 21)
(1, -65, 22)
(0, -65, 23)
(0, -65, 24)
(1, -65, 24)
(0, -64, 24)
(1, -64, 23)
(0, -63, 23)
(1, -63, 22)
(1, -63, 21)
(1, -63, 20)
(1, -63, 19)
(0, -63, 19)
(0, -63, 18)
(1, -64, 17)
(1, -64, 16)
(1, -64, 15)
(0, -63, 15)
(0, -63, 14)
(1, -64, 13)
(1, -64, 12)
(1, -64, 11)
(0, -63, 11)
(1, -63, 10)
(0, -62, 11)
(1, -62, 11)
(0, -61, 11)
(1, -61, 10)
(1, -61, 9)
(0, -60, 9)
(0, -60, 8)
(1, -60, 7)
(1, -60, 6)
(1, -60, 5)
(1, -60, 4)
(1, -60, 3)
(0, -59, 3)
(1, -59, 3)
(0, -58, 4)
(0, -58, 5)
(0, -58, 6)
(1, -58, 6)
(1, -58, 7)
(0, -57, 8)
(1, -57, 8)
(1, -57, 9)
(1, -57, 10)
(1, -57, 11)
(0, -57, 12)
(0, -57, 13)
(0, -57, 14)
(1, -58, 14)
(1, -58, 15)
(1, -58, 16)
(0, -58, 17)
(1, -59, 17)
(1, -59, 18)
(1, -59, 19)
(0, -58, 20)
(1, -58, 19)
(1, -58, 18)
(0, -57, 18)
(1, -57, 18)
(0, -56, 19)
(0, -56, 20)
(1, -56, 20)
(1, -56, 21)
(0, -55, 22)
(0, -55, 23)
(0, -55, 24)
(1, -55, 24)
(0, -54, 24)
(1, -54, 24)
(1, -54, 25)
(0, -53, 26)
(1, -53, 25)
(0, -52, 26)
(0, -52, 27)
(1, -53, 27)
(0, -53, 28)
(0, -53, 29)
(1, -54, 29)
(0, -54, 29)
(1, -55, 29)
(1, -55, 30)
(0, -54, 31)
(1, -54, 31)
(0, -53, 31)
(1, -53, 31)
(0, -52, 32)
(1, -52, 31)
(1, -52, 30)
(0, -52, 30)
(0, -52, 29)
(1, -52, 28)
(0, -51, 29)
(1, -51, 28)
(0, -50, 29)
(0, -50, 30)
(0, -50, 31)
(1, -51, 31)
(1, -51, 32)
(0, -51, 33)
(1, -52, 33)
(1, -52, 34)
(0, -52, 35)
(0, -52, 36)
(0, -52, 37)
(1, -53, 37)
(0, -53, 38)
(1, -54, 38)
(0, -54, 39)
(1, -55, 39)
(0, -55, 39)
(1, -56, 39)
(0, -56, 40)
(0, -56, 41)
(1, -56, 41)
(0, -55, 42)
(0, -55, 43)
(1, -55, 43)
(0, -54, 43)
(0, -54, 42)
(0, -54, 41)
(1, -54, 40)
(0, -53, 41)
(1, -53, 41)
(0, -52, 41)
(1, -52, 41)
(0, -51, 41)
(1, -51, 41)
(1, -51, 42)
(1, -51, 43)
(0, -50, 44)
(1, -50, 43)
(0, -49, 44)
(1, -49, 44)
(1, -49, 45)
(0, -48, 46)
(1, -48, 45)
(1, -48, 44)
(0, -47, 44)
(1, -47, 44)
(1, -47, 45)
(1, -47, 46)
(0, -47, 47)
(1, -48, 47)
(0, -48, 48)
(1, -49, 48)
(0, -49, 48)
(1, -50, 47)
(0, -50, 48)
(1, -51, 47)
(1, -51, 46)
(1, -51, 45)
(0, -51, 45)
(1, -52, 45)
(1, -52, 46)
(1, -52, 47)
(1, -52, 48)
(0, -52, 49)
(1, -53, 48)
(0, -53, 48)
(0, -53, 47)
(0, -53, 46)
(1, -53, 45)
(1, -53, 44)
(0, -53, 44)
(1, -54, 44)
(0, -54, 45)
(1, -55, 45)
(0, -55, 45)
(1, -56, 44)
(0, -56, 45)
(1, -57, 45)
(0, -57, 46)
(1, -58, 46)
(0, -58, 46)
(1, -59, 46)
(0, -59, 47)
(1, -60, 46)
(1, -60, 45)
(0, -59, 45)
(0, -59, 44)
(1, -60, 43)
(1, -60, 42)
(1, -60, 41)
(0, -59, 41)
(1, -59, 40)
(1, -59, 39)
(0, -58, 39)
(1, -58, 39)
(0, -57, 39)
(1, -57, 38)
(0, -56, 38)
(1, -56, 37)
(0, -55, 37)
(1, -55, 36)
(0, -54, 36)
(0, -54, 35)
(1, -55, 34)
(1, -55, 33)
(0, -55, 33)
(1, -56, 33)
(0, -56, 33)
(1, -57, 33)
(0, -57, 34)
(1, -58, 34)
(0, -58, 35)
(0, -58, 36)
(1, -59, 36)
(0, -59, 36)
(1, -60, 36)
(0, -60, 36)
(1, -61, 36)
(0, -61, 36)
(0, -61, 35)
(1, -61, 34)
(1, -61, 33)
(1, -61, 32)
(0, -60, 32)
(1, -60, 31)
(0, -59, 32)
(1, -59, 32)
(0, -58, 33)
(1, -58, 32)
(0, -57, 32)
(1, -57, 31)
(0, -56, 31)
(0, -56, 30)
(1, -56, 29)
(1, -56, 28)
(0, -56, 28)
(1, -57, 28)
(0, -57, 29)
(0, -57, 30)
(1, -58, 30)
(0, -58, 31)
(1, -59, 30)
(0, -59, 30)
(0, -59, 29)
(1, -60, 28)
(1, -60, 27)
(1, -60, 26)
(0, -59, 26)
(1, -59, 26)
(0, -58, 26)
(0, -58, 25)
(1, -58, 24)
(0, -57, 24)
(1, -57, 24)
(0, -56, 24)
(0, -56, 23)
(1, -57, 22)
(1, -57, 21)
(0, -57, 21)
(1, -58, 21)
(1, -58, 22)
(0, -58, 23)
(1, -59, 23)
(0, -59, 24)
(1, -60, 23)
(1, -60, 22)
(1, -60, 21)
(0, -60, 21)
(1, -61, 20)
(1, -61, 19)
(0, -60, 19)
(0, -60, 18)
(0, -60, 17)
(1, -61, 16)
(0, -61, 17)
(1, -62, 16)
(0, -62, 17)
(0, -62, 18)
(1, -62, 18)
(1, -62, 19)
(1, -62, 20)
(1, -62, 21)
(1, -62, 22)
(0, -61, 23)
(0, -61, 24)
(1, -61, 24)
(1, -61, 25)
(1, -61, 26)
(0, -61, 27)
(1, -62, 26)
(0, -62, 27)
(1, -63, 26)
(0, -63, 26)
(1, -64, 25)
(0, -64, 26)
(1, -65, 26)
(0, -65, 26)
(1, -66, 26)
(0, -66, 26)
(1, -67, 26)
(0, -67, 26)
(1, -68, 26)
(1, -68, 27)
(0, -67, 28)
(0, -67, 29)
(1, -67, 29)
(0, -66, 30)
(1, -66, 30)
(0, -65, 31)
(1, -65, 30)
(1, -65, 29)
(0, -64, 29)
(0, -64, 28)
(1, -64, 27)
(0, -63, 28)
(1, -63, 28)
(1, -63, 29)
(0, -62, 30)
(0, -62, 31)
(1, -62, 31)
(1, -62, 32)
(1, -62, 33)
(0, -62, 34)
(1, -63, 34)
(0, -63, 35)
(0, -63, 36)
(1, -63, 36)
(0, -62, 37)
(0, -62, 38)
(1, -62, 38)
(0, -61, 39)
(0, -61, 40)
(0, -61, 41)
(1, -62, 41)
(0, -62, 41)
(0, -62, 40)
(1, -63, 39)
(0, -63, 39)
(1, -64, 38)
(0, -64, 38)
(0, -64, 37)
(0, -64, 36)
(0, -64, 35)
(1, -65, 34)
(0, -65, 35)
(0, -65, 36)
(1, -66, 36)
(1, -66, 37)
(1, -66, 38)
(0, -65, 39)
(1, -65, 39)
(0, -64, 40)
(1, -64, 40)
(1, -64, 41)
(0, -63, 42)
(0, -63, 43)
(1, -63, 43)
(0, -62, 44)
(1, -62, 43)
(0, -61, 44)
(0, -61, 45)
(0, -61, 46)
(0, -61, 47)
(0, -61, 48)
(1, -61, 48)
(1, -61, 49)
(1, -61, 50)
(0, -60, 51)
(0, -60, 52)
(1, -61, 52)
(0, -61, 53)
(1, -62, 53)
(1, -62, 54)
(1, -62, 55)
(1, -62, 56)
(0, -62, 57)
(1, -63, 57)
(0, -63, 57)
(1, -64, 57)
(1, -64, 58)
(1, -64, 59)
(1, -64, 60)
(0, -64, 61)
(1, -65, 61)
(1, -65, 62)
(0, -64, 63)
(1, -64, 63)
(1, -64, 64)
(0, -64, 65)
(1, -65, 64)
(0, -65, 64)
(1, -66, 63)
(0, -66, 64)
(0, -66, 65)
(1, -66, 65)
(1, -66, 66)
(0, -65, 67)
(1, -65, 66)
(0, -64, 67)
(1, -64, 66)
(0, -63, 67)
(0, -63, 68)
(0, -63, 69)
(1, -63, 69)
(0, -62, 69)
(1, -62, 69)
(0, -61, 70)
(1, -61, 69)
(1, -61, 68)
(0, -61, 68)
(1, -62, 67)
(1, -62, 66)
(0, -61, 66)
(0, -61, 65)
(0, -61, 64)
(0, -61, 63)
(0, -61, 62)
(1, -62, 61)
(1, -62, 60)
(0, -61, 60)
(0, -61, 59)
(1, -61, 58)
(0, -60, 58)
(1, -60, 57)
(0, -59, 58)
(0, -59, 59)
(0, -59, 60)
(1, -59, 60)
(1, -59, 61)
(1, -59, 62)
(0, -58, 63)
(1, -58, 62)
(0, -57, 63)
(1, -57, 62)
(0, -56, 63)
(1, -56, 62)
(0, -55, 62)
(1, -55, 61)
(0, -54, 62)
(0, -54, 63)
(0, -54, 64)
(0, -54, 65)
(1, -54, 65)
(0, -53, 66)
(0, -53, 67)
(1, -54, 67)
(1, -54, 68)
(0, -53, 69)
(1, -53, 68)
(0, -52, 68)
(1, -52, 67)
(0, -51, 68)
(0, -51, 69)
(1, -51, 69)
(0, -50, 69)
(0, -50, 68)
(1, -50, 67)
(0, -49, 68)
(0, -49, 69)
(1, -49, 69)
(0, -48, 70)
(0, -48, 71)
(1, -48, 71)
(0, -47, 71)
(1, -47, 70)
(1, -47, 69)
(1, -47, 68)
(0, -46, 68)
(1, -46, 68)
(0, -45, 68)
(1, -45, 68)
(0, -44, 68)
(1, -44, 67)
(0, -43, 67)
(0, -43, 66)
(1, -43, 65)
(0, -42, 66)
(1, -42, 66)
(0, -41, 67)
(1, -41, 67)
(0, -40, 68)
(1, -40, 67)
(0, -39, 67)
(1, -39, 67)
(0, -38, 68)
(1, -38, 67)
(1, -38, 66)
(0, -37, 66)
(1, -37, 66)
(0, -36, 66)
(0, -36, 65)
(1, -37, 64)
(0, -37, 64)
(1, -38, 63)
(1, -38, 62)
(1, -38, 61)
(0, -38, 61)
(1, -39, 60)
(0, -39, 61)
(1, -40, 61)
(0, -40, 61)
(1, -41, 61)
(1, -41, 62)
(0, -40, 63)
(1, -40, 63)
(1, -40, 64)
(0, -40, 65)
(1, -41, 64)
(0, -41, 64)
(1, -42, 63)
(1, -42, 62)
(0, -42, 62)
(1, -43, 61)
(0, -43, 62)
(0, -43, 63)
(0, -43, 64)
(1, -44, 64)
(0, -44, 64)
(1, -45, 64)
(0, -45, 65)
(0, -45, 66)
(1, -46, 66)
(0, -46, 66)
(0, -46, 65)
(1, -47, 64)
(1, -47, 63)
(0, -47, 63)
(1, -48, 62)
(0, -48, 62)
(1, -49, 61)
(0, -49, 62)
(0, -49, 63)
(0, -49, 64)
(1, -50, 64)
(1, -50, 65)
(0, -50, 66)
(1, -51, 66)
(0, -51, 66)
(0, -51, 65)
(0, -51, 64)
(0, -51, 63)
(1, -52, 62)
(0, -52, 63)
(1, -53, 62)
(1, -53, 61)
(1, -53, 60)
(1, -53, 59)
(0, -53, 59)
(1, -54, 58)
(0, -54, 58)
(0, -54, 57)
(0, -54, 56)
(1, -54, 55)
(1, -54, 54)
(1, -54, 53)
(0, -54, 53)
(1, -55, 53)
(0, -55, 54)
(0, -55, 55)
(1, -56, 55)
(1, -56, 56)
(0, -55, 57)
(0, -55, 58)
(1, -56, 58)
(0, -56, 58)
(1, -57, 58)
(0, -57, 59)
(1, -58, 58)
(1, -58, 57)
(0, -58, 57)
(0, -58, 56)
(0, -58, 55)
(0, -58, 54)
(1, -58, 53)
(0, -57, 53)
(1, -57, 53)
(0, -56, 53)
(0, -56, 52)
(0, -56, 51)
(0, -56, 50)
(0, -56, 49)
(1, -56, 48)
(0, -55, 48)
(1, -55, 47)
(0, -54, 48)
(0, -54, 49)
(1, -54, 49)
(1, -54, 50)
(0, -53, 51)
(1, -53, 50)
(0, -52, 51)
(1, -52, 50)
(0, -51, 51)
(0, -51, 52)
(0, -51, 53)
(0, -51, 54)
(1, -52, 54)
(1, -52, 55)
(1, -52, 56)
(0, -51, 57)
(0, -51, 58)
(1, -52, 58)
(1, -52, 59)
(1, -52, 60)
(0, -51, 61)
(1, -51, 60)
(1, -51, 59)
(0, -50, 59)
(1, -50, 58)
(1, -50, 57)
(0, -50, 57)
(0, -50, 56)
(0, -50, 55)
(0, -50, 54)
(1, -50, 53)
(0, -49, 54)
(1, -49, 53)
(0, -48, 53)
(1, -48, 52)
(1, -48, 51)
(1, -48, 50)
(0, -47, 50)
(0, -47, 49)
(1, -47, 48)
(0, -46, 49)
(0, -46, 50)
(1, -46, 50)
(1, -46, 51)
(0, -46, 52)
(1, -47, 52)
(1, -47, 53)
(1, -47, 54)
(1, -47, 55)
(0, -47, 56)
(1, -48, 56)
(0, -48, 57)
(0, -48, 58)
(1, -48, 58)
(0, -47, 59)
(1, -47, 59)
(0, -46, 60)
(1, -46, 60)
(0, -45, 60)
(0, -45, 59)
(0, -45, 58)
(0, -45, 57)
(1, -46, 56)
(1, -46, 55)
(0, -45, 55)
(0, -45, 54)
(1, -45, 53)
(0, -44, 53)
(1, -44, 53)
(0, -43, 53)
(1, -43, 53)
(1, -43, 54)
(1, -43, 55)
(0, -43, 56)
(0, -43, 57)
(0, -43, 58)
(1, -43, 58)
(0, -42, 58)
(0, -42, 57)
(1, -42, 56)
(0, -41, 56)
(0, -41, 55)
(1, -42, 54)
(1, -42, 53)
(1, -42, 52)
(0, -41, 52)
(1, -41, 51)
(0, -40, 51)
(1, -40, 50)
(0, -39, 51)
(0, -39, 52)
(1, -39, 52)
(1, -39, 53)
(0, -39, 54)
(1, -40, 54)
(0, -40, 55)
(0, -40, 56)
(1, -40, 56)
(0, -39, 57)
(0, -39, 58)
(1, -39, 58)
(0, -38, 59)
(1, -38, 58)
(1, -38, 57)
(1, -38, 56)
(0, -37, 56)
(1, -37, 55)
(1, -37, 54)
(1, -37, 53)
(1, -37, 52)
(0, -36, 52)
(1, -36, 51)
(1, -36, 50)
(0, -36, 50)
(0, -36, 49)
(1, -36, 48)
(0, -35, 49)
(1, -35, 49)
(0, -34, 50)
(1, -34, 49)
(0, -33, 50)
(1, -33, 50)
(0, -32, 50)
(1, -32, 50)
(1, -32, 51)
(0, -31, 52)
(0, -31, 53)
(1, -31, 53)
(1, -31, 54)
(0, -30, 55)
(0, -30, 56)
(1, -30, 56)
(1, -30, 57)
(1, -30, 58)
(1, -30, 59)
(1, -30, 60)
(1, -30, 61)
(0, -29, 62)
(1, -29, 61)
(0, -28, 62)
(0, -28, 63)
(0, -28, 64)
(0, -28, 65)
(1, -28, 65)
(0, -27, 65)
(0, -27, 64)
(1, -27, 63)
(1, -27, 62)
(0, -26, 62)
(0, -26, 61)
(1, -26, 60)
(1, -26, 59)
(0, -25, 59)
(1, -25, 58)
(0, -24, 59)
(1, -24, 59)
(1, -24, 60)
(0, -24, 61)
(1, -25, 61)
(0, -25, 62)
(0, -25, 63)
(1, -25, 63)
(0, -24, 64)
(1, -24, 64)
(0, -23, 64)
(1, -23, 64)
(1, -23, 65)
(1, -23, 66)
(0, -23, 67)
(1, -24, 67)
(0, -24, 67)
(1, -25, 67)
(0, -25, 67)
(0, -25, 66)
(1, -26, 65)
(0, -26, 66)
(1, -27, 66)
(0, -27, 67)
(0, -27, 68)
(0, -27, 69)
(0, -27, 70)
(1, -28, 70)
(1, -28, 71)
(1, -28, 72)
(1, -28, 73)
(0, -28, 74)
(1, -29, 73)
(0, -29, 73)
(0, -29, 72)
(0, -29, 71)
(1, -30, 70)
(1, -30, 69)
(0, -30, 69)
(0, -30, 68)
(0, -30, 67)
(1, -30, 66)
(1, -30, 65)
(0, -30, 65)
(1, -31, 64)
(1, -31, 63)
(0, -31, 63)
(1, -32, 63)
(0, -32, 63)
(1, -33, 62)
(1, -33, 61)
(0, -32, 61)
(1, -32, 61)
(0, -31, 61)
(1, -31, 60)
(1, -31, 59)
(0, -31, 59)
(1, -32, 59)
(0, -32, 59)
(1, -33, 58)
(1, -33, 57)
(0, -33, 57)
(1, -34, 57)
(0, -34, 57)
(1, -35, 56)
(0, -35, 56)
(1, -36, 56)
(1, -36, 57)
(0, -36, 58)
(1, -37, 58)
(1, -37, 59)
(0, -36, 60)
(1, -36, 60)
(1, -36, 61)
(0, -36, 62)
(0, -36, 63)
(1, -36, 63)
(0, -35, 64)
(0, -35, 65)
(0, -35, 66)
(0, -35, 67)
(0, -35, 68)
(1, -35, 68)
(0, -34, 68)
(1, -34, 67)
(1, -34, 66)
(1, -34, 65)
(0, -33, 65)
(1, -33, 64)
(0, -32, 65)
(1, -32, 65)
(0, -31, 66)
(0, -31, 67)
(0, -31, 68)
(1, -32, 68)
(0, -32, 68)
(1, -33, 68)
(1, -33, 69)
(0, -32, 70)
(0, -32, 71)
(0, -32, 72)
(1, -33, 72)
(1, -33, 73)
(0, -33, 74)
(0, -33, 75)
(1, -34, 75)
(0, -34, 76)
(1, -35, 75)
(0, -35, 76)
(0, -35, 77)
(0, -35, 78)
(0, -35, 79)
(1, -35, 79)
(1, -35, 80)
(1, -35, 81)
(0, -35, 82)
(1, -36, 82)
(1, -36, 83)
(0, -36, 84)
(1, -37, 83)
(1, -37, 82)
(0, -37, 82)
(1, -38, 82)
(0, -38, 82)
(1, -39, 82)
(1, -39, 83)
(1, -39, 84)
(0, -39, 85)
(0, -39, 86)
(1, -40, 86)
(0, -40, 87)
(0, -40, 88)
(0, -40, 89)
(0, -40, 90)
(0, -40, 91)
(1, -41, 91)
(0, -41, 92)
(1, -42, 92)
(1, -42, 93)
(0, -41, 94)
(1, -41, 94)
(0, -40, 94)
(1, -40, 94)
(1, -40, 95)
(0, -39, 96)
(1, -39, 95)
(1, -39, 94)
(0, -38, 94)
(1, -38, 93)
(1, -38, 92)
(1, -38, 91)
(0, -38, 91)
(0, -38, 90)
(0, -38, 89)
(1, -39, 88)
(1, -39, 87)
(0, -38, 87)
(1, -38, 86)
(0, -37, 87)
(1, -37, 87)
(1, -37, 88)
(0, -36, 89)
(1, -36, 89)
(0, -35, 89)
(1, -35, 89)
(1, -35, 90)
(1, -35, 91)
(0, -35, 92)
(1, -36, 92)
(0, -36, 92)
(1, -37, 92)
(1, -37, 93)
(1, -37, 94)
(0, -37, 95)
(0, -37, 96)
(1, -37, 96)
(1, -37, 97)
(0, -37, 98)
(1, -38, 97)
(0, -38, 98)
(1, -39, 98)
(0, -39, 99)
(0, -39, 100)
(0, -39, 101)
(1, -40, 101)
(0, -40, 101)
(1, -41, 101)
(0, -41, 102)
(0, -41, 103)
(1, -42, 103)
(0, -42, 104)
(1, -43, 103)
(0, -43, 104)
(1, -44, 104)
(0, -44, 104)
(1, -45, 103)
(0, -45, 104)
(1, -46, 103)
(0, -46, 104)
(1, -47, 104)
(1, -47, 105)
(1, -47, 106)
(0, -46, 107)
(1, -46, 106)
(0, -45, 107)
(1, -45, 106)
(0, -44, 107)
(1, -44, 107)
(1, -44, 108)
(0, -44, 109)
(1, -45, 109)
(0, -45, 109)
(1, -46, 109)
(0, -46, 110)
(1, -47, 110)
(0, -47, 111)
(1, -48, 110)
(0, -48, 110)
(1, -49, 109)
(0, -49, 110)
(1, -50, 109)
(0, -50, 110)
(1, -51, 110)
(0, -51, 111)
(0, -51, 112)
(1, -52, 112)
(0, -52, 113)
(0, -52, 114)
(1, -52, 114)
(0, -51, 114)
(1, -51, 113)
(0, -50, 114)
(1, -50, 113)
(1, -50, 112)
(0, -49, 112)
(1, -49, 111)
(0, -48, 112)
(1, -48, 112)
(0, -47, 113)
(1, -47, 113)
(1, -47, 114)
(1, -47, 115)
(0, -47, 116)
(1, -48, 115)
(0, -48, 116)
(1, -49, 116)
(0, -49, 116)
(1, -50, 116)
(1, -50, 117)
(0, -50, 118)
(0, -50, 119)
(1, -50, 119)
(0, -49, 120)
(1, -49, 120)
(0, -48, 121)
(0, -48, 122)
(1, -49, 122)
(0, -49, 123)
(0, -49, 124)
(1, -49, 124)
(0, -48, 124)
(1, -48, 123)
(0, -47, 124)
(0, -47, 125)
(0, -47, 126)
(1, -47, 126)
(1, -47, 127)
(1, -47, 128)
(0, -47, 129)
(1, -48, 128)
(1, -48, 127)
(0, -48, 127)
(1, -49, 126)
(0, -49, 127)
(1, -50, 126)
(1, -50, 125)
(0, -50, 125)
(1, -51, 125)
(1, -51, 126)
(0, -51, 127)
(0, -51, 128)
(1, -51, 128)
(1, -51, 129)
(0, -51, 130)
(1, -52, 129)
(0, -52, 129)
(1, -53, 129)
(0, -53, 130)
(1, -54, 130)
(0, -54, 131)
(1, -55, 130)
(0, -55, 130)
(1, -56, 130)
(1, -56, 131)
(1, -56, 132)
(0, -56, 133)
(1, -57, 133)
(1, -57, 134)
(0, -56, 135)
(0, -56, 136)
(1, -56, 136)
(1, -56, 137)
(0, -56, 138)
(1, -57, 137)
(0, -57, 137)
(1, -58, 137)
(0, -58, 138)
(1, -59, 137)
(0, -59, 138)
(0, -59, 139)
(0, -59, 140)
(1, -60, 140)
(0, -60, 140)
(1, -61, 139)
(1, -61, 138)
(0, -61, 138)
(0, -61, 137)
(1, -62, 136)
(0, -62, 137)
(0, -62, 138)
(1, -63, 138)
(0, -63, 138)
(1, -64, 137)
(0, -64, 137)
(0, -64, 136)
(1, -64, 135)
(1, -64, 134)
(0, -63, 134)
(1, -63, 134)
(0, -62, 134)
(1, -62, 133)
(1, -62, 132)
(0, -61, 132)
(1, -61, 132)
(0, -60, 133)
(1, -60, 132)
(0, -59, 133)
(1, -59, 132)
(1, -59, 131)
(1, -59, 130)
(1, -59, 129)
(1, -59, 128)
(0, -59, 128)
(1, -60, 127)
(1, -60, 126)
(1, -60, 125)
(0, -59, 125)
(1, -59, 124)
(1, -59, 123)
(0, -59, 123)
(1, -60, 123)
(0, -60, 124)
(1, -61, 124)
(0, -61, 125)
(1, -62, 125)
(0, -62, 126)
(0, -62, 127)
(1, -62, 127)
(0, -61, 128)
(1, -61, 128)
(0, -60, 129)
(0, -60, 130)
(1, -61, 130)
(0, -61, 130)
(1, -62, 130)
(0, -62, 131)
(1, -63, 130)
(1, -63, 129)
(0, -63, 129)
(0, -63, 128)
(0, -63, 127)
(0, -63, 126)
(1, -64, 125)
(0, -64, 126)
(0, -64, 127)
(1, -65, 127)
(0, -65, 127)
(1, -66, 126)
(1, -66, 125)
(1, -66, 124)
(0, -65, 124)
(1, -65, 123)
(1, -65, 122)
(0, -65, 122)
(1, -66, 121)
(1, -66, 120)
(0, -66, 120)
(0, -66, 119)
(0, -66, 118)
(1, -67, 117)
(0, -67, 118)
(0, -67, 119)
(0, -67, 120)
(1, -68, 120)
(0, -68, 121)
(1, -69, 121)
(0, -69, 122)
(1, -70, 122)
(1, -70, 123)
(0, -70, 124)
(1, -71, 124)
(0, -71, 124)
(0, -71, 123)
(0, -71, 122)
(1, -71, 121)
(0, -70, 121)
(0, -70, 120)
(0, -70, 119)
(0, -70, 118)
(1, -70, 117)
(0, -69, 118)
(1, -69, 117)
(1, -69, 116)
(1, -69, 115)
(0, -68, 115)
(0, -68, 114)
(0, -68, 113)
(1, -68, 112)
(0, -67, 113)
(1, -67, 112)
(0, -66, 113)
(1, -66, 112)
(1, -66, 111)
(0, -65, 111)
(0, -65, 110)
(1, -66, 109)
(1, -66, 108)
(0, -66, 108)
(1, -67, 108)
(0, -67, 108)
(1, -68, 107)
(0, -68, 107)
(0, -68, 106)
(0, -68, 105)
(1, -68, 104)
(0, -67, 104)
(1, -67, 103)
(0, -66, 104)
(0, -66, 105)
(0, -66, 106)
(1, -66, 106)
(0, -65, 106)
(1, -65, 105)
(0, -64, 106)
(1, -64, 106)
(0, -63, 107)
(1, -63, 107)
(1, -63, 108)
(0, -63, 109)
(0, -63, 110)
(1, -63, 110)
(0, -62, 111)
(1, -62, 110)
(1, -62, 109)
(1, -62, 108)
(1, -62, 107)
(1, -62, 106)
(1, -62, 105)
(0, -61, 105)
(0, -61, 104)
(0, -61, 103)
(1, -61, 102)
(1, -61, 101)
(0, -61, 101)
(1, -62, 100)
(0, -62, 100)
(0, -62, 99)
(1, -63, 98)
(0, -63, 98)
(0, -63, 97)
(1, -63, 96)
(1, -63, 95)
(0, -62, 95)
(1, -62, 94)
(0, -61, 94)
(0, -61, 93)
(0, -61, 92)
(0, -61, 91)
(0, -61, 90)
(1, -62, 89)
(0, -62, 90)
(1, -63, 89)
(0, -63, 89)
(1, -64, 89)
(0, -64, 89)
(1, -65, 89)
(0, -65, 90)
(0, -65, 91)
(1, -65, 91)
(0, -64, 91)
(1, -64, 91)
(0, -63, 91)
(1, -63, 91)
(1, -63, 92)
(0, -63, 93)
(0, -63, 94)
(1, -64, 94)
(1, -64, 95)
(0, -64, 96)
(0, -64, 97)
(0, -64, 98)
(1, -65, 98)
(1, -65, 99)
(1, -65, 100)
(0, -65, 101)
(1, -66, 101)
(0, -66, 101)
(0, -66, 100)
(1, -67, 99)
(0, -67, 99)
(1, -68, 98)
(0, -68, 98)
(1, -69, 98)
(0, -69, 98)
(1, -70, 98)
(1, -70, 99)
(1, -70, 100)
(0, -69, 101)
(0, -69, 102)
(1, -70, 102)
(0, -70, 103)
(1, -71, 103)
(1, -71, 104)
(0, -71, 105)
(1, -72, 105)
(0, -72, 106)
(1, -73, 106)
(1, -73, 107)
(0, -73, 108)
(0, -73, 109)
(1, -74, 109)
(1, -74, 110)
(1, -74, 111)
(1, -74, 112)
(0, -74, 113)
(1, -75, 113)
(0, -75, 113)
(1, -76, 112)
(0, -76, 113)
(1, -77, 112)
(1, -77, 111)
(0, -76, 111)
(1, -76, 110)
(1, -76, 109)
(0, -76, 109)
(0, -76, 108)
(0, -76, 107)
(1, -77, 106)
(0, -77, 106)
(1, -78, 105)
(0, -78, 105)
(1, -79, 104)
(0, -79, 104)
(1, -80, 104)
(1, -80, 105)
(0, -79, 106)
(1, -79, 106)
(1, -79, 107)
(0, -79, 108)
(0, -79, 109)
(0, -79, 110)
(1, -80, 110)
(0, -80, 111)
(0, -80, 112)
(0, -80, 113)
(1, -81, 113)
(0, -81, 113)
(1, -82, 113)
(1, -82, 114)
(0, -82, 115)
(1, -83, 114)
(1, -83, 113)
(1, -83, 112)
(0, -83, 112)
(0, -83, 111)
(1, -84, 110)
(1, -84, 109)
(1, -84, 108)
(0, -84, 108)
(1, -85, 107)
(0, -85, 108)
(1, -86, 108)
(0, -86, 109)
(1, -87, 109)
(0, -87, 109)
(1, -88, 109)
(0, -88, 109)
(1, -89, 109)
(0, -89, 110)
(1, -90, 110)
(0, -90, 110)
(0, -90, 109)
(1, -90, 108)
(0, -89, 108)
(0, -89, 107)
(0, -89, 106)
(1, -89, 105)
(0, -88, 105)
(1, -88, 104)
(0, -87, 105)
(1, -87, 104)
(1, -87, 103)
(0, -86, 103)
(0, -86, 102)
(0, -86, 101)
(1, -86, 100)
(1, -86, 99)
(0, -85, 99)
(1, -85, 99)
(1, -85, 100)
(1, -85, 101)
(0, -85, 102)
(0, -85, 103)
(1, -85, 103)
(0, -84, 103)
(1, -84, 103)
(0, -83, 104)
(0, -83, 105)
(0, -83, 106)
(1, -83, 106)
(0, -82, 106)
(1, -82, 106)
(1, -82, 107)
(1, -82, 108)
(0, -81, 109)
(1, -81, 109)
(0, -80, 109)
(0, -80, 108)
(0, -80, 107)
(1, -81, 106)
(1, -81, 105)
(1, -81, 104)
(1, -81, 103)
(1, -81, 102)
(0, -80, 102)
(1, -80, 101)
(0, -79, 102)
(1, -79, 101)
(0, -78, 102)
(1, -78, 101)
(1, -78, 100)
(0, -77, 100)
(1, -77, 100)
(1, -77, 101)
(0, -76, 102)
(0, -76, 103)
(0, -76, 104)
(1, -76, 104)
(0, -75, 104)
(0, -75, 103)
(1, -75, 102)
(0, -74, 103)
(0, -74, 104)
(1, -74, 104)
(0, -73, 105)
(1, -73, 104)
(1, -73, 103)
(0, -73, 103)
(0, -73, 102)
(1, -74, 101)
(0, -74, 101)
(1, -75, 100)
(0, -75, 101)
(1, -76, 100)
(1, -76, 99)
(0, -76, 99)
(1, -77, 98)
(1, -77, 97)
(1, -77, 96)
(1, -77, 95)
(0, -77, 95)
(1, -78, 95)
(0, -78, 96)
(1, -79, 95)
(0, -79, 95)
(1, -80, 94)
(0, -80, 95)
(1, -81, 94)
(0, -81, 94)
(0, -81, 93)
(1, -82, 92)
(1, -82, 91)
(0, -82, 91)
(0, -82, 90)
(1, -82, 89)
(1, -82, 88)
(0, -81, 88)
(1, -81, 88)
(0, -80, 88)
(1, -80, 88)
(1, -80, 89)
(1, -80, 90)
(0, -79, 91)
(1, -79, 91)
(0, -78, 91)
(0, -78, 90)
(0, -78, 89)
(1, -79, 88)
(1, -79, 87)
(0, -79, 87)
(0, -79, 86)
(1, -80, 85)
(1, -80, 84)
(1, -80, 83)
(0, -79, 83)
(1, -79, 83)
(0, -78, 84)
(1, -78, 83)
(0, -77, 83)
(1, -77, 82)
(0, -76, 82)
(1, -76, 82)
(1, -76, 83)
(0, -75, 84)
(1, -75, 83)
(0, -74, 83)
(1, -74, 83)
(1, -74, 84)
(0, -74, 85)
(0, -74, 86)
(1, -74, 86)
(1, -74, 87)
(0, -74, 88)
(1, -75, 88)
(0, -75, 89)
(1, -76, 89)
(0, -76, 89)
(1, -77, 89)
(1, -77, 90)
(1, -77, 91)
(0, -76, 92)
(1, -76, 91)
(0, -75, 91)
(1, -75, 91)
(0, -74, 91)
(0, -74, 90)
(1, -74, 89)
(0, -73, 89)
(1, -73, 88)
(0, -72, 88)
(1, -72, 88)
(0, -71, 88)
(1, -71, 87)
(0, -70, 88)
(1, -70, 88)
(1, -70, 89)
(0, -69, 90)
(0, -69, 91)
(0, -69, 92)
(1, -70, 92)
(0, -70, 92)
(1, -71, 92)
(1, -71, 93)
(1, -71, 94)
(1, -71, 95)
(0, -70, 96)
(1, -70, 96)
(0, -69, 96)
(0, -69, 95)
(1, -69, 94)
(0, -68, 95)
(1, -68, 95)
(0, -67, 95)
(0, -67, 94)
(0, -67, 93)
(0, -67, 92)
(1, -68, 91)
(1, -68, 90)
(1, -68, 89)
(0, -68, 89)
(1, -69, 88)
(1, -69, 87)
(0, -68, 87)
(1, -68, 86)
(0, -67, 86)
(1, -67, 86)
(1, -67, 87)
(0, -66, 88)
(1, -66, 88)
(0, -65, 88)
(1, -65, 87)
(0, -64, 87)
(1, -64, 87)
(0, -63, 87)
(0, -63, 86)
(1, -63, 85)
(0, -62, 86)
(1, -62, 86)
(0, -61, 86)
(0, -61, 85)
(1, -62, 84)
(1, -62, 83)
(0, -61, 83)
(1, -61, 83)
(0, -60, 84)
(1, -60, 83)
(0, -59, 84)
(1, -59, 83)
(1, -59, 82)
(0, -59, 82)
(1, -60, 81)
(0, -60, 81)
(0, -60, 80)
(0, -60, 79)
(0, -60, 78)
(1, -60, 77)
(0, -59, 78)
(1, -59, 77)
(1, -59, 76)
(1, -59, 75)
(0, -59, 75)
(1, -60, 74)
(1, -60, 73)
(1, -60, 72)
(1, -60, 71)
(1, -60, 70)
(1, -60, 69)
(1, -60, 68)
(1, -60, 67)
(0, -60, 67)
(0, -60, 66)
(0, -60, 65)
(1, -60, 64)
(0, -59, 65)
(1, -59, 64)
(0, -58, 65)
(1, -58, 65)
(1, -58, 66)
(0, -57, 67)
(1, -57, 66)
(1, -57, 65)
(0, -56, 65)
(1, -56, 64)
(0, -55, 65)
(0, -55, 66)
(1, -56, 66)
(1, -56, 67)
(1, -56, 68)
(1, -56, 69)
(0, -55, 70)
(0, -55, 71)
(1, -56, 71)
(0, -56, 72)
(0, -56, 73)
(0, -56, 74)
(1, -57, 74)
(0, -57, 74)
(1, -58, 74)
(1, -58, 75)
(1, -58, 76)
(0, -57, 77)
(0, -57, 78)
(1, -57, 78)
(0, -56, 79)
(1, -56, 78)
(1, -56, 77)
(0, -55, 77)
(1, -55, 76)
(0, -54, 77)
(1, -54, 77)
(0, -53, 78)
(1, -53, 78)
(0, -52, 78)
(1, -52, 77)
(0, -51, 77)
(1, -51, 76)
(0, -50, 76)
(0, -50, 75)
(0, -50, 74)
(0, -50, 73)
(1, -50, 72)
(0, -49, 73)
(1, -49, 72)
(0, -48, 73)
(0, -48, 74)
(0, -48, 75)
(1, -49, 75)
(1, -49, 76)
(0, -49, 77)
(1, -50, 77)
(1, -50, 78)
(0, -50, 79)
(1, -51, 79)
(1, -51, 80)
(1, -51, 81)
(1, -51, 82)
(0, -50, 83)
(0, -50, 84)
(0, -50, 85)
(0, -50, 86)
(1, -50, 86)
(0, -49, 86)
(1, -49, 86)
(0, -48, 87)
(0, -48, 88)
(0, -48, 89)
(0, -48, 90)
(0, -48, 91)
(1, -48, 91)
(0, -47, 92)
(1, -47, 92)
(0, -46, 92)
(0, -46, 91)
(1, -46, 90)
(0, -45, 91)
(1, -45, 90)
(1, -45, 89)
(0, -44, 89)
(1, -44, 89)
(0, -43, 90)
(0, -43, 91)
(0, -43, 92)
(1, -43, 92)
(1, -43, 93)
(1, -43, 94)
(0, -43, 95)
(1, -44, 95)
(1, -44, 96)
(0, -43, 97)
(0, -43, 98)
(1, -44, 98)
(0, -44, 98)
(1, -45, 98)
(0, -45, 98)
(1, -46, 98)
(0, -46, 98)
(1, -47, 97)
(0, -47, 98)
(0, -47, 99)
(1, -47, 99)
(0, -46, 100)
(0, -46, 101)
(1, -47, 101)
(1, -47, 102)
(0, -47, 103)
(1, -48, 102)
(1, -48, 101)
(1, -48, 100)
(0, -48, 100)
(1, -49, 99)
(1, -49, 98)
(1, -49, 97)
(0, -49, 97)
(0, -49, 96)
(0, -49, 95)
(0, -49, 94)
(1, -50, 93)
(1, -50, 92)
(0, -50, 92)
(0, -50, 91)
(1, -50, 90)
(1, -50, 89)
(0, -50, 89)
(1, -51, 89)
(0, -51, 90)
(1, -52, 89)
(0, -52, 89)
(1, -53, 89)
(1, -53, 90)
(1, -53, 91)
(0, -53, 92)
(1, -54, 91)
(0, -54, 92)
(0, -54, 93)
(0, -54, 94)
(0, -54, 95)
(1, -55, 95)
(1, -55, 96)
(0, -55, 97)
(0, -55, 98)
(1, -55, 98)
(0, -54, 99)
(0, -54, 100)
(1, -55, 100)
(0, -55, 101)
(0, -55, 102)
(0, -55, 103)
(1, -55, 103)
(1, -55, 104)
(0, -55, 105)
(0, -55, 106)
(1, -55, 106)
(0, -54, 107)
(0, -54, 108)
(1, -54, 108)
(0, -53, 109)
(1, -53, 108)
(0, -52, 109)
(1, -52, 108)
(0, -51, 108)
(1, -51, 107)
(1, -51, 106)
(0, -51, 106)
(0, -51, 105)
(1, -52, 104)
(1, -52, 103)
(1, -52, 102)
(1, -52, 101)
(0, -52, 101)
(0, -52, 100)
(0, -52, 99)
(0, -52, 98)
(1, -53, 97)
(0, -53, 98)
(1, -54, 97)
(1, -54, 96)
(0, -53, 96)
(1, -53, 95)
(0, -52, 95)
(1, -52, 95)
(0, -51, 96)
(1, -51, 96)
(1, -51, 97)
(0, -51, 98)
(0, -51, 99)
(0, -51, 100)
(1, -51, 100)
(1, -51, 101)
(0, -50, 102)
(1, -50, 102)
