(0, 62, -96)
(1, 61, -97)
(0, 61, -96)
(0, 61, -95)
(1, 61, -95)
(0, 62, -94)
(0, 62, -93)
(0, 62, -92)
(1, 61, -92)
(0, 61, -92)
(1, 60, -93)
(1, 60, -94)
(0, 60, -94)
(0, 60, -95)
(1, 59, -96)
(1, 59, -97)
(0, 60, -97)
(1, 60, -98)
(0, 61, -98)
(1, 61, -99)
(0, 62, -98)
(1, 62, -99)
(1, 62, -100)
(0, 63, -100)
(1, 63, -100)
(0, 64, -99)
(0, 64, -98)
(0, 64, -97)
(1, 63, -97)
(1, 63, -96)
(0, 64, -95)
(1, 64, -95)
(1, 64, -94)
(0, 65, -93)
(1, 65, -93)
(1, 65, -92)
(0, 66, -91)
(1, 66, -92)
(0, 67, -91)
(1, 67, -92)
(1, 67, -93)
(1, 67, -94)
(0, 67, -94)
(1, 66, -95)
(0, 66, -95)
(1, 65, -96)
(0, 65, -96)
(0, 65, -97)
(1, 65, -98)
(0, 66, -97)
(1, 66, -97)
(0, 67, -97)
(0, 67, -98)
(1, 66, -99)
(0, 66, -99)
(0, 66, -100)
(0, 66, -101)
(1, 66, -102)
(0, 67, -102)
(1, 67, -103)
(0, 68, -102)
(0, 68, -101)
(0, 68, -100)
(1, 68, -100)
(0, 69, -99)
(0, 69, -98)
(1, 69, -98)
(1, 69, -97)
(0, 70, -96)
(0, 70, -95)
(1, 69, -95)
(0, 69, -95)
(1, 68, -95)
(1, 68, -94)
(1, 68, -93)
(1, 68, -92)
(0, 69, -91)
(1, 69, -92)
(1, 69, -93)
(0, 70, -93)
(1, 70, -93)
(0, 71, -93)
(0, 71, -94)
(0, 71, -95)
(0, 71, -96)
(1, 71, -97)
(0, 72, -97)
(1, 72, -97)
(0, 73, -97)
(1, 73, -97)
(0, 74, -97)
(0, 74, -98)
(1, 74, -99)
(0, 75, -98)
(0, 75, -97)
(1, 75, -97)
(0, 76, -96)
(0, 76, -95)
(1, 76, -95)
(0, 77, -94)
(0, 77, -93)
(0, 77, -92)
(1, 76, -92)
(0, 76, -91)
(0, 76, -90)
(0, 76, -89)
(1, 76, -89)
(0, 77, -88)
(0, 77, -87)
(0, 77, -86)
(1, 77, -86)
(1, 77, -85)
(0, 78, -84)
(1, 78, -85)
(1, 78, -86)
(1, 78, -87)
(0, 78, -87)
(0, 78, -88)
(1, 78, -89)
(0, 79, -89)
(0, 79, -90)
(0, 79, -91)
(0, 79, -92)
(0, 79, -93)
(1, 79, -94)
(0, 80, -93)
(1, 80, -93)
(0, 81, -93)
(0, 81, -94)
(1, 80, -95)
(1, 80, -96)
(1, 80, -97)
(0, 81, -97)
(1, 81, -97)
(0, 82, -97)
(0, 82, -98)
(1, 81, -99)
(1, 81, -100)
(0, 81, -100)
(0, 81, -101)
(0, 81, -102)
(0, 81, -103)
(1, 81, -104)
(0, 82, -103)
(0, 82, -102)
(0, 82, -101)
(1, 82, -101)
(1, 82, -100)
(0, 83, -99)
(0, 83, -98)
(1, 83, -98)
(0, 84, -97)
(0, 84, -96)
(1, 83, -96)
(0, 83, -95)
(0, 83, -94)
(1, 82, -94)
(1, 82, -93)
(0, 82, -92)
(0, 82, -91)
(0, 82, -90)
(1, 82, -90)
(0, 83, -90)
(1, 83, -90)
(1, 83, -89)
(0, 84, -88)
(1, 84, -88)
(0, 85, -87)
(1, 85, -87)
(0, 86, -86)
(1, 86, -87)
(0, 87, -87)
(1, 87, -87)
(1, 87, -86)
(0, 88, -85)
(1, 88, -86)
(1, 88, -87)
(1, 88, -88)
(0, 89, -88)
(0, 89, -89)
(0, 89, -90)
(1, 88, -91)
(0, 88, -90)
(1, 87, -91)
(0, 87, -90)
(1, 86, -91)
(1, 86, -92)
(1, 86, -93)
(1, 86, -94)
(1, 86, -95)
(0, 86, -95)
(1, 85, -96)
(1, 85, -97)
(0, 85, -97)
(0, 85, -98)
(0, 85, -99)
(1, 84, -100)
(1, 84, -101)
(1, 84, -102)
(1, 84, -103)
(0, 85, -103)
(1, 85, -103)
(1, 85, -102)
(0, 86, -101)
(0, 86, -100)
(0, 86, -99)
(0, 86, -98)
(1, 86, -98)
(0, 87, -98)
(0, 87, -99)
(1, 87, -100)
(0, 88, -100)
(0, 88, -101)
(1, 87, -102)
(0, 87, -102)
(1, 86, -103)
(1, 86, -104)
(0, 86, -104)
(1, 85, -105)
(0, 85, -105)
(1, 84, -106)
(0, 84, -105)
(1, 83, -106)
(0, 83, -105)
(1, 82, -106)
(1, 82, -107)
(0, 83, -107)
(0, 83, -108)
(1, 83, -109)
(0, 84, -108)
(1, 84, -109)
(1, 84, -110)
(0, 84, -110)
(1, 83, -111)
(0, 83, -111)
(0, 83, -112)
(1, 82, -113)
(1, 82, -114)
(0, 83, -114)
(0, 83, -115)
(0, 83, -116)
(1, 83, -117)
(1, 83, -118)
(0, 84, -118)
(0, 84, -119)
(1, 84, -120)
(0, 85, -120)
(1, 85, -120)
(0, 86, -119)
(1, 86, -120)
(1, 86, -121)
(1, 86, -122)
(0, 86, -122)
(0, 86, -123)
(1, 86, -124)
(1, 86, -125)
(0, 87, -125)
(1, 87, -126)
(0, 88, -126)
(0, 88, -127)
(1, 87, -128)
(1, 87, -129)
(0, 87, -129)
(0, 87, -130)
(1, 87, -131)
(0, 88, -131)
(0, 88, -132)
(1, 87, -133)
(0, 87, -132)
(1, 86, -132)
(0, 86, -131)
(0, 86, -130)
(1, 85, -130)
(1, 85, -129)
(0, 85, -128)
(1, 84, -128)
(0, 84, -128)
(1, 83, -129)
(0, 83, -129)
(0, 83, -130)
(1, 83, -131)
(1, 83, -132)
(1, 83, -133)
(1, 83, -134)
(0, 84, -134)
(1, 84, -135)
(0, 85, -135)
(0, 85, -136)
(1, 85, -137)
(1, 85, -138)
(0, 86, -138)
(0, 86, -139)
(1, 86, -140)
(1, 86, -141)
(1, 86, -142)
(1, 86, -143)
(0, 87, -143)
(1, 87, -143)
(0, 88, -142)
(0, 88, -141)
(1, 88, -141)
(0, 89, -141)
(1, 89, -142)
(1, 89, -143)
(1, 89, -144)
(1, 89, -145)
(0, 89, -145)
(1, 88, -145)
(0, 88, -145)
(0, 88, -146)
(1, 88, -147)
(0, 89, -147)
(1, 89, -148)
(0, 90, -147)
(1, 90, -148)
(0, 91, -148)
(1, 91, -149)
(0, 92, -149)
(1, 92, -150)
(1, 92, -151)
(1, 92, -152)
(0, 92, -152)
(1, 91, -152)
(0, 91, -152)
(1, 90, -152)
(0, 90, -152)
(1, 89, -152)
(1, 89, -151)
(0, 89, -150)
(1, 88, -151)
(0, 88, -150)
(1, 87, -151)
(1, 87, -152)
(1, 87, -153)
(1, 87, -154)
(0, 88, -154)
(1, 88, -155)
(0, 89, -154)
(1, 89, -155)
(0, 90, -155)
(1, 90, -155)
(0, 91, -155)
(0, 91, -156)
(1, 91, -157)
(0, 92, -157)
(1, 92, -157)
(0, 93, -157)
(0, 93, -158)
(1, 93, -159)
(0, 94, -158)
(1, 94, -158)
(0, 95, -157)
(1, 95, -158)
(1, 95, -159)
(1, 95, -160)
(1, 95, -161)
(0, 96, -161)
(1, 96, -161)
(0, 97, -161)
(0, 97, -162)
(0, 97, -163)
(1, 96, -164)
(0, 96, -163)
(1, 95, -164)
(1, 95, -165)
(0, 95, -165)
(1, 94, -166)
(1, 94, -167)
(0, 95, -167)
(1, 95, -167)
(0, 96, -166)
(1, 96, -166)
(0, 97, -166)
(1, 97, -167)
(1, 97, -168)
(1, 97, -169)
(0, 97, -169)
(0, 97, -170)
(1, 96, -171)
(1, 96, -172)
(0, 97, -172)
(1, 97, -172)
(0, 98, -172)
(0, 98, -173)
(1, 98, -174)
(0, 99, -174)
(0, 99, -175)
(1, 98, -176)
(0, 98, -175)
(1, 97, -176)
(0, 97, -175)
(1, 96, -175)
(1, 96, -174)
(0, 96, -173)
(1, 95, -174)
(0, 95, -174)
(0, 95, -175)
(1, 95, -176)
(1, 95, -177)
(0, 96, -177)
(1, 96, -178)
(0, 97, -177)
(1, 97, -178)
(1, 97, -179)
(0, 97, -179)
(0, 97, -180)
(1, 96, -181)
(1, 96, -182)
(0, 97, -182)
(1, 97, -182)
(0, 98, -181)
(1, 98, -181)
(1, 98, -180)
(0, 99, -179)
(1, 99, -179)
(1, 99, -178)
(0, 100, -177)
(1, 100, -178)
(1, 100, -179)
(1, 100, -180)
(1, 100, -181)
(1, 100, -182)
(0, 100, -182)
(0, 100, -183)
(0, 100, -184)
(0, 100, -185)
(0, 100, -186)
(1, 100, -187)
(1, 100, -188)
(0, 100, -188)
(0, 100, -189)
(1, 100, -190)
(1, 100, -191)
(0, 100, -191)
(1, 99, -192)
(0, 99, -192)
(0, 99, -193)
(1, 99, -194)
(0, 100, -193)
(1, 100, -194)
(1, 100, -195)
(1, 100, -196)
(1, 100, -197)
(0, 100, -197)
(1, 99, -198)
(1, 99, -199)
(1, 99, -200)
(0, 99, -200)
(1, 98, -200)
(0, 98, -200)
(1, 97, -200)
(0, 97, -200)
(1, 96, -200)
(1, 96, -199)
(1, 96, -198)
(1, 96, -197)
(0, 96, -196)
(1, 95, -197)
(0, 95, -197)
(1, 94, -198)
(0, 94, -198)
(1, 93, -198)
(0, 93, -198)
(1, 92, -199)
(0, 92, -199)
(1, 91, -199)
(0, 91, -199)
(1, 90, -199)
(1, 90, -198)
(0, 90, -197)
(0, 90, -196)
(1, 89, -196)
(0, 89, -195)
(0, 89, -194)
(1, 88, -194)
(0, 88, -194)
(1, 87, -195)
(1, 87, -196)
(0, 88, -196)
(0, 88, -197)
(0, 88, -198)
(1, 88, -199)
(1, 88, -200)
(0, 88, -200)
(1, 87, -200)
(0, 87, -199)
(1, 86, -200)
(0, 86, -200)
(1, 85, -200)
(1, 85, -199)
(0, 85, -198)
(1, 84, -199)
(0, 84, -198)
(0, 84, -197)
(1, 83, -197)
(0, 83, -196)
(1, 82, -196)
(1, 82, -195)
(0, 82, -194)
(1, 81, -195)
(0, 81, -195)
(1, 80, -195)
(1, 80, -194)
(1, 80, -193)
(0, 80, -192)
(1, 79, -192)
(0, 79, -192)
(1, 78, -193)
(1, 78, -194)
(1, 78, -195)
(1, 78, -196)
(0, 78, -196)
(0, 78, -197)
(1, 78, -198)
(1, 78, -199)
(1, 78, -200)
(0, 78, -200)
(1, 77, -200)
(0, 77, -200)
(1, 76, -200)
(1, 76, -199)
(1, 76, -198)
(0, 77, -197)
(0, 77, -196)
(0, 77, -195)
(1, 76, -195)
(0, 76, -195)
(1, 75, -195)
(0, 75, -195)
(1, 74, -196)
(1, 74, -197)
(0, 74, -197)
(1, 73, -197)
(0, 73, -196)
(1, 72, -197)
(0, 72, -196)
(1, 71, -196)
(0, 71, -195)
(1, 70, -196)
(0, 70, -195)
(1, 69, -196)
(1, 69, -197)
(0, 69, -197)
(1, 68, -198)
(1, 68, -199)
(1, 68, -200)
(0, 68, -200)
(1, 67, -200)
(0, 67, -200)
(1, 66, -200)
(0, 66, -200)
(1, 65, -200)
(1, 65, -199)
(0, 66, -198)
(0, 66, -197)
(1, 66, -197)
(1, 66, -196)
(0, 67, -195)
(1, 67, -196)
(0, 68, -195)
(0, 68, -194)
(1, 67, -194)
(0, 67, -193)
(1, 66, -194)
(0, 66, -193)
(1, 65, -194)
(0, 65, -193)
(0, 65, -192)
(1, 65, -192)
(1, 65, -191)
(0, 66, -190)
(1, 66, -191)
(0, 67, -191)
(1, 67, -192)
(0, 68, -191)
(1, 68, -192)
(0, 69, -191)
(1, 69, -191)
(1, 69, -190)
(1, 69, -189)
(0, 70, -188)
(1, 70, -189)
(1, 70, -190)
(0, 71, -190)
(1, 71, -190)
(1, 71, -189)
(0, 72, -188)
(0, 72, -187)
(0, 72, -186)
(1, 71, -186)
(1, 71, -185)
(1, 71, -184)
(0, 71, -183)
(0, 71, -182)
(1, 71, -182)
(0, 72, -181)
(1, 72, -181)
(0, 73, -181)
(0, 73, -182)
(0, 73, -183)
(1, 72, -184)
(1, 72, -185)
(0, 73, -185)
(1, 73, -185)
(0, 74, -184)
(1, 74, -185)
(0, 75, -185)
(0, 75, -186)
(1, 74, -187)
(1, 74, -188)
(0, 75, -188)
(1, 75, -188)
(0, 76, -188)
(1, 76, -188)
(1, 76, -187)
(1, 76, -186)
(1, 76, -185)
(0, 76, -184)
(1, 75, -184)
(0, 75, -183)
(0, 75, -182)
(1, 74, -182)
(1, 74, -181)
(0, 74, -180)
(0, 74, -179)
(0, 74, -178)
(0, 74, -177)
(0, 74, -176)
(0, 74, -175)
(0, 74, -174)
(1, 74, -174)
(0, 75, -173)
(1, 75, -174)
(1, 75, -175)
(0, 75, -175)
(0, 75, -176)
(1, 75, -177)
(0, 76, -177)
(0, 76, -178)
(1, 76, -179)
(0, 77, -178)
(1, 77, -178)
(0, 78, -177)
(1, 78, -178)
(0, 79, -178)
(0, 79, -179)
(1, 78, -180)
(0, 78, -179)
(1, 77, -180)
(1, 77, -181)
(1, 77, -182)
(0, 78, -182)
(0, 78, -183)
(1, 78, -184)
(1, 78, -185)
(0, 78, -185)
(1, 77, -186)
(1, 77, -187)
(0, 78, -187)
(0, 78, -188)
(0, 78, -189)
(1, 78, -190)
(0, 79, -189)
(1, 79, -190)
(0, 80, -190)
(1, 80, -190)
(0, 81, -189)
(1, 81, -189)
(1, 81, -188)
(0, 82, -187)
(1, 82, -188)
(1, 82, -189)
(1, 82, -190)
(0, 83, -190)
(0, 83, -191)
(1, 83, -192)
(1, 83, -193)
(1, 83, -194)
(0, 84, -194)
(1, 84, -194)
(0, 85, -193)
(0, 85, -192)
(1, 84, -192)
(1, 84, -191)
(0, 84, -190)
(0, 84, -189)
(0, 84, -188)
(0, 84, -187)
(1, 83, -187)
(1, 83, -186)
(1, 83, -185)
(0, 83, -184)
(0, 83, -183)
(1, 83, -183)
(0, 84, -182)
(1, 84, -182)
(0, 85, -181)
(1, 85, -181)
(1, 85, -180)
(0, 85, -179)
(1, 84, -179)
(1, 84, -178)
(1, 84, -177)
(1, 84, -176)
(0, 84, -175)
(1, 83, -175)
(0, 83, -174)
(1, 82, -175)
(0, 82, -175)
(1, 81, -176)
(0, 81, -176)
(0, 81, -177)
(0, 81, -178)
(1, 80, -179)
(0, 80, -178)
(0, 80, -177)
(1, 79, -177)
(0, 79, -176)
(0, 79, -175)
(1, 78, -175)
(1, 78, -174)
(0, 79, -173)
(0, 79, -172)
(1, 78, -172)
(0, 78, -172)
(1, 77, -173)
(0, 77, -172)
(1, 76, -173)
(0, 76, -172)
(0, 76, -171)
(1, 76, -171)
(1, 76, -170)
(0, 76, -169)
(1, 75, -169)
(1, 75, -168)
(0, 76, -167)
(1, 76, -168)
(0, 77, -167)
(1, 77, -167)
(0, 78, -167)
(1, 78, -168)
(1, 78, -169)
(0, 79, -169)
(1, 79, -169)
(1, 79, -168)
(0, 80, -167)
(0, 80, -166)
(1, 79, -166)
(0, 79, -166)
(1, 78, -166)
(0, 78, -165)
(0, 78, -164)
(1, 78, -164)
(0, 79, -163)
(0, 79, -162)
(0, 79, -161)
(1, 78, -161)
(0, 78, -160)
(1, 77, -160)
(1, 77, -159)
(0, 77, -158)
(1, 76, -159)
(0, 76, -158)
(0, 76, -157)
(1, 75, -157)
(0, 75, -157)
(1, 74, -157)
(0, 74, -156)
(1, 73, -157)
(0, 73, -157)
(1, 72, -158)
(0, 72, -158)
(1, 71, -159)
(0, 71, -158)
(0, 71, -157)
(1, 71, -157)
(1, 71, -156)
(0, 71, -155)
(1, 70, -155)
(0, 70, -154)
(1, 69, -154)
(1, 69, -153)
(0, 70, -152)
(0, 70, -151)
(0, 70, -150)
(1, 70, -150)
(0, 71, -150)
(0, 71, -151)
(1, 71, -152)
(0, 72, -152)
(1, 72, -153)
(0, 73, -152)
(1, 73, -152)
(1, 73, -151)
(0, 73, -150)
(1, 72, -151)
(0, 72, -150)
(0, 72, -149)
(1, 72, -149)
(0, 73, -148)
(1, 73, -149)
(0, 74, -149)
(1, 74, -150)
(0, 75, -150)
(1, 75, -150)
(0, 76, -149)
(0, 76, -148)
(0, 76, -147)
(1, 75, -147)
(0, 75, -146)
(0, 75, -145)
(0, 75, -144)
(1, 74, -144)
(0, 74, -144)
(1, 73, -144)
(0, 73, -143)
(1, 72, -144)
(0, 72, -143)
(1, 71, -143)
(0, 71, -143)
(1, 70, -143)
(1, 70, -142)
(0, 71, -141)
(1, 71, -141)
(1, 71, -140)
(0, 71, -139)
(1, 70, -140)
(0, 70, -140)
(1, 69, -141)
(0, 69, -140)
(1, 68, -140)
(0, 68, -139)
(1, 67, -140)
(0, 67, -139)
(1, 66, -139)
(0, 66, -139)
(1, 65, -139)
(1, 65, -138)
(1, 65, -137)
(0, 65, -136)
(1, 64, -137)
(0, 64, -137)
(0, 64, -138)
(1, 63, -139)
(0, 63, -138)
(1, 62, -139)
(0, 62, -138)
(1, 61, -139)
(1, 61, -140)
(0, 61, -140)
(1, 60, -141)
(0, 60, -140)
(0, 60, -139)
(1, 59, -139)
(1, 59, -138)
(0, 60, -137)
(0, 60, -136)
(1, 59, -136)
(1, 59, -135)
(0, 60, -134)
(1, 60, -135)
(0, 61, -135)
(0, 61, -136)
(1, 61, -137)
(0, 62, -136)
(1, 62, -137)
(0, 63, -136)
(1, 63, -136)
(1, 63, -135)
(0, 63, -134)
(0, 63, -133)
(1, 63, -133)
(0, 64, -132)
(0, 64, -131)
(0, 64, -130)
(1, 64, -130)
(1, 64, -129)
(0, 65, -128)
(1, 65, -129)
(0, 66, -129)
(1, 66, -129)
(1, 66, -128)
(0, 66, -127)
(0, 66, -126)
(1, 66, -126)
(1, 66, -125)
(1, 66, -124)
(1, 66, -123)
(1, 66, -122)
(1, 66, -121)
(0, 66, -120)
(1, 65, -121)
(0, 65, -121)
(1, 64, -122)
(0, 64, -121)
(1, 63, -121)
(1, 63, -120)
(1, 63, -119)
(1, 63, -118)
(0, 63, -117)
(0, 63, -116)
(0, 63, -115)
(1, 62, -115)
(0, 62, -115)
(0, 62, -116)
(0, 62, -117)
(1, 61, -118)
(0, 61, -117)
(1, 60, -117)
(0, 60, -116)
(1, 59, -117)
(1, 59, -118)
(1, 59, -119)
(0, 59, -119)
(1, 58, -120)
(0, 58, -120)
(1, 57, -120)
(0, 57, -120)
(1, 56, -121)
(1, 56, -122)
(0, 57, -122)
(0, 57, -123)
(0, 57, -124)
(1, 56, -125)
(1, 56, -126)
(0, 56, -126)
(0, 56, -127)
(1, 56, -128)
(0, 57, -128)
(1, 57, -128)
(0, 58, -128)
(1, 58, -129)
(0, 59, -129)
(1, 59, -129)
(0, 60, -128)
(0, 60, -127)
(0, 60, -126)
(1, 60, -126)
(0, 61, -126)
(1, 61, -126)
(0, 62, -126)
(0, 62, -127)
(1, 61, -128)
(0, 61, -128)
(0, 61, -129)
(1, 60, -130)
(0, 60, -130)
(1, 59, -131)
(1, 59, -132)
(1, 59, -133)
(0, 59, -133)
(1, 58, -134)
(1, 58, -135)
(0, 58, -135)
(1, 57, -136)
(0, 57, -136)
(0, 57, -137)
(0, 57, -138)
(1, 57, -139)
(1, 57, -140)
(0, 57, -140)
(0, 57, -141)
(0, 57, -142)
(1, 57, -143)
(1, 57, -144)
(0, 58, -144)
(1, 58, -144)
(1, 58, -143)
(0, 59, -142)
(1, 59, -143)
(0, 60, -143)
(0, 60, -144)
(0, 60, -145)
(0, 60, -146)
(1, 60, -147)
(1, 60, -148)
(0, 60, -148)
(1, 59, -148)
(0, 59, -147)
(0, 59, -146)
(1, 58, -146)
(0, 58, -146)
(1, 57, -147)
(0, 57, -146)
(1, 56, -146)
(1, 56, -145)
(0, 56, -144)
(1, 55, -144)
(1, 55, -143)
(0, 55, -142)
(1, 54, -142)
(1, 54, -141)
(1, 54, -140)
(1, 54, -139)
(1, 54, -138)
(0, 55, -137)
(1, 55, -137)
(1, 55, -136)
(0, 56, -135)
(0, 56, -134)
(0, 56, -133)
(1, 55, -133)
(1, 55, -132)
(1, 55, -131)
(1, 55, -130)
(0, 55, -129)
(1, 54, -129)
(0, 54, -129)
(1, 53, -129)
(1, 53, -128)
(1, 53, -127)
(0, 54, -126)
(0, 54, -125)
(0, 54, -124)
(1, 53, -124)
(0, 53, -124)
(1, 52, -124)
(0, 52, -123)
(1, 51, -123)
(0, 51, -123)
(1, 50, -123)
(1, 50, -122)
(0, 51, -121)
(0, 51, -120)
(1, 51, -120)
(1, 51, -119)
(0, 52, -118)
(1, 52, -119)
(0, 53, -119)
(1, 53, -119)
(1, 53, -118)
(0, 53, -117)
(0, 53, -116)
(0, 53, -115)
(1, 53, -115)
(1, 53, -114)
(1, 53, -113)
(0, 53, -112)
(1, 52, -113)
(0, 52, -112)
(0, 52, -111)
(1, 51, -111)
(0, 51, -111)
(1, 50, -112)
(0, 50, -111)
(1, 49, -112)
(0, 49, -112)
(0, 49, -113)
(0, 49, -114)
(1, 48, -115)
(1, 48, -116)
(1, 48, -117)
(1, 48, -118)
(0, 49, -118)
(0, 49, -119)
(1, 49, -120)
(1, 49, -121)
(1, 49, -122)
(1, 49, -123)
(0, 49, -123)
(0, 49, -124)
(0, 49, -125)
(1, 49, -126)
(1, 49, -127)
(1, 49, -128)
(0, 49, -128)
(0, 49, -129)
(0, 49, -130)
(1, 49, -131)
(0, 50, -130)
(1, 50, -130)
(1, 50, -129)
(1, 50, -128)
(0, 51, -127)
(1, 51, -127)
(0, 52, -127)
(0, 52, -128)
(0, 52, -129)
(1, 52, -130)
(1, 52, -131)
(0, 53, -131)
(0, 53, -132)
(1, 53, -133)
(1, 53, -134)
(1, 53, -135)
(0, 54, -135)
(0, 54, -136)
(1, 53, -137)
(0, 53, -137)
(0, 53, -138)
(1, 53, -139)
(1, 53, -140)
(0, 53, -140)
(1, 52, -141)
(0, 52, -140)
(1, 51, -140)
(1, 51, -139)
(0, 52, -138)
(0, 52, -137)
(0, 52, -136)
(1, 51, -136)
(0, 51, -136)
(0, 51, -137)
(1, 50, -138)
(0, 50, -138)
(0, 50, -139)
(1, 50, -140)
(1, 50, -141)
(0, 51, -141)
(1, 51, -142)
(0, 52, -142)
(0, 52, -143)
(1, 52, -144)
(0, 53, -144)
(1, 53, -145)
(1, 53, -146)
(0, 54, -146)
(0, 54, -147)
(0, 54, -148)
(1, 53, -149)
(0, 53, -149)
(0, 53, -150)
(1, 52, -151)
(1, 52, -152)
(0, 52, -152)
(1, 51, -153)
(0, 51, -152)
(1, 50, -153)
(0, 50, -153)
(1, 49, -153)
(0, 49, -152)
(1, 48, -152)
(0, 48, -152)
(0, 48, -153)
(0, 48, -154)
(1, 47, -155)
(0, 47, -155)
(1, 46, -156)
(1, 46, -157)
(1, 46, -158)
(0, 47, -158)
(1, 47, -158)
(0, 48, -158)
(1, 48, -159)
(0, 49, -158)
(1, 49, -159)
(1, 49, -160)
(0, 49, -160)
(1, 48, -161)
(0, 48, -160)
(1, 47, -161)
(0, 47, -160)
(1, 46, -160)
(0, 46, -160)
(1, 45, -161)
(0, 45, -161)
(0, 45, -162)
(1, 45, -163)
(0, 46, -163)
(1, 46, -164)
(0, 47, -163)
(1, 47, -164)
(0, 48, -164)
(1, 48, -164)
(0, 49, -163)
(1, 49, -163)
(0, 50, -163)
(1, 50, -163)
(0, 51, -162)
(1, 51, -163)
(1, 51, -164)
(0, 51, -164)
(1, 50, -165)
(0, 50, -165)
(1, 49, -165)
(0, 49, -165)
(1, 48, -166)
(1, 48, -167)
(0, 49, -167)
(0, 49, -168)
(1, 48, -169)
(1, 48, -170)
(1, 48, -171)
(1, 48, -172)
(1, 48, -173)
(0, 49, -173)
(0, 49, -174)
(1, 48, -175)
(0, 48, -174)
(1, 47, -175)
(1, 47, -176)
(1, 47, -177)
(0, 48, -177)
(1, 48, -177)
(0, 49, -176)
(1, 49, -176)
(0, 50, -176)
(0, 50, -177)
(1, 50, -178)
(0, 51, -178)
(1, 51, -178)
(0, 52, -178)
(1, 52, -178)
(0, 53, -178)
(1, 53, -178)
(0, 54, -178)
(0, 54, -179)
(0, 54, -180)
(1, 54, -181)
(0, 55, -180)
(0, 55, -179)
(1, 55, -179)
(0, 56, -178)
(0, 56, -177)
(1, 55, -177)
(1, 55, -176)
(0, 55, -175)
(1, 54, -175)
(0, 54, -175)
(1, 53, -175)
(0, 53, -174)
(1, 52, -174)
(1, 52, -173)
(1, 52, -172)
(0, 53, -171)
(1, 53, -171)
(1, 53, -170)
(0, 53, -169)
(1, 52, -170)
(0, 52, -170)
(1, 51, -170)
(0, 51, -169)
(0, 51, -168)
(0, 51, -167)
(0, 51, -166)
(1, 51, -166)
(0, 52, -166)
(1, 52, -167)
(0, 53, -167)
(1, 53, -168)
(0, 54, -168)
(1, 54, -169)
(0, 55, -169)
(1, 55, -169)
(1, 55, -168)
(0, 55, -167)
(0, 55, -166)
(0, 55, -165)
(0, 55, -164)
(1, 54, -164)
(0, 54, -163)
(0, 54, -162)
(1, 54, -162)
(0, 55, -161)
(0, 55, -160)
(1, 55, -160)
(0, 56, -159)
(0, 56, -158)
(1, 56, -158)
(1, 56, -157)
(0, 57, -156)
(1, 57, -157)
(0, 58, -157)
(1, 58, -158)
(0, 59, -157)
(1, 59, -157)
(0, 60, -157)
(0, 60, -158)
(1, 60, -159)
(0, 61, -159)
(0, 61, -160)
(1, 61, -161)
(0, 62, -160)
(1, 62, -160)
(0, 63, -159)
(0, 63, -158)
(1, 63, -158)
(1, 63, -157)
(0, 64, -156)
(0, 64, -155)
(1, 63, -155)
(1, 63, -154)
(0, 64, -153)
(0, 64, -152)
(0, 64, -151)
(1, 63, -151)
(0, 63, -151)
(0, 63, -152)
(1, 62, -153)
(0, 62, -152)
(1, 61, -153)
(0, 61, -153)
(0, 61, -154)
(0, 61, -155)
(1, 60, -156)
(0, 60, -155)
(0, 60, -154)
(1, 59, -154)
(0, 59, -154)
(0, 59, -155)
(1, 58, -156)
(0, 58, -155)
(1, 57, -155)
(1, 57, -154)
(0, 58, -153)
(0, 58, -152)
(1, 57, -152)
(0, 57, -152)
(1, 56, -152)
(0, 56, -152)
(1, 55, -152)
(0, 55, -151)
(1, 54, -152)
(0, 54, -151)
(0, 54, -150)
(1, 54, -150)
(0, 55, -149)
(1, 55, -150)
(0, 56, -149)
(1, 56, -150)
(0, 57, -149)
(1, 57, -150)
(0, 58, -150)
(1, 58, -151)
(0, 59, -150)
(1, 59, -150)
(0, 60, -150)
(1, 60, -151)
(0, 61, -150)
(1, 61, -150)
(1, 61, -149)
(1, 61, -148)
(0, 62, -147)
(0, 62, -146)
(0, 62, -145)
(1, 62, -145)
(0, 63, -145)
(0, 63, -146)
(1, 63, -147)
(0, 64, -147)
(1, 64, -147)
(1, 64, -146)
(0, 64, -145)
(0, 64, -144)
(1, 63, -144)
(1, 63, -143)
(0, 64, -142)
(0, 64, -141)
(1, 64, -141)
(0, 65, -140)
(1, 65, -141)
(1, 65, -142)
(0, 66, -142)
(0, 66, -143)
(0, 66, -144)
(0, 66, -145)
(0, 66, -146)
(1, 65, -147)
(1, 65, -148)
(0, 65, -148)
(1, 64, -149)
(1, 64, -150)
(0, 65, -150)
(1, 65, -151)
(1, 65, -152)
(1, 65, -153)
(0, 65, -153)
(0, 65, -154)
(0, 65, -155)
(1, 65, -156)
(0, 66, -156)
(0, 66, -157)
(0, 66, -158)
(1, 65, -159)
(0, 65, -159)
(1, 64, -159)
(0, 64, -159)
(0, 64, -160)
(1, 64, -161)
(0, 65, -161)
(1, 65, -162)
(0, 66, -161)
(0, 66, -160)
(1, 66, -160)
(0, 67, -159)
(1, 67, -160)
(1, 67, -161)
(0, 67, -161)
(0, 67, -162)
(1, 67, -163)
(0, 68, -162)
(1, 68, -163)
(0, 69, -163)
(1, 69, -164)
(0, 70, -164)
(1, 70, -165)
(0, 71, -164)
(0, 71, -163)
(1, 70, -163)
(0, 70, -162)
(0, 70, -161)
(1, 70, -161)
(0, 71, -160)
(1, 71, -161)
(1, 71, -162)
(0, 72, -162)
(1, 72, -163)
(0, 73, -162)
(1, 73, -163)
(1, 73, -164)
(0, 73, -164)
(1, 72, -165)
(1, 72, -166)
(0, 72, -166)
(0, 72, -167)
(1, 71, -168)
(1, 71, -169)
(1, 71, -170)
(1, 71, -171)
(0, 71, -171)
(1, 70, -171)
(1, 70, -170)
(0, 70, -169)
(1, 69, -170)
(0, 69, -169)
(1, 68, -169)
(0, 68, -169)
(1, 67, -170)
(0, 67, -169)
(0, 67, -168)
(1, 66, -168)
(0, 66, -167)
(0, 66, -166)
(0, 66, -165)
(1, 65, -165)
(0, 65, -165)
(1, 64, -166)
(0, 64, -166)
(1, 63, -167)
(0, 63, -166)
(1, 62, -166)
(0, 62, -166)
(1, 61, -166)
(0, 61, -165)
(1, 60, -166)
(0, 60, -166)
(1, 59, -166)
(0, 59, -165)
(1, 58, -166)
(1, 58, -167)
(0, 58, -167)
(0, 58, -168)
(1, 57, -169)
(0, 57, -168)
(1, 56, -169)
(1, 56, -170)
(0, 56, -170)
(0, 56, -171)
(0, 56, -172)
(0, 56, -173)
(0, 56, -174)
(1, 56, -175)
(1, 56, -176)
(0, 57, -176)
(0, 57, -177)
(0, 57, -178)
(1, 57, -179)
(0, 58, -178)
(0, 58, -177)
(1, 58, -177)
(1, 58, -176)
(0, 58, -175)
(0, 58, -174)
(0, 58, -173)
(0, 58, -172)
(1, 58, -172)
(1, 58, -171)
(1, 58, -170)
(0, 59, -169)
(0, 59, -168)
(1, 59, -168)
(0, 60, -168)
(1, 60, -168)
(0, 61, -168)
(1, 61, -168)
(0, 62, -168)
(1, 62, -169)
(0, 63, -168)
(1, 63, -169)
(0, 64, -168)
(1, 64, -169)
(1, 64, -170)
(0, 64, -170)
(0, 64, -171)
(1, 63, -172)
(1, 63, -173)
(1, 63, -174)
(1, 63, -175)
(0, 63, -175)
(1, 62, -176)
(0, 62, -176)
(1, 61, -176)
(0, 61, -176)
(1, 60, -177)
(0, 60, -177)
(0, 60, -178)
(0, 60, -179)
(0, 60, -180)
(1, 60, -181)
(0, 61, -181)
(0, 61, -182)
(1, 60, -183)
(0, 60, -182)
(1, 59, -182)
(0, 59, -182)
(1, 58, -182)
(0, 58, -182)
(0, 58, -183)
(1, 57, -184)
(1, 57, -185)
(0, 58, -185)
(1, 58, -185)
(0, 59, -185)
(1, 59, -186)
(1, 59, -187)
(0, 59, -187)
(1, 58, -188)
(1, 58, -189)
(0, 58, -189)
(1, 57, -189)
(0, 57, -189)
(0, 57, -190)
(0, 57, -191)
(0, 57, -192)
(0, 57, -193)
(0, 57, -194)
(1, 57, -195)
(0, 58, -195)
(1, 58, -196)
(0, 59, -195)
(1, 59, -196)
(0, 60, -196)
(1, 60, -196)
(1, 60, -195)
(1, 60, -194)
(0, 61, -193)
(1, 61, -193)
(0, 62, -193)
(1, 62, -193)
(1, 62, -192)
(0, 62, -191)
(1, 61, -191)
(0, 61, -191)
(1, 60, -191)
(0, 60, -191)
(1, 59, -191)
(1, 59, -190)
(0, 60, -189)
(1, 60, -189)
(1, 60, -188)
(0, 61, -187)
(0, 61, -186)
(0, 61, -185)
(0, 61, -184)
(1, 61, -184)
(0, 62, -184)
(1, 62, -185)
(0, 63, -184)
(1, 63, -185)
(1, 63, -186)
(0, 63, -186)
(1, 62, -187)
(0, 62, -187)
(0, 62, -188)
(1, 62, -189)
(0, 63, -189)
(0, 63, -190)
(1, 63, -191)
(1, 63, -192)
(1, 63, -193)
(0, 64, -193)
(0, 64, -194)
(1, 64, -195)
(0, 65, -195)
(0, 65, -196)
(0, 65, -197)
(1, 64, -198)
(0, 64, -198)
(1, 63, -198)
(0, 63, -198)
(0, 63, -199)
(1, 62, -200)
(0, 62, -199)
(1, 61, -200)
(0, 61, -200)
(1, 60, -200)
(0, 60, -200)
(1, 59, -200)
(0, 59, -200)
(1, 58, -200)
(1, 58, -199)
(0, 58, -198)
(1, 57, -198)
(1, 57, -197)
(0, 57, -196)
(1, 56, -197)
(0, 56, -196)
(1, 55, -197)
(0, 55, -196)
(1, 54, -197)
(0, 54, -196)
(1, 53, -197)
(0, 53, -196)
(1, 52, -196)
(0, 52, -195)
(1, 51, -195)
(0, 51, -194)
(1, 50, -195)
(0, 50, -195)
(1, 49, -195)
(0, 49, -194)
(0, 49, -193)
(0, 49, -192)
(1, 49, -192)
(1, 49, -191)
(1, 49, -190)
(1, 49, -189)
(0, 49, -188)
(1, 48, -189)
(0, 48, -188)
(1, 47, -189)
(1, 47, -190)
(0, 48, -190)
(0, 48, -191)
(1, 47, -192)
(1, 47, -193)
(0, 48, -193)
(0, 48, -194)
(0, 48, -195)
(0, 48, -196)
(1, 47, -197)
(0, 47, -197)
(1, 46, -197)
(0, 46, -197)
(0, 46, -198)
(1, 46, -199)
(1, 46, -200)
(0, 46, -200)
(1, 45, -200)
(0, 45, -200)
(1, 44, -200)
(1, 44, -199)
(0, 44, -198)
(0, 44, -197)
(1, 43, -197)
(0, 43, -197)
(1, 42, -198)
(0, 42, -198)
(0, 42, -199)
(1, 41, -200)
(0, 41, -199)
(0, 41, -198)
(0, 41, -197)
(0, 41, -196)
(1, 40, -196)
(1, 40, -195)
(0, 41, -194)
(1, 41, -195)
(0, 42, -194)
(0, 42, -193)
(1, 42, -193)
(1, 42, -192)
(1, 42, -191)
(0, 42, -190)
(1, 41, -191)
(0, 41, -190)
(1, 40, -191)
(0, 40, -191)
(1, 39, -191)
(0, 39, -190)
(1, 38, -190)
(1, 38, -189)
(1, 38, -188)
(0, 39, -187)
(1, 39, -187)
(1, 39, -186)
(1, 39, -185)
(0, 39, -184)
(0, 39, -183)
(0, 39, -182)
(1, 38, -182)
(1, 38, -181)
(1, 38, -180)
(0, 38, -179)
(0, 38, -178)
(1, 38, -178)
(1, 38, -177)
(1, 38, -176)
(1, 38, -175)
(0, 38, -174)
(1, 37, -175)
(1, 37, -176)
(1, 37, -177)
(0, 37, -177)
(0, 37, -178)
(1, 36, -179)
(0, 36, -179)
(1, 35, -180)
(0, 35, -180)
(0, 35, -181)
(1, 34, -182)
(0, 34, -182)
(1, 33, -182)
(0, 33, -181)
(1, 32, -182)
(1, 32, -183)
(0, 33, -183)
(1, 33, -184)
(0, 34, -184)
(0, 34, -185)
(1, 33, -186)
(1, 33, -187)
(0, 34, -187)
(1, 34, -187)
(0, 35, -187)
(0, 35, -188)
(1, 35, -189)
(0, 36, -188)
(0, 36, -187)
(1, 36, -187)
(0, 37, -187)
(0, 37, -188)
(1, 37, -189)
(1, 37, -190)
(1, 37, -191)
(0, 38, -191)
(0, 38, -192)
(1, 38, -193)
(0, 39, -193)
(0, 39, -194)
(1, 38, -195)
(0, 38, -195)
(1, 37, -195)
(0, 37, -195)
(1, 36, -196)
(0, 36, -195)
(1, 35, -196)
(0, 35, -195)
(0, 35, -194)
(1, 35, -194)
(1, 35, -193)
(0, 35, -192)
(1, 34, -192)
(1, 34, -191)
(0, 34, -190)
(1, 33, -190)
(0, 33, -190)
(0, 33, -191)
(0, 33, -192)
(1, 33, -193)
(1, 33, -194)
(0, 33, -194)
(1, 32, -195)
(0, 32, -195)
(1, 31, -196)
(0, 31, -196)
(1, 30, -197)
(1, 30, -198)
(0, 30, -198)
(1, 29, -199)
(0, 29, -199)
(1, 28, -200)
(0, 28, -200)
(1, 27, -200)
(0, 27, -199)
(0, 27, -198)
(1, 27, -198)
(0, 28, -197)
(0, 28, -196)
(1, 27, -196)
(1, 27, -195)
(1, 27, -194)
(0, 27, -193)
(0, 27, -192)
(1, 27, -192)
(0, 28, -192)
(1, 28, -192)
(0, 29, -192)
(1, 29, -192)
(1, 29, -191)
(0, 30, -190)
(1, 30, -191)
(0, 31, -191)
(1, 31, -192)
(0, 32, -191)
(0, 32, -190)
(0, 32, -189)
(1, 31, -189)
(0, 31, -188)
(1, 30, -189)
(0, 30, -188)
(1, 29, -188)
(0, 29, -188)
(1, 28, -188)
(0, 28, -187)
(1, 27, -187)
(0, 27, -187)
(1, 26, -187)
(0, 26, -187)
(0, 26, -188)
(1, 25, -189)
(0, 25, -189)
(1, 24, -190)
(0, 24, -189)
(1, 23, -190)
(0, 23, -190)
(0, 23, -191)
(1, 22, -192)
(1, 22, -193)
(0, 23, -193)
(1, 23, -194)
(0, 24, -193)
(1, 24, -194)
(1, 24, -195)
(0, 24, -195)
(0, 24, -196)
(1, 23, -197)
(0, 23, -197)
(1, 22, -198)
(0, 22, -198)
(1, 21, -198)
(0, 21, -197)
(1, 20, -197)
(0, 20, -196)
(1, 19, -196)
(0, 19, -196)
(1, 18, -196)
(1, 18, -195)
(1, 18, -194)
(0, 18, -193)
(0, 18, -192)
(1, 18, -192)
(0, 19, -191)
(0, 19, -190)
(0, 19, -189)
(0, 19, -188)
(0, 19, -187)
(1, 19, -187)
(0, 20, -186)
(1, 20, -186)
(1, 20, -185)
(0, 21, -184)
(1, 21, -185)
(1, 21, -186)
(1, 21, -187)
(1, 21, -188)
(0, 22, -188)
(1, 22, -189)
(0, 23, -188)
(1, 23, -188)
(1, 23, -187)
(0, 23, -186)
(0, 23, -185)
(0, 23, -184)
(0, 23, -183)
(1, 23, -183)
(0, 24, -183)
(1, 24, -184)
(0, 25, -184)
(1, 25, -184)
(0, 26, -183)
(0, 26, -182)
(0, 26, -181)
(1, 26, -181)
(0, 27, -180)
(0, 27, -179)
(0, 27, -178)
(1, 27, -178)
(0, 28, -178)
(1, 28, -179)
(1, 28, -180)
(0, 29, -180)
(1, 29, -180)
(0, 30, -179)
(1, 30, -179)
(1, 30, -178)
(0, 30, -177)
(1, 29, -178)
(0, 29, -177)
(1, 28, -177)
(1, 28, -176)
(1, 28, -175)
(1, 28, -174)
(0, 28, -173)
(0, 28, -172)
(1, 28, -172)
(0, 29, -172)
(1, 29, -173)
(0, 30, -172)
(1, 30, -173)
(0, 31, -172)
(1, 31, -172)
(0, 32, -171)
(0, 32, -170)
(1, 31, -170)
(1, 31, -169)
(1, 31, -168)
(0, 32, -167)
(1, 32, -167)
(0, 33, -166)
(0, 33, -165)
(0, 33, -164)
(1, 33, -164)
(0, 34, -164)
(1, 34, -165)
(1, 34, -166)
(1, 34, -167)
(0, 34, -167)
(0, 34, -168)
(0, 34, -169)
(1, 34, -170)
(0, 35, -169)
(1, 35, -169)
(0, 36, -168)
(1, 36, -168)
(0, 37, -167)
(0, 37, -166)
(1, 36, -166)
(0, 36, -165)
(1, 35, -165)
(1, 35, -164)
(0, 36, -163)
(1, 36, -164)
(0, 37, -164)
(1, 37, -165)
(0, 38, -164)
(1, 38, -164)
(0, 39, -163)
(1, 39, -163)
(1, 39, -162)
(1, 39, -161)
(1, 39, -160)
(0, 40, -159)
(1, 40, -159)
(0, 41, -159)
(0, 41, -160)
(1, 40, -161)
(1, 40, -162)
(0, 41, -162)
(0, 41, -163)
(0, 41, -164)
(1, 40, -165)
(0, 40, -164)
(1, 39, -165)
(0, 39, -165)
(1, 38, -166)
(1, 38, -167)
(0, 39, -167)
(1, 39, -168)
(1, 39, -169)
(0, 39, -169)
(1, 38, -170)
(0, 38, -170)
(0, 38, -171)
(1, 38, -172)
(1, 38, -173)
(0, 39, -173)
(1, 39, -174)
(1, 39, -175)
(0, 40, -175)
(1, 40, -175)
(0, 41, -174)
(1, 41, -174)
(0, 42, -174)
(1, 42, -175)
(0, 43, -175)
(1, 43, -176)
(0, 44, -175)
(1, 44, -176)
(1, 44, -177)
(0, 45, -177)
(1, 45, -178)
(0, 46, -178)
(1, 46, -178)
(1, 46, -177)
(0, 46, -176)
(0, 46, -175)
(0, 46, -174)
(1, 45, -174)
(0, 45, -174)
(1, 44, -174)
(0, 44, -173)
(1, 43, -173)
(0, 43, -173)
(1, 42, -173)
(1, 42, -172)
(0, 42, -171)
(1, 41, -171)
(1, 41, -170)
(0, 41, -169)
(0, 41, -168)
(1, 41, -168)
(1, 41, -167)
(0, 42, -166)
(1, 42, -167)
(0, 43, -167)
(1, 43, -168)
(1, 43, -169)
(0, 44, -169)
(1, 44, -170)
(0, 45, -170)
(1, 45, -170)
(0, 46, -170)
(0, 46, -171)
(0, 46, -172)
(1, 46, -173)
(0, 47, -172)
(0, 47, -171)
(1, 47, -171)
(1, 47, -170)
(0, 47, -169)
(1, 46, -169)
(0, 46, -168)
(0, 46, -167)
(0, 46, -166)
(1, 45, -166)
(1, 45, -165)
(0, 45, -164)
(1, 44, -165)
(0, 44, -164)
(1, 43, -165)
(0, 43, -165)
(1, 42, -165)
(1, 42, -164)
(0, 42, -163)
(0, 42, -162)
(0, 42, -161)
(1, 42, -161)
(0, 43, -160)
(1, 43, -161)
(0, 44, -160)
(1, 44, -160)
(0, 45, -159)
(1, 45, -159)
(1, 45, -158)
(0, 45, -157)
(0, 45, -156)
(1, 44, -156)
(0, 44, -156)
(1, 43, -157)
(0, 43, -157)
(1, 42, -158)
(0, 42, -158)
(1, 41, -158)
(0, 41, -157)
(0, 41, -156)
(1, 41, -156)
(1, 41, -155)
(0, 42, -154)
(1, 42, -155)
(0, 43, -154)
(0, 43, -153)
(1, 43, -153)
(0, 44, -152)
(0, 44, -151)
(1, 43, -151)
(0, 43, -150)
(1, 42, -150)
(0, 42, -149)
(0, 42, -148)
(1, 42, -148)
(1, 42, -147)
(1, 42, -146)
(0, 42, -145)
(0, 42, -144)
(0, 42, -143)
(0, 42, -142)
(0, 42, -141)
(1, 41, -141)
(0, 41, -140)
(1, 40, -141)
(1, 40, -142)
(0, 41, -142)
(0, 41, -143)
(1, 40, -144)
(1, 40, -145)
(1, 40, -146)
(1, 40, -147)
(1, 40, -148)
(1, 40, -149)
(1, 40, -150)
(1, 40, -151)
(0, 41, -151)
(1, 41, -152)
(1, 41, -153)
(0, 41, -153)
(1, 40, -153)
(0, 40, -153)
(1, 39, -153)
(0, 39, -152)
(1, 38, -152)
(1, 38, -151)
(0, 38, -150)
(0, 38, -149)
(1, 37, -149)
(0, 37, -149)
(1, 36, -149)
(1, 36, -148)
(0, 36, -147)
(0, 36, -146)
(1, 35, -146)
(1, 35, -145)
(0, 36, -144)
(1, 36, -145)
(0, 37, -145)
(1, 37, -146)
(1, 37, -147)
(0, 38, -147)
(1, 38, -147)
(0, 39, -146)
(1, 39, -146)
(1, 39, -145)
(1, 39, -144)
(1, 39, -143)
(1, 39, -142)
(1, 39, -141)
(1, 39, -140)
(0, 40, -139)
(0, 40, -138)
(1, 39, -138)
(0, 39, -137)
(1, 38, -138)
(0, 38, -138)
(1, 37, -138)
(1, 37, -137)
(0, 38, -136)
(0, 38, -135)
(1, 38, -135)
(0, 39, -134)
(1, 39, -134)
(0, 40, -133)
(0, 40, -132)
(0, 40, -131)
(1, 39, -131)
(0, 39, -131)
(0, 39, -132)
(1, 38, -133)
(0, 38, -132)
(1, 37, -133)
(1, 37, -134)
(0, 37, -134)
(0, 37, -135)
(1, 36, -136)
(1, 36, -137)
(0, 36, -137)
(1, 35, -137)
(0, 35, -137)
(0, 35, -138)
(1, 34, -139)
(0, 34, -139)
(1, 33, -139)
(0, 33, -139)
(1, 32, -140)
(0, 32, -139)
(1, 31, -139)
(0, 31, -138)
(1, 30, -138)
(1, 30, -137)
(0, 30, -136)
(1, 29, -137)
(0, 29, -136)
(0, 29, -135)
(0, 29, -134)
(1, 28, -134)
(0, 28, -133)
(1, 27, -134)
(0, 27, -133)
(1, 26, -133)
(0, 26, -132)
(1, 25, -133)
(1, 25, -134)
(0, 26, -134)
(0, 26, -135)
(1, 25, -136)
(1, 25, -137)
(1, 25, -138)
(0, 26, -138)
(1, 26, -138)
(0, 27, -138)
(0, 27, -139)
(1, 27, -140)
(0, 28, -139)
(1, 28, -140)
(0, 29, -140)
(1, 29, -141)
(1, 29, -142)
(0, 30, -142)
(1, 30, -143)
(1, 30, -144)
(0, 30, -144)
(1, 29, -145)
(0, 29, -145)
(0, 29, -146)
(0, 29, -147)
(1, 29, -148)
(1, 29, -149)
(0, 29, -149)
(0, 29, -150)
(1, 28, -151)
(1, 28, -152)
(0, 29, -152)
(0, 29, -153)
(1, 29, -154)
(1, 29, -155)
(1, 29, -156)
(0, 30, -156)
(1, 30, -156)
(1, 30, -155)
(1, 30, -154)
(0, 31, -153)
(0, 31, -152)
(1, 30, -152)
(0, 30, -151)
(0, 30, -150)
(1, 30, -150)
(1, 30, -149)
(1, 30, -148)
(1, 30, -147)
(0, 31, -146)
(0, 31, -145)
(1, 31, -145)
(0, 32, -144)
(1, 32, -144)
(1, 32, -143)
(1, 32, -142)
(0, 33, -141)
(1, 33, -142)
(0, 34, -141)
(1, 34, -141)
(0, 35, -140)
(1, 35, -140)
(0, 36, -140)
(1, 36, -141)
(0, 37, -141)
(1, 37, -141)
(0, 38, -140)
(1, 38, -141)
(1, 38, -142)
(0, 38, -142)
(1, 37, -143)
(0, 37, -143)
(1, 36, -143)
(0, 36, -142)
(1, 35, -143)
(0, 35, -143)
(1, 34, -144)
(1, 34, -145)
(1, 34, -146)
(1, 34, -147)
(0, 34, -147)
(1, 33, -148)
(1, 33, -149)
(0, 34, -149)
(1, 34, -150)
(0, 35, -150)
(1, 35, -150)
(0, 36, -150)
(0, 36, -151)
(1, 35, -152)
(1, 35, -153)
(1, 35, -154)
(1, 35, -155)
(0, 36, -155)
(0, 36, -156)
(1, 36, -157)
(1, 36, -158)
(0, 36, -158)
(1, 35, -159)
(0, 35, -158)
(1, 34, -158)
(1, 34, -157)
(0, 34, -156)
(1, 33, -156)
(0, 33, -156)
(1, 32, -156)
(0, 32, -156)
(0, 32, -157)
(1, 31, -158)
(0, 31, -158)
(0, 31, -159)
(1, 31, -160)
(0, 32, -159)
(1, 32, -159)
(0, 33, -159)
(0, 33, -160)
(1, 32, -161)
(1, 32, -162)
(0, 32, -162)
(1, 31, -162)
(0, 31, -162)
(0, 31, -163)
(1, 30, -164)
(0, 30, -164)
(1, 29, -165)
(0, 29, -165)
(0, 29, -166)
(1, 29, -167)
(0, 30, -166)
(1, 30, -167)
(1, 30, -168)
(0, 30, -168)
(1, 29, -169)
(0, 29, -168)
(1, 28, -168)
(0, 28, -168)
(0, 28, -169)
(1, 27, -170)
(1, 27, -171)
(0, 27, -171)
(1, 26, -172)
(0, 26, -171)
(1, 25, -172)
(0, 25, -172)
(1, 24, -173)
(0, 24, -172)
(1, 23, -172)
(0, 23, -171)
(1, 22, -171)
(0, 22, -171)
(1, 21, -172)
(0, 21, -172)
(1, 20, -172)
(0, 20, -172)
(0, 20, -173)
(1, 20, -174)
(0, 21, -174)
(0, 21, -175)
(0, 21, -176)
(0, 21, -177)
(1, 21, -178)
(0, 22, -178)
(1, 22, -179)
(0, 23, -179)
(0, 23, -180)
(1, 22, -181)
(0, 22, -180)
(1, 21, -180)
(0, 21, -180)
(1, 20, -180)
(1, 20, -179)
(0, 20, -178)
(1, 19, -178)
(0, 19, -177)
(1, 18, -178)
(1, 18, -179)
(1, 18, -180)
(0, 19, -180)
(1, 19, -181)
(1, 19, -182)
(0, 20, -182)
(0, 20, -183)
(1, 19, -184)
(1, 19, -185)
(0, 19, -185)
(1, 18, -185)
(0, 18, -185)
(1, 17, -185)
(0, 17, -185)
(0, 17, -186)
(0, 17, -187)
(1, 17, -188)
(1, 17, -189)
(0, 18, -189)
(0, 18, -190)
(1, 17, -191)
(0, 17, -190)
(1, 16, -190)
(0, 16, -189)
(0, 16, -188)
(1, 15, -188)
(0, 15, -187)
(1, 14, -187)
(1, 14, -186)
(1, 14, -185)
(0, 14, -184)
(1, 13, -185)
(0, 13, -184)
(0, 13, -183)
(1, 12, -183)
(0, 12, -182)
(0, 12, -181)
(0, 12, -180)
(1, 11, -180)
(1, 11, -179)
(0, 11, -178)
(1, 10, -178)
(1, 10, -177)
(0, 10, -176)
(1, 9, -177)
(0, 9, -177)
(1, 8, -177)
(0, 8, -177)
(1, 7, -177)
(1, 7, -176)
(0, 7, -175)
(1, 6, -176)
(1, 6, -177)
(0, 6, -177)
(1, 5, -178)
(0, 5, -177)
(1, 4, -178)
(1, 4, -179)
(1, 4, -180)
(0, 4, -180)
(0, 4, -181)
(1, 4, -182)
(0, 5, -182)
(1, 5, -183)
(0, 6, -182)
(0, 6, -181)
(0, 6, -180)
(0, 6, -179)
(1, 6, -179)
(0, 7, -178)
(1, 7, -179)
(1, 7, -180)
(0, 7, -180)
(0, 7, -181)
(0, 7, -182)
(0, 7, -183)
(0, 7, -184)
(1, 6, -185)
(0, 6, -185)
(0, 6, -186)
(1, 5, -187)
(0, 5, -187)
(1, 4, -187)
(1, 4, -186)
(1, 4, -185)
(1, 4, -184)
(0, 4, -183)
(1, 3, -183)
(0, 3, -183)
(1, 2, -183)
(0, 2, -182)
(1, 1, -183)
(1, 1, -184)
(1, 1, -185)
(0, 2, -185)
(0, 2, -186)
(1, 1, -187)
(1, 1, -188)
(0, 1, -188)
(1, 0, -189)
(0, 0, -188)
(1, -1, -188)
(0, -1, -188)
(0, -1, -189)
(0, -1, -190)
(1, -1, -191)
(0, 0, -190)
(1, 0, -191)
(0, 1, -190)
(1, 1, -190)
(0, 2, -190)
(1, 2, -190)
(1, 2, -189)
(0, 3, -188)
(1, 3, -189)
(0, 4, -188)
(1, 4, -189)
(1, 4, -190)
(1, 4, -191)
(1, 4, -192)
(0, 5, -192)
(1, 5, -193)
(0, 6, -192)
(0, 6, -191)
(1, 5, -191)
(1, 5, -190)
(0, 6, -189)
(1, 6, -190)
(0, 7, -189)
(1, 7, -189)
(0, 8, -188)
(1, 8, -188)
(0, 9, -187)
(0, 9, -186)
(1, 9, -186)
(0, 10, -186)
(1, 10, -187)
(0, 11, -186)
(1, 11, -186)
(0, 12, -186)
(1, 12, -187)
(1, 12, -188)
(0, 12, -188)
(1, 11, -188)
(0, 11, -188)
(0, 11, -189)
(1, 11, -190)
(0, 12, -190)
(1, 12, -191)
(0, 13, -191)
(1, 13, -191)
(0, 14, -191)
(1, 14, -192)
(0, 15, -192)
(0, 15, -193)
(0, 15, -194)
(1, 14, -195)
(1, 14, -196)
(0, 15, -196)
(1, 15, -196)
(0, 16, -195)
(0, 16, -194)
(0, 16, -193)
(0, 16, -192)
(1, 16, -192)
(0, 17, -192)
(0, 17, -193)
(0, 17, -194)
(1, 17, -195)
(1, 17, -196)
(1, 17, -197)
(0, 17, -197)
(0, 17, -198)
(1, 17, -199)
(1, 17, -200)
(0, 17, -200)
(1, 16, -200)
(0, 16, -199)
(1, 15, -200)
(0, 15, -200)
(1, 14, -200)
(0, 14, -200)
(1, 13, -200)
(0, 13, -200)
(1, 12, -200)
(0, 12, -200)
(1, 11, -200)
(1, 11, -199)
(1, 11, -198)
(0, 11, -197)
(1, 10, -198)
(0, 10, -198)
(1, 9, -199)
(0, 9, -199)
(1, 8, -200)
(0, 8, -199)
(1, 7, -199)
(1, 7, -198)
(0, 8, -197)
(1, 8, -198)
(0, 9, -197)
(1, 9, -197)
(0, 10, -196)
(0, 10, -195)
(1, 9, -195)
(0, 9, -194)
(1, 8, -194)
(0, 8, -194)
(1, 7, -194)
(0, 7, -193)
(1, 6, -194)
(1, 6, -195)
(0, 7, -195)
(0, 7, -196)
(1, 6, -197)
(1, 6, -198)
(0, 6, -198)
(1, 5, -199)
(1, 5, -200)
(0, 5, -200)
(1, 4, -200)
(1, 4, -199)
(1, 4, -198)
(0, 4, -197)
(1, 3, -197)
(1, 3, -196)
(0, 4, -195)
(1, 4, -196)
(0, 5, -195)
(0, 5, -194)
(1, 4, -194)
(0, 4, -193)
(1, 3, -193)
(0, 3, -192)
(1, 2, -193)
(1, 2, -194)
(0, 2, -194)
(0, 2, -195)
(1, 1, -196)
(0, 1, -195)
(1, 0, -195)
(0, 0, -195)
(1, -1, -196)
(0, -1, -195)
(0, -1, -194)
(1, -2, -194)
(0, -2, -193)
(1, -3, -194)
(0, -3, -194)
(1, -4, -194)
(0, -4, -194)
(0, -4, -195)
(1, -5, -196)
(0, -5, -195)
(1, -6, -196)
(1, -6, -197)
(0, -6, -197)
(1, -7, -198)
(1, -7, -199)
(1, -7, -200)
(0, -7, -200)
(1, -8, -200)
(0, -8, -200)
(1, -9, -200)
(0, -9, -199)
(0, -9, -198)
(1, -10, -198)
(0, -10, -197)
(0, -10, -196)
(0, -10, -195)
(1, -10, -195)
(0, -9, -194)
(0, -9, -193)
(1, -9, -193)
(0, -8, -193)
(1, -8, -193)
(0, -7, -193)
(1, -7, -194)
(0, -6, -193)
(1, -6, -194)
(0, -5, -193)
(1, -5, -193)
(1, -5, -192)
(1, -5, -191)
(0, -4, -190)
(1, -4, -190)
(0, -3, -190)
(1, -3, -190)
(1, -3, -189)
(1, -3, -188)
(1, -3, -187)
(1, -3, -186)
(0, -3, -185)
(0, -3, -184)
(0, -3, -183)
(1, -3, -183)
(0, -2, -182)
(0, -2, -181)
(1, -2, -181)
(0, -1, -180)
(1, -1, -181)
(1, -1, -182)
(0, -1, -182)
(0, -1, -183)
(0, -1, -184)
(0, -1, -185)
(1, -1, -186)
(0, 0, -185)
(0, 0, -184)
(0, 0, -183)
(1, 0, -183)
(1, 0, -182)
(0, 1, -181)
(0, 1, -180)
(1, 1, -180)
(0, 2, -179)
(0, 2, -178)
(1, 2, -178)
(0, 3, -177)
(0, 3, -176)
(0, 3, -175)
(1, 2, -175)
(0, 2, -175)
(1, 1, -175)
(0, 1, -174)
(1, 0, -174)
(1, 0, -173)
(0, 1, -172)
(1, 1, -172)
(1, 1, -171)
(0, 1, -170)
(1, 0, -170)
(1, 0, -169)
(0, 0, -168)
(0, 0, -167)
(1, 0, -167)
(1, 0, -166)
(1, 0, -165)
(1, 0, -164)
(0, 1, -163)
(1, 1, -164)
(1, 1, -165)
(1, 1, -166)
(1, 1, -167)
(0, 2, -167)
(1, 2, -167)
(0, 3, -166)
(1, 3, -167)
(0, 4, -167)
(1, 4, -167)
(1, 4, -166)
(1, 4, -165)
(0, 5, -164)
(0, 5, -163)
(1, 4, -163)
(0, 4, -162)
(1, 3, -163)
(1, 3, -164)
(0, 3, -164)
(1, 2, -164)
(1, 2, -163)
(1, 2, -162)
(0, 3, -161)
(0, 3, -160)
(1, 2, -160)
(1, 2, -159)
(0, 3, -158)
(0, 3, -157)
(1, 3, -157)
(0, 4, -157)
(0, 4, -158)
(1, 4, -159)
(1, 4, -160)
(1, 4, -161)
(0, 5, -161)
(1, 5, -161)
(0, 6, -161)
(1, 6, -162)
(1, 6, -163)
(0, 7, -163)
(1, 7, -163)
(0, 8, -162)
(1, 8, -162)
(1, 8, -161)
(0, 9, -160)
(1, 9, -161)
(1, 9, -162)
(0, 10, -162)
(1, 10, -163)
(1, 10, -164)
(0, 11, -164)
(0, 11, -165)
(1, 10, -166)
(0, 10, -166)
(0, 10, -167)
(1, 9, -168)
(0, 9, -167)
(0, 9, -166)
(0, 9, -165)
(1, 9, -165)
(1, 9, -164)
(0, 9, -163)
(1, 8, -164)
(0, 8, -164)
(0, 8, -165)
(1, 7, -166)
(1, 7, -167)
(1, 7, -168)
(0, 7, -168)
(1, 6, -168)
(0, 6, -168)
(1, 5, -168)
(0, 5, -168)
(0, 5, -169)
(0, 5, -170)
(0, 5, -171)
(0, 5, -172)
(1, 5, -173)
(0, 6, -172)
(1, 6, -172)
(0, 7, -172)
(1, 7, -173)
(0, 8, -173)
(0, 8, -174)
(1, 8, -175)
(0, 9, -175)
(1, 9, -175)
(0, 10, -174)
(1, 10, -175)
(0, 11, -174)
(1, 11, -175)
(1, 11, -176)
(1, 11, -177)
(0, 12, -177)
(1, 12, -178)
(0, 13, -178)
(1, 13, -179)
(1, 13, -180)
(1, 13, -181)
(1, 13, -182)
(0, 14, -182)
(1, 14, -183)
(0, 15, -183)
(1, 15, -184)
(0, 16, -183)
(1, 16, -183)
(0, 17, -182)
(0, 17, -181)
(1, 16, -181)
(1, 16, -180)
(0, 17, -179)
(0, 17, -178)
(1, 17, -178)
(1, 17, -177)
(0, 18, -176)
(1, 18, -176)
(1, 18, -175)
(1, 18, -174)
(1, 18, -173)
(1, 18, -172)
(0, 19, -171)
(1, 19, -171)
(0, 20, -170)
(1, 20, -170)
(0, 21, -170)
(1, 21, -170)
(1, 21, -169)
(0, 22, -168)
(1, 22, -169)
(0, 23, -169)
(1, 23, -169)
(0, 24, -168)
(1, 24, -168)
(1, 24, -167)
(0, 25, -166)
(0, 25, -165)
(0, 25, -164)
(1, 25, -164)
(0, 26, -164)
(1, 26, -165)
(1, 26, -166)
(0, 27, -166)
(1, 27, -166)
(1, 27, -165)
(1, 27, -164)
(0, 27, -163)
(1, 26, -163)
(0, 26, -162)
(0, 26, -161)
(1, 25, -161)
(0, 25, -160)
(1, 24, -160)
(0, 24, -159)
(0, 24, -158)
(0, 24, -157)
(1, 23, -157)
(1, 23, -156)
(1, 23, -155)
(1, 23, -154)
(0, 24, -153)
(1, 24, -154)
(0, 25, -153)
(0, 25, -152)
(0, 25, -151)
(0, 25, -150)
(1, 25, -150)
(1, 25, -149)
(0, 26, -148)
(1, 26, -148)
(1, 26, -147)
(0, 27, -146)
(0, 27, -145)
(1, 27, -145)
(0, 28, -144)
(0, 28, -143)
(1, 28, -143)
(1, 28, -142)
(0, 28, -141)
(1, 27, -142)
(0, 27, -142)
(1, 26, -143)
(0, 26, -142)
(1, 25, -143)
(1, 25, -144)
(1, 25, -145)
(1, 25, -146)
(0, 25, -146)
(1, 24, -146)
(1, 24, -145)
(1, 24, -144)
(0, 24, -143)
(0, 24, -142)
(1, 23, -142)
(0, 23, -142)
(1, 22, -142)
(1, 22, -141)
(0, 22, -140)
(1, 21, -141)
(0, 21, -140)
(1, 20, -141)
(0, 20, -140)
(1, 19, -140)
(0, 19, -140)
(0, 19, -141)
(0, 19, -142)
(0, 19, -143)
(1, 19, -144)
(0, 20, -143)
(1, 20, -143)
(0, 21, -143)
(1, 21, -143)
(0, 22, -143)
(0, 22, -144)
(1, 22, -145)
(1, 22, -146)
(0, 22, -146)
(0, 22, -147)
(1, 21, -148)
(0, 21, -147)
(1, 20, -147)
(0, 20, -146)
(1, 19, -147)
(0, 19, -147)
(1, 18, -147)
(0, 18, -147)
(1, 17, -147)
(0, 17, -147)
(0, 17, -148)
(1, 17, -149)
(1, 17, -150)
(0, 17, -150)
(0, 17, -151)
(1, 17, -152)
(1, 17, -153)
(0, 17, -153)
(1, 16, -153)
(0, 16, -152)
(0, 16, -151)
(1, 15, -151)
(0, 15, -151)
(0, 15, -152)
(1, 14, -153)
(1, 14, -154)
(0, 14, -154)
(1, 13, -154)
(1, 13, -153)
(1, 13, -152)
(0, 14, -151)
(0, 14, -150)
(1, 14, -150)
(0, 15, -149)
(1, 15, -149)
(0, 16, -148)
(0, 16, -147)
(0, 16, -146)
(1, 16, -146)
(1, 16, -145)
(0, 17, -144)
(1, 17, -145)
(0, 18, -144)
(0, 18, -143)
(1, 17, -143)
(1, 17, -142)
(0, 17, -141)
(1, 16, -142)
(0, 16, -142)
(1, 15, -142)
(0, 15, -142)
(1, 14, -143)
(1, 14, -144)
(0, 14, -144)
(1, 13, -144)
(0, 13, -144)
(1, 12, -145)
(0, 12, -144)
(0, 12, -143)
(1, 12, -143)
(0, 13, -142)
(0, 13, -141)
(1, 13, -141)
(0, 14, -141)
(1, 14, -141)
(0, 15, -140)
(0, 15, -139)
(0, 15, -138)
(1, 14, -138)
(1, 14, -137)
(1, 14, -136)
(1, 14, -135)
(1, 14, -134)
(0, 14, -133)
(1, 13, -134)
(0, 13, -134)
(0, 13, -135)
(1, 12, -136)
(0, 12, -136)
(0, 12, -137)
(1, 11, -138)
(0, 11, -138)
(0, 11, -139)
(0, 11, -140)
(0, 11, -141)
(1, 10, -142)
(1, 10, -143)
(0, 11, -143)
(0, 11, -144)
(1, 10, -145)
(0, 10, -145)
(1, 9, -145)
(0, 9, -145)
(1, 8, -146)
(1, 8, -147)
(0, 8, -147)
(1, 7, -147)
(0, 7, -147)
(1, 6, -148)
(0, 6, -148)
(0, 6, -149)
(1, 5, -150)
(0, 5, -150)
(0, 5, -151)
(1, 4, -152)
(0, 4, -152)
(0, 4, -153)
(0, 4, -154)
(1, 3, -155)
(0, 3, -155)
(1, 2, -156)
(0, 2, -156)
(1, 1, -156)
(1, 1, -155)
(0, 2, -154)
(0, 2, -153)
(0, 2, -152)
(1, 1, -152)
(1, 1, -151)
(0, 2, -150)
(0, 2, -149)
(1, 2, -149)
(0, 3, -149)
(1, 3, -149)
(1, 3, -148)
(0, 4, -147)
(1, 4, -148)
(0, 5, -147)
(0, 5, -146)
(0, 5, -145)
(1, 5, -145)
(0, 6, -145)
(1, 6, -145)
(0, 7, -145)
(1, 7, -145)
(0, 8, -144)
(1, 8, -144)
(0, 9, -143)
(0, 9, -142)
(1, 8, -142)
(1, 8, -141)
(0, 8, -140)
(1, 7, -141)
(0, 7, -140)
(0, 7, -139)
(1, 7, -139)
(0, 8, -138)
(1, 8, -139)
(0, 9, -138)
(1, 9, -138)
(1, 9, -137)
(1, 9, -136)
(0, 10, -135)
(1, 10, -135)
(0, 11, -134)
(0, 11, -133)
(0, 11, -132)
(0, 11, -131)
(1, 11, -131)
(0, 12, -130)
(1, 12, -130)
(1, 12, -129)
(0, 12, -128)
(1, 11, -128)
(1, 11, -127)
(0, 11, -126)
(0, 11, -125)
(0, 11, -124)
(1, 11, -124)
(0, 12, -123)
(0, 12, -122)
(1, 12, -122)
(1, 12, -121)
(0, 12, -120)
(0, 12, -119)
(1, 11, -119)
(0, 11, -118)
(0, 11, -117)
(0, 11, -116)
(1, 11, -116)
(0, 12, -116)
(1, 12, -116)
(0, 13, -116)
(1, 13, -116)
(0, 14, -115)
(1, 14, -116)
(0, 15, -115)
(0, 15, -114)
(1, 15, -114)
(1, 15, -113)
(0, 16, -112)
(1, 16, -112)
(0, 17, -111)
(0, 17, -110)
(1, 17, -110)
(0, 18, -110)
(0, 18, -111)
(1, 18, -112)
(1, 18, -113)
(0, 19, -113)
(1, 19, -113)
(0, 20, -112)
(0, 20, -111)
(1, 19, -111)
(0, 19, -110)
(0, 19, -109)
(1, 18, -109)
(0, 18, -108)
(1, 17, -108)
(0, 17, -107)
(1, 16, -107)
(0, 16, -107)
(1, 15, -107)
(0, 15, -107)
(1, 14, -108)
(0, 14, -107)
(1, 13, -107)
(0, 13, -106)
(1, 12, -106)
(0, 12, -105)
(1, 11, -106)
(1, 11, -107)
(0, 12, -107)
(0, 12, -108)
(1, 12, -109)
(0, 13, -108)
(1, 13, -109)
(1, 13, -110)
(0, 14, -110)
(1, 14, -111)
(1, 14, -112)
(1, 14, -113)
(0, 14, -113)
(1, 13, -113)
(0, 13, -113)
(1, 12, -113)
(0, 12, -113)
(1, 11, -113)
(1, 11, -112)
(0, 12, -111)
(0, 12, -110)
(1, 11, -110)
(0, 11, -110)
(1, 10, -111)
(0, 10, -110)
(0, 10, -109)
(0, 10, -108)
(1, 10, -108)
(1, 10, -107)
(1, 10, -106)
(0, 10, -105)
(1, 9, -105)
(0, 9, -104)
(1, 8, -105)
(1, 8, -106)
(0, 8, -106)
(1, 7, -107)
(0, 7, -107)
(1, 6, -107)
(0, 6, -107)
(0, 6, -108)
(1, 6, -109)
(1, 6, -110)
(0, 6, -110)
(1, 5, -110)
(0, 5, -110)
(1, 4, -110)
(1, 4, -109)
(0, 4, -108)
(0, 4, -107)
(1, 4, -107)
(1, 4, -106)
(0, 5, -105)
(1, 5, -106)
(0, 6, -105)
(1, 6, -105)
(0, 7, -104)
(1, 7, -104)
(0, 8, -103)
(0, 8, -102)
(1, 7, -102)
(0, 7, -101)
(0, 7, -100)
(1, 7, -100)
(0, 8, -100)
(1, 8, -100)
(0, 9, -100)
(1, 9, -100)
(0, 10, -99)
(0, 10, -98)
(1, 9, -98)
(0, 9, -97)
(1, 8, -97)
(0, 8, -97)
(1, 7, -98)
(0, 7, -98)
(1, 6, -98)
(1, 6, -97)
(0, 6, -96)
(0, 6, -95)
(1, 6, -95)
(0, 7, -94)
(0, 7, -93)
(0, 7, -92)
(1, 6, -92)
(0, 6, -92)
(1, 5, -92)
(0, 5, -91)
(0, 5, -90)
(1, 4, -90)
(1, 4, -89)
(1, 4, -88)
(1, 4, -87)
(0, 4, -86)
(0, 4, -85)
(1, 3, -85)
(0, 3, -84)
(0, 3, -83)
(0, 3, -82)
(1, 2, -82)
(1, 2, -81)
(1, 2, -80)
(1, 2, -79)
(0, 2, -78)
(1, 1, -79)
(1, 1, -80)
(1, 1, -81)
(1, 1, -82)
(1, 1, -83)
(0, 1, -83)
(1, 0, -83)
(1, 0, -82)
(0, 0, -81)
(1, -1, -81)
(0, -1, -80)
(1, -2, -81)
(1, -2, -82)
(0, -1, -82)
(0, -1, -83)
(1, -2, -84)
(1, -2, -85)
(1, -2, -86)
(1, -2, -87)
(1, -2, -88)
(0, -2, -88)
(0, -2, -89)
(0, -2, -90)
(0, -2, -91)
(1, -3, -92)
(0, -3, -91)
(0, -3, -90)
(1, -4, -90)
(0, -4, -90)
(1, -5, -91)
(0, -5, -91)
(1, -6, -91)
(1, -6, -90)
(0, -5, -89)
(1, -5, -89)
(0, -4, -88)
(1, -4, -88)
(1, -4, -87)
(1, -4, -86)
(1, -4, -85)
(1, -4, -84)
(0, -4, -83)
(0, -4, -82)
(1, -4, -82)
(1, -4, -81)
(0, -3, -80)
(1, -3, -80)
(0, -2, -79)
(0, -2, -78)
(1, -3, -78)
(0, -3, -78)
(1, -4, -79)
(0, -4, -79)
(1, -5, -80)
(1, -5, -81)
(0, -5, -81)
(1, -6, -81)
(0, -6, -80)
(1, -7, -80)
(0, -7, -80)
(0, -7, -81)
(1, -8, -82)
(1, -8, -83)
(0, -8, -83)
(1, -9, -84)
(0, -9, -84)
(0, -9, -85)
(1, -9, -86)
(0, -8, -85)
(1, -8, -86)
(1, -8, -87)
(0, -8, -87)
(0, -8, -88)
(1, -8, -89)
(1, -8, -90)
(1, -8, -91)
(0, -7, -91)
(0, -7, -92)
(1, -8, -93)
(1, -8, -94)
(1, -8, -95)
(0, -7, -95)
(1, -7, -96)
(0, -6, -96)
(1, -6, -96)
(0, -5, -95)
(1, -5, -96)
(1, -5, -97)
(0, -5, -97)
(0, -5, -98)
(0, -5, -99)
(1, -6, -100)
(0, -6, -99)
(1, -7, -100)
(0, -7, -99)
(1, -8, -99)
(0, -8, -98)
(1, -9, -99)
(0, -9, -98)
(1, -10, -99)
(0, -10, -98)
(1, -11, -98)
(0, -11, -98)
(1, -12, -98)
(1, -12, -97)
(1, -12, -96)
(1, -12, -95)
(0, -12, -94)
(0, -12, -93)
(1, -13, -93)
(0, -13, -92)
(1, -14, -92)
(1, -14, -91)
(0, -14, -90)
(0, -14, -89)
(0, -14, -88)
(0, -14, -87)
(0, -14, -86)
(1, -14, -86)
(1, -14, -85)
(0, -13, -84)
(0, -13, -83)
(0, -13, -82)
(1, -14, -82)
(0, -14, -82)
(0, -14, -83)
(1, -15, -84)
(0, -15, -83)
(0, -15, -82)
(1, -16, -82)
(0, -16, -82)
(1, -17, -82)
(0, -17, -81)
(1, -18, -81)
(1, -18, -80)
(0, -17, -79)
(0, -17, -78)
(1, -18, -78)
(0, -18, -77)
(0, -18, -76)
(1, -19, -76)
(0, -19, -75)
(0, -19, -74)
(0, -19, -73)
(1, -20, -73)
(1, -20, -72)
(1, -20, -71)
(0, -19, -70)
(1, -19, -70)
(0, -18, -69)
(1, -18, -69)
(0, -17, -69)
(1, -17, -69)
(1, -17, -68)
(1, -17, -67)
(0, -17, -66)
(1, -18, -66)
(0, -18, -65)
(1, -19, -65)
(0, -19, -64)
(0, -19, -63)
(1, -20, -63)
(1, -20, -62)
(0, -19, -61)
(1, -19, -62)
(0, -18, -61)
(1, -18, -62)
(0, -17, -61)
(0, -17, -60)
(1, -17, -60)
(0, -16, -60)
(1, -16, -60)
(1, -16, -59)
(1, -16, -58)
(0, -16, -57)
(1, -17, -57)
(1, -17, -56)
(0, -16, -55)
(1, -16, -55)
(0, -15, -55)
(1, -15, -55)
(0, -14, -55)
(0, -14, -56)
(0, -14, -57)
(1, -14, -58)
(0, -13, -57)
(1, -13, -58)
(0, -12, -58)
(1, -12, -58)
(0, -11, -57)
(1, -11, -57)
(1, -11, -56)
(1, -11, -55)
(1, -11, -54)
(0, -10, -53)
(1, -10, -53)
(1, -10, -52)
(0, -9, -51)
(0, -9, -50)
(1, -10, -50)
(1, -10, -49)
(1, -10, -48)
(0, -9, -47)
(0, -9, -46)
(1, -10, -46)
(0, -10, -45)
(0, -10, -44)
(0, -10, -43)
(0, -10, -42)
(0, -10, -41)
(0, -10, -40)
(1, -11, -40)
(1, -11, -39)
(0, -11, -38)
(1, -12, -39)
(1, -12, -40)
(1, -12, -41)
(1, -12, -42)
(0, -12, -42)
(1, -13, -43)
(0, -13, -43)
(0, -13, -44)
(1, -14, -45)
(1, -14, -46)
(0, -14, -46)
(1, -15, -46)
(0, -15, -45)
(1, -16, -45)
(0, -16, -45)
(1, -17, -46)
(0, -17, -45)
(0, -17, -44)
(1, -18, -44)
(1, -18, -43)
(0, -17, -42)
(1, -17, -42)
(0, -16, -42)
(1, -16, -43)
(0, -15, -43)
(1, -15, -44)
(0, -14, -43)
(0, -14, -42)
(1, -15, -42)
(0, -15, -41)
(1, -16, -41)
(1, -16, -40)
(0, -15, -39)
(0, -15, -38)
(0, -15, -37)
(1, -15, -37)
(1, -15, -36)
(1, -15, -35)
(0, -14, -34)
(1, -14, -35)
(0, -13, -34)
(1, -13, -35)
(0, -12, -35)
(0, -12, -36)
(1, -12, -37)
(0, -11, -36)
(1, -11, -37)
(0, -10, -36)
(1, -10, -37)
(0, -9, -37)
(1, -9, -37)
(0, -8, -37)
(0, -8, -38)
(0, -8, -39)
(1, -8, -40)
(0, -7, -39)
(0, -7, -38)
(0, -7, -37)
(1, -7, -37)
(0, -6, -36)
(0, -6, -35)
(1, -7, -35)
(0, -7, -34)
(1, -8, -35)
(0, -8, -34)
(1, -9, -34)
(1, -9, -33)
(0, -8, -32)
(1, -8, -32)
(1, -8, -31)
(0, -7, -30)
(0, -7, -29)
(1, -8, -29)
(1, -8, -28)
(1, -8, -27)
(1, -8, -26)
(0, -7, -25)
(0, -7, -24)
(1, -7, -24)
(0, -6, -24)
(0, -6, -25)
(0, -6, -26)
(1, -6, -27)
(0, -5, -26)
(0, -5, -25)
(0, -5, -24)
(1, -5, -24)
(1, -5, -23)
(0, -5, -22)
(1, -6, -22)
(1, -6, -21)
(0, -5, -20)
(0, -5, -19)
(0, -5, -18)
(1, -5, -18)
(0, -4, -18)
(1, -4, -18)
(0, -3, -18)
(1, -3, -19)
(1, -3, -20)
(1, -3, -21)
(0, -2, -21)
(1, -2, -22)
(1, -2, -23)
(1, -2, -24)
(1, -2, -25)
(0, -2, -25)
(1, -3, -26)
(1, -3, -27)
(0, -2, -27)
(0, -2, -28)
(0, -2, -29)
(1, -3, -30)
(0, -3, -30)
(1, -4, -31)
(0, -4, -31)
(1, -5, -32)
(0, -5, -31)
(0, -5, -30)
(1, -6, -30)
(0, -6, -30)
(0, -6, -31)
(0, -6, -32)
(0, -6, -33)
(1, -6, -34)
(0, -5, -34)
(0, -5, -35)
(0, -5, -36)
(0, -5, -37)
(1, -5, -38)
(1, -5, -39)
(1, -5, -40)
(0, -5, -40)
(0, -5, -41)
(0, -5, -42)
(1, -6, -43)
(1, -6, -44)
(0, -5, -44)
(1, -5, -44)
(0, -4, -43)
(0, -4, -42)
(1, -4, -42)
(1, -4, -41)
(0, -3, -40)
(0, -3, -39)
(1, -4, -39)
(1, -4, -38)
(0, -3, -37)
(0, -3, -36)
(0, -3, -35)
(0, -3, -34)
(0, -3, -33)
(1, -3, -33)
(0, -2, -33)
(1, -2, -33)
(1, -2, -32)
(0, -1, -31)
(1, -1, -32)
(0, 0, -31)
(0, 0, -30)
(0, 0, -29)
(0, 0, -28)
(0, 0, -27)
(0, 0, -26)
(0, 0, -25)
(1, -1, -25)
(1, -1, -24)
(1, -1, -23)
(1, -1, -22)
(0, 0, -21)
(0, 0, -20)
(1, 0, -20)
(0, 1, -19)
(1, 1, -20)
(0, 2, -20)
(1, 2, -21)
(1, 2, -22)
(1, 2, -23)
(0, 2, -23)
(1, 1, -24)
(1, 1, -25)
(0, 1, -25)
(0, 1, -26)
(0, 1, -27)
(0, 1, -28)
(0, 1, -29)
(0, 1, -30)
(0, 1, -31)
(0, 1, -32)
(1, 0, -33)
(0, 0, -33)
(1, -1, -34)
(0, -1, -34)
(1, -2, -35)
(1, -2, -36)
(0, -1, -36)
(1, -1, -36)
(0, 0, -35)
(1, 0, -36)
(0, 1, -35)
(1, 1, -36)
(1, 1, -37)
(0, 2, -37)
(1, 2, -38)
(1, 2, -39)
(1, 2, -40)
(1, 2, -41)
(0, 3, -41)
(1, 3, -42)
(1, 3, -43)
(1, 3, -44)
(1, 3, -45)
(1, 3, -46)
(0, 3, -46)
(1, 2, -47)
(0, 2, -46)
(1, 1, -46)
(1, 1, -45)
(1, 1, -44)
(0, 2, -43)
(0, 2, -42)
(1, 1, -42)
(0, 1, -41)
(0, 1, -40)
(1, 1, -40)
(1, 1, -39)
(0, 1, -38)
(1, 0, -38)
(0, 0, -38)
(1, -1, -38)
(0, -1, -38)
(0, -1, -39)
(1, -1, -40)
(1, -1, -41)
(0, 0, -41)
(0, 0, -42)
(1, 0, -43)
(1, 0, -44)
(0, 0, -44)
(1, -1, -44)
(0, -1, -43)
(1, -2, -44)
(0, -2, -43)
(1, -3, -43)
(0, -3, -43)
(0, -3, -44)
(0, -3, -45)
(0, -3, -46)
(0, -3, -47)
(0, -3, -48)
(1, -3, -49)
(0, -2, -48)
(1, -2, -48)
(0, -1, -47)
(1, -1, -48)
(0, 0, -47)
(1, 0, -48)
(0, 1, -47)
(1, 1, -48)
(1, 1, -49)
(1, 1, -50)
(0, 1, -50)
(1, 0, -50)
(0, 0, -49)
(1, -1, -50)
(0, -1, -49)
(1, -2, -50)
(1, -2, -51)
(0, -2, -51)
(1, -3, -51)
(0, -3, -51)
(0, -3, -52)
(1, -4, -53)
(1, -4, -54)
(1, -4, -55)
(0, -3, -55)
(0, -3, -56)
(0, -3, -57)
(1, -4, -58)
(0, -4, -58)
(1, -5, -59)
(1, -5, -60)
(0, -5, -60)
(1, -6, -60)
(0, -6, -60)
(1, -7, -60)
(0, -7, -59)
(1, -8, -59)
(1, -8, -58)
(1, -8, -57)
(0, -7, -56)
(1, -7, -56)
(0, -6, -56)
(1, -6, -56)
(1, -6, -55)
(0, -5, -54)
(0, -5, -53)
(1, -5, -53)
(1, -5, -52)
(0, -5, -51)
(1, -6, -51)
(0, -6, -50)
(0, -6, -49)
(1, -7, -49)
(1, -7, -48)
(0, -7, -47)
(0, -7, -46)
(1, -8, -46)
(1, -8, -45)
(0, -7, -44)
(1, -7, -45)
(0, -6, -45)
(1, -6, -46)
(1, -6, -47)
(0, -5, -47)
(0, -5, -48)
