(1, 2, -74)
(1, 2, -75)
(1, 2, -76)
(1, 2, -77)
(1, 2, -78)
(1, 2, -79)
(0, 3, -79)
(0, 3, -80)
(1, 3, -81)
(0, 4, -81)
(0, 4, -82)
(1, 3, -83)
(0, 3, -82)
(1, 2, -83)
(0, 2, -83)
(0, 2, -84)
(1, 1, -85)
(0, 1, -84)
(1, 0, -85)
(0, 0, -85)
(1, -1, -85)
(0, -1, -84)
(0, -1, -83)
(1, -2, -83)
(0, -2, -82)
(1, -3, -82)
(1, -3, -81)
(1, -3, -80)
(0, -2, -79)
(1, -2, -79)
(1, -2, -78)
(1, -2, -77)
(1, -2, -76)
(1, -2, -75)
(1, -2, -74)
(1, -2, -73)
(1, -2, -72)
(0, -1, -71)
(0, -1, -70)
(1, -1, -70)
(0, 0, -69)
(1, 0, -70)
(0, 1, -70)
(1, 1, -70)
(0, 2, -70)
(1, 2, -71)
(0, 3, -71)
(1, 3, -72)
(0, 4, -71)
(1, 4, -71)
(1, 4, -70)
(0, 5, -69)
(1, 5, -70)
(0, 6, -70)
(1, 6, -71)
(0, 7, -70)
(1, 7, -71)
(0, 8, -71)
(1, 8, -71)
(0, 9, -70)
(0, 9, -69)
(1, 9, -69)
(1, 9, -68)
(0, 10, -67)
(1, 10, -67)
(0, 11, -66)
(0, 11, -65)
(1, 10, -65)
(1, 10, -64)
(0, 10, -63)
(1, 9, -64)
(0, 9, -64)
(1, 8, -64)
(0, 8, -64)
(1, 7, -64)
(0, 7, -64)
(1, 6, -65)
(0, 6, -65)
(1, 5, -65)
(1, 5, -64)
(0, 5, -63)
(1, 4, -63)
(0, 4, -62)
(1, 3, -62)
(0, 3, -62)
(0, 3, -63)
(0, 3, -64)
(1, 2, -65)
(1, 2, -66)
(0, 2, -66)
(1, 1, -66)
(0, 1, -65)
(1, 0, -66)
(1, 0, -67)
(0, 0, -67)
(1, -1, -67)
(1, -1, -66)
(1, -1, -65)
(0, 0, -64)
(0, 0, -63)
(1, 0, -63)
(1, 0, -62)
(1, 0, -61)
(1, 0, -60)
(1, 0, -59)
(0, 1, -58)
(0, 1, -57)
(1, 0, -57)
(0, 0, -56)
(1, -1, -57)
(0, -1, -57)
(1, -2, -57)
(0, -2, -57)
(1, -3, -57)
(1, -3, -56)
(0, -2, -55)
(1, -2, -55)
(0, -1, -54)
(1, -1, -55)
(0, 0, -54)
(0, 0, -53)
(0, 0, -52)
(1, 0, -52)
(0, 1, -51)
(1, 1, -52)
(0, 2, -51)
(1, 2, -52)
(0, 3, -52)
(1, 3, -52)
(0, 4, -51)
(1, 4, -52)
(1, 4, -53)
(1, 4, -54)
(1, 4, -55)
(0, 5, -55)
(1, 5, -56)
(0, 6, -56)
(1, 6, -57)
(1, 6, -58)
(0, 7, -58)
(0, 7, -59)
(1, 7, -60)
(0, 8, -60)
(0, 8, -61)
(1, 8, -62)
(0, 9, -62)
(1, 9, -62)
(1, 9, -61)
(0, 10, -60)
(1, 10, -60)
(0, 11, -60)
(1, 11, -60)
(0, 12, -59)
(1, 12, -60)
(0, 13, -60)
(0, 13, -61)
(1, 13, -62)
(1, 13, -63)
(1, 13, -64)
(0, 13, -64)
(1, 12, -65)
(1, 12, -66)
(0, 13, -66)
(1, 13, -67)
(0, 14, -66)
(0, 14, -65)
(1, 14, -65)
(0, 15, -64)
(0, 15, -63)
(1, 15, -63)
(0, 16, -62)
(0, 16, -61)
(1, 16, -61)
(0, 17, -60)
(1, 17, -60)
(1, 17, -59)
(0, 18, -58)
(1, 18, -59)
(0, 19, -58)
(1, 19, -58)
(0, 20, -58)
(1, 20, -58)
(1, 20, -57)
(0, 21, -56)
(1, 21, -57)
(0, 22, -56)
(1, 22, -57)
(0, 23, -56)
(1, 23, -56)
(0, 24, -56)
(1, 24, -57)
(0, 25, -56)
(0, 25, -55)
(1, 25, -55)
(0, 26, -54)
(1, 26, -54)
(0, 27, -53)
(1, 27, -53)
(1, 27, -52)
(0, 27, -51)
(0, 27, -50)
(1, 27, -50)
(1, 27, -49)
(0, 28, -48)
(1, 28, -49)
(1, 28, -50)
(1, 28, -51)
(0, 29, -51)
(1, 29, -52)
(1, 29, -53)
(1, 29, -54)
(0, 29, -54)
(0, 29, -55)
(1, 28, -56)
(0, 28, -55)
(1, 27, -55)
(0, 27, -55)
(1, 26, -56)
(1, 26, -57)
(0, 26, -57)
(1, 25, -58)
(1, 25, -59)
(0, 26, -59)
(1, 26, -59)
(0, 27, -59)
(1, 27, -59)
(1, 27, -58)
(0, 28, -57)
(1, 28, -58)
(1, 28, -59)
(1, 28, -60)
(1, 28, -61)
(1, 28, -62)
(0, 29, -62)
(0, 29, -63)
(1, 28, -64)
(0, 28, -64)
(1, 27, -64)
(0, 27, -64)
(0, 27, -65)
(1, 26, -66)
(0, 26, -66)
(0, 26, -67)
(1, 26, -68)
(0, 27, -67)
(1, 27, -67)
(0, 28, -67)
(1, 28, -68)
(1, 28, -69)
(0, 28, -69)
(1, 27, -69)
(0, 27, -69)
(0, 27, -70)
(1, 26, -71)
(1, 26, -72)
(1, 26, -73)
(0, 26, -73)
(0, 26, -74)
(1, 26, -75)
(0, 27, -74)
(1, 27, -74)
(1, 27, -73)
(1, 27, -72)
(0, 28, -71)
(1, 28, -72)
(0, 29, -72)
(1, 29, -73)
(0, 30, -72)
(0, 30, -71)
(1, 30, -71)
(0, 31, -70)
(1, 31, -70)
(0, 32, -69)
(1, 32, -70)
(0, 33, -70)
(1, 33, -70)
(1, 33, -69)
(0, 33, -68)
(1, 32, -68)
(1, 32, -67)
(1, 32, -66)
(1, 32, -65)
(1, 32, -64)
(1, 32, -63)
(0, 32, -62)
(1, 31, -62)
(0, 31, -62)
(1, 30, -63)
(0, 30, -62)
(0, 30, -61)
(0, 30, -60)
(1, 30, -60)
(0, 31, -59)
(1, 31, -60)
(0, 32, -59)
(1, 32, -59)
(0, 33, -58)
(0, 33, -57)
(1, 32, -57)
(1, 32, -56)
(0, 33, -55)
(0, 33, -54)
(1, 32, -54)
(0, 32, -54)
(1, 31, -54)
(1, 31, -53)
(0, 31, -52)
(1, 30, -52)
(1, 30, -51)
(0, 30, -50)
(1, 29, -50)
(1, 29, -49)
(1, 29, -48)
(0, 30, -47)
(1, 30, -47)
(1, 30, -46)
(0, 31, -45)
(0, 31, -44)
(0, 31, -43)
(1, 31, -43)
(0, 32, -43)
(0, 32, -44)
(0, 32, -45)
(1, 32, -46)
(0, 33, -45)
(0, 33, -44)
(0, 33, -43)
(1, 33, -43)
(1, 33, -42)
(1, 33, -41)
(0, 33, -40)
(0, 33, -39)
(1, 33, -39)
(0, 34, -38)
(1, 34, -38)
(0, 35, -38)
(1, 35, -39)
(1, 35, -40)
(0, 35, -40)
(0, 35, -41)
(1, 35, -42)
(1, 35, -43)
(0, 35, -43)
(0, 35, -44)
(1, 34, -45)
(1, 34, -46)
(0, 34, -46)
(1, 33, -47)
(1, 33, -48)
(0, 34, -48)
(0, 34, -49)
(1, 34, -50)
(1, 34, -51)
(0, 35, -51)
(0, 35, -52)
(1, 34, -53)
(1, 34, -54)
(1, 34, -55)
(0, 35, -55)
(1, 35, -55)
(1, 35, -54)
(0, 36, -53)
(0, 36, -52)
(0, 36, -51)
(1, 36, -51)
(0, 37, -50)
(1, 37, -51)
(0, 38, -50)
(0, 38, -49)
(1, 38, -49)
(1, 38, -48)
(0, 38, -47)
(1, 37, -48)
(0, 37, -48)
(1, 36, -48)
(1, 36, -47)
(1, 36, -46)
(0, 37, -45)
(0, 37, -44)
(1, 37, -44)
(1, 37, -43)
(1, 37, -42)
(0, 38, -41)
(1, 38, -41)
(0, 39, -40)
(1, 39, -40)
(1, 39, -39)
(0, 39, -38)
(0, 39, -37)
(1, 39, -37)
(0, 40, -37)
(1, 40, -37)
(1, 40, -36)
(0, 41, -35)
(0, 41, -34)
(0, 41, -33)
(1, 41, -33)
(0, 42, -32)
(1, 42, -33)
(0, 43, -33)
(0, 43, -34)
(1, 42, -35)
(0, 42, -35)
(0, 42, -36)
(1, 42, -37)
(0, 43, -37)
(1, 43, -37)
(0, 44, -36)
(1, 44, -36)
(0, 45, -35)
(0, 45, -34)
(1, 44, -34)
(1, 44, -33)
(0, 44, -32)
(1, 43, -32)
(1, 43, -31)
(0, 43, -30)
(1, 42, -30)
(0, 42, -30)
(1, 41, -31)
(0, 41, -31)
(1, 40, -31)
(0, 40, -31)
(0, 40, -32)
(1, 39, -33)
(1, 39, -34)
(1, 39, -35)
(0, 39, -35)
(1, 38, -35)
(0, 38, -34)
(0, 38, -33)
(1, 37, -33)
(1, 37, -32)
(0, 37, -31)
(1, 36, -31)
(1, 36, -30)
(1, 36, -29)
(1, 36, -28)
(1, 36, -27)
(0, 37, -26)
(0, 37, -25)
(1, 37, -25)
(1, 37, -24)
(0, 38, -23)
(1, 38, -24)
(0, 39, -23)
(1, 39, -23)
(0, 40, -22)
(1, 40, -23)
(1, 40, -24)
(0, 40, -24)
(0, 40, -25)
(1, 39, -26)
(0, 39, -25)
(1, 38, -26)
(1, 38, -27)
(1, 38, -28)
(1, 38, -29)
(0, 39, -29)
(1, 39, -30)
(0, 40, -29)
(1, 40, -29)
(0, 41, -29)
(1, 41, -29)
(1, 41, -28)
(1, 41, -27)
(0, 42, -26)
(1, 42, -26)
(1, 42, -25)
(1, 42, -24)
(0, 43, -23)
(1, 43, -23)
(0, 44, -22)
(1, 44, -23)
(0, 45, -23)
(1, 45, -23)
(0, 46, -22)
(0, 46, -21)
(1, 45, -21)
(0, 45, -20)
(1, 44, -20)
(0, 44, -20)
(1, 43, -21)
(0, 43, -20)
(1, 42, -21)
(1, 42, -22)
(0, 42, -22)
(1, 41, -22)
(0, 41, -21)
(0, 41, -20)
(0, 41, -19)
(1, 41, -19)
(0, 42, -18)
(0, 42, -17)
(0, 42, -16)
(1, 42, -16)
(0, 43, -15)
(0, 43, -14)
(0, 43, -13)
(0, 43, -12)
(1, 42, -12)
(1, 42, -11)
(1, 42, -10)
(0, 43, -9)
(1, 43, -10)
(0, 44, -10)
(1, 44, -10)
(0, 45, -10)
(0, 45, -11)
(1, 44, -12)
(0, 44, -12)
(0, 44, -13)
(1, 44, -14)
(0, 45, -14)
(1, 45, -14)
(1, 45, -13)
(0, 46, -12)
(1, 46, -13)
(0, 47, -12)
(1, 47, -13)
(1, 47, -14)
(1, 47, -15)
(1, 47, -16)
(1, 47, -17)
(0, 48, -17)
(1, 48, -17)
(0, 49, -16)
(0, 49, -15)
(1, 48, -15)
(1, 48, -14)
(0, 49, -13)
(1, 49, -14)
(0, 50, -14)
(1, 50, -15)
(0, 51, -15)
(1, 51, -15)
(0, 52, -14)
(0, 52, -13)
(1, 51, -13)
(1, 51, -12)
(0, 51, -11)
(0, 51, -10)
(1, 50, -10)
(1, 50, -9)
(1, 50, -8)
(0, 51, -7)
(0, 51, -6)
(0, 51, -5)
(1, 51, -5)
(0, 52, -4)
(1, 52, -5)
(0, 53, -5)
(1, 53, -5)
(0, 54, -5)
(0, 54, -6)
(1, 53, -7)
(1, 53, -8)
(0, 53, -8)
(0, 53, -9)
(1, 53, -10)
(0, 54, -9)
(1, 54, -10)
(0, 55, -9)
(1, 55, -9)
(0, 56, -9)
(1, 56, -10)
(0, 57, -10)
(0, 57, -11)
(0, 57, -12)
(1, 57, -13)
(1, 57, -14)
(0, 57, -14)
(1, 56, -14)
(0, 56, -14)
(0, 56, -15)
(1, 55, -16)
(1, 55, -17)
(1, 55, -18)
(0, 55, -18)
(1, 54, -18)
(0, 54, -17)
(1, 53, -17)
(0, 53, -16)
(1, 52, -17)
(0, 52, -16)
(1, 51, -17)
(0, 51, -17)
(0, 51, -18)
(0, 51, -19)
(1, 51, -20)
(0, 52, -19)
(1, 52, -20)
(1, 52, -21)
(0, 52, -21)
(1, 51, -22)
(1, 51, -23)
(0, 52, -23)
(0, 52, -24)
(1, 52, -25)
(0, 53, -25)
(0, 53, -26)
(0, 53, -27)
(1, 52, -28)
(0, 52, -28)
(1, 51, -29)
(0, 51, -29)
(0, 51, -30)
(0, 51, -31)
(1, 51, -32)
(1, 51, -33)
(0, 52, -33)
(1, 52, -33)
(0, 53, -33)
(1, 53, -33)
(0, 54, -32)
(1, 54, -32)
(0, 55, -31)
(1, 55, -31)
(1, 55, -30)
(1, 55, -29)
(0, 56, -28)
(1, 56, -28)
(0, 57, -28)
(1, 57, -28)
(1, 57, -27)
(0, 58, -26)
(0, 58, -25)
(0, 58, -24)
(1, 58, -24)
(0, 59, -24)
(1, 59, -24)
(0, 60, -24)
(1, 60, -25)
(0, 61, -24)
(1, 61, -24)
(0, 62, -24)
(1, 62, -25)
(0, 63, -25)
(1, 63, -25)
(0, 64, -25)
(1, 64, -26)
(1, 64, -27)
(0, 64, -27)
(1, 63, -28)
(0, 63, -27)
(1, 62, -28)
(0, 62, -28)
(0, 62, -29)
(0, 62, -30)
(1, 61, -31)
(1, 61, -32)
(0, 61, -32)
(1, 60, -32)
(1, 60, -31)
(1, 60, -30)
(0, 61, -29)
(0, 61, -28)
(0, 61, -27)
(1, 60, -27)
(0, 60, -27)
(1, 59, -28)
(1, 59, -29)
(1, 59, -30)
(0, 59, -30)
(0, 59, -31)
(1, 59, -32)
(1, 59, -33)
(0, 60, -33)
(1, 60, -34)
(1, 60, -35)
(0, 61, -35)
(1, 61, -36)
(1, 61, -37)
(1, 61, -38)
(1, 61, -39)
(1, 61, -40)
(0, 62, -40)
(1, 62, -40)
(0, 63, -40)
(1, 63, -40)
(1, 63, -39)
(1, 63, -38)
(0, 64, -37)
(1, 64, -38)
(0, 65, -37)
(1, 65, -37)
(1, 65, -36)
(0, 65, -35)
(1, 64, -35)
(0, 64, -34)
(1, 63, -35)
(0, 63, -35)
(1, 62, -35)
(0, 62, -34)
(0, 62, -33)
(1, 62, -33)
(0, 63, -32)
(1, 63, -33)
(0, 64, -32)
(1, 64, -32)
(0, 65, -31)
(1, 65, -31)
(1, 65, -30)
(1, 65, -29)
(0, 66, -28)
(1, 66, -29)
(1, 66, -30)
(0, 67, -30)
(0, 67, -31)
(1, 66, -32)
(1, 66, -33)
(1, 66, -34)
(0, 67, -34)
(1, 67, -35)
(0, 68, -34)
(1, 68, -35)
(0, 69, -34)
(1, 69, -34)
(0, 70, -33)
(1, 70, -33)
(0, 71, -33)
(1, 71, -33)
(1, 71, -32)
(1, 71, -31)
(0, 71, -30)
(1, 70, -30)
(0, 70, -30)
(1, 69, -30)
(1, 69, -29)
(0, 70, -28)
(1, 70, -28)
(0, 71, -28)
(1, 71, -28)
(0, 72, -27)
(1, 72, -28)
(0, 73, -27)
(1, 73, -28)
(1, 73, -29)
(1, 73, -30)
(0, 74, -30)
(0, 74, -31)
(0, 74, -32)
(1, 73, -33)
(0, 73, -32)
(1, 72, -33)
(1, 72, -34)
(0, 72, -34)
(0, 72, -35)
(0, 72, -36)
(0, 72, -37)
(0, 72, -38)
(1, 71, -39)
(0, 71, -38)
(1, 70, -39)
(0, 70, -38)
(1, 69, -38)
(0, 69, -37)
(1, 68, -38)
(0, 68, -38)
(1, 67, -38)
(0, 67, -38)
(1, 66, -39)
(1, 66, -40)
(1, 66, -41)
(1, 66, -42)
(0, 67, -42)
(1, 67, -42)
(0, 68, -42)
(0, 68, -43)
(1, 68, -44)
(0, 69, -44)
(0, 69, -45)
(0, 69, -46)
(1, 69, -47)
(0, 70, -47)
(1, 70, -48)
(1, 70, -49)
(1, 70, -50)
(1, 70, -51)
(0, 70, -51)
(1, 69, -52)
(1, 69, -53)
(0, 69, -53)
(1, 68, -53)
(0, 68, -52)
(1, 67, -53)
(0, 67, -53)
(0, 67, -54)
(1, 67, -55)
(1, 67, -56)
(1, 67, -57)
(0, 68, -57)
(1, 68, -57)
(0, 69, -57)
(1, 69, -58)
(0, 70, -57)
(1, 70, -58)
(1, 70, -59)
(0, 71, -59)
(1, 71, -60)
(0, 72, -59)
(1, 72, -60)
(0, 73, -60)
(1, 73, -60)
(0, 74, -59)
(1, 74, -60)
(1, 74, -61)
(0, 74, -61)
(0, 74, -62)
(1, 74, -63)
(0, 75, -63)
(1, 75, -64)
(0, 76, -63)
(1, 76, -63)
(0, 77, -63)
(0, 77, -64)
(1, 76, -65)
(0, 76, -65)
(1, 75, -66)
(0, 75, -66)
(1, 74, -66)
(0, 74, -65)
(1, 73, -66)
(0, 73, -66)
(1, 72, -67)
(0, 72, -66)
(0, 72, -65)
(1, 71, -65)
(0, 71, -64)
(1, 70, -64)
(1, 70, -63)
(1, 70, -62)
(1, 70, -61)
(0, 70, -60)
(1, 69, -60)
(0, 69, -60)
(1, 68, -60)
(0, 68, -60)
(1, 67, -61)
(1, 67, -62)
(0, 68, -62)
(1, 68, -62)
(0, 69, -62)
(0, 69, -63)
(0, 69, -64)
(1, 69, -65)
(0, 70, -65)
(0, 70, -66)
(0, 70, -67)
(0, 70, -68)
(0, 70, -69)
(1, 69, -70)
(0, 69, -70)
(1, 68, -70)
(1, 68, -69)
(0, 69, -68)
(0, 69, -67)
(0, 69, -66)
(1, 68, -66)
(0, 68, -66)
(0, 68, -67)
(1, 67, -68)
(1, 67, -69)
(1, 67, -70)
(1, 67, -71)
(0, 68, -71)
(0, 68, -72)
(1, 67, -73)
(0, 67, -73)
(0, 67, -74)
(1, 67, -75)
(1, 67, -76)
(0, 67, -76)
(0, 67, -77)
(1, 67, -78)
(1, 67, -79)
(0, 68, -79)
(1, 68, -79)
(1, 68, -78)
(1, 68, -77)
(1, 68, -76)
(0, 69, -75)
(1, 69, -76)
(1, 69, -77)
(1, 69, -78)
(1, 69, -79)
(0, 70, -79)
(1, 70, -80)
(1, 70, -81)
(1, 70, -82)
(0, 70, -82)
(1, 69, -82)
(0, 69, -81)
(1, 68, -81)
(0, 68, -81)
(1, 67, -81)
(0, 67, -80)
(1, 66, -81)
(0, 66, -81)
(1, 65, -82)
(0, 65, -81)
(1, 64, -82)
(1, 64, -83)
(1, 64, -84)
(1, 64, -85)
(0, 64, -85)
(0, 64, -86)
(0, 64, -87)
(1, 63, -88)
(0, 63, -87)
(1, 62, -88)
(0, 62, -88)
(1, 61, -88)
(0, 61, -88)
(0, 61, -89)
(0, 61, -90)
(1, 61, -91)
(1, 61, -92)
(1, 61, -93)
(1, 61, -94)
(0, 61, -94)
(0, 61, -95)
(1, 60, -96)
(1, 60, -97)
(1, 60, -98)
(0, 61, -98)
(0, 61, -99)
(0, 61, -100)
(1, 60, -101)
(1, 60, -102)
(1, 60, -103)
(0, 60, -103)
(1, 59, -103)
(0, 59, -103)
(1, 58, -104)
(1, 58, -105)
(0, 58, -105)
(1, 57, -106)
(0, 57, -105)
(1, 56, -105)
(0, 56, -104)
(1, 55, -104)
(0, 55, -104)
(1, 54, -105)
(0, 54, -105)
(0, 54, -106)
(1, 54, -107)
(0, 55, -106)
(1, 55, -106)
(0, 56, -106)
(1, 56, -107)
(0, 57, -107)
(0, 57, -108)
(0, 57, -109)
(1, 56, -110)
(1, 56, -111)
(1, 56, -112)
(0, 56, -112)
(1, 55, -112)
(1, 55, -111)
(0, 55, -110)
(1, 54, -111)
(1, 54, -112)
(0, 54, -112)
(0, 54, -113)
(0, 54, -114)
(1, 54, -115)
(0, 55, -114)
(1, 55, -115)
(0, 56, -115)
(1, 56, -116)
(1, 56, -117)
(0, 57, -117)
(1, 57, -117)
(1, 57, -116)
(1, 57, -115)
(1, 57, -114)
(1, 57, -113)
(1, 57, -112)
(1, 57, -111)
(0, 58, -110)
(0, 58, -109)
(1, 58, -109)
(0, 59, -108)
(1, 59, -109)
(1, 59, -110)
(0, 60, -110)
(1, 60, -111)
(0, 61, -110)
(1, 61, -110)
(0, 62, -109)
(0, 62, -108)
(1, 61, -108)
(1, 61, -107)
(0, 62, -106)
(1, 62, -106)
(0, 63, -105)
(1, 63, -105)
(0, 64, -104)
(1, 64, -105)
(1, 64, -106)
(1, 64, -107)
(0, 64, -107)
(1, 63, -107)
(0, 63, -107)
(0, 63, -108)
(1, 63, -109)
(1, 63, -110)
(0, 63, -110)
(1, 62, -111)
(1, 62, -112)
(1, 62, -113)
(0, 63, -113)
(0, 63, -114)
(1, 62, -115)
(1, 62, -116)
(0, 63, -116)
(1, 63, -116)
(0, 64, -115)
(1, 64, -115)
(0, 65, -115)
(1, 65, -115)
(1, 65, -114)
(0, 66, -113)
(1, 66, -113)
(0, 67, -113)
(1, 67, -114)
(0, 68, -114)
(0, 68, -115)
(1, 68, -116)
(0, 69, -115)
(1, 69, -116)
(0, 70, -115)
(1, 70, -116)
(0, 71, -116)
(1, 71, -116)
(0, 72, -115)
(1, 72, -116)
(0, 73, -115)
(0, 73, -114)
(1, 72, -114)
(0, 72, -113)
(1, 71, -114)
(0, 71, -114)
(1, 70, -114)
(1, 70, -113)
(1, 70, -112)
(0, 70, -111)
(1, 69, -112)
(1, 69, -113)
(0, 69, -113)
(1, 68, -113)
(1, 68, -112)
(0, 68, -111)
(1, 67, -111)
(1, 67, -110)
(0, 67, -109)
(1, 66, -109)
(0, 66, -108)
(0, 66, -107)
(1, 65, -107)
(1, 65, -106)
(0, 66, -105)
(1, 66, -106)
(0, 67, -105)
(1, 67, -106)
(0, 68, -105)
(1, 68, -105)
(0, 69, -105)
(1, 69, -106)
(0, 70, -105)
(1, 70, -105)
(0, 71, -104)
(0, 71, -103)
(1, 71, -103)
(0, 72, -103)
(1, 72, -104)
(0, 73, -103)
(1, 73, -104)
(1, 73, -105)
(0, 73, -105)
(1, 72, -106)
(0, 72, -106)
(0, 72, -107)
(0, 72, -108)
(0, 72, -109)
(1, 71, -110)
(1, 71, -111)
(0, 72, -111)
(1, 72, -112)
(0, 73, -112)
(1, 73, -112)
(1, 73, -111)
(1, 73, -110)
(0, 74, -109)
(1, 74, -109)
(0, 75, -108)
(0, 75, -107)
(1, 74, -107)
(1, 74, -106)
(0, 75, -105)
(1, 75, -106)
(0, 76, -106)
(1, 76, -106)
(1, 76, -105)
(1, 76, -104)
(0, 77, -103)
(0, 77, -102)
(1, 77, -102)
(1, 77, -101)
(0, 77, -100)
(1, 76, -101)
(0, 76, -101)
(1, 75, -101)
(0, 75, -101)
(1, 74, -101)
(0, 74, -101)
(1, 73, -102)
(0, 73, -101)
(0, 73, -100)
(1, 72, -100)
(0, 72, -100)
(1, 71, -101)
(0, 71, -100)
(0, 71, -99)
(0, 71, -98)
(1, 71, -98)
(0, 72, -98)
(1, 72, -98)
(1, 72, -97)
(0, 73, -96)
(0, 73, -95)
(1, 73, -95)
(0, 74, -94)
(1, 74, -94)
(0, 75, -93)
(1, 75, -94)
(1, 75, -95)
(0, 75, -95)
(0, 75, -96)
(0, 75, -97)
(1, 75, -98)
(1, 75, -99)
(0, 76, -99)
(1, 76, -99)
(1, 76, -98)
(1, 76, -97)
(0, 77, -96)
(1, 77, -97)
(1, 77, -98)
(0, 78, -98)
(1, 78, -99)
(0, 79, -99)
(1, 79, -99)
(1, 79, -98)
(1, 79, -97)
(0, 79, -96)
(1, 78, -96)
(1, 78, -95)
(0, 79, -94)
(1, 79, -94)
(1, 79, -93)
(0, 79, -92)
(1, 78, -92)
(0, 78, -92)
(0, 78, -93)
(1, 77, -94)
(0, 77, -93)
(0, 77, -92)
(1, 76, -92)
(0, 76, -92)
(1, 75, -92)
(1, 75, -91)
(0, 75, -90)
(1, 74, -91)
(0, 74, -90)
(1, 73, -90)
(0, 73, -89)
(1, 72, -90)
(1, 72, -91)
(1, 72, -92)
(1, 72, -93)
(1, 72, -94)
(0, 72, -94)
(1, 71, -95)
(0, 71, -95)
(0, 71, -96)
(1, 70, -97)
(0, 70, -97)
(1, 69, -97)
(1, 69, -96)
(1, 69, -95)
(1, 69, -94)
(0, 70, -93)
(0, 70, -92)
(1, 69, -92)
(0, 69, -92)
(1, 68, -93)
(1, 68, -94)
(0, 68, -94)
(1, 67, -95)
(0, 67, -95)
(0, 67, -96)
(0, 67, -97)
(0, 67, -98)
(1, 66, -99)
(0, 66, -99)
(0, 66, -100)
(0, 66, -101)
(1, 66, -102)
(1, 66, -103)
(0, 66, -103)
(1, 65, -104)
(0, 65, -103)
(0, 65, -102)
(1, 64, -102)
(0, 64, -101)
(0, 64, -100)
(1, 63, -100)
(1, 63, -99)
(0, 63, -98)
(0, 63, -97)
(0, 63, -96)
(1, 63, -96)
(0, 64, -96)
(1, 64, -97)
(0, 65, -96)
(1, 65, -97)
(0, 66, -96)
(0, 66, -95)
(1, 65, -95)
(1, 65, -94)
(0, 66, -93)
(0, 66, -92)
(0, 66, -91)
(0, 66, -90)
(1, 66, -90)
(1, 66, -89)
(1, 66, -88)
(0, 66, -87)
(1, 65, -87)
(1, 65, -86)
(0, 66, -85)
(1, 66, -85)
(0, 67, -84)
(1, 67, -84)
(0, 68, -84)
(1, 68, -85)
(0, 69, -84)
(1, 69, -84)
(0, 70, -84)
(1, 70, -85)
(1, 70, -86)
(0, 71, -86)
(1, 71, -86)
(1, 71, -85)
(0, 72, -84)
(0, 72, -83)
(0, 72, -82)
(1, 72, -82)
(0, 73, -81)
(1, 73, -81)
(1, 73, -80)
(0, 73, -79)
(1, 72, -79)
(0, 72, -78)
(0, 72, -77)
(1, 71, -77)
(1, 71, -76)
(0, 71, -75)
(0, 71, -74)
(1, 71, -74)
(0, 72, -73)
(0, 72, -72)
(0, 72, -71)
(1, 71, -71)
(0, 71, -70)
(0, 71, -69)
(1, 71, -69)
(0, 72, -69)
(1, 72, -69)
(0, 73, -68)
(1, 73, -69)
(0, 74, -69)
(1, 74, -69)
(0, 75, -69)
(0, 75, -70)
(0, 75, -71)
(1, 74, -72)
(0, 74, -71)
(1, 73, -71)
(0, 73, -71)
(0, 73, -72)
(0, 73, -73)
(0, 73, -74)
(1, 72, -75)
(1, 72, -76)
(0, 73, -76)
(0, 73, -77)
(1, 73, -78)
(0, 74, -77)
(1, 74, -77)
(1, 74, -76)
(0, 75, -75)
(1, 75, -76)
(0, 76, -75)
(1, 76, -75)
(0, 77, -75)
(1, 77, -76)
(1, 77, -77)
(1, 77, -78)
(1, 77, -79)
(0, 78, -79)
(0, 78, -80)
(1, 77, -81)
(1, 77, -82)
(0, 77, -82)
(0, 77, -83)
(1, 77, -84)
(0, 78, -84)
(0, 78, -85)
(1, 77, -86)
(0, 77, -85)
(1, 76, -85)
(0, 76, -84)
(0, 76, -83)
(1, 75, -83)
(0, 75, -83)
(1, 74, -84)
(0, 74, -83)
(1, 73, -84)
(1, 73, -85)
(1, 73, -86)
(0, 73, -86)
(0, 73, -87)
(1, 73, -88)
(0, 74, -87)
(1, 74, -87)
(1, 74, -86)
(0, 75, -85)
(1, 75, -86)
(1, 75, -87)
(1, 75, -88)
(0, 76, -88)
(1, 76, -88)
(0, 77, -87)
(1, 77, -88)
(0, 78, -88)
(1, 78, -88)
(0, 79, -88)
(1, 79, -89)
(0, 80, -88)
(1, 80, -88)
(0, 81, -88)
(0, 81, -89)
(0, 81, -90)
(1, 81, -91)
(0, 82, -90)
(1, 82, -90)
(0, 83, -89)
(1, 83, -89)
(0, 84, -89)
(1, 84, -89)
(1, 84, -88)
(0, 85, -87)
(1, 85, -87)
(0, 86, -86)
(0, 86, -85)
(0, 86, -84)
(1, 86, -84)
(0, 87, -83)
(1, 87, -83)
(0, 88, -83)
(1, 88, -83)
(1, 88, -82)
(0, 88, -81)
(0, 88, -80)
(1, 87, -80)
(1, 87, -79)
(0, 87, -78)
(1, 86, -78)
(1, 86, -77)
(0, 87, -76)
(1, 87, -77)
(0, 88, -76)
(0, 88, -75)
(1, 88, -75)
(0, 89, -74)
(1, 89, -75)
(0, 90, -74)
(0, 90, -73)
(1, 90, -73)
(0, 91, -73)
(0, 91, -74)
(0, 91, -75)
(0, 91, -76)
(1, 90, -77)
(0, 90, -76)
(1, 89, -77)
(1, 89, -78)
(0, 89, -78)
(0, 89, -79)
(1, 89, -80)
(1, 89, -81)
(1, 89, -82)
(1, 89, -83)
(0, 90, -83)
(1, 90, -83)
(1, 90, -82)
(1, 90, -81)
(1, 90, -80)
(1, 90, -79)
(0, 91, -78)
(1, 91, -78)
(0, 92, -77)
(1, 92, -77)
(0, 93, -76)
(1, 93, -76)
(1, 93, -75)
(1, 93, -74)
(0, 93, -73)
(0, 93, -72)
(1, 92, -72)
(1, 92, -71)
(0, 92, -70)
(1, 91, -71)
(0, 91, -70)
(0, 91, -69)
(1, 90, -69)
(1, 90, -68)
(1, 90, -67)
(1, 90, -66)
(0, 90, -65)
(1, 89, -66)
(1, 89, -67)
(0, 89, -67)
(0, 89, -68)
(1, 88, -69)
(0, 88, -68)
(1, 87, -69)
(0, 87, -68)
(1, 86, -69)
(1, 86, -70)
(1, 86, -71)
(0, 86, -71)
(1, 85, -71)
(1, 85, -70)
(0, 85, -69)
(1, 84, -69)
(1, 84, -68)
(0, 84, -67)
(1, 83, -67)
(1, 83, -66)
(0, 83, -65)
(0, 83, -64)
(0, 83, -63)
(1, 82, -63)
(0, 82, -63)
(0, 82, -64)
(0, 82, -65)
(0, 82, -66)
(1, 82, -67)
(1, 82, -68)
(0, 82, -68)
(1, 81, -69)
(0, 81, -69)
(0, 81, -70)
(1, 80, -71)
(1, 80, -72)
(1, 80, -73)
(0, 81, -73)
(0, 81, -74)
(1, 81, -75)
(0, 82, -74)
(1, 82, -74)
(1, 82, -73)
(0, 83, -72)
(1, 83, -72)
(1, 83, -71)
(0, 84, -70)
(1, 84, -71)
(1, 84, -72)
(0, 85, -72)
(1, 85, -73)
(1, 85, -74)
(0, 86, -74)
(0, 86, -75)
(1, 85, -76)
(0, 85, -75)
(1, 84, -75)
(0, 84, -75)
(1, 83, -76)
(0, 83, -76)
(1, 82, -76)
(0, 82, -76)
(1, 81, -77)
(0, 81, -77)
(1, 80, -77)
(0, 80, -77)
(1, 79, -78)
(0, 79, -77)
(0, 79, -76)
(1, 78, -76)
(1, 78, -75)
(0, 79, -74)
(1, 79, -74)
(1, 79, -73)
(0, 79, -72)
(1, 78, -72)
(0, 78, -71)
(1, 77, -71)
(0, 77, -71)
(1, 76, -71)
(0, 76, -70)
(0, 76, -69)
(0, 76, -68)
(1, 76, -68)
(0, 77, -67)
(0, 77, -66)
(1, 77, -66)
(0, 78, -65)
(1, 78, -66)
(0, 79, -65)
(1, 79, -65)
(1, 79, -64)
(0, 79, -63)
(1, 78, -64)
(0, 78, -63)
(0, 78, -62)
(0, 78, -61)
(1, 78, -61)
(0, 79, -61)
(1, 79, -61)
(0, 80, -60)
(0, 80, -59)
(0, 80, -58)
(1, 79, -58)
(0, 79, -58)
(1, 78, -59)
(0, 78, -59)
(1, 77, -59)
(1, 77, -58)
(0, 78, -57)
(1, 78, -57)
(1, 78, -56)
(0, 78, -55)
(1, 77, -56)
(0, 77, -55)
(1, 76, -55)
(1, 76, -54)
(0, 76, -53)
(1, 75, -54)
(1, 75, -55)
(0, 75, -55)
(1, 74, -56)
(0, 74, -56)
(1, 73, -57)
(0, 73, -57)
(1, 72, -57)
(0, 72, -57)
(1, 71, -57)
(1, 71, -56)
(0, 72, -55)
(1, 72, -55)
(0, 73, -55)
(1, 73, -55)
(0, 74, -54)
(0, 74, -53)
(1, 73, -53)
(1, 73, -52)
(1, 73, -51)
(0, 74, -50)
(1, 74, -50)
(0, 75, -49)
(0, 75, -48)
(1, 75, -48)
(0, 76, -47)
(1, 76, -47)
(0, 77, -46)
(1, 77, -47)
(0, 78, -46)
(1, 78, -47)
(0, 79, -47)
(1, 79, -48)
(0, 80, -47)
(0, 80, -46)
(1, 80, -46)
(0, 81, -45)
(0, 81, -44)
(0, 81, -43)
(1, 80, -43)
(0, 80, -43)
(1, 79, -44)
(1, 79, -45)
(0, 79, -45)
(1, 78, -45)
(1, 78, -44)
(1, 78, -43)
(1, 78, -42)
(0, 79, -41)
(0, 79, -40)
(1, 79, -40)
(0, 80, -39)
(0, 80, -38)
(1, 79, -38)
(0, 79, -38)
(1, 78, -39)
(0, 78, -39)
(1, 77, -40)
(0, 77, -40)
(1, 76, -40)
(0, 76, -39)
(1, 75, -40)
(0, 75, -40)
(1, 74, -40)
(1, 74, -39)
(0, 74, -38)
(1, 73, -38)
(0, 73, -37)
(0, 73, -36)
(0, 73, -35)
(1, 73, -35)
(0, 74, -34)
(1, 74, -35)
(0, 75, -35)
(0, 75, -36)
(0, 75, -37)
(1, 75, -38)
(0, 76, -37)
(1, 76, -38)
(0, 77, -38)
(1, 77, -38)
(0, 78, -37)
(0, 78, -36)
(1, 77, -36)
(0, 77, -36)
(1, 76, -36)
(0, 76, -35)
(0, 76, -34)
(0, 76, -33)
(1, 76, -33)
(1, 76, -32)
(0, 77, -31)
(0, 77, -30)
(1, 76, -30)
(0, 76, -29)
(0, 76, -28)
(0, 76, -27)
(1, 75, -27)
(1, 75, -26)
(0, 76, -25)
(0, 76, -24)
(1, 76, -24)
(0, 77, -24)
(1, 77, -24)
(1, 77, -23)
(1, 77, -22)
(1, 77, -21)
(0, 78, -20)
(1, 78, -20)
(0, 79, -19)
(1, 79, -19)
(0, 80, -19)
(0, 80, -20)
(1, 79, -21)
(0, 79, -21)
(1, 78, -22)
(1, 78, -23)
(1, 78, -24)
(1, 78, -25)
(0, 78, -25)
(0, 78, -26)
(1, 78, -27)
(0, 79, -27)
(1, 79, -27)
(1, 79, -26)
(1, 79, -25)
(0, 80, -24)
(1, 80, -25)
(0, 81, -25)
(0, 81, -26)
(0, 81, -27)
(0, 81, -28)
(1, 81, -29)
(0, 82, -29)
(1, 82, -30)
(1, 82, -31)
(0, 82, -31)
(0, 82, -32)
(1, 81, -33)
(1, 81, -34)
(0, 81, -34)
(1, 80, -35)
(0, 80, -35)
(0, 80, -36)
(1, 80, -37)
(0, 81, -36)
(1, 81, -36)
(0, 82, -36)
(1, 82, -36)
(1, 82, -35)
(1, 82, -34)
(0, 83, -33)
(1, 83, -34)
(0, 84, -34)
(1, 84, -35)
(0, 85, -34)
(1, 85, -35)
(0, 86, -34)
(1, 86, -34)
(0, 87, -33)
(0, 87, -32)
(0, 87, -31)
(1, 87, -31)
(1, 87, -30)
(1, 87, -29)
(0, 87, -28)
(1, 86, -29)
(0, 86, -28)
(1, 85, -28)
(0, 85, -27)
(1, 84, -28)
(0, 84, -28)
(1, 83, -28)
(0, 83, -28)
(1, 82, -28)
(1, 82, -27)
(0, 82, -26)
(0, 82, -25)
(1, 82, -25)
(1, 82, -24)
(1, 82, -23)
(1, 82, -22)
(0, 82, -21)
(1, 81, -21)
(1, 81, -20)
(0, 82, -19)
(1, 82, -19)
(1, 82, -18)
(0, 82, -17)
(1, 81, -17)
(0, 81, -17)
(1, 80, -17)
(1, 80, -16)
(0, 80, -15)
(1, 79, -16)
(0, 79, -15)
(1, 78, -16)
(1, 78, -17)
(1, 78, -18)
(0, 78, -18)
(1, 77, -18)
(0, 77, -18)
(1, 76, -19)
(0, 76, -19)
(1, 75, -19)
(1, 75, -18)
(0, 76, -17)
(1, 76, -17)
(0, 77, -16)
(1, 77, -16)
(1, 77, -15)
(1, 77, -14)
(0, 77, -13)
(1, 76, -13)
(0, 76, -13)
(1, 75, -14)
(0, 75, -13)
(1, 74, -14)
(0, 74, -14)
(1, 73, -14)
(0, 73, -13)
(1, 72, -14)
(1, 72, -15)
(0, 72, -15)
(1, 71, -16)
(0, 71, -16)
(0, 71, -17)
(0, 71, -18)
(0, 71, -19)
(0, 71, -20)
(0, 71, -21)
(0, 71, -22)
(1, 70, -23)
(0, 70, -22)
(1, 69, -23)
(0, 69, -22)
(0, 69, -21)
(0, 69, -20)
(0, 69, -19)
(0, 69, -18)
(1, 69, -18)
(1, 69, -17)
(0, 70, -16)
(0, 70, -15)
(1, 70, -15)
(0, 71, -14)
(0, 71, -13)
(1, 70, -13)
(0, 70, -13)
(1, 69, -13)
(0, 69, -12)
(1, 68, -12)
(1, 68, -11)
(1, 68, -10)
(0, 69, -9)
(1, 69, -9)
(0, 70, -8)
(0, 70, -7)
(0, 70, -6)
(0, 70, -5)
(1, 69, -5)
(0, 69, -4)
(0, 69, -3)
(1, 69, -3)
(0, 70, -2)
(1, 70, -3)
(0, 71, -3)
(1, 71, -4)
(1, 71, -5)
(1, 71, -6)
(0, 71, -6)
(0, 71, -7)
(1, 71, -8)
(1, 71, -9)
(0, 71, -9)
(0, 71, -10)
(1, 71, -11)
(0, 72, -10)
(1, 72, -11)
(0, 73, -10)
(0, 73, -9)
(1, 73, -9)
(1, 73, -8)
(0, 73, -7)
(0, 73, -6)
(0, 73, -5)
(0, 73, -4)
(1, 72, -4)
(1, 72, -3)
(0, 72, -2)
(1, 71, -2)
(0, 71, -1)
(1, 70, -1)
(1, 70, 0)
(0, 71, 1)
(1, 71, 0)
(0, 72, 0)
(1, 72, 0)
(0, 73, 1)
(0, 73, 2)
(1, 72, 2)
(0, 72, 2)
(1, 71, 2)
(1, 71, 3)
(0, 71, 4)
(1, 70, 3)
(0, 70, 3)
(1, 69, 3)
(0, 69, 3)
(1, 68, 3)
(1, 68, 4)
(0, 69, 5)
(0, 69, 6)
(0, 69, 7)
(1, 68, 7)
(1, 68, 8)
(0, 68, 9)
(1, 67, 9)
(0, 67, 9)
(0, 67, 8)
(1, 67, 7)
(1, 67, 6)
(0, 67, 6)
(1, 66, 5)
(1, 66, 4)
(0, 66, 4)
(1, 65, 4)
(0, 65, 5)
(1, 64, 5)
(0, 64, 6)
(1, 63, 6)
(0, 63, 7)
(1, 62, 6)
(0, 62, 7)
(0, 62, 8)
(1, 62, 8)
(0, 63, 9)
(0, 63, 10)
(1, 63, 10)
(0, 64, 11)
(0, 64, 12)
(1, 64, 12)
(1, 64, 13)
(0, 64, 14)
(1, 63, 14)
(0, 63, 15)
(0, 63, 16)
(0, 63, 17)
(1, 62, 17)
(0, 62, 18)
(0, 62, 19)
(1, 61, 19)
(1, 61, 20)
(1, 61, 21)
(0, 61, 22)
(1, 60, 21)
(0, 60, 22)
(0, 60, 23)
(0, 60, 24)
(1, 59, 24)
(0, 59, 24)
(1, 58, 24)
(1, 58, 25)
(0, 59, 26)
(0, 59, 27)
(1, 59, 27)
(0, 60, 27)
(1, 60, 26)
(0, 61, 26)
(1, 61, 26)
(0, 62, 27)
(0, 62, 28)
(1, 61, 28)
(1, 61, 29)
(1, 61, 30)
(0, 61, 31)
(1, 60, 31)
(1, 60, 32)
(0, 61, 33)
(1, 61, 32)
(0, 62, 33)
(1, 62, 33)
(0, 63, 34)
(1, 63, 34)
(1, 63, 35)
(0, 64, 36)
(1, 64, 36)
(0, 65, 36)
(0, 65, 35)
(0, 65, 34)
(1, 65, 33)
(0, 66, 33)
(1, 66, 33)
(1, 66, 34)
(0, 67, 35)
(1, 67, 35)
(0, 68, 36)
(0, 68, 37)
(0, 68, 38)
(0, 68, 39)
(1, 68, 39)
(0, 69, 40)
(1, 69, 39)
(0, 70, 40)
(0, 70, 41)
(1, 70, 41)
(0, 71, 41)
(1, 71, 41)
(1, 71, 42)
(1, 71, 43)
(0, 71, 44)
(1, 70, 44)
(0, 70, 44)
(0, 70, 43)
(1, 69, 42)
(0, 69, 43)
(0, 69, 44)
(1, 68, 44)
(0, 68, 45)
(0, 68, 46)
(0, 68, 47)
(1, 67, 47)
(0, 67, 47)
(1, 66, 47)
(0, 66, 48)
(1, 65, 47)
(0, 65, 48)
(1, 64, 47)
(0, 64, 47)
(1, 63, 47)
(1, 63, 48)
(1, 63, 49)
(1, 63, 50)
(0, 64, 51)
(0, 64, 52)
(1, 64, 52)
(1, 64, 53)
(0, 64, 54)
(0, 64, 55)
(0, 64, 56)
(1, 63, 56)
(1, 63, 57)
(0, 63, 58)
(0, 63, 59)
(0, 63, 60)
(1, 63, 60)
(0, 64, 61)
(1, 64, 61)
(0, 65, 61)
(0, 65, 60)
(1, 65, 59)
(0, 66, 59)
(1, 66, 59)
(1, 66, 60)
(0, 66, 61)
(0, 66, 62)
(1, 66, 62)
(0, 67, 62)
(1, 67, 62)
(0, 68, 63)
(1, 68, 62)
(0, 69, 63)
(1, 69, 63)
(0, 70, 63)
(0, 70, 62)
(1, 69, 61)
(1, 69, 60)
(1, 69, 59)
(1, 69, 58)
(1, 69, 57)
(0, 70, 57)
(0, 70, 56)
(0, 70, 55)
(1, 70, 54)
(0, 71, 55)
(1, 71, 54)
(0, 72, 54)
(0, 72, 53)
(0, 72, 52)
(1, 71, 51)
(0, 71, 52)
(1, 70, 51)
(0, 70, 51)
(0, 70, 50)
(1, 70, 49)
(0, 71, 49)
(1, 71, 49)
(0, 72, 49)
(1, 72, 49)
(0, 73, 49)
(1, 73, 49)
(0, 74, 49)
(0, 74, 48)
(1, 73, 47)
(0, 73, 47)
(1, 72, 47)
(0, 72, 47)
(0, 72, 46)
(1, 72, 45)
(0, 73, 45)
(1, 73, 44)
(1, 73, 43)
(1, 73, 42)
(0, 73, 42)
(1, 72, 41)
(1, 72, 40)
(0, 72, 40)
(1, 71, 39)
(1, 71, 38)
(1, 71, 37)
(1, 71, 36)
(0, 71, 36)
(1, 70, 36)
(0, 70, 36)
(0, 70, 35)
(0, 70, 34)
(0, 70, 33)
(1, 69, 32)
(0, 69, 32)
(1, 68, 31)
(1, 68, 30)
(0, 69, 30)
(1, 69, 29)
(1, 69, 28)
(0, 69, 28)
(1, 68, 28)
(0, 68, 29)
(1, 67, 28)
(0, 67, 28)
(1, 66, 27)
(0, 66, 27)
(0, 66, 26)
(1, 66, 25)
(0, 67, 26)
(1, 67, 25)
(0, 68, 26)
(1, 68, 26)
(0, 69, 26)
(1, 69, 26)
(0, 70, 27)
(1, 70, 26)
(0, 71, 27)
(1, 71, 27)
(0, 72, 28)
(1, 72, 28)
(0, 73, 29)
(0, 73, 30)
(0, 73, 31)
(1, 72, 31)
(1, 72, 32)
(0, 72, 33)
(1, 71, 33)
(1, 71, 34)
(0, 72, 35)
(1, 72, 35)
(0, 73, 36)
(0, 73, 37)
(0, 73, 38)
(1, 73, 38)
(1, 73, 39)
(1, 73, 40)
(0, 74, 41)
(1, 74, 40)
(0, 75, 41)
(1, 75, 41)
(0, 76, 41)
(1, 76, 41)
(0, 77, 42)
(0, 77, 43)
(0, 77, 44)
(1, 77, 44)
(1, 77, 45)
(1, 77, 46)
(0, 77, 47)
(1, 76, 47)
(0, 76, 47)
(1, 75, 47)
(1, 75, 48)
(1, 75, 49)
(0, 75, 50)
(0, 75, 51)
(1, 75, 51)
(0, 76, 51)
(1, 76, 50)
(0, 77, 50)
(1, 77, 49)
(0, 78, 49)
(1, 78, 48)
(0, 79, 49)
(0, 79, 50)
(0, 79, 51)
(0, 79, 52)
(1, 79, 52)
(0, 80, 52)
(1, 80, 51)
(0, 81, 51)
(0, 81, 50)
(1, 81, 49)
(0, 82, 49)
(0, 82, 48)
(1, 81, 47)
(1, 81, 46)
(1, 81, 45)
(0, 81, 45)
(0, 81, 44)
(0, 81, 43)
(1, 81, 42)
(0, 82, 43)
(1, 82, 43)
(1, 82, 44)
(1, 82, 45)
(1, 82, 46)
(0, 83, 47)
(1, 83, 47)
(0, 84, 47)
(1, 84, 46)
(1, 84, 45)
(0, 84, 45)
(0, 84, 44)
(1, 84, 43)
(1, 84, 42)
(0, 84, 42)
(1, 83, 41)
(1, 83, 40)
(0, 84, 40)
(1, 84, 40)
(0, 85, 40)
(1, 85, 40)
(0, 86, 41)
(0, 86, 42)
(1, 86, 42)
(0, 87, 42)
(1, 87, 42)
(1, 87, 43)
(1, 87, 44)
(0, 88, 45)
(1, 88, 45)
(0, 89, 46)
(1, 89, 46)
(1, 89, 47)
(0, 90, 48)
(1, 90, 48)
(0, 91, 49)
(0, 91, 50)
(0, 91, 51)
(1, 91, 51)
(0, 92, 51)
(0, 92, 50)
(0, 92, 49)
(1, 92, 48)
(0, 93, 49)
(0, 93, 50)
(1, 93, 50)
(0, 94, 50)
(0, 94, 49)
(0, 94, 48)
(1, 94, 47)
(0, 95, 47)
(1, 95, 46)
(0, 96, 46)
(1, 96, 46)
(0, 97, 46)
(1, 97, 46)
(0, 98, 46)
(0, 98, 45)
(1, 98, 44)
(0, 99, 45)
(0, 99, 46)
(1, 99, 46)
(0, 100, 46)
(0, 100, 45)
(0, 100, 44)
(0, 100, 43)
(0, 100, 42)
(1, 99, 41)
(0, 99, 42)
(1, 98, 42)
(0, 98, 42)
(1, 97, 41)
(0, 97, 42)
(1, 96, 41)
(1, 96, 40)
(0, 97, 40)
(0, 97, 39)
(0, 97, 38)
(1, 96, 37)
(0, 96, 38)
(1, 95, 38)
(0, 95, 39)
(0, 95, 40)
(0, 95, 41)
(1, 94, 41)
(0, 94, 41)
(1, 93, 40)
(0, 93, 41)
(0, 93, 42)
(1, 93, 42)
(1, 93, 43)
(0, 94, 44)
(0, 94, 45)
(1, 93, 45)
(0, 93, 45)
(1, 92, 44)
(0, 92, 44)
(1, 91, 44)
(1, 91, 45)
(0, 91, 46)
(1, 90, 45)
(1, 90, 44)
(1, 90, 43)
(1, 90, 42)
(0, 90, 42)
(1, 89, 41)
(1, 89, 40)
(0, 89, 40)
(1, 88, 40)
(0, 88, 41)
(1, 87, 40)
(0, 87, 40)
(1, 86, 39)
(1, 86, 38)
(1, 86, 37)
(0, 87, 37)
(0, 87, 36)
(1, 87, 35)
(0, 88, 35)
(1, 88, 35)
(1, 88, 36)
(0, 88, 37)
(0, 88, 38)
(1, 88, 38)
(0, 89, 38)
(1, 89, 37)
(1, 89, 36)
(1, 89, 35)
(0, 90, 35)
(0, 90, 34)
(0, 90, 33)
(1, 90, 32)
(0, 91, 33)
(1, 91, 33)
(1, 91, 34)
(0, 91, 35)
(0, 91, 36)
(1, 91, 36)
(0, 92, 36)
(1, 92, 35)
(1, 92, 34)
(1, 92, 33)
(0, 93, 33)
(0, 93, 32)
(1, 93, 31)
(1, 93, 30)
(0, 94, 30)
(1, 94, 29)
(0, 95, 29)
(0, 95, 28)
(0, 95, 27)
(1, 95, 26)
(0, 96, 27)
(0, 96, 28)
(0, 96, 29)
(1, 96, 29)
(0, 97, 29)
(1, 97, 28)
(0, 98, 28)
(1, 98, 28)
(0, 99, 28)
(1, 99, 27)
(1, 99, 26)
(0, 99, 26)
(0, 99, 25)
(1, 99, 24)
(0, 100, 25)
(1, 100, 24)
(1, 100, 23)
(0, 100, 23)
(0, 100, 22)
(1, 100, 21)
(1, 100, 20)
(1, 100, 19)
(1, 100, 18)
(1, 100, 17)
(0, 100, 17)
(1, 99, 16)
(0, 99, 17)
(0, 99, 18)
(1, 99, 18)
(1, 99, 19)
(0, 99, 20)
(1, 98, 20)
(0, 98, 21)
(0, 98, 22)
(0, 98, 23)
(0, 98, 24)
(1, 97, 24)
(0, 97, 25)
(1, 96, 24)
(0, 96, 25)
(1, 95, 24)
(1, 95, 23)
(1, 95, 22)
(1, 95, 21)
(0, 96, 21)
(0, 96, 20)
(1, 96, 19)
(1, 96, 18)
(0, 97, 18)
(1, 97, 17)
(0, 98, 17)
(0, 98, 16)
(1, 97, 15)
(1, 97, 14)
(0, 97, 14)
(1, 96, 14)
(1, 96, 15)
(1, 96, 16)
(0, 96, 17)
(1, 95, 17)
(0, 95, 17)
(0, 95, 16)
(1, 94, 15)
(1, 94, 14)
(1, 94, 13)
(1, 94, 12)
(0, 95, 12)
(0, 95, 11)
(0, 95, 10)
(0, 95, 9)
(1, 94, 8)
(0, 94, 8)
(1, 93, 8)
(1, 93, 9)
(1, 93, 10)
(1, 93, 11)
(1, 93, 12)
(1, 93, 13)
(1, 93, 14)
(0, 93, 15)
(1, 92, 15)
(1, 92, 16)
(1, 92, 17)
(1, 92, 18)
(0, 93, 19)
(0, 93, 20)
(1, 92, 20)
(1, 92, 21)
(0, 92, 22)
(0, 92, 23)
(0, 92, 24)
(1, 91, 24)
(0, 91, 24)
(0, 91, 23)
(0, 91, 22)
(1, 90, 21)
(0, 90, 21)
(1, 89, 21)
(1, 89, 22)
(1, 89, 23)
(1, 89, 24)
(0, 89, 25)
(0, 89, 26)
(1, 88, 26)
(1, 88, 27)
(0, 88, 28)
(1, 87, 28)
(0, 87, 29)
(1, 86, 28)
(0, 86, 28)
(1, 85, 27)
(0, 85, 28)
(1, 84, 27)
(0, 84, 28)
(1, 83, 28)
(0, 83, 29)
(1, 82, 28)
(1, 82, 27)
(0, 82, 27)
(1, 81, 27)
(0, 81, 27)
(1, 80, 27)
(0, 80, 28)
(0, 80, 29)
(1, 80, 29)
(0, 81, 29)
(1, 81, 29)
(1, 81, 30)
(1, 81, 31)
(0, 82, 32)
(1, 82, 31)
(0, 83, 31)
(1, 83, 30)
(0, 84, 31)
(1, 84, 31)
(1, 84, 32)
(0, 84, 33)
(0, 84, 34)
(1, 84, 34)
(0, 85, 35)
(0, 85, 36)
(0, 85, 37)
(1, 84, 37)
(0, 84, 38)
(1, 83, 37)
(0, 83, 37)
(1, 82, 36)
(0, 82, 37)
(1, 81, 37)
(0, 81, 38)
(1, 80, 38)
(0, 80, 39)
(0, 80, 40)
(1, 79, 40)
(0, 79, 40)
(1, 78, 40)
(0, 78, 41)
(1, 77, 40)
(0, 77, 40)
(1, 76, 39)
(0, 76, 39)
(1, 75, 38)
(0, 75, 39)
(1, 74, 38)
(1, 74, 37)
(1, 74, 36)
(1, 74, 35)
(1, 74, 34)
(0, 75, 34)
(1, 75, 34)
(0, 76, 34)
(1, 76, 33)
(0, 77, 33)
(0, 77, 32)
(0, 77, 31)
(1, 77, 30)
(0, 78, 31)
(1, 78, 31)
(0, 79, 32)
(0, 79, 33)
(1, 79, 33)
(0, 80, 34)
(1, 80, 33)
(1, 80, 32)
(1, 80, 31)
(0, 80, 31)
(1, 79, 30)
(0, 79, 30)
(1, 78, 29)
(1, 78, 28)
(1, 78, 27)
(0, 78, 27)
(1, 77, 27)
(1, 77, 28)
(0, 77, 29)
(1, 76, 29)
(0, 76, 30)
(1, 75, 30)
(0, 75, 30)
(1, 74, 30)
(0, 74, 30)
(0, 74, 29)
(0, 74, 28)
(1, 74, 27)
(1, 74, 26)
(1, 74, 25)
(0, 75, 25)
(0, 75, 24)
(1, 74, 23)
(0, 74, 24)
(1, 73, 24)
(0, 73, 25)
(1, 72, 25)
(0, 72, 26)
(1, 71, 25)
(1, 71, 24)
(0, 71, 24)
(1, 70, 23)
(0, 70, 23)
(1, 69, 23)
(0, 69, 23)
(1, 68, 22)
(0, 68, 23)
(1, 67, 22)
(1, 67, 21)
(1, 67, 20)
(1, 67, 19)
(0, 68, 19)
(0, 68, 18)
(1, 67, 17)
(0, 67, 18)
(1, 66, 18)
(1, 66, 19)
(0, 66, 20)
(1, 65, 20)
(0, 65, 20)
(0, 65, 19)
(1, 64, 18)
(1, 64, 17)
(0, 64, 17)
(0, 64, 16)
(1, 64, 15)
(0, 65, 15)
(1, 65, 15)
(0, 66, 16)
(1, 66, 15)
(1, 66, 14)
(1, 66, 13)
(0, 67, 13)
(0, 67, 12)
(1, 67, 11)
(0, 68, 11)
(1, 68, 10)
(0, 69, 10)
(1, 69, 10)
(1, 69, 11)
(1, 69, 12)
(0, 69, 13)
(1, 68, 12)
(0, 68, 13)
(0, 68, 14)
(1, 68, 14)
(1, 68, 15)
(0, 69, 16)
(1, 69, 15)
(1, 69, 14)
(0, 70, 14)
(1, 70, 14)
(1, 70, 15)
(1, 70, 16)
(0, 71, 17)
(0, 71, 18)
(0, 71, 19)
(1, 70, 19)
(0, 70, 20)
(0, 70, 21)
(1, 70, 21)
(0, 71, 21)
(1, 71, 20)
(0, 72, 21)
(1, 72, 21)
(0, 73, 21)
(1, 73, 21)
(0, 74, 22)
(1, 74, 21)
(1, 74, 20)
(1, 74, 19)
(0, 74, 19)
(1, 73, 19)
(0, 73, 19)
(1, 72, 18)
(1, 72, 17)
(0, 73, 17)
(1, 73, 16)
(0, 74, 16)
(0, 74, 15)
(1, 74, 14)
(0, 75, 14)
(0, 75, 13)
(1, 74, 12)
(0, 74, 13)
(1, 73, 12)
(0, 73, 12)
(1, 72, 11)
(0, 72, 11)
(1, 71, 11)
(0, 71, 11)
(0, 71, 10)
(1, 70, 9)
(1, 70, 8)
(1, 70, 7)
(1, 70, 6)
(0, 71, 6)
(1, 71, 6)
(0, 72, 6)
(1, 72, 5)
(0, 73, 5)
(1, 73, 5)
(0, 74, 5)
(0, 74, 4)
(1, 74, 3)
(1, 74, 2)
(0, 75, 2)
(0, 75, 1)
(0, 75, 0)
(1, 75, -1)
(0, 76, 0)
(1, 76, -1)
(0, 77, -1)
(0, 77, -2)
(0, 77, -3)
(0, 77, -4)
(0, 77, -5)
(1, 76, -6)
(0, 76, -5)
(1, 75, -6)
(1, 75, -7)
(1, 75, -8)
(0, 76, -8)
(0, 76, -9)
(1, 76, -10)
(0, 77, -10)
(0, 77, -11)
(1, 77, -12)
(0, 78, -11)
(1, 78, -12)
(0, 79, -11)
(1, 79, -12)
(0, 80, -12)
(0, 80, -13)
(1, 80, -14)
(0, 81, -13)
(1, 81, -14)
(0, 82, -13)
(1, 82, -13)
(1, 82, -12)
(0, 83, -11)
(1, 83, -12)
(0, 84, -11)
(0, 84, -10)
(0, 84, -9)
(1, 83, -9)
(0, 83, -8)
(1, 82, -8)
(0, 82, -8)
(1, 81, -8)
(0, 81, -8)
(1, 80, -8)
(0, 80, -8)
(1, 79, -8)
(0, 79, -7)
(1, 78, -8)
(1, 78, -9)
(0, 78, -9)
(1, 77, -9)
(0, 77, -8)
(0, 77, -7)
(1, 77, -7)
(0, 78, -6)
(1, 78, -6)
(1, 78, -5)
(1, 78, -4)
(0, 79, -3)
(1, 79, -4)
(0, 80, -4)
(1, 80, -4)
(1, 80, -3)
(0, 81, -2)
(0, 81, -1)
(1, 81, -1)
(0, 82, 0)
(1, 82, -1)
(0, 83, 0)
(1, 83, -1)
(0, 84, -1)
(1, 84, -2)
(0, 85, -1)
(1, 85, -1)
(0, 86, 0)
(1, 86, 0)
(0, 87, 1)
(1, 87, 1)
(0, 88, 2)
(1, 88, 1)
(0, 89, 1)
(0, 89, 0)
(1, 89, -1)
(0, 90, -1)
(0, 90, -2)
(0, 90, -3)
(0, 90, -4)
(1, 89, -5)
(0, 89, -4)
(1, 88, -4)
(0, 88, -3)
(1, 87, -3)
(0, 87, -3)
(1, 86, -4)
(1, 86, -5)
(0, 86, -5)
(1, 85, -5)
(0, 85, -5)
(1, 84, -6)
(0, 84, -5)
(1, 83, -5)
(1, 83, -4)
(0, 83, -3)
(1, 82, -4)
(0, 82, -4)
(1, 81, -5)
(1, 81, -6)
(0, 82, -6)
(1, 82, -6)
(0, 83, -6)
(1, 83, -7)
(0, 84, -7)
(1, 84, -8)
(0, 85, -8)
(1, 85, -8)
(0, 86, -7)
(1, 86, -7)
(0, 87, -7)
(0, 87, -8)
(0, 87, -9)
(1, 86, -10)
(1, 86, -11)
(1, 86, -12)
(1, 86, -13)
(0, 87, -13)
(1, 87, -14)
(1, 87, -15)
(0, 87, -15)
(1, 86, -16)
(0, 86, -16)
(1, 85, -17)
(0, 85, -17)
(0, 85, -18)
(1, 85, -19)
(0, 86, -18)
(1, 86, -18)
(0, 87, -17)
(1, 87, -17)
(0, 88, -16)
(1, 88, -16)
(1, 88, -15)
(1, 88, -14)
(0, 89, -13)
(0, 89, -12)
(1, 89, -12)
(1, 89, -11)
(0, 90, -10)
(1, 90, -10)
(0, 91, -9)
(1, 91, -10)
(0, 92, -10)
(1, 92, -11)
(0, 93, -11)
(1, 93, -11)
(0, 94, -10)
(1, 94, -10)
(0, 95, -9)
(0, 95, -8)
(0, 95, -7)
(1, 94, -7)
(0, 94, -7)
(1, 93, -8)
(1, 93, -9)
(0, 93, -9)
(1, 92, -9)
(0, 92, -8)
(1, 91, -8)
(1, 91, -7)
(0, 92, -6)
(1, 92, -7)
(0, 93, -6)
(1, 93, -6)
(0, 94, -5)
(0, 94, -4)
(1, 93, -4)
(0, 93, -3)
(1, 92, -4)
(0, 92, -3)
(0, 92, -2)
(0, 92, -1)
(1, 92, -1)
(0, 93, -1)
(1, 93, -1)
(0, 94, 0)
(0, 94, 1)
(0, 94, 2)
(0, 94, 3)
(1, 93, 3)
(0, 93, 3)
(1, 92, 3)
(0, 92, 3)
(1, 91, 2)
(1, 91, 1)
(0, 91, 1)
(1, 90, 1)
(1, 90, 2)
(1, 90, 3)
(0, 91, 4)
(0, 91, 5)
(1, 91, 5)
(0, 92, 5)
(1, 92, 5)
(0, 93, 5)
(1, 93, 5)
(0, 94, 5)
(1, 94, 5)
(0, 95, 6)
(0, 95, 7)
(1, 95, 7)
(0, 96, 8)
(1, 96, 8)
(1, 96, 9)
(0, 96, 10)
(0, 96, 11)
(1, 96, 11)
(0, 97, 12)
(1, 97, 11)
(0, 98, 11)
(1, 98, 11)
(0, 99, 12)
(1, 99, 12)
(0, 100, 12)
(1, 100, 11)
(1, 100, 10)
(0, 100, 10)
(1, 99, 9)
(1, 99, 8)
(1, 99, 7)
(1, 99, 6)
(1, 99, 5)
(1, 99, 4)
(1, 99, 3)
(1, 99, 2)
(1, 99, 1)
(0, 100, 1)
(1, 100, 0)
(1, 100, -1)
(1, 100, -2)
(1, 100, -3)
(1, 100, -4)
(0, 100, -4)
(1, 99, -4)
(1, 99, -3)
(0, 99, -2)
(1, 98, -3)
(0, 98, -3)
(1, 97, -3)
(1, 97, -2)
(0, 98, -1)
(0, 98, 0)
(1, 97, 0)
(0, 97, 0)
(1, 96, 0)
(1, 96, 1)
(1, 96, 2)
(0, 97, 3)
(1, 97, 3)
(0, 98, 3)
(1, 98, 3)
(1, 98, 4)
(1, 98, 5)
(1, 98, 6)
(0, 98, 7)
(1, 97, 6)
(0, 97, 6)
(0, 97, 5)
(1, 96, 4)
(0, 96, 5)
(1, 95, 4)
(0, 95, 4)
(0, 95, 3)
(1, 95, 2)
(1, 95, 1)
(1, 95, 0)
(1, 95, -1)
(0, 96, -1)
(1, 96, -2)
(1, 96, -3)
(0, 96, -3)
(1, 95, -4)
(1, 95, -5)
(0, 96, -5)
(1, 96, -6)
(1, 96, -7)
(1, 96, -8)
(1, 96, -9)
(0, 97, -9)
(1, 97, -10)
(0, 98, -10)
(1, 98, -10)
(1, 98, -9)
(1, 98, -8)
(1, 98, -7)
(1, 98, -6)
(0, 99, -5)
(1, 99, -6)
(1, 99, -7)
(0, 100, -7)
(0, 100, -8)
(1, 99, -9)
(1, 99, -10)
(0, 100, -10)
(0, 100, -11)
(1, 100, -12)
(1, 100, -13)
(0, 100, -13)
(0, 100, -14)
(1, 100, -15)
(1, 100, -16)
(0, 100, -16)
(1, 99, -16)
(0, 99, -15)
(1, 98, -15)
(0, 98, -14)
(1, 97, -14)
(1, 97, -13)
(0, 97, -12)
(1, 96, -12)
(0, 96, -12)
(1, 95, -13)
(1, 95, -14)
(0, 95, -14)
(1, 94, -15)
(0, 94, -15)
(1, 93, -16)
(0, 93, -16)
(1, 92, -16)
(0, 92, -15)
(1, 91, -15)
(1, 91, -14)
(1, 91, -13)
(1, 91, -12)
(0, 91, -11)
(1, 90, -12)
(1, 90, -13)
(1, 90, -14)
(1, 90, -15)
(0, 90, -15)
(0, 90, -16)
(1, 90, -17)
(1, 90, -18)
(1, 90, -19)
(0, 90, -19)
(1, 89, -19)
(0, 89, -18)
(1, 88, -18)
(0, 88, -18)
(1, 87, -19)
(0, 87, -19)
(1, 86, -20)
(1, 86, -21)
(0, 86, -21)
(0, 86, -22)
(1, 85, -23)
(1, 85, -24)
(1, 85, -25)
(0, 86, -25)
(1, 86, -25)
(0, 87, -25)
(1, 87, -26)
(0, 88, -26)
(0, 88, -27)
(1, 88, -28)
(0, 89, -27)
(1, 89, -28)
(0, 90, -27)
(0, 90, -26)
(0, 90, -25)
(1, 90, -25)
(0, 91, -25)
(1, 91, -26)
(0, 92, -26)
(0, 92, -27)
(1, 91, -28)
(1, 91, -29)
(0, 91, -29)
(1, 90, -29)
(0, 90, -29)
(0, 90, -30)
(1, 89, -31)
(1, 89, -32)
(1, 89, -33)
(1, 89, -34)
(0, 89, -34)
(0, 89, -35)
(0, 89, -36)
(1, 88, -37)
(0, 88, -37)
(0, 88, -38)
(1, 87, -39)
(0, 87, -38)
(1, 86, -38)
(1, 86, -37)
(0, 86, -36)
(1, 85, -37)
(1, 85, -38)
(1, 85, -39)
(0, 86, -39)
(0, 86, -40)
(1, 85, -41)
(0, 85, -41)
(0, 85, -42)
(0, 85, -43)
(0, 85, -44)
(0, 85, -45)
(1, 85, -46)
(1, 85, -47)
(0, 85, -47)
(1, 84, -47)
(0, 84, -46)
(1, 83, -46)
(1, 83, -45)
(0, 84, -44)
(0, 84, -43)
(0, 84, -42)
(1, 83, -42)
(1, 83, -41)
(0, 84, -40)
(0, 84, -39)
(1, 84, -39)
(1, 84, -38)
(1, 84, -37)
(0, 84, -36)
(1, 83, -37)
(1, 83, -38)
(0, 83, -38)
(1, 82, -39)
(0, 82, -39)
(0, 82, -40)
(1, 82, -41)
(1, 82, -42)
(1, 82, -43)
(0, 82, -43)
(0, 82, -44)
(0, 82, -45)
(1, 82, -46)
(1, 82, -47)
(0, 82, -47)
(0, 82, -48)
(1, 81, -49)
(0, 81, -48)
(1, 80, -49)
(0, 80, -49)
(0, 80, -50)
(1, 79, -51)
(1, 79, -52)
(0, 80, -52)
(0, 80, -53)
(1, 80, -54)
(0, 81, -54)
(0, 81, -55)
(1, 80, -56)
(1, 80, -57)
(0, 81, -57)
(1, 81, -57)
(0, 82, -57)
(0, 82, -58)
(0, 82, -59)
(0, 82, -60)
(1, 82, -61)
(0, 83, -60)
(1, 83, -60)
(0, 84, -60)
(1, 84, -61)
(0, 85, -61)
(0, 85, -62)
(1, 84, -63)
(1, 84, -64)
(0, 85, -64)
(1, 85, -65)
(0, 86, -65)
(1, 86, -65)
(0, 87, -65)
(0, 87, -66)
(1, 87, -67)
(0, 88, -66)
(0, 88, -65)
(0, 88, -64)
(1, 88, -64)
(1, 88, -63)
(0, 88, -62)
(1, 87, -62)
(0, 87, -61)
(1, 86, -61)
(1, 86, -60)
(0, 87, -59)
(1, 87, -60)
(0, 88, -59)
(1, 88, -59)
(0, 89, -58)
(1, 89, -58)
(1, 89, -57)
(0, 90, -56)
(1, 90, -57)
(0, 91, -56)
(1, 91, -57)
(0, 92, -56)
(1, 92, -56)
(0, 93, -56)
(1, 93, -56)
(0, 94, -55)
(1, 94, -56)
(1, 94, -57)
(0, 94, -57)
(1, 93, -58)
(0, 93, -58)
(1, 92, -59)
(1, 92, -60)
(0, 92, -60)
(0, 92, -61)
(0, 92, -62)
(1, 91, -63)
(1, 91, -64)
(1, 91, -65)
(0, 92, -65)
(0, 92, -66)
(1, 91, -67)
(1, 91, -68)
(0, 92, -68)
(1, 92, -68)
(0, 93, -68)
(0, 93, -69)
(1, 93, -70)
(0, 94, -69)
(1, 94, -70)
(0, 95, -69)
(1, 95, -69)
(1, 95, -68)
(0, 95, -67)
(1, 94, -68)
(0, 94, -67)
(0, 94, -66)
(1, 93, -66)
(1, 93, -65)
(1, 93, -64)
(1, 93, -63)
(0, 94, -62)
(1, 94, -62)
(0, 95, -61)
(1, 95, -62)
(0, 96, -62)
(0, 96, -63)
(0, 96, -64)
(1, 95, -65)
(1, 95, -66)
(0, 96, -66)
(1, 96, -66)
(0, 97, -65)
(1, 97, -65)
(0, 98, -65)
(0, 98, -66)
(0, 98, -67)
(1, 97, -68)
(0, 97, -67)
(1, 96, -68)
(1, 96, -69)
(0, 97, -69)
(0, 97, -70)
(1, 97, -71)
(0, 98, -71)
(1, 98, -71)
(1, 98, -70)
(0, 99, -69)
(0, 99, -68)
(0, 99, -67)
(1, 99, -67)
(0, 100, -67)
(0, 100, -68)
(1, 100, -69)
(1, 100, -70)
(1, 100, -71)
(0, 100, -71)
(0, 100, -72)
(1, 99, -73)
(0, 99, -72)
(1, 98, -73)
(0, 98, -73)
(1, 97, -73)
(0, 97, -72)
(1, 96, -73)
(0, 96, -73)
(0, 96, -74)
(1, 96, -75)
(0, 97, -74)
(1, 97, -75)
(0, 98, -75)
(0, 98, -76)
(0, 98, -77)
(0, 98, -78)
(0, 98, -79)
(1, 97, -80)
(0, 97, -79)
(1, 96, -79)
(0, 96, -78)
(1, 95, -78)
(0, 95, -77)
(1, 94, -78)
(0, 94, -78)
(0, 94, -79)
(1, 93, -80)
(1, 93, -81)
(0, 93, -81)
(1, 92, -82)
(1, 92, -83)
(1, 92, -84)
(0, 92, -84)
(1, 91, -84)
(0, 91, -84)
(1, 90, -85)
(0, 90, -85)
(1, 89, -86)
(1, 89, -87)
(1, 89, -88)
(0, 90, -88)
(1, 90, -89)
(0, 91, -89)
(1, 91, -90)
(0, 92, -90)
(1, 92, -91)
(1, 92, -92)
(0, 93, -92)
(1, 93, -93)
(0, 94, -93)
(0, 94, -94)
(1, 94, -95)
(0, 95, -95)
(1, 95, -95)
(0, 96, -95)
(1, 96, -96)
(0, 97, -96)
(1, 97, -97)
(1, 97, -98)
(0, 98, -98)
(1, 98, -99)
(0, 99, -99)
(1, 99, -99)
(0, 100, -99)
(0, 100, -100)
(1, 100, -101)
(1, 100, -102)
(0, 100, -102)
(0, 100, -103)
(1, 100, -104)
(1, 100, -105)
(0, 100, -105)
(0, 100, -106)
(0, 100, -107)
(1, 100, -108)
(1, 100, -109)
(1, 100, -110)
(1, 100, -111)
(1, 100, -112)
(1, 100, -113)
(1, 100, -114)
(1, 100, -115)
(1, 100, -116)
(0, 100, -116)
(1, 99, -117)
(0, 99, -117)
(1, 98, -117)
(1, 98, -116)
(1, 98, -115)
(0, 99, -114)
(1, 99, -114)
(1, 99, -113)
(1, 99, -112)
(0, 99, -111)
(0, 99, -110)
(0, 99, -109)
(1, 98, -109)
(0, 98, -109)
(1, 97, -110)
(0, 97, -110)
(1, 96, -111)
(0, 96, -110)
(1, 95, -110)
(0, 95, -110)
(1, 94, -111)
(0, 94, -111)
(1, 93, -112)
(0, 93, -111)
(0, 93, -110)
(1, 92, -110)
(1, 92, -109)
(0, 92, -108)
(1, 91, -109)
(0, 91, -109)
(1, 90, -110)
(0, 90, -110)
(1, 89, -111)
(0, 89, -110)
(1, 88, -111)
(0, 88, -110)
(0, 88, -109)
(0, 88, -108)
(0, 88, -107)
(1, 88, -107)
(0, 89, -106)
(1, 89, -106)
(0, 90, -106)
(1, 90, -107)
(0, 91, -106)
(1, 91, -107)
(0, 92, -106)
(1, 92, -106)
(0, 93, -106)
(0, 93, -107)
(1, 93, -108)
(0, 94, -108)
(1, 94, -108)
(0, 95, -107)
(1, 95, -107)
(0, 96, -106)
(1, 96, -106)
(0, 97, -105)
(1, 97, -105)
(0, 98, -104)
(0, 98, -103)
(0, 98, -102)
(1, 97, -102)
(0, 97, -102)
(1, 96, -102)
(1, 96, -101)
(1, 96, -100)
(1, 96, -99)
(0, 96, -98)
(1, 95, -99)
(0, 95, -99)
(1, 94, -100)
(0, 94, -100)
(1, 93, -101)
(0, 93, -101)
(1, 92, -102)
(1, 92, -103)
(0, 92, -103)
(1, 91, -104)
(0, 91, -104)
(1, 90, -105)
(0, 90, -104)
(0, 90, -103)
(1, 89, -103)
(0, 89, -103)
(1, 88, -104)
(0, 88, -104)
(0, 88, -105)
(1, 87, -106)
(0, 87, -106)
(0, 87, -107)
(0, 87, -108)
(1, 86, -109)
(0, 86, -109)
(0, 86, -110)
(1, 85, -111)
(1, 85, -112)
(0, 85, -112)
(1, 84, -113)
(0, 84, -112)
(0, 84, -111)
(0, 84, -110)
(1, 83, -110)
(1, 83, -109)
(0, 83, -108)
(1, 82, -109)
(1, 82, -110)
(0, 82, -110)
(0, 82, -111)
(0, 82, -112)
(1, 81, -113)
(0, 81, -112)
(0, 81, -111)
(1, 80, -111)
(0, 80, -110)
(1, 79, -111)
(1, 79, -112)
(0, 80, -112)
(0, 80, -113)
(1, 80, -114)
(0, 81, -114)
(1, 81, -115)
(0, 82, -115)
(0, 82, -116)
(0, 82, -117)
(1, 82, -118)
(0, 83, -117)
(1, 83, -118)
(0, 84, -118)
(0, 84, -119)
(1, 84, -120)
(0, 85, -120)
(0, 85, -121)
(1, 84, -122)
(1, 84, -123)
(1, 84, -124)
(1, 84, -125)
(0, 84, -125)
(1, 83, -125)
(0, 83, -124)
(1, 82, -124)
(1, 82, -123)
(0, 82, -122)
(1, 81, -122)
(1, 81, -121)
(0, 81, -120)
(0, 81, -119)
(1, 80, -119)
(1, 80, -118)
(1, 80, -117)
(0, 80, -116)
(1, 79, -117)
(1, 79, -118)
(1, 79, -119)
(1, 79, -120)
(0, 80, -120)
(0, 80, -121)
(1, 80, -122)
(1, 80, -123)
(0, 80, -123)
(1, 79, -124)
(0, 79, -124)
(1, 78, -125)
(0, 78, -125)
(1, 77, -126)
(1, 77, -127)
(1, 77, -128)
(1, 77, -129)
(0, 77, -129)
(0, 77, -130)
(0, 77, -131)
(0, 77, -132)
(0, 77, -133)
(0, 77, -134)
(1, 77, -135)
(0, 78, -135)
(1, 78, -135)
(0, 79, -134)
(1, 79, -134)
(0, 80, -134)
(0, 80, -135)
(1, 79, -136)
(0, 79, -136)
(0, 79, -137)
(1, 78, -138)
(0, 78, -138)
(1, 77, -139)
(1, 77, -140)
(0, 78, -140)
(1, 78, -141)
(1, 78, -142)
(0, 78, -142)
(0, 78, -143)
(1, 77, -144)
(0, 77, -144)
(0, 77, -145)
(1, 77, -146)
(0, 78, -146)
(0, 78, -147)
(1, 78, -148)
(1, 78, -149)
(0, 79, -149)
(1, 79, -149)
(0, 80, -148)
(0, 80, -147)
(1, 79, -147)
(0, 79, -146)
(0, 79, -145)
(1, 79, -145)
(1, 79, -144)
(1, 79, -143)
(1, 79, -142)
(1, 79, -141)
(0, 80, -140)
(1, 80, -140)
(0, 81, -140)
(1, 81, -141)
(1, 81, -142)
(1, 81, -143)
(1, 81, -144)
(1, 81, -145)
(0, 82, -145)
(1, 82, -146)
(1, 82, -147)
(0, 83, -147)
(1, 83, -148)
(0, 84, -147)
(1, 84, -147)
(0, 85, -146)
(1, 85, -146)
(1, 85, -145)
(0, 86, -144)
(1, 86, -144)
(0, 87, -144)
(1, 87, -144)
(0, 88, -143)
(0, 88, -142)
(1, 88, -142)
(0, 89, -142)
(1, 89, -142)
(0, 90, -142)
(0, 90, -143)
(1, 89, -144)
(0, 89, -144)
(0, 89, -145)
(1, 88, -146)
(0, 88, -146)
(1, 87, -147)
(0, 87, -147)
(1, 86, -147)
(0, 86, -147)
(1, 85, -148)
(0, 85, -148)
(1, 84, -149)
(0, 84, -149)
(0, 84, -150)
(1, 83, -151)
(0, 83, -150)
(1, 82, -150)
(0, 82, -150)
(1, 81, -151)
(0, 81, -151)
(1, 80, -152)
(0, 80, -152)
(0, 80, -153)
(1, 80, -154)
(1, 80, -155)
(0, 80, -155)
(1, 79, -156)
(0, 79, -155)
(1, 78, -156)
(1, 78, -157)
(0, 79, -157)
(0, 79, -158)
(1, 79, -159)
(1, 79, -160)
(1, 79, -161)
(0, 79, -161)
(0, 79, -162)
(1, 79, -163)
(0, 80, -162)
(1, 80, -163)
(1, 80, -164)
(0, 81, -164)
(1, 81, -164)
(0, 82, -163)
(1, 82, -163)
(0, 83, -163)
(1, 83, -164)
(1, 83, -165)
(1, 83, -166)
(1, 83, -167)
(1, 83, -168)
(1, 83, -169)
(1, 83, -170)
(0, 84, -170)
(0, 84, -171)
(0, 84, -172)
(1, 84, -173)
(0, 85, -172)
(1, 85, -172)
(0, 86, -172)
(1, 86, -172)
(0, 87, -172)
(1, 87, -173)
(0, 88, -172)
(1, 88, -172)
(0, 89, -172)
(1, 89, -173)
(0, 90, -172)
(1, 90, -173)
(0, 91, -172)
(0, 91, -171)
(0, 91, -170)
(1, 91, -170)
(0, 92, -169)
(1, 92, -170)
(0, 93, -169)
(1, 93, -170)
(0, 94, -169)
(1, 94, -170)
(1, 94, -171)
(0, 94, -171)
(0, 94, -172)
(0, 94, -173)
(1, 93, -174)
(0, 93, -173)
(1, 92, -174)
(0, 92, -174)
(1, 91, -174)
(0, 91, -174)
(1, 90, -175)
(0, 90, -174)
(1, 89, -175)
(0, 89, -174)
(1, 88, -174)
(0, 88, -174)
(1, 87, -175)
(0, 87, -174)
(1, 86, -174)
(0, 86, -174)
(0, 86, -175)
(1, 86, -176)
(1, 86, -177)
(1, 86, -178)
(0, 87, -178)
(0, 87, -179)
(1, 86, -180)
(0, 86, -179)
(1, 85, -180)
(0, 85, -180)
(1, 84, -180)
(0, 84, -179)
(0, 84, -178)
(1, 84, -178)
(0, 85, -178)
(1, 85, -178)
(1, 85, -177)
(0, 85, -176)
(1, 84, -176)
(1, 84, -175)
(0, 84, -174)
(1, 83, -175)
(1, 83, -176)
(1, 83, -177)
(0, 83, -177)
(1, 82, -177)
(1, 82, -176)
(0, 82, -175)
(1, 81, -175)
(1, 81, -174)
(0, 82, -173)
(1, 82, -173)
(1, 82, -172)
(0, 82, -171)
(0, 82, -170)
(1, 82, -170)
(1, 82, -169)
(0, 82, -168)
(1, 81, -168)
(0, 81, -168)
(1, 80, -168)
(0, 80, -167)
(1, 79, -167)
(0, 79, -166)
(1, 78, -166)
(0, 78, -165)
(1, 77, -165)
(1, 77, -164)
(0, 78, -163)
(0, 78, -162)
(1, 77, -162)
(0, 77, -161)
(1, 76, -162)
(1, 76, -163)
(1, 76, -164)
(1, 76, -165)
(1, 76, -166)
(1, 76, -167)
(0, 77, -167)
(1, 77, -167)
(0, 78, -167)
(1, 78, -168)
(1, 78, -169)
(1, 78, -170)
(0, 78, -170)
(1, 77, -170)
(0, 77, -170)
(0, 77, -171)
(0, 77, -172)
(0, 77, -173)
(1, 76, -174)
(0, 76, -174)
(1, 75, -174)
(0, 75, -173)
(1, 74, -174)
(1, 74, -175)
(1, 74, -176)
(1, 74, -177)
(0, 75, -177)
(1, 75, -177)
(0, 76, -177)
(1, 76, -177)
(1, 76, -176)
(0, 77, -175)
(1, 77, -175)
(0, 78, -175)
(1, 78, -176)
(1, 78, -177)
(0, 79, -177)
(0, 79, -178)
(1, 79, -179)
(0, 80, -179)
(1, 80, -180)
(1, 80, -181)
(0, 80, -181)
(1, 79, -181)
(0, 79, -180)
(1, 78, -181)
(0, 78, -180)
(1, 77, -181)
(0, 77, -181)
(0, 77, -182)
(1, 77, -183)
(0, 78, -183)
(0, 78, -184)
(1, 78, -185)
(0, 79, -185)
(0, 79, -186)
(1, 79, -187)
(0, 80, -187)
(1, 80, -188)
(0, 81, -188)
(1, 81, -189)
(1, 81, -190)
(0, 81, -190)
(0, 81, -191)
(1, 81, -192)
(0, 82, -191)
(1, 82, -191)
(0, 83, -190)
(1, 83, -191)
(1, 83, -192)
(1, 83, -193)
(0, 84, -193)
(1, 84, -193)
(1, 84, -192)
(1, 84, -191)
(1, 84, -190)
(0, 85, -189)
(0, 85, -188)
(1, 84, -188)
(0, 84, -188)
(1, 83, -189)
(0, 83, -188)
(0, 83, -187)
(1, 83, -187)
(1, 83, -186)
(1, 83, -185)
(0, 83, -184)
(0, 83, -183)
(1, 83, -183)
(1, 83, -182)
(0, 84, -181)
(1, 84, -182)
(1, 84, -183)
(0, 85, -183)
(1, 85, -184)
(0, 86, -183)
(1, 86, -183)
(0, 87, -183)
(0, 87, -184)
(1, 86, -185)
(1, 86, -186)
(0, 87, -186)
(1, 87, -187)
(0, 88, -187)
(0, 88, -188)
(1, 88, -189)
(0, 89, -189)
(1, 89, -190)
(1, 89, -191)
(1, 89, -192)
(0, 89, -192)
(1, 88, -192)
(0, 88, -192)
(1, 87, -193)
(1, 87, -194)
(1, 87, -195)
(1, 87, -196)
(0, 88, -196)
(0, 88, -197)
(1, 88, -198)
(1, 88, -199)
(1, 88, -200)
(0, 88, -200)
(1, 87, -200)
(1, 87, -199)
(0, 87, -198)
(0, 87, -197)
(1, 86, -197)
(0, 86, -196)
(1, 85, -197)
(0, 85, -197)
(0, 85, -198)
(1, 84, -199)
(0, 84, -198)
(1, 83, -199)
(1, 83, -200)
(0, 83, -200)
(1, 82, -200)
(0, 82, -199)
(1, 81, -200)
(0, 81, -199)
(0, 81, -198)
(1, 81, -198)
(1, 81, -197)
(0, 82, -196)
(0, 82, -195)
(1, 81, -195)
(0, 81, -195)
(1, 80, -196)
(1, 80, -197)
(0, 80, -197)
(1, 79, -198)
(0, 79, -198)
(0, 79, -199)
(1, 78, -200)
(0, 78, -200)
(1, 77, -200)
(1, 77, -199)
(0, 78, -198)
(0, 78, -197)
(0, 78, -196)
(1, 77, -196)
(0, 77, -195)
(0, 77, -194)
(1, 76, -194)
(0, 76, -194)
(0, 76, -195)
(1, 75, -196)
(0, 75, -196)
(1, 74, -196)
(0, 74, -196)
(0, 74, -197)
(0, 74, -198)
(0, 74, -199)
(1, 73, -200)
(0, 73, -199)
(1, 72, -199)
(0, 72, -199)
(1, 71, -200)
(0, 71, -199)
(1, 70, -200)
(0, 70, -200)
(1, 69, -200)
(1, 69, -199)
(1, 69, -198)
(0, 70, -197)
(0, 70, -196)
(0, 70, -195)
(1, 69, -195)
(1, 69, -194)
(0, 70, -193)
(0, 70, -192)
(0, 70, -191)
(1, 70, -191)
(1, 70, -190)
(0, 70, -189)
(1, 69, -189)
(0, 69, -188)
(1, 68, -188)
(0, 68, -187)
(0, 68, -186)
(1, 67, -186)
(1, 67, -185)
(0, 68, -184)
(0, 68, -183)
(1, 68, -183)
(0, 69, -182)
(1, 69, -182)
(0, 70, -182)
(1, 70, -183)
(0, 71, -183)
(0, 71, -184)
(1, 71, -185)
(1, 71, -186)
(0, 72, -186)
(1, 72, -187)
(1, 72, -188)
(0, 72, -188)
(0, 72, -189)
(1, 71, -190)
(1, 71, -191)
(1, 71, -192)
(1, 71, -193)
(0, 71, -193)
(0, 71, -194)
(0, 71, -195)
(0, 71, -196)
(1, 71, -197)
(0, 72, -197)
(1, 72, -197)
(1, 72, -196)
(0, 73, -195)
(0, 73, -194)
(0, 73, -193)
(0, 73, -192)
(1, 72, -192)
(1, 72, -191)
(0, 73, -190)
(1, 73, -190)
(1, 73, -189)
(1, 73, -188)
(1, 73, -187)
(0, 74, -186)
(0, 74, -185)
(1, 74, -185)
(0, 75, -185)
(1, 75, -186)
(1, 75, -187)
(0, 75, -187)
(1, 74, -188)
(1, 74, -189)
(1, 74, -190)
(0, 75, -190)
(0, 75, -191)
(1, 75, -192)
(0, 76, -192)
(1, 76, -192)
(0, 77, -192)
(1, 77, -193)
(0, 78, -192)
(1, 78, -193)
(0, 79, -192)
(0, 79, -191)
(1, 78, -191)
(1, 78, -190)
(1, 78, -189)
(1, 78, -188)
(0, 78, -187)
(1, 77, -188)
(1, 77, -189)
(1, 77, -190)
(0, 77, -190)
(1, 76, -190)
(0, 76, -189)
(0, 76, -188)
(1, 76, -188)
(1, 76, -187)
(1, 76, -186)
(0, 77, -185)
(0, 77, -184)
(1, 76, -184)
(0, 76, -184)
(1, 75, -184)
(1, 75, -183)
(1, 75, -182)
(0, 75, -181)
(1, 74, -181)
(1, 74, -180)
(0, 74, -179)
(0, 74, -178)
(1, 73, -178)
(1, 73, -177)
(1, 73, -176)
(0, 73, -175)
(1, 72, -176)
(0, 72, -175)
(1, 71, -175)
(0, 71, -175)
(0, 71, -176)
(1, 71, -177)
(1, 71, -178)
(0, 72, -178)
(0, 72, -179)
(1, 71, -180)
(0, 71, -180)
(1, 70, -180)
(0, 70, -179)
(0, 70, -178)
(1, 69, -178)
(0, 69, -178)
(1, 68, -179)
(0, 68, -178)
(1, 67, -179)
(0, 67, -179)
(1, 66, -180)
(0, 66, -180)
(0, 66, -181)
(1, 65, -182)
(0, 65, -182)
(0, 65, -183)
(0, 65, -184)
(0, 65, -185)
(0, 65, -186)
(0, 65, -187)
(0, 65, -188)
(1, 64, -189)
(0, 64, -188)
(1, 63, -189)
(1, 63, -190)
(0, 63, -190)
(1, 62, -190)
(0, 62, -189)
(0, 62, -188)
(1, 62, -188)
(0, 63, -187)
(0, 63, -186)
(1, 63, -186)
(1, 63, -185)
(0, 63, -184)
(1, 62, -185)
(0, 62, -185)
(1, 61, -185)
(0, 61, -184)
(1, 60, -185)
(1, 60, -186)
(0, 61, -186)
(0, 61, -187)
(0, 61, -188)
(0, 61, -189)
(1, 60, -190)
(0, 60, -189)
(0, 60, -188)
(1, 59, -188)
(0, 59, -187)
(0, 59, -186)
(0, 59, -185)
(0, 59, -184)
(0, 59, -183)
(1, 58, -183)
(1, 58, -182)
(1, 58, -181)
(1, 58, -180)
(1, 58, -179)
(0, 59, -178)
(1, 59, -178)
(1, 59, -177)
(0, 59, -176)
(1, 58, -176)
(0, 58, -176)
(0, 58, -177)
(1, 57, -178)
(1, 57, -179)
(0, 57, -179)
(1, 56, -179)
(0, 56, -178)
(1, 55, -179)
(0, 55, -178)
(1, 54, -178)
(0, 54, -178)
(0, 54, -179)
(1, 54, -180)
(0, 55, -180)
(0, 55, -181)
(1, 54, -182)
(0, 54, -182)
(1, 53, -183)
(0, 53, -182)
(0, 53, -181)
(0, 53, -180)
(0, 53, -179)
(0, 53, -178)
(1, 52, -178)
(0, 52, -177)
(1, 51, -177)
(1, 51, -176)
(1, 51, -175)
(0, 52, -174)
(0, 52, -173)
(0, 52, -172)
(1, 51, -172)
(0, 51, -171)
(0, 51, -170)
(1, 51, -170)
(0, 52, -170)
(1, 52, -171)
(0, 53, -170)
(0, 53, -169)
(1, 52, -169)
(1, 52, -168)
(0, 52, -167)
(1, 51, -167)
(1, 51, -166)
(0, 51, -165)
(1, 50, -166)
(0, 50, -165)
(1, 49, -165)
(1, 49, -164)
(1, 49, -163)
(0, 50, -162)
(1, 50, -163)
(0, 51, -162)
(1, 51, -162)
(1, 51, -161)
(0, 52, -160)
(0, 52, -159)
(1, 52, -159)
(0, 53, -159)
(1, 53, -160)
(1, 53, -161)
(0, 53, -161)
(0, 53, -162)
(1, 52, -163)
(1, 52, -164)
(1, 52, -165)
(0, 53, -165)
(1, 53, -166)
(0, 54, -165)
(0, 54, -164)
(0, 54, -163)
(0, 54, -162)
(1, 54, -162)
(1, 54, -161)
(1, 54, -160)
(1, 54, -159)
(0, 54, -158)
(1, 53, -158)
(0, 53, -157)
(0, 53, -156)
(0, 53, -155)
(0, 53, -154)
(0, 53, -153)
(0, 53, -152)
(1, 52, -152)
(0, 52, -151)
(0, 52, -150)
(1, 51, -150)
(0, 51, -149)
(1, 50, -149)
(0, 50, -149)
(0, 50, -150)
(1, 49, -151)
(0, 49, -151)
(1, 48, -151)
(0, 48, -151)
(1, 47, -151)
(0, 47, -151)
(1, 46, -152)
(1, 46, -153)
(1, 46, -154)
(1, 46, -155)
(0, 47, -155)
(0, 47, -156)
(0, 47, -157)
(1, 46, -158)
(0, 46, -158)
(1, 45, -158)
(0, 45, -158)
(0, 45, -159)
(0, 45, -160)
(0, 45, -161)
(1, 44, -162)
(1, 44, -163)
(1, 44, -164)
(0, 45, -164)
(0, 45, -165)
(1, 44, -166)
(0, 44, -165)
(1, 43, -166)
(1, 43, -167)
(0, 44, -167)
(1, 44, -168)
(0, 45, -167)
(1, 45, -168)
(0, 46, -168)
(1, 46, -168)
(0, 47, -168)
(0, 47, -169)
(1, 47, -170)
(1, 47, -171)
(0, 47, -171)
(1, 46, -172)
(1, 46, -173)
(0, 46, -173)
(1, 45, -174)
(1, 45, -175)
(0, 45, -175)
(1, 44, -176)
(0, 44, -175)
(1, 43, -175)
(0, 43, -175)
(0, 43, -176)
(1, 43, -177)
(1, 43, -178)
(0, 43, -178)
(1, 42, -178)
(0, 42, -178)
(1, 41, -178)
(1, 41, -177)
(1, 41, -176)
(0, 41, -175)
(0, 41, -174)
(1, 40, -174)
(0, 40, -173)
(0, 40, -172)
(1, 39, -172)
(0, 39, -172)
(0, 39, -173)
(0, 39, -174)
(0, 39, -175)
(1, 38, -176)
(0, 38, -175)
(1, 37, -175)
(0, 37, -175)
(0, 37, -176)
(1, 36, -177)
(0, 36, -177)
(1, 35, -178)
(0, 35, -178)
(0, 35, -179)
(1, 35, -180)
(1, 35, -181)
(0, 36, -181)
(1, 36, -182)
(0, 37, -181)
(0, 37, -180)
(1, 36, -180)
(1, 36, -179)
(0, 37, -178)
(1, 37, -178)
(0, 38, -177)
(1, 38, -178)
(0, 39, -178)
(1, 39, -178)
(1, 39, -177)
(0, 40, -176)
(1, 40, -177)
(1, 40, -178)
(1, 40, -179)
(0, 41, -179)
(0, 41, -180)
(1, 41, -181)
(0, 42, -180)
(1, 42, -181)
(0, 43, -180)
(1, 43, -181)
(1, 43, -182)
(0, 44, -182)
(1, 44, -183)
(0, 45, -182)
(0, 45, -181)
(0, 45, -180)
(0, 45, -179)
(0, 45, -178)
(0, 45, -177)
(1, 45, -177)
(0, 46, -176)
(1, 46, -176)
(0, 47, -176)
(0, 47, -177)
(1, 47, -178)
(0, 48, -177)
(0, 48, -176)
(0, 48, -175)
(1, 47, -175)
(1, 47, -174)
(1, 47, -173)
(0, 48, -172)
(1, 48, -172)
(0, 49, -171)
(0, 49, -170)
(0, 49, -169)
(0, 49, -168)
(1, 49, -168)
(0, 50, -168)
(0, 50, -169)
(0, 50, -170)
(0, 50, -171)
(0, 50, -172)
(1, 49, -173)
(0, 49, -173)
(0, 49, -174)
(0, 49, -175)
(1, 49, -176)
(1, 49, -177)
(0, 49, -177)
(0, 49, -178)
(0, 49, -179)
(1, 48, -180)
(0, 48, -179)
(1, 47, -180)
(0, 47, -180)
(0, 47, -181)
(1, 46, -182)
(1, 46, -183)
(0, 47, -183)
(0, 47, -184)
(0, 47, -185)
(0, 47, -186)
(1, 47, -187)
(1, 47, -188)
(1, 47, -189)
(1, 47, -190)
(0, 48, -190)
(0, 48, -191)
(1, 48, -192)
(0, 49, -191)
(0, 49, -190)
(0, 49, -189)
(1, 49, -189)
(1, 49, -188)
(0, 50, -187)
(1, 50, -188)
(0, 51, -188)
(0, 51, -189)
(1, 50, -190)
(0, 50, -190)
(0, 50, -191)
(1, 50, -192)
(0, 51, -192)
(0, 51, -193)
(1, 51, -194)
(1, 51, -195)
(0, 52, -195)
(1, 52, -196)
(0, 53, -196)
(1, 53, -197)
(0, 54, -196)
(1, 54, -196)
(1, 54, -195)
(0, 54, -194)
(0, 54, -193)
(0, 54, -192)
(1, 53, -192)
(1, 53, -191)
(0, 53, -190)
(1, 52, -190)
(1, 52, -189)
(1, 52, -188)
(0, 52, -187)
(0, 52, -186)
(1, 52, -186)
(0, 53, -186)
(1, 53, -187)
(0, 54, -187)
(1, 54, -188)
(0, 55, -188)
(0, 55, -189)
(1, 55, -190)
(0, 56, -190)
(1, 56, -191)
(1, 56, -192)
(0, 57, -192)
(1, 57, -193)
(1, 57, -194)
(0, 58, -194)
(1, 58, -194)
(1, 58, -193)
(0, 59, -192)
(1, 59, -192)
(0, 60, -192)
(1, 60, -193)
(0, 61, -193)
(1, 61, -194)
(0, 62, -193)
(1, 62, -193)
(0, 63, -192)
(1, 63, -192)
(0, 64, -191)
(1, 64, -191)
(0, 65, -190)
(1, 65, -191)
(0, 66, -191)
(1, 66, -192)
(0, 67, -192)
(1, 67, -193)
(0, 68, -192)
(1, 68, -193)
(1, 68, -194)
(1, 68, -195)
(1, 68, -196)
(0, 68, -196)
(1, 67, -196)
(1, 67, -195)
(0, 67, -194)
(1, 66, -194)
(0, 66, -194)
(1, 65, -195)
(0, 65, -195)
(1, 64, -195)
(0, 64, -194)
(1, 63, -195)
(1, 63, -196)
(0, 63, -196)
(1, 62, -197)
(1, 62, -198)
(1, 62, -199)
(0, 62, -199)
(1, 61, -199)
(0, 61, -199)
(1, 60, -199)
(0, 60, -198)
(1, 59, -198)
(0, 59, -198)
(1, 58, -198)
(1, 58, -197)
(0, 58, -196)
(1, 57, -196)
(0, 57, -195)
(1, 56, -195)
(0, 56, -195)
(1, 55, -196)
(1, 55, -197)
(0, 55, -197)
(1, 54, -198)
(0, 54, -198)
(1, 53, -199)
(0, 53, -199)
(1, 52, -199)
(0, 52, -198)
(1, 51, -198)
(0, 51, -198)
(1, 50, -198)
(0, 50, -198)
(1, 49, -198)
(0, 49, -198)
(1, 48, -198)
(0, 48, -198)
(1, 47, -199)
(0, 47, -198)
(0, 47, -197)
(0, 47, -196)
(1, 46, -196)
(0, 46, -195)
(1, 45, -195)
(0, 45, -194)
(0, 45, -193)
(1, 44, -193)
(1, 44, -192)
(1, 44, -191)
(0, 44, -190)
(1, 43, -191)
(0, 43, -191)
(1, 42, -191)
(0, 42, -191)
(1, 41, -191)
(0, 41, -191)
(0, 41, -192)
(1, 40, -193)
(0, 40, -192)
(1, 39, -193)
(1, 39, -194)
(0, 40, -194)
(1, 40, -195)
(1, 40, -196)
(0, 40, -196)
(1, 39, -197)
(1, 39, -198)
(0, 39, -198)
(1, 38, -198)
(0, 38, -198)
(1, 37, -199)
(0, 37, -199)
(1, 36, -199)
(0, 36, -199)
(1, 35, -199)
(1, 35, -198)
(0, 35, -197)
(1, 34, -197)
(0, 34, -197)
(0, 34, -198)
(0, 34, -199)
(1, 33, -200)
(0, 33, -200)
(1, 32, -200)
(0, 32, -199)
(0, 32, -198)
(1, 32, -198)
(1, 32, -197)
(0, 33, -196)
(0, 33, -195)
(0, 33, -194)
(1, 32, -194)
(1, 32, -193)
(1, 32, -192)
(1, 32, -191)
(1, 32, -190)
(0, 32, -189)
(0, 32, -188)
(0, 32, -187)
(1, 32, -187)
(0, 33, -187)
(0, 33, -188)
(1, 33, -189)
(1, 33, -190)
(1, 33, -191)
(1, 33, -192)
(1, 33, -193)
(0, 34, -193)
(1, 34, -194)
(0, 35, -194)
(1, 35, -194)
(1, 35, -193)
(0, 36, -192)
(1, 36, -193)
(0, 37, -193)
(1, 37, -194)
(1, 37, -195)
(0, 38, -195)
(1, 38, -195)
(1, 38, -194)
(1, 38, -193)
(1, 38, -192)
(0, 38, -191)
(1, 37, -191)
(0, 37, -191)
(1, 36, -191)
(1, 36, -190)
(1, 36, -189)
(1, 36, -188)
(1, 36, -187)
(0, 37, -186)
(1, 37, -186)
(0, 38, -186)
(0, 38, -187)
(1, 37, -188)
(1, 37, -189)
(0, 38, -189)
(1, 38, -190)
(0, 39, -189)
(1, 39, -190)
(0, 40, -189)
(1, 40, -189)
(1, 40, -188)
(1, 40, -187)
(0, 41, -186)
(0, 41, -185)
(0, 41, -184)
(1, 40, -184)
(0, 40, -184)
(1, 39, -184)
(0, 39, -184)
(1, 38, -185)
(0, 38, -184)
(0, 38, -183)
(1, 37, -183)
(0, 37, -183)
(1, 36, -184)
(1, 36, -185)
(0, 36, -185)
(1, 35, -186)
(1, 35, -187)
(1, 35, -188)
(1, 35, -189)
(1, 35, -190)
(1, 35, -191)
(0, 35, -191)
(1, 34, -191)
(1, 34, -190)
(1, 34, -189)
(1, 34, -188)
(1, 34, -187)
(0, 34, -186)
(1, 33, -186)
(1, 33, -185)
(0, 33, -184)
(1, 32, -184)
(0, 32, -183)
(0, 32, -182)
(1, 32, -182)
(0, 33, -181)
(0, 33, -180)
(1, 32, -180)
(1, 32, -179)
(0, 33, -178)
(0, 33, -177)
(1, 33, -177)
(1, 33, -176)
(1, 33, -175)
(0, 34, -174)
(0, 34, -173)
(1, 34, -173)
(0, 35, -173)
(1, 35, -174)
(0, 36, -174)
(1, 36, -174)
(1, 36, -173)
(0, 36, -172)
(0, 36, -171)
(0, 36, -170)
(0, 36, -169)
(1, 35, -169)
(1, 35, -168)
(0, 36, -167)
(0, 36, -166)
(1, 36, -166)
(1, 36, -165)
(0, 37, -164)
(0, 37, -163)
(1, 36, -163)
(0, 36, -163)
(1, 35, -163)
(0, 35, -163)
(0, 35, -164)
(0, 35, -165)
(1, 34, -166)
(0, 34, -166)
(1, 33, -167)
(1, 33, -168)
(0, 34, -168)
(0, 34, -169)
(1, 33, -170)
(0, 33, -170)
(1, 32, -171)
(0, 32, -171)
(1, 31, -171)
(0, 31, -170)
(1, 30, -171)
(0, 30, -170)
(0, 30, -169)
(1, 29, -169)
(1, 29, -168)
(0, 29, -167)
(1, 28, -168)
(0, 28, -168)
(1, 27, -169)
(1, 27, -170)
(0, 27, -170)
(1, 26, -170)
(0, 26, -170)
(1, 25, -171)
(1, 25, -172)
(0, 25, -172)
(0, 25, -173)
(1, 25, -174)
(0, 26, -174)
(1, 26, -174)
(1, 26, -173)
(0, 27, -172)
(1, 27, -172)
(0, 28, -172)
(0, 28, -173)
(0, 28, -174)
(0, 28, -175)
(1, 27, -176)
(0, 27, -175)
(1, 26, -176)
(1, 26, -177)
(0, 27, -177)
(1, 27, -178)
(0, 28, -178)
(1, 28, -178)
(0, 29, -177)
(0, 29, -176)
(0, 29, -175)
(0, 29, -174)
(1, 29, -174)
(0, 30, -173)
(1, 30, -174)
(0, 31, -173)
(1, 31, -174)
(0, 32, -174)
(1, 32, -175)
(1, 32, -176)
(0, 32, -176)
(1, 31, -176)
(0, 31, -176)
(0, 31, -177)
(0, 31, -178)
(1, 31, -179)
(1, 31, -180)
(0, 31, -180)
(1, 30, -180)
(0, 30, -179)
(1, 29, -180)
(0, 29, -179)
(1, 28, -180)
(1, 28, -181)
(0, 29, -181)
(0, 29, -182)
(1, 29, -183)
(0, 30, -182)
(1, 30, -183)
(1, 30, -184)
(0, 30, -184)
(1, 29, -185)
(0, 29, -184)
(1, 28, -185)
(0, 28, -185)
(1, 27, -186)
(0, 27, -186)
(1, 26, -187)
(0, 26, -187)
(0, 26, -188)
(1, 25, -189)
(0, 25, -188)
(1, 24, -188)
(1, 24, -187)
(0, 25, -186)
(1, 25, -186)
(0, 26, -185)
(1, 26, -185)
(1, 26, -184)
(1, 26, -183)
(1, 26, -182)
(1, 26, -181)
(0, 26, -180)
(1, 25, -181)
(0, 25, -181)
(1, 24, -182)
(1, 24, -183)
(0, 24, -183)
(1, 23, -183)
(0, 23, -183)
(0, 23, -184)
(0, 23, -185)
(1, 22, -186)
(0, 22, -185)
(1, 21, -186)
(1, 21, -187)
(0, 22, -187)
(1, 22, -188)
(0, 23, -188)
(1, 23, -189)
(0, 24, -189)
(1, 24, -190)
(1, 24, -191)
(0, 24, -191)
(1, 23, -192)
(1, 23, -193)
(0, 23, -193)
(0, 23, -194)
(1, 22, -195)
(1, 22, -196)
(1, 22, -197)
(1, 22, -198)
(1, 22, -199)
(0, 22, -199)
(1, 21, -200)
(0, 21, -200)
(1, 20, -200)
(0, 20, -199)
(0, 20, -198)
(0, 20, -197)
(1, 19, -197)
(0, 19, -196)
(0, 19, -195)
(0, 19, -194)
(0, 19, -193)
(1, 18, -193)
(0, 18, -192)
(1, 17, -193)
(0, 17, -193)
(1, 16, -194)
(0, 16, -194)
(1, 15, -194)
(1, 15, -193)
(1, 15, -192)
(0, 16, -191)
(1, 16, -191)
(0, 17, -191)
(1, 17, -191)
(0, 18, -190)
(0, 18, -189)
(1, 17, -189)
(0, 17, -188)
(1, 16, -188)
(0, 16, -187)
(0, 16, -186)
(1, 16, -186)
(0, 17, -186)
(1, 17, -187)
(0, 18, -187)
(1, 18, -187)
(1, 18, -186)
(1, 18, -185)
(0, 18, -184)
(1, 17, -185)
(0, 17, -184)
(0, 17, -183)
(0, 17, -182)
(1, 16, -182)
(1, 16, -181)
(1, 16, -180)
(0, 16, -179)
(1, 15, -179)
(0, 15, -178)
(1, 14, -178)
(0, 14, -178)
(1, 13, -179)
(0, 13, -179)
(1, 12, -179)
(1, 12, -178)
(1, 12, -177)
(0, 12, -176)
(1, 11, -177)
(0, 11, -177)
(0, 11, -178)
(1, 11, -179)
(1, 11, -180)
(0, 11, -180)
(1, 10, -180)
(0, 10, -179)
(0, 10, -178)
(1, 9, -178)
(0, 9, -177)
(1, 8, -177)
(1, 8, -176)
(0, 8, -175)
(0, 8, -174)
(1, 7, -174)
(0, 7, -173)
(1, 6, -174)
(1, 6, -175)
(0, 6, -175)
(1, 5, -175)
(0, 5, -175)
(1, 4, -176)
(1, 4, -177)
(0, 5, -177)
(1, 5, -178)
(0, 6, -177)
(1, 6, -178)
(0, 7, -178)
(1, 7, -179)
(1, 7, -180)
(0, 7, -180)
(0, 7, -181)
(0, 7, -182)
(1, 7, -183)
(0, 8, -182)
(0, 8, -181)
(1, 8, -181)
(0, 9, -181)
(0, 9, -182)
(0, 9, -183)
(1, 9, -184)
(0, 10, -183)
(1, 10, -184)
(0, 11, -183)
(1, 11, -184)
(1, 11, -185)
(1, 11, -186)
(0, 11, -186)
(1, 10, -186)
(0, 10, -186)
(1, 9, -187)
(0, 9, -186)
(1, 8, -187)
(1, 8, -188)
(0, 9, -188)
(1, 9, -189)
(0, 10, -189)
(1, 10, -190)
(0, 11, -190)
(0, 11, -191)
(1, 11, -192)
(0, 12, -191)
(1, 12, -191)
(0, 13, -190)
(0, 13, -189)
(1, 13, -189)
(0, 14, -189)
(1, 14, -190)
(1, 14, -191)
(1, 14, -192)
(1, 14, -193)
(0, 14, -193)
(1, 13, -194)
(0, 13, -193)
(1, 12, -193)
(0, 12, -193)
(1, 11, -194)
(0, 11, -194)
(1, 10, -195)
(0, 10, -194)
(1, 9, -194)
(1, 9, -193)
(0, 9, -192)
(0, 9, -191)
(1, 8, -191)
(0, 8, -190)
(0, 8, -189)
(1, 7, -189)
(1, 7, -188)
(0, 7, -187)
(0, 7, -186)
(1, 7, -186)
(1, 7, -185)
(0, 7, -184)
(1, 6, -184)
(0, 6, -183)
(0, 6, -182)
(1, 5, -182)
(0, 5, -182)
(0, 5, -183)
(0, 5, -184)
(1, 5, -185)
(0, 6, -185)
(0, 6, -186)
(0, 6, -187)
(1, 5, -188)
(0, 5, -188)
(0, 5, -189)
(1, 4, -190)
(1, 4, -191)
(1, 4, -192)
(0, 4, -192)
(1, 3, -192)
(1, 3, -191)
(1, 3, -190)
(1, 3, -189)
(0, 3, -188)
(1, 2, -189)
(1, 2, -190)
(1, 2, -191)
(1, 2, -192)
(0, 2, -192)
(1, 1, -192)
(0, 1, -192)
(1, 0, -193)
(0, 0, -192)
(1, -1, -193)
(1, -1, -194)
(1, -1, -195)
(1, -1, -196)
(1, -1, -197)
(1, -1, -198)
(0, 0, -198)
(0, 0, -199)
(1, -1, -200)
(0, -1, -199)
(1, -2, -199)
(0, -2, -198)
(1, -3, -198)
(0, -3, -197)
(1, -4, -197)
(0, -4, -196)
(1, -5, -197)
(0, -5, -197)
(1, -6, -197)
(0, -6, -196)
(1, -7, -197)
(0, -7, -197)
(0, -7, -198)
(1, -8, -199)
(0, -8, -199)
(1, -9, -199)
(0, -9, -199)
(1, -10, -199)
(0, -10, -199)
(1, -11, -199)
(0, -11, -198)
(1, -12, -199)
(0, -12, -198)
(1, -13, -198)
(1, -13, -197)
(0, -12, -196)
(0, -12, -195)
(0, -12, -194)
(0, -12, -193)
(1, -13, -193)
(0, -13, -193)
(1, -14, -194)
(0, -14, -193)
(1, -15, -194)
(0, -15, -194)
(0, -15, -195)
(1, -16, -196)
(1, -16, -197)
(0, -16, -197)
(0, -16, -198)
(1, -17, -199)
(0, -17, -198)
(1, -18, -199)
(1, -18, -200)
(0, -18, -200)
(1, -19, -200)
(0, -19, -200)
(1, -20, -200)
(1, -20, -199)
(0, -20, -198)
(1, -21, -199)
(1, -21, -200)
(0, -21, -200)
(1, -22, -200)
(1, -22, -199)
(1, -22, -198)
(0, -22, -197)
(0, -22, -196)
(1, -22, -196)
(0, -21, -196)
(1, -21, -196)
(1, -21, -195)
(1, -21, -194)
(0, -21, -193)
(1, -22, -193)
(1, -22, -192)
(0, -22, -191)
(1, -23, -192)
(1, -23, -193)
(0, -23, -193)
(1, -24, -193)
(1, -24, -192)
(1, -24, -191)
(0, -23, -190)
(1, -23, -190)
(0, -22, -189)
(1, -22, -189)
(1, -22, -188)
(0, -22, -187)
(1, -23, -187)
(0, -23, -187)
(1, -24, -188)
(0, -24, -188)
(0, -24, -189)
(1, -25, -190)
(0, -25, -190)
(1, -26, -191)
(0, -26, -191)
(1, -27, -191)
(0, -27, -190)
(1, -28, -191)
(0, -28, -190)
(1, -29, -191)
(1, -29, -192)
(1, -29, -193)
(1, -29, -194)
(1, -29, -195)
(1, -29, -196)
(0, -29, -196)
(1, -30, -196)
(0, -30, -196)
(1, -31, -196)
(0, -31, -196)
(0, -31, -197)
(1, -32, -198)
(0, -32, -198)
(1, -33, -199)
(0, -33, -198)
(0, -33, -197)
(1, -34, -197)
(0, -34, -197)
(1, -35, -197)
(0, -35, -197)
(1, -36, -198)
(1, -36, -199)
(1, -36, -200)
(0, -36, -200)
(1, -37, -200)
(1, -37, -199)
(1, -37, -198)
(1, -37, -197)
(1, -37, -196)
(0, -36, -195)
(1, -36, -196)
(0, -35, -195)
(0, -35, -194)
(0, -35, -193)
(1, -36, -193)
(0, -36, -192)
(0, -36, -191)
(1, -37, -191)
(0, -37, -191)
(0, -37, -192)
(0, -37, -193)
(0, -37, -194)
(1, -38, -195)
(0, -38, -194)
(1, -39, -194)
(1, -39, -193)
(0, -38, -192)
(0, -38, -191)
(1, -39, -191)
(0, -39, -191)
(1, -40, -192)
(0, -40, -191)
(0, -40, -190)
(0, -40, -189)
(0, -40, -188)
(1, -41, -188)
(1, -41, -187)
(1, -41, -186)
(1, -41, -185)
(0, -40, -184)
(0, -40, -183)
(0, -40, -182)
(1, -40, -182)
(0, -39, -181)
(0, -39, -180)
(0, -39, -179)
(1, -40, -179)
(0, -40, -179)
(1, -41, -179)
(0, -41, -178)
(0, -41, -177)
(1, -41, -177)
(0, -40, -176)
(0, -40, -175)
(0, -40, -174)
(1, -40, -174)
(0, -39, -174)
(1, -39, -175)
(0, -38, -175)
(1, -38, -176)
(0, -37, -175)
(0, -37, -174)
(1, -37, -174)
(0, -36, -174)
(1, -36, -175)
(0, -35, -175)
(0, -35, -176)
(1, -35, -177)
(0, -34, -176)
(0, -34, -175)
(1, -34, -175)
(0, -33, -175)
(1, -33, -176)
(0, -32, -176)
(1, -32, -177)
(0, -31, -177)
(1, -31, -178)
(0, -30, -177)
(0, -30, -176)
(1, -30, -176)
(1, -30, -175)
(0, -29, -174)
(1, -29, -175)
(0, -28, -174)
(0, -28, -173)
(1, -28, -173)
(1, -28, -172)
(1, -28, -171)
(1, -28, -170)
(0, -28, -169)
(1, -29, -170)
(0, -29, -170)
(1, -30, -170)
(0, -30, -169)
(1, -31, -170)
(1, -31, -171)
(0, -30, -171)
(0, -30, -172)
(1, -31, -173)
(0, -31, -173)
(1, -32, -173)
(1, -32, -172)
(1, -32, -171)
(0, -32, -170)
(1, -33, -170)
(0, -33, -170)
(1, -34, -171)
(0, -34, -170)
(0, -34, -169)
(1, -35, -169)
(0, -35, -169)
(1, -36, -169)
(1, -36, -168)
(1, -36, -167)
(0, -36, -166)
(1, -37, -167)
(0, -37, -167)
(0, -37, -168)
(1, -37, -169)
(1, -37, -170)
(0, -37, -170)
(1, -38, -170)
(0, -38, -170)
(0, -38, -171)
(1, -39, -172)
(0, -39, -172)
(1, -40, -172)
(0, -40, -171)
(1, -41, -172)
(0, -41, -172)
(1, -42, -172)
(1, -42, -171)
(0, -42, -170)
(0, -42, -169)
(1, -42, -169)
(0, -41, -168)
(1, -41, -168)
(1, -41, -167)
(0, -40, -166)
(1, -40, -167)
(0, -39, -166)
(0, -39, -165)
(1, -40, -165)
(0, -40, -164)
(1, -41, -165)
(0, -41, -164)
(0, -41, -163)
(1, -42, -163)
(0, -42, -162)
(0, -42, -161)
(0, -42, -160)
(0, -42, -159)
(1, -42, -159)
(1, -42, -158)
(0, -42, -157)
(1, -43, -158)
(0, -43, -157)
(1, -44, -158)
(0, -44, -158)
(0, -44, -159)
(1, -45, -160)
(1, -45, -161)
(1, -45, -162)
(0, -44, -162)
(1, -44, -163)
(1, -44, -164)
(1, -44, -165)
(0, -43, -165)
(1, -43, -166)
(0, -42, -165)
(1, -42, -166)
(1, -42, -167)
(0, -42, -167)
(1, -43, -168)
(0, -43, -168)
(1, -44, -168)
(0, -44, -168)
(0, -44, -169)
(0, -44, -170)
(1, -44, -171)
(0, -43, -171)
(0, -43, -172)
(1, -43, -173)
(1, -43, -174)
(0, -42, -174)
(1, -42, -174)
(0, -41, -174)
(0, -41, -175)
(1, -42, -176)
(0, -42, -176)
(1, -43, -176)
(0, -43, -176)
(1, -44, -176)
(0, -44, -176)
(1, -45, -177)
(1, -45, -178)
(0, -44, -178)
(1, -44, -178)
(0, -43, -178)
(0, -43, -179)
(1, -43, -180)
(0, -42, -180)
(1, -42, -181)
(0, -41, -181)
(0, -41, -182)
(0, -41, -183)
(1, -42, -184)
(0, -42, -184)
(0, -42, -185)
(1, -42, -186)
(1, -42, -187)
(1, -42, -188)
(1, -42, -189)
(0, -41, -189)
(0, -41, -190)
(0, -41, -191)
(0, -41, -192)
(1, -42, -193)
(1, -42, -194)
(0, -42, -194)
(1, -43, -195)
(1, -43, -196)
(0, -43, -196)
(0, -43, -197)
(1, -43, -198)
(0, -42, -197)
(1, -42, -197)
(1, -42, -196)
(0, -41, -195)
(1, -41, -195)
(0, -40, -195)
(1, -40, -195)
(0, -39, -195)
(1, -39, -196)
(1, -39, -197)
(0, -39, -197)
(0, -39, -198)
(1, -40, -199)
(0, -40, -199)
(1, -41, -199)
(0, -41, -199)
(1, -42, -200)
(0, -42, -200)
(1, -43, -200)
(0, -43, -199)
(1, -44, -199)
(0, -44, -198)
(0, -44, -197)
(1, -45, -197)
(1, -45, -196)
(1, -45, -195)
(0, -45, -194)
(1, -46, -194)
(0, -46, -193)
(1, -47, -193)
(0, -47, -192)
(0, -47, -191)
(0, -47, -190)
(1, -48, -190)
(1, -48, -189)
(0, -48, -188)
(1, -49, -188)
(0, -49, -187)
(0, -49, -186)
(0, -49, -185)
(1, -49, -185)
(0, -48, -184)
(1, -48, -185)
(0, -47, -185)
(1, -47, -186)
(0, -46, -186)
(0, -46, -187)
(1, -47, -188)
(1, -47, -189)
(0, -46, -189)
(0, -46, -190)
(1, -46, -191)
(0, -45, -190)
(0, -45, -189)
(0, -45, -188)
(1, -45, -188)
(1, -45, -187)
(1, -45, -186)
(1, -45, -185)
(1, -45, -184)
(0, -44, -183)
(0, -44, -182)
(1, -44, -182)
(1, -44, -181)
(0, -44, -180)
(1, -45, -180)
(0, -45, -179)
(1, -46, -180)
(0, -46, -180)
(0, -46, -181)
(1, -47, -182)
(0, -47, -181)
(1, -48, -182)
(0, -48, -182)
(1, -49, -183)
(0, -49, -182)
(1, -50, -183)
(1, -50, -184)
(0, -50, -184)
(1, -51, -184)
(0, -51, -183)
(1, -52, -183)
(0, -52, -183)
(1, -53, -184)
(0, -53, -184)
(1, -54, -184)
(0, -54, -183)
(1, -55, -183)
(0, -55, -183)
(1, -56, -183)
(0, -56, -183)
(0, -56, -184)
(0, -56, -185)
(1, -57, -186)
(1, -57, -187)
(0, -57, -187)
(1, -58, -188)
(0, -58, -188)
(1, -59, -188)
(1, -59, -187)
(0, -59, -186)
(1, -60, -187)
(1, -60, -188)
(1, -60, -189)
(1, -60, -190)
(1, -60, -191)
(1, -60, -192)
(0, -60, -192)
(1, -61, -192)
(0, -61, -192)
(1, -62, -192)
(1, -62, -191)
(0, -62, -190)
(1, -63, -191)
(0, -63, -190)
(1, -64, -191)
(0, -64, -191)
(0, -64, -192)
(1, -65, -193)
(1, -65, -194)
(0, -64, -194)
(1, -64, -194)
(0, -63, -193)
(1, -63, -194)
(0, -62, -194)
(1, -62, -194)
(0, -61, -194)
(1, -61, -195)
(1, -61, -196)
(1, -61, -197)
(0, -61, -197)
(1, -62, -197)
(0, -62, -196)
(1, -63, -196)
(0, -63, -195)
(1, -64, -196)
(0, -64, -196)
(0, -64, -197)
(1, -65, -198)
(0, -65, -197)
(0, -65, -196)
(1, -66, -196)
(1, -66, -195)
(0, -66, -194)
(0, -66, -193)
(1, -66, -193)
(1, -66, -192)
(0, -65, -191)
(0, -65, -190)
(0, -65, -189)
(0, -65, -188)
(0, -65, -187)
(0, -65, -186)
(1, -65, -186)
(1, -65, -185)
(0, -65, -184)
(1, -66, -184)
(0, -66, -184)
(1, -67, -185)
(1, -67, -186)
(0, -67, -186)
(0, -67, -187)
(1, -68, -188)
(1, -68, -189)
(0, -67, -189)
(1, -67, -190)
(1, -67, -191)
(0, -67, -191)
(1, -68, -192)
(0, -68, -191)
(1, -69, -191)
(1, -69, -190)
(0, -69, -189)
(1, -70, -189)
(1, -70, -188)
(0, -70, -187)
(0, -70, -186)
(1, -71, -186)
(0, -71, -185)
(0, -71, -184)
(1, -72, -184)
(0, -72, -183)
(1, -73, -184)
(0, -73, -184)
(1, -74, -184)
(0, -74, -184)
(1, -75, -185)
(0, -75, -184)
(1, -76, -184)
(1, -76, -183)
(0, -76, -182)
(1, -77, -183)
(0, -77, -183)
(0, -77, -184)
(1, -78, -185)
(0, -78, -185)
(1, -79, -186)
(1, -79, -187)
(1, -79, -188)
(1, -79, -189)
(0, -79, -189)
(0, -79, -190)
(1, -80, -191)
(0, -80, -190)
(1, -81, -191)
(0, -81, -191)
(1, -82, -191)
(0, -82, -190)
(1, -83, -191)
(1, -83, -192)
(0, -83, -192)
(1, -84, -192)
(1, -84, -191)
(0, -84, -190)
(1, -85, -191)
(0, -85, -191)
(1, -86, -192)
(0, -86, -191)
(1, -87, -191)
(0, -87, -191)
(1, -88, -191)
(1, -88, -190)
(1, -88, -189)
(1, -88, -188)
(0, -88, -187)
(0, -88, -186)
(1, -89, -186)
(0, -89, -186)
(1, -90, -186)
(0, -90, -185)
(1, -91, -185)
(0, -91, -184)
(0, -91, -183)
(1, -92, -183)
(0, -92, -182)
(0, -92, -181)
(0, -92, -180)
(1, -92, -180)
(0, -91, -179)
(0, -91, -178)
(1, -91, -178)
(0, -90, -177)
(1, -90, -177)
(0, -89, -176)
(1, -89, -177)
(0, -88, -177)
(1, -88, -177)
(1, -88, -176)
(0, -87, -175)
(1, -87, -176)
(0, -86, -176)
(1, -86, -176)
(0, -85, -176)
(1, -85, -176)
(0, -84, -176)
(1, -84, -177)
(1, -84, -178)
(0, -83, -178)
(1, -83, -179)
(1, -83, -180)
(0, -82, -180)
(1, -82, -180)
(0, -81, -179)
(0, -81, -178)
(0, -81, -177)
(0, -81, -176)
(0, -81, -175)
(1, -81, -175)
(1, -81, -174)
(0, -80, -173)
(1, -80, -174)
(1, -80, -175)
(0, -79, -175)
(1, -79, -175)
(1, -79, -174)
(0, -78, -173)
(0, -78, -172)
(0, -78, -171)
(1, -78, -171)
(1, -78, -170)
(0, -78, -169)
(0, -78, -168)
(0, -78, -167)
(0, -78, -166)
(0, -78, -165)
(0, -78, -164)
(0, -78, -163)
(1, -78, -163)
(0, -77, -163)
(1, -77, -164)
(0, -76, -164)
(1, -76, -165)
(0, -75, -165)
(0, -75, -166)
(1, -75, -167)
(0, -74, -167)
(1, -74, -167)
(0, -73, -166)
(1, -73, -166)
(1, -73, -165)
(1, -73, -164)
(1, -73, -163)
(0, -73, -162)
(0, -73, -161)
(1, -73, -161)
(0, -72, -160)
(1, -72, -160)
(1, -72, -159)
(1, -72, -158)
(1, -72, -157)
(0, -71, -156)
(1, -71, -157)
(0, -70, -157)
(0, -70, -158)
(1, -70, -159)
(1, -70, -160)
(1, -70, -161)
(0, -69, -161)
(1, -69, -162)
(0, -68, -162)
(1, -68, -162)
(0, -67, -162)
(1, -67, -162)
(0, -66, -162)
(1, -66, -163)
(0, -65, -162)
(1, -65, -163)
(0, -64, -162)
(1, -64, -163)
(0, -63, -163)
(1, -63, -164)
(0, -62, -163)
(1, -62, -163)
(0, -61, -162)
(1, -61, -162)
(0, -60, -161)
(1, -60, -161)
(1, -60, -160)
(0, -60, -159)
(1, -61, -160)
(0, -61, -160)
(1, -62, -160)
(1, -62, -159)
(0, -61, -158)
(1, -61, -158)
(0, -60, -157)
(0, -60, -156)
(1, -61, -156)
(1, -61, -155)
(0, -61, -154)
(1, -62, -155)
(1, -62, -156)
(1, -62, -157)
(0, -62, -157)
(1, -63, -158)
(0, -63, -157)
(0, -63, -156)
(1, -64, -156)
(0, -64, -155)
(1, -65, -155)
(1, -65, -154)
(1, -65, -153)
(0, -64, -152)
(0, -64, -151)
(1, -64, -151)
(0, -63, -151)
(1, -63, -151)
(0, -62, -150)
(1, -62, -151)
(1, -62, -152)
(0, -61, -152)
(1, -61, -153)
(0, -60, -152)
(0, -60, -151)
(1, -60, -151)
(0, -59, -150)
(1, -59, -150)
(0, -58, -149)
(1, -58, -149)
(0, -57, -149)
(1, -57, -150)
(1, -57, -151)
(0, -56, -151)
(1, -56, -151)
(0, -55, -151)
(0, -55, -152)
(1, -55, -153)
(0, -54, -153)
(0, -54, -154)
(0, -54, -155)
(1, -54, -156)
(0, -53, -156)
(0, -53, -157)
(0, -53, -158)
(0, -53, -159)
(1, -54, -160)
(0, -54, -160)
(1, -55, -161)
(0, -55, -161)
(0, -55, -162)
(0, -55, -163)
(0, -55, -164)
(1, -56, -165)
(1, -56, -166)
(0, -55, -166)
(1, -55, -166)
(0, -54, -165)
(0, -54, -164)
(1, -54, -164)
(0, -53, -163)
(1, -53, -164)
(0, -52, -163)
(1, -52, -164)
(1, -52, -165)
(0, -51, -165)
(0, -51, -166)
(1, -51, -167)
(0, -50, -166)
(0, -50, -165)
(0, -50, -164)
(1, -51, -164)
(1, -51, -163)
(0, -51, -162)
(0, -51, -161)
(0, -51, -160)
(1, -52, -160)
(1, -52, -159)
(1, -52, -158)
(1, -52, -157)
(0, -52, -156)
(0, -52, -155)
(1, -53, -155)
(0, -53, -154)
(0, -53, -153)
(1, -53, -153)
(0, -52, -153)
(1, -52, -153)
(0, -51, -153)
(1, -51, -154)
(1, -51, -155)
(1, -51, -156)
(1, -51, -157)
(1, -51, -158)
(0, -50, -158)
(1, -50, -158)
(0, -49, -158)
(0, -49, -159)
(1, -50, -160)
(0, -50, -160)
(0, -50, -161)
(1, -50, -162)
(0, -49, -162)
(1, -49, -162)
(0, -48, -161)
(1, -48, -161)
(0, -47, -160)
(1, -47, -161)
(0, -46, -161)
(0, -46, -162)
(0, -46, -163)
(0, -46, -164)
(0, -46, -165)
(0, -46, -166)
(1, -47, -167)
(1, -47, -168)
(1, -47, -169)
(0, -46, -169)
(1, -46, -169)
(0, -45, -169)
(0, -45, -170)
(0, -45, -171)
(1, -46, -172)
(0, -46, -172)
(1, -47, -173)
(1, -47, -174)
(0, -47, -174)
(1, -48, -174)
(0, -48, -173)
(1, -49, -173)
(0, -49, -172)
(0, -49, -171)
(0, -49, -170)
(1, -49, -170)
(0, -48, -170)
(1, -48, -170)
(1, -48, -169)
(0, -48, -168)
(1, -49, -168)
(0, -49, -168)
(1, -50, -168)
(0, -50, -168)
(1, -51, -169)
(0, -51, -169)
(1, -52, -169)
(0, -52, -169)
(1, -53, -169)
(0, -53, -169)
(1, -54, -169)
(0, -54, -169)
(0, -54, -170)
(0, -54, -171)
(1, -55, -172)
(0, -55, -171)
(1, -56, -171)
(1, -56, -170)
(1, -56, -169)
(0, -56, -168)
(1, -57, -168)
(0, -57, -167)
(1, -58, -167)
(1, -58, -166)
(0, -58, -165)
(1, -59, -165)
(0, -59, -165)
(1, -60, -166)
(0, -60, -165)
(0, -60, -164)
(1, -61, -164)
(0, -61, -164)
(1, -62, -165)
(0, -62, -165)
(0, -62, -166)
(1, -63, -167)
(0, -63, -167)
(0, -63, -168)
(1, -64, -169)
(0, -64, -168)
(1, -65, -169)
(0, -65, -169)
(0, -65, -170)
(0, -65, -171)
(1, -66, -172)
(0, -66, -171)
(1, -67, -171)
(1, -67, -170)
(0, -67, -169)
(1, -68, -170)
(0, -68, -170)
(1, -69, -171)
(0, -69, -171)
(1, -70, -172)
(0, -70, -171)
(0, -70, -170)
(1, -70, -170)
(1, -70, -169)
(0, -69, -168)
(1, -69, -168)
(1, -69, -167)
(0, -69, -166)
(0, -69, -165)
(0, -69, -164)
(1, -70, -164)
(1, -70, -163)
(0, -70, -162)
(1, -71, -162)
(0, -71, -161)
(1, -72, -162)
(1, -72, -163)
(1, -72, -164)
(1, -72, -165)
(0, -71, -165)
(0, -71, -166)
(1, -71, -167)
(1, -71, -168)
(1, -71, -169)
(0, -71, -169)
(1, -72, -170)
(0, -72, -169)
(1, -73, -169)
(0, -73, -169)
(0, -73, -170)
(1, -74, -171)
(0, -74, -170)
(1, -75, -170)
(1, -75, -169)
(0, -75, -168)
(1, -76, -169)
(0, -76, -169)
(0, -76, -170)
(1, -77, -171)
(1, -77, -172)
(1, -77, -173)
(0, -77, -173)
(0, -77, -174)
(0, -77, -175)
(1, -78, -176)
(1, -78, -177)
(0, -77, -177)
(1, -77, -178)
(0, -76, -178)
(1, -76, -179)
(0, -75, -178)
(0, -75, -177)
(1, -76, -177)
(0, -76, -176)
(0, -76, -175)
(0, -76, -174)
(1, -76, -174)
(0, -75, -174)
(1, -75, -175)
(1, -75, -176)
(0, -74, -176)
(1, -74, -177)
(1, -74, -178)
(0, -74, -178)
(0, -74, -179)
(0, -74, -180)
(1, -74, -181)
(0, -73, -181)
(1, -73, -181)
(0, -72, -181)
(1, -72, -182)
(0, -71, -181)
(0, -71, -180)
(1, -72, -180)
(1, -72, -179)
(1, -72, -178)
(1, -72, -177)
(1, -72, -176)
(0, -71, -175)
(1, -71, -176)
(0, -70, -175)
(0, -70, -174)
(1, -70, -174)
(0, -69, -173)
(1, -69, -174)
(1, -69, -175)
(0, -69, -175)
(0, -69, -176)
(1, -70, -177)
(1, -70, -178)
(0, -69, -178)
(0, -69, -179)
(1, -70, -180)
(0, -70, -180)
(0, -70, -181)
(0, -70, -182)
(1, -70, -183)
(1, -70, -184)
(1, -70, -185)
(0, -69, -185)
(0, -69, -186)
(1, -69, -187)
(0, -68, -186)
(0, -68, -185)
(0, -68, -184)
(0, -68, -183)
(1, -68, -183)
(1, -68, -182)
(0, -68, -181)
(0, -68, -180)
(0, -68, -179)
(0, -68, -178)
(0, -68, -177)
(0, -68, -176)
(1, -68, -176)
(0, -67, -175)
(0, -67, -174)
(1, -68, -174)
(1, -68, -173)
(0, -67, -172)
(1, -67, -173)
(0, -66, -173)
(1, -66, -174)
(0, -65, -173)
(1, -65, -173)
(0, -64, -173)
(1, -64, -174)
(1, -64, -175)
(1, -64, -176)
(0, -63, -176)
(1, -63, -176)
(0, -62, -175)
(1, -62, -175)
(0, -61, -174)
(0, -61, -173)
(1, -62, -173)
(1, -62, -172)
(0, -61, -171)
(1, -61, -171)
(0, -60, -170)
(1, -60, -170)
(0, -59, -170)
(0, -59, -171)
(0, -59, -172)
(0, -59, -173)
(1, -59, -174)
(0, -58, -174)
(1, -58, -175)
(1, -58, -176)
(1, -58, -177)
(0, -58, -177)
(1, -59, -178)
(0, -59, -178)
(1, -60, -178)
(0, -60, -177)
(0, -60, -176)
(1, -61, -176)
(0, -61, -176)
(0, -61, -177)
(1, -62, -178)
(0, -62, -178)
(1, -63, -178)
(0, -63, -178)
(0, -63, -179)
(0, -63, -180)
(1, -63, -181)
(0, -62, -180)
(1, -62, -180)
(0, -61, -179)
(1, -61, -179)
(0, -60, -179)
(0, -60, -180)
(1, -61, -181)
(0, -61, -181)
(1, -62, -182)
(0, -62, -182)
(1, -63, -183)
(1, -63, -184)
(0, -63, -184)
(0, -63, -185)
(0, -63, -186)
(1, -63, -187)
(0, -62, -186)
(1, -62, -186)
(1, -62, -185)
(0, -61, -184)
(1, -61, -184)
(0, -60, -184)
(1, -60, -184)
(0, -59, -184)
(1, -59, -185)
(0, -58, -185)
(1, -58, -185)
(1, -58, -184)
(1, -58, -183)
(1, -58, -182)
(0, -58, -181)
(0, -58, -180)
(1, -58, -180)
(0, -57, -180)
(1, -57, -180)
(1, -57, -179)
(0, -56, -178)
(1, -56, -178)
(1, -56, -177)
(1, -56, -176)
(0, -56, -175)
(1, -57, -175)
(1, -57, -174)
(0, -57, -173)
(0, -57, -172)
(1, -57, -172)
(0, -56, -172)
(1, -56, -173)
(1, -56, -174)
(0, -55, -174)
(1, -55, -174)
(0, -54, -173)
(1, -54, -173)
(0, -53, -172)
(1, -53, -173)
(0, -52, -173)
(0, -52, -174)
(1, -53, -175)
(0, -53, -175)
(0, -53, -176)
(0, -53, -177)
(1, -54, -178)
(0, -54, -177)
(1, -55, -178)
(1, -55, -179)
(0, -55, -179)
(1, -56, -180)
(1, -56, -181)
(0, -55, -181)
(1, -55, -181)
(0, -54, -181)
(1, -54, -182)
(0, -53, -181)
(0, -53, -180)
(1, -53, -180)
(0, -52, -180)
(1, -52, -180)
(1, -52, -179)
(0, -51, -178)
(1, -51, -178)
(1, -51, -177)
(1, -51, -176)
(0, -51, -175)
(0, -51, -174)
(0, -51, -173)
(1, -51, -173)
(0, -50, -173)
(1, -50, -174)
(1, -50, -175)
(1, -50, -176)
(0, -49, -176)
(1, -49, -176)
(0, -48, -175)
(1, -48, -176)
(1, -48, -177)
(0, -48, -177)
(0, -48, -178)
(0, -48, -179)
(1, -48, -180)
(0, -47, -179)
(0, -47, -178)
(1, -47, -178)
(1, -47, -177)
(0, -46, -176)
(0, -46, -175)
(1, -46, -175)
